0   53   5   12      -0.113619243528
0   53   5   13       0.079150049145
0   53   6   12       0.079150049145
0   53   6   13      -0.109302502101
0   54   5   12      -0.079150069417
0   54   6   13       0.079150069438
1   53   5   12      -0.079150069417
1   53   6   13       0.079150069438
1   54   5   12      -0.109302501659
1   54   5   13      -0.079150048615
1   54   6   12      -0.079150048615
1   54   6   13      -0.113619243110
2   55   4   11      -0.050258155388
0   53   12   5       0.113619243528
0   53   12   6      -0.079150049145
0   53   13   5      -0.079150049145
0   53   13   6       0.109302502101
0   54   12   5       0.079150069417
0   54   13   6      -0.079150069438
1   53   12   5       0.079150069417
1   53   13   6      -0.079150069438
1   54   12   5       0.109302501659
1   54   12   6       0.079150048615
1   54   13   5       0.079150048615
1   54   13   6       0.113619243110
2   55   11   4       0.050258155388
53   0   5   12       0.113619243528
53   0   5   13      -0.079150049145
53   0   6   12      -0.079150049145
53   0   6   13       0.109302502101
53   1   5   12       0.079150069417
53   1   6   13      -0.079150069438
54   0   5   12       0.079150069417
54   0   6   13      -0.079150069438
54   1   5   12       0.109302501659
54   1   5   13       0.079150048615
54   1   6   12       0.079150048615
54   1   6   13       0.113619243110
55   2   4   11       0.050258155388
53   0   12   5      -0.113619243528
53   0   12   6       0.079150049145
53   0   13   5       0.079150049145
53   0   13   6      -0.109302502101
53   1   12   5      -0.079150069417
53   1   13   6       0.079150069438
54   0   12   5      -0.079150069417
54   0   13   6       0.079150069438
54   1   12   5      -0.109302501659
54   1   12   6      -0.079150048615
54   1   13   5      -0.079150048615
54   1   13   6      -0.113619243110
55   2   11   4      -0.050258155388

