Begin IJ Block
1   1   -27.7923527900
1   2   0.0000000004
1   3   0.4667297182
1   4   -0.0000000010
1   5   0.2526833672
2   2   -27.7934074343
2   3   -0.0000000002
2   4   0.4980825410
2   5   -0.0000000016
3   3   -9.9610593492
3   4   0.0000000049
3   5   0.9862321678
4   4   -7.6687014027
4   5   0.0000000136
5   5   -7.8343332830
6   6   -8.1299056276
7   7   -8.1299056276

End IJ Block
Begin IA Block
1   3   -0.0000000005
2   3   -0.1580239754
3   3   0.0000000031
4   3   0.7942296444
5   3   0.0000000123
6   1   0.0000000036
6   2   -0.0000000038
7   1   0.0000000042
7   2   0.0000000040

End IA Block
Begin AB Block
1   1   -6.4535063316
1   2   0.0000000000
2   2   -6.4535063316
3   3   -3.1901622612

End AB Block
Begin IJAB Block
1   8   1   4   0.0110175340
1   8   1   5   -0.0000000000
1   8   2   4   -0.0000000000
1   8   2   5   0.0110175339
1   8   3   6   0.0037989912
1   9   1   4   0.0000000002
1   9   1   5   -0.0000000000
1   9   2   4   -0.0000000000
1   9   2   5   0.0000000002
1   9   3   6   0.0000000009
1   10   1   4   0.0086971959
1   10   1   5   -0.0000000000
1   10   2   4   -0.0000000000
1   10   2   5   0.0086971959
1   10   3   6   -0.0005897320
1   11   1   4   -0.0000000002
1   11   1   5   -0.0000000000
1   11   2   4   -0.0000000000
1   11   2   5   -0.0000000002
1   11   3   6   -0.0000000008
1   12   1   4   0.0056054622
1   12   1   5   -0.0000000000
1   12   2   4   -0.0000000000
1   12   2   5   0.0056054622
1   12   3   6   0.0000116637
1   13   1   6   0.0025485746
1   13   2   6   -0.0026683196
1   13   3   4   0.0000727590
1   13   3   5   -0.0000761776
1   14   1   6   0.0026683196
1   14   2   6   0.0025485746
1   14   3   4   0.0000761777
1   14   3   5   0.0000727591
2   8   1   4   0.0000000002
2   8   1   5   -0.0000000000
2   8   2   4   -0.0000000000
2   8   2   5   0.0000000002
2   8   3   6   0.0000000009
2   9   1   4   0.0113149397
2   9   1   5   -0.0000000000
2   9   2   4   -0.0000000000
2   9   2   5   0.0113149397
2   9   3   6   0.0038109510
2   10   1   4   -0.0000000003
2   10   1   5   -0.0000000000
2   10   2   4   -0.0000000000
2   10   2   5   -0.0000000003
2   10   3   6   -0.0000000006
2   11   1   4   0.0117817436
2   11   1   5   -0.0000000000
2   11   2   4   -0.0000000000
2   11   2   5   0.0117817436
2   11   3   6   -0.0005708531
2   12   1   4   -0.0000000002
2   12   1   5   -0.0000000000
2   12   2   4   -0.0000000000
2   12   2   5   -0.0000000002
2   12   3   6   -0.0000000003
2   13   1   6   -0.0000000009
2   13   2   6   0.0000000009
2   13   3   4   -0.0000000004
2   13   3   5   0.0000000004
2   14   1   6   -0.0000000009
2   14   2   6   -0.0000000008
2   14   3   4   -0.0000000004
2   14   3   5   -0.0000000004
3   8   1   4   0.0086971959
3   8   1   5   -0.0000000000
3   8   2   4   -0.0000000000
3   8   2   5   0.0086971959
3   8   3   6   -0.0005897320
3   9   1   4   -0.0000000003
3   9   1   5   -0.0000000000
3   9   2   4   -0.0000000000
3   9   2   5   -0.0000000003
3   9   3   6   -0.0000000006
3   10   1   4   0.0305440960
3   10   1   5   -0.0000000002
3   10   2   4   -0.0000000002
3   10   2   5   0.0305440959
3   10   3   6   0.0067918383
3   11   1   4   0.0000000005
3   11   1   5   -0.0000000001
3   11   2   4   -0.0000000001
3   11   2   5   0.0000000005
3   11   3   6   0.0000000032
3   12   1   4   0.0182306908
3   12   1   5   0.0000000000
3   12   2   4   0.0000000000
3   12   2   5   0.0182306908
3   12   3   6   0.0042505325
3   13   1   6   0.0081465253
3   13   2   6   -0.0085292906
3   13   3   4   0.0152714039
3   13   3   5   -0.0159889323
3   14   1   6   0.0085292909
3   14   2   6   0.0081465257
3   14   3   4   0.0159889331
3   14   3   5   0.0152714049
4   8   1   4   -0.0000000002
4   8   1   5   -0.0000000000
4   8   2   4   -0.0000000000
4   8   2   5   -0.0000000002
4   8   3   6   -0.0000000008
4   9   1   4   0.0117817436
4   9   1   5   -0.0000000000
4   9   2   4   -0.0000000000
4   9   2   5   0.0117817436
4   9   3   6   -0.0005708531
4   10   1   4   0.0000000005
4   10   1   5   -0.0000000001
4   10   2   4   -0.0000000001
4   10   2   5   0.0000000005
4   10   3   6   0.0000000032
4   11   1   4   0.0633472818
4   11   1   5   -0.0000000001
4   11   2   4   -0.0000000001
4   11   2   5   0.0633472818
4   11   3   6   0.0173667957
4   12   1   4   -0.0000000004
4   12   2   5   -0.0000000004
4   12   3   6   0.0000000088
4   13   1   6   -0.0000000012
4   13   2   6   0.0000000012
4   13   3   4   0.0000000087
4   13   3   5   -0.0000000091
4   14   1   6   -0.0000000011
4   14   2   6   -0.0000000010
4   14   3   4   0.0000000091
4   14   3   5   0.0000000087
5   8   1   4   0.0056054622
5   8   1   5   -0.0000000000
5   8   2   4   -0.0000000000
5   8   2   5   0.0056054622
5   8   3   6   0.0000116637
5   9   1   4   -0.0000000002
5   9   1   5   -0.0000000000
5   9   2   4   -0.0000000000
5   9   2   5   -0.0000000002
5   9   3   6   -0.0000000003
5   10   1   4   0.0182306908
5   10   1   5   0.0000000000
5   10   2   4   0.0000000000
5   10   2   5   0.0182306908
5   10   3   6   0.0042505325
5   11   1   4   -0.0000000004
5   11   2   5   -0.0000000004
5   11   3   6   0.0000000088
5   12   1   4   0.0358449284
5   12   1   5   -0.0000000001
5   12   2   4   -0.0000000001
5   12   2   5   0.0358449284
5   12   3   6   0.0117844390
5   13   1   6   0.0049489556
5   13   2   6   -0.0051814827
5   13   3   4   0.0046790607
5   13   3   5   -0.0048989066
5   14   1   6   0.0051814828
5   14   2   6   0.0049489557
5   14   3   4   0.0048989059
5   14   3   5   0.0046790597
6   8   1   6   0.0000727590
6   8   2   6   -0.0000761776
6   8   3   4   0.0025485746
6   8   3   5   -0.0026683196
6   9   1   6   -0.0000000004
6   9   2   6   0.0000000004
6   9   3   4   -0.0000000009
6   9   3   5   0.0000000009
6   10   1   6   0.0152714039
6   10   2   6   -0.0159889323
6   10   3   4   0.0081465253
6   10   3   5   -0.0085292906
6   11   1   6   0.0000000087
6   11   2   6   -0.0000000091
6   11   3   4   -0.0000000012
6   11   3   5   0.0000000012
6   12   1   6   0.0046790607
6   12   2   6   -0.0048989066
6   12   3   4   0.0049489556
6   12   3   5   -0.0051814827
6   13   1   4   0.0600700092
6   13   1   5   -0.0461568736
6   13   2   4   -0.0461568736
6   13   2   5   0.0643100555
6   13   3   6   0.0049381838
6   14   1   4   0.0461568719
6   14   1   5   0.0294967802
6   14   2   4   -0.0337368272
6   14   2   5   -0.0461568718
6   14   3   6   0.0000000003
7   8   1   6   0.0000761777
7   8   2   6   0.0000727591
7   8   3   4   0.0026683196
7   8   3   5   0.0025485746
7   9   1   6   -0.0000000004
7   9   2   6   -0.0000000004
7   9   3   4   -0.0000000009
7   9   3   5   -0.0000000008
7   10   1   6   0.0159889331
7   10   2   6   0.0152714049
7   10   3   4   0.0085292909
7   10   3   5   0.0081465257
7   11   1   6   0.0000000091
7   11   2   6   0.0000000087
7   11   3   4   -0.0000000011
7   11   3   5   -0.0000000010
7   12   1   6   0.0048989059
7   12   2   6   0.0046790597
7   12   3   4   0.0051814828
7   12   3   5   0.0049489557
7   13   1   4   0.0461568719
7   13   1   5   -0.0337368272
7   13   2   4   0.0294967802
7   13   2   5   -0.0461568718
7   13   3   6   0.0000000003
7   14   1   4   0.0643100552
7   14   1   5   0.0461568733
7   14   2   4   0.0461568733
7   14   2   5   0.0600700089
7   14   3   6   0.0049381791

End IJAB Block
Begin IJKL Block
1   8   1   8   2.2905067918
1   8   1   9   0.0000000001
1   8   1   10   -0.1956884885
1   8   1   11   0.0000000003
1   8   1   12   -0.0701966124
1   8   2   8   0.0000000001
1   8   2   9   1.8102449213
1   8   2   10   0.0000000001
1   8   2   11   -0.1770446495
1   8   2   12   0.0000000006
1   8   3   8   -0.1956884885
1   8   3   9   0.0000000001
1   8   3   10   0.0331402961
1   8   3   11   -0.0000000001
1   8   3   12   0.0024283349
1   8   4   8   0.0000000003
1   8   4   9   -0.1770446495
1   8   4   10   -0.0000000001
1   8   4   11   0.0264220522
1   8   4   12   0.0000000001
1   8   5   8   -0.0701966124
1   8   5   9   0.0000000006
1   8   5   10   0.0024283349
1   8   5   11   0.0000000001
1   8   5   12   0.0151502237
1   8   6   13   0.0103986888
1   8   6   14   -0.0000000000
1   8   7   13   -0.0000000000
1   8   7   14   0.0103986889
1   9   1   8   0.0000000001
1   9   1   9   2.2915797242
1   9   1   10   0.0000000001
1   9   1   11   -0.1846660271
1   9   1   12   0.0000000006
1   9   2   8   1.8102921365
1   9   2   9   -0.0000000001
1   9   2   10   -0.2063061951
1   9   2   11   0.0000000003
1   9   2   12   -0.0533958033
1   9   3   8   0.0000000001
1   9   3   9   -0.1958591953
1   9   3   10   0.0000000001
1   9   3   11   0.0238321551
1   9   3   12   -0.0000000002
1   9   4   8   -0.1770311305
1   9   4   9   0.0000000003
1   9   4   10   0.0241761533
1   9   4   11   0.0000000001
1   9   4   12   0.0133773710
1   9   5   8   0.0000000006
1   9   5   9   -0.0702031075
1   9   5   10   -0.0000000001
1   9   5   11   0.0139191273
1   9   5   12   0.0000000001
1   9   6   13   0.0000000000
1   9   6   14   -0.0000000000
1   9   7   13   -0.0000000000
1   9   7   14   0.0000000001
1   10   1   8   -0.1956884885
1   10   1   9   0.0000000001
1   10   1   10   0.8385012922
1   10   1   11   -0.0000000003
1   10   1   12   -0.1027285295
1   10   2   8   0.0000000001
1   10   2   9   -0.2063372176
1   10   2   10   -0.0000000000
1   10   2   11   0.1692884518
1   10   2   12   -0.0000000005
1   10   3   8   0.0359264992
1   10   3   9   0.0000000001
1   10   3   10   0.0054226719
1   10   3   11   0.0000000000
1   10   3   12   -0.0085572350
1   10   4   8   -0.0000000001
1   10   4   9   0.0252273582
1   10   4   10   -0.0000000003
1   10   4   11   -0.0040840702
1   10   4   12   0.0000000002
1   10   5   8   0.0015263414
1   10   5   9   -0.0000000002
1   10   5   10   -0.0307468502
1   10   5   11   -0.0000000001
1   10   5   12   0.0161699940
1   10   6   13   0.0163721117
1   10   6   14   0.0000000000
1   10   7   13   0.0000000000
1   10   7   14   0.0163721117
1   11   1   8   0.0000000003
1   11   1   9   -0.1846660271
1   11   1   10   -0.0000000003
1   11   1   11   0.6655064882
1   11   1   12   -0.0000000015
1   11   2   8   -0.1770311305
1   11   2   9   0.0000000003
1   11   2   10   0.1693126395
1   11   2   11   -0.0000000009
1   11   2   12   0.2483000645
1   11   3   8   -0.0000000001
1   11   3   9   0.0249063045
1   11   3   10   0.0000000000
1   11   3   11   -0.0131103390
1   11   3   12   -0.0000000003
1   11   4   8   0.0288835508
1   11   4   9   -0.0000000000
1   11   4   10   -0.0038009310
1   11   4   11   0.0000000004
1   11   4   12   0.0028624793
1   11   5   8   0.0000000001
1   11   5   9   0.0156041406
1   11   5   10   -0.0000000001
1   11   5   11   0.0052613789
1   11   5   12   0.0000000007
1   11   6   13   -0.0000000003
1   11   6   14   0.0000000000
1   11   7   13   0.0000000000
1   11   7   14   -0.0000000003
1   12   1   8   -0.0701966124
1   12   1   9   0.0000000006
1   12   1   10   -0.1027285295
1   12   1   11   -0.0000000015
1   12   1   12   0.6930895015
1   12   2   8   0.0000000006
1   12   2   9   -0.0533971783
1   12   2   10   -0.0000000005
1   12   2   11   0.2483052212
1   12   2   12   -0.0000000007
1   12   3   8   0.0015263414
1   12   3   9   -0.0000000003
1   12   3   10   -0.0087142352
1   12   3   11   -0.0000000003
1   12   3   12   -0.0083416805
1   12   4   8   0.0000000001
1   12   4   9   0.0150671616
1   12   4   10   0.0000000003
1   12   4   11   0.0029403726
1   12   4   12   0.0000000003
1   12   5   8   0.0182804840
1   12   5   9   0.0000000002
1   12   5   10   0.0164135452
1   12   5   11   0.0000000007
1   12   5   12   0.0001322030
1   12   6   13   0.0036346755
1   12   7   14   0.0036346755
1   13   1   13   0.6967021205
1   13   2   13   -0.0000000001
1   13   2   14   -0.0000000000
1   13   3   13   -0.0007337955
1   13   3   14   0.0000000000
1   13   4   13   -0.0000000000
1   13   5   13   -0.0110399361
1   13   5   14   -0.0000000000
1   13   6   8   0.0136582996
1   13   6   9   0.0000000001
1   13   6   10   0.0171156195
1   13   6   11   -0.0000000003
1   13   6   12   0.0040778299
1   13   7   9   -0.0000000000
1   13   7   10   0.0000000000
1   14   1   14   0.6967021205
1   14   2   13   -0.0000000000
1   14   2   14   -0.0000000000
1   14   3   13   0.0000000000
1   14   3   14   -0.0007337956
1   14   4   14   -0.0000000000
1   14   5   13   -0.0000000000
1   14   5   14   -0.0110399360
1   14   6   9   -0.0000000000
1   14   6   10   0.0000000000
1   14   7   8   0.0136582996
1   14   7   9   0.0000000001
1   14   7   10   0.0171156195
1   14   7   11   -0.0000000003
1   14   7   12   0.0040778299
2   8   1   8   0.0000000001
2   8   1   9   1.8102921365
2   8   1   10   0.0000000001
2   8   1   11   -0.1770311305
2   8   1   12   0.0000000006
2   8   2   8   2.2915797242
2   8   2   9   -0.0000000001
2   8   2   10   -0.1958591953
2   8   2   11   0.0000000003
2   8   2   12   -0.0702031075
2   8   3   8   0.0000000001
2   8   3   9   -0.2063061951
2   8   3   10   0.0000000001
2   8   3   11   0.0241761533
2   8   3   12   -0.0000000001
2   8   4   8   -0.1846660271
2   8   4   9   0.0000000003
2   8   4   10   0.0238321551
2   8   4   11   0.0000000001
2   8   4   12   0.0139191273
2   8   5   8   0.0000000006
2   8   5   9   -0.0533958033
2   8   5   10   -0.0000000002
2   8   5   11   0.0133773710
2   8   5   12   0.0000000001
2   8   6   13   0.0000000000
2   8   6   14   -0.0000000000
2   8   7   13   -0.0000000000
2   8   7   14   0.0000000001
2   9   1   8   1.8102449213
2   9   1   9   -0.0000000001
2   9   1   10   -0.2063372176
2   9   1   11   0.0000000003
2   9   1   12   -0.0533971783
2   9   2   8   -0.0000000001
2   9   2   9   2.2925645476
2   9   2   10   0.0000000001
2   9   2   11   -0.1847950896
2   9   2   12   0.0000000006
2   9   3   8   -0.2063372176
2   9   3   9   0.0000000001
2   9   3   10   0.0327077690
2   9   3   11   -0.0000000000
2   9   3   12   0.0031956814
2   9   4   8   0.0000000003
2   9   4   9   -0.1847950896
2   9   4   10   -0.0000000000
2   9   4   11   0.0266764498
2   9   4   12   0.0000000001
2   9   5   8   -0.0533971783
2   9   5   9   0.0000000006
2   9   5   10   0.0031956814
2   9   5   11   0.0000000001
2   9   5   12   0.0139062927
2   9   6   13   0.0097673088
2   9   6   14   -0.0000000000
2   9   7   13   -0.0000000000
2   9   7   14   0.0097673089
2   10   1   8   0.0000000001
2   10   1   9   -0.2063061951
2   10   1   10   -0.0000000000
2   10   1   11   0.1693126395
2   10   1   12   -0.0000000005
2   10   2   8   -0.1958591953
2   10   2   9   0.0000000001
2   10   2   10   0.8383828590
2   10   2   11   -0.0000000003
2   10   2   12   -0.1026162847
2   10   3   8   0.0000000001
2   10   3   9   0.0355565218
2   10   3   10   0.0000000004
2   10   3   11   -0.0087801752
2   10   3   12   -0.0000000002
2   10   4   8   0.0249063045
2   10   4   9   -0.0000000001
2   10   4   10   -0.0217082280
2   10   4   11   -0.0000000001
2   10   4   12   0.0078686965
2   10   5   8   -0.0000000003
2   10   5   9   0.0022720434
2   10   5   10   -0.0000000006
2   10   5   11   0.0020274468
2   10   5   12   0.0000000004
2   10   6   13   -0.0000000002
2   10   6   14   0.0000000000
2   10   7   13   0.0000000000
2   10   7   14   -0.0000000003
2   11   1   8   -0.1770446495
2   11   1   9   0.0000000003
2   11   1   10   0.1692884518
2   11   1   11   -0.0000000009
2   11   1   12   0.2483052212
2   11   2   8   0.0000000003
2   11   2   9   -0.1847950896
2   11   2   10   -0.0000000003
2   11   2   11   0.6655821521
2   11   2   12   -0.0000000015
2   11   3   8   0.0252273582
2   11   3   9   -0.0000000001
2   11   3   10   -0.0092090124
2   11   3   11   -0.0000000001
2   11   3   12   -0.0153794229
2   11   4   8   -0.0000000000
2   11   4   9   0.0291359776
2   11   4   10   -0.0000000001
2   11   4   11   -0.0041842724
2   11   4   12   0.0000000003
2   11   5   8   0.0150671616
2   11   5   9   0.0000000000
2   11   5   10   0.0020605816
2   11   5   11   0.0000000006
2   11   5   12   0.0154051054
2   11   6   13   0.0099342544
2   11   7   14   0.0099342544
2   12   1   8   0.0000000006
2   12   1   9   -0.0533958033
2   12   1   10   -0.0000000005
2   12   1   11   0.2483000645
2   12   1   12   -0.0000000007
2   12   2   8   -0.0702031075
2   12   2   9   0.0000000006
2   12   2   10   -0.1026162847
2   12   2   11   -0.0000000015
2   12   2   12   0.6930957449
2   12   3   8   -0.0000000002
2   12   3   9   0.0022720434
2   12   3   10   -0.0000000002
2   12   3   11   -0.0154621476
2   12   3   12   -0.0000000002
2   12   4   8   0.0156041406
2   12   4   9   0.0000000000
2   12   4   10   0.0078249829
2   12   4   11   0.0000000003
2   12   4   12   -0.0055184036
2   12   5   8   0.0000000002
2   12   5   9   0.0170586936
2   12   5   10   0.0000000004
2   12   5   11   0.0154276671
2   12   5   12   0.0000000006
2   12   6   13   -0.0000000001
2   12   7   14   -0.0000000001
2   13   1   13   -0.0000000001
2   13   1   14   -0.0000000000
2   13   2   13   0.6966640394
2   13   3   13   0.0000000001
2   13   3   14   0.0000000000
2   13   4   13   -0.0095766610
2   13   4   14   -0.0000000000
2   13   5   13   -0.0000000002
2   13   5   14   -0.0000000000
2   13   6   8   0.0000000001
2   13   6   9   0.0130342980
2   13   6   10   -0.0000000003
2   13   6   11   0.0106689071
2   13   6   12   -0.0000000001
2   13   7   8   -0.0000000000
2   13   7   11   0.0000000000
2   14   1   13   -0.0000000000
2   14   1   14   -0.0000000000
2   14   2   14   0.6966640394
2   14   3   13   0.0000000000
2   14   3   14   0.0000000001
2   14   4   13   -0.0000000000
2   14   4   14   -0.0095766609
2   14   5   13   -0.0000000000
2   14   5   14   -0.0000000001
2   14   6   8   -0.0000000000
2   14   6   11   0.0000000000
2   14   7   8   0.0000000001
2   14   7   9   0.0130342980
2   14   7   10   -0.0000000003
2   14   7   11   0.0106689071
2   14   7   12   -0.0000000001
3   8   1   8   -0.1956884885
3   8   1   9   0.0000000001
3   8   1   10   0.0359264992
3   8   1   11   -0.0000000001
3   8   1   12   0.0015263414
3   8   2   8   0.0000000001
3   8   2   9   -0.2063372176
3   8   2   10   0.0000000001
3   8   2   11   0.0252273582
3   8   2   12   -0.0000000002
3   8   3   8   0.8385012922
3   8   3   9   -0.0000000000
3   8   3   10   0.0054226719
3   8   3   11   -0.0000000003
3   8   3   12   -0.0307468502
3   8   4   8   -0.0000000003
3   8   4   9   0.1692884518
3   8   4   10   0.0000000000
3   8   4   11   -0.0040840702
3   8   4   12   -0.0000000001
3   8   5   8   -0.1027285295
3   8   5   9   -0.0000000005
3   8   5   10   -0.0085572350
3   8   5   11   0.0000000002
3   8   5   12   0.0161699940
3   8   6   13   0.0163721117
3   8   6   14   0.0000000000
3   8   7   13   0.0000000000
3   8   7   14   0.0163721117
3   9   1   8   0.0000000001
3   9   1   9   -0.1958591953
3   9   1   10   0.0000000001
3   9   1   11   0.0249063045
3   9   1   12   -0.0000000003
3   9   2   8   -0.2063061951
3   9   2   9   0.0000000001
3   9   2   10   0.0355565218
3   9   2   11   -0.0000000001
3   9   2   12   0.0022720434
3   9   3   8   -0.0000000000
3   9   3   9   0.8383828590
3   9   3   10   0.0000000004
3   9   3   11   -0.0217082280
3   9   3   12   -0.0000000006
3   9   4   8   0.1693126395
3   9   4   9   -0.0000000003
3   9   4   10   -0.0087801752
3   9   4   11   -0.0000000001
3   9   4   12   0.0020274468
3   9   5   8   -0.0000000005
3   9   5   9   -0.1026162847
3   9   5   10   -0.0000000002
3   9   5   11   0.0078686965
3   9   5   12   0.0000000004
3   9   6   13   -0.0000000002
3   9   6   14   0.0000000000
3   9   7   13   0.0000000000
3   9   7   14   -0.0000000003
3   10   1   8   0.0331402961
3   10   1   9   0.0000000001
3   10   1   10   0.0054226719
3   10   1   11   0.0000000000
3   10   1   12   -0.0087142352
3   10   2   8   0.0000000001
3   10   2   9   0.0327077690
3   10   2   10   0.0000000004
3   10   2   11   -0.0092090124
3   10   2   12   -0.0000000002
3   10   3   8   0.0054226719
3   10   3   9   0.0000000004
3   10   3   10   0.8037250705
3   10   3   11   -0.0000000001
3   10   3   12   -0.1395344249
3   10   4   8   0.0000000000
3   10   4   9   -0.0092090124
3   10   4   10   -0.0000000001
3   10   4   11   0.0502611426
3   10   4   12   -0.0000000002
3   10   5   8   -0.0087142352
3   10   5   9   -0.0000000002
3   10   5   10   -0.1395344249
3   10   5   11   -0.0000000002
3   10   5   12   0.0611209314
3   10   6   13   0.0898920815
3   10   6   14   0.0000000000
3   10   7   13   0.0000000000
3   10   7   14   0.0898920812
3   11   1   8   -0.0000000001
3   11   1   9   0.0238321551
3   11   1   10   0.0000000000
3   11   1   11   -0.0131103390
3   11   1   12   -0.0000000003
3   11   2   8   0.0241761533
3   11   2   9   -0.0000000000
3   11   2   10   -0.0087801752
3   11   2   11   -0.0000000001
3   11   2   12   -0.0154621476
3   11   3   8   -0.0000000003
3   11   3   9   -0.0217082280
3   11   3   10   -0.0000000001
3   11   3   11   0.5183247865
3   11   3   12   -0.0000000020
3   11   4   8   -0.0038009310
3   11   4   9   -0.0000000001
3   11   4   10   0.0540789217
3   11   4   11   -0.0000000006
3   11   4   12   0.0872816401
3   11   5   8   0.0000000003
3   11   5   9   0.0078249829
3   11   5   10   -0.0000000002
3   11   5   11   -0.0104167235
3   11   5   12   0.0000000008
3   11   6   13   0.0000000007
3   11   6   14   0.0000000000
3   11   7   13   0.0000000000
3   11   7   14   0.0000000006
3   12   1   8   0.0024283349
3   12   1   9   -0.0000000002
3   12   1   10   -0.0085572350
3   12   1   11   -0.0000000003
3   12   1   12   -0.0083416805
3   12   2   8   -0.0000000001
3   12   2   9   0.0031956814
3   12   2   10   -0.0000000002
3   12   2   11   -0.0153794229
3   12   2   12   -0.0000000002
3   12   3   8   -0.0307468502
3   12   3   9   -0.0000000006
3   12   3   10   -0.1395344249
3   12   3   11   -0.0000000020
3   12   3   12   0.5624494110
3   12   4   8   -0.0000000001
3   12   4   9   0.0020605816
3   12   4   10   -0.0000000002
3   12   4   11   0.0883200267
3   12   4   12   -0.0000000004
3   12   5   8   0.0164135452
3   12   5   9   0.0000000004
3   12   5   10   0.0645917284
3   12   5   11   0.0000000007
3   12   5   12   -0.0359528512
3   12   6   13   0.0114390969
3   12   6   14   -0.0000000000
3   12   7   13   -0.0000000000
3   12   7   14   0.0114390970
3   13   1   13   -0.0007337955
3   13   1   14   0.0000000000
3   13   2   13   0.0000000001
3   13   2   14   0.0000000000
3   13   3   13   0.6285318564
3   13   3   14   0.0000000000
3   13   4   13   -0.0000000005
3   13   4   14   0.0000000000
3   13   5   13   -0.0625561376
3   13   5   14   -0.0000000000
3   13   6   8   0.0171156195
3   13   6   9   -0.0000000003
3   13   6   10   0.0935607461
3   13   6   11   0.0000000005
3   13   6   12   0.0113956955
3   13   7   8   0.0000000000
3   13   7   10   0.0000000000
3   13   7   11   0.0000000000
3   13   7   12   -0.0000000000
3   14   1   13   0.0000000000
3   14   1   14   -0.0007337956
3   14   2   13   0.0000000000
3   14   2   14   0.0000000001
3   14   3   13   0.0000000000
3   14   3   14   0.6285318563
3   14   4   13   0.0000000000
3   14   4   14   -0.0000000005
3   14   5   13   -0.0000000000
3   14   5   14   -0.0625561375
3   14   6   8   0.0000000000
3   14   6   10   0.0000000000
3   14   6   11   0.0000000000
3   14   6   12   -0.0000000000
3   14   7   8   0.0171156195
3   14   7   9   -0.0000000003
3   14   7   10   0.0935607460
3   14   7   11   0.0000000004
3   14   7   12   0.0113956956
4   8   1   8   0.0000000003
4   8   1   9   -0.1770311305
4   8   1   10   -0.0000000001
4   8   1   11   0.0288835508
4   8   1   12   0.0000000001
4   8   2   8   -0.1846660271
4   8   2   9   0.0000000003
4   8   2   10   0.0249063045
4   8   2   11   -0.0000000000
4   8   2   12   0.0156041406
4   8   3   8   -0.0000000003
4   8   3   9   0.1693126395
4   8   3   10   0.0000000000
4   8   3   11   -0.0038009310
4   8   3   12   -0.0000000001
4   8   4   8   0.6655064882
4   8   4   9   -0.0000000009
4   8   4   10   -0.0131103390
4   8   4   11   0.0000000004
4   8   4   12   0.0052613789
4   8   5   8   -0.0000000015
4   8   5   9   0.2483000645
4   8   5   10   -0.0000000003
4   8   5   11   0.0028624793
4   8   5   12   0.0000000007
4   8   6   13   -0.0000000003
4   8   6   14   0.0000000000
4   8   7   13   0.0000000000
4   8   7   14   -0.0000000003
4   9   1   8   -0.1770446495
4   9   1   9   0.0000000003
4   9   1   10   0.0252273582
4   9   1   11   -0.0000000000
4   9   1   12   0.0150671616
4   9   2   8   0.0000000003
4   9   2   9   -0.1847950896
4   9   2   10   -0.0000000001
4   9   2   11   0.0291359776
4   9   2   12   0.0000000000
4   9   3   8   0.1692884518
4   9   3   9   -0.0000000003
4   9   3   10   -0.0092090124
4   9   3   11   -0.0000000001
4   9   3   12   0.0020605816
4   9   4   8   -0.0000000009
4   9   4   9   0.6655821521
4   9   4   10   -0.0000000001
4   9   4   11   -0.0041842724
4   9   4   12   0.0000000006
4   9   5   8   0.2483052212
4   9   5   9   -0.0000000015
4   9   5   10   -0.0153794229
4   9   5   11   0.0000000003
4   9   5   12   0.0154051054
4   9   6   13   0.0099342544
4   9   7   14   0.0099342544
4   10   1   8   -0.0000000001
4   10   1   9   0.0241761533
4   10   1   10   -0.0000000003
4   10   1   11   -0.0038009310
4   10   1   12   0.0000000003
4   10   2   8   0.0238321551
4   10   2   9   -0.0000000000
4   10   2   10   -0.0217082280
4   10   2   11   -0.0000000001
4   10   2   12   0.0078249829
4   10   3   8   0.0000000000
4   10   3   9   -0.0087801752
4   10   3   10   -0.0000000001
4   10   3   11   0.0540789217
4   10   3   12   -0.0000000002
4   10   4   8   -0.0131103390
4   10   4   9   -0.0000000001
4   10   4   10   0.5183247865
4   10   4   11   -0.0000000006
4   10   4   12   -0.0104167235
4   10   5   8   -0.0000000003
4   10   5   9   -0.0154621476
4   10   5   10   -0.0000000020
4   10   5   11   0.0872816401
4   10   5   12   0.0000000008
4   10   6   13   0.0000000007
4   10   6   14   0.0000000000
4   10   7   13   0.0000000000
4   10   7   14   0.0000000006
4   11   1   8   0.0264220522
4   11   1   9   0.0000000001
4   11   1   10   -0.0040840702
4   11   1   11   0.0000000004
4   11   1   12   0.0029403726
4   11   2   8   0.0000000001
4   11   2   9   0.0266764498
4   11   2   10   -0.0000000001
4   11   2   11   -0.0041842724
4   11   2   12   0.0000000003
4   11   3   8   -0.0040840702
4   11   3   9   -0.0000000001
4   11   3   10   0.0502611426
4   11   3   11   -0.0000000006
4   11   3   12   0.0883200267
4   11   4   8   0.0000000004
4   11   4   9   -0.0041842724
4   11   4   10   -0.0000000006
4   11   4   11   0.5217619475
4   11   4   12   -0.0000000002
4   11   5   8   0.0029403726
4   11   5   9   0.0000000003
4   11   5   10   0.0883200267
4   11   5   11   -0.0000000002
4   11   5   12   0.1894070435
4   11   6   13   0.0342180417
4   11   6   14   0.0000000000
4   11   7   13   0.0000000000
4   11   7   14   0.0342180415
4   12   1   8   0.0000000001
4   12   1   9   0.0133773710
4   12   1   10   0.0000000002
4   12   1   11   0.0028624793
4   12   1   12   0.0000000003
4   12   2   8   0.0139191273
4   12   2   9   0.0000000001
4   12   2   10   0.0078686965
4   12   2   11   0.0000000003
4   12   2   12   -0.0055184036
4   12   3   8   -0.0000000001
4   12   3   9   0.0020274468
4   12   3   10   -0.0000000002
4   12   3   11   0.0872816401
4   12   3   12   -0.0000000004
4   12   4   8   0.0052613789
4   12   4   9   0.0000000006
4   12   4   10   -0.0104167235
4   12   4   11   -0.0000000002
4   12   4   12   0.5218752276
4   12   5   8   0.0000000007
4   12   5   9   0.0154276671
4   12   5   10   0.0000000007
4   12   5   11   0.1892708991
4   12   5   12   -0.0000000003
4   12   6   13   0.0000000001
4   12   6   14   0.0000000000
4   12   7   13   0.0000000000
4   12   7   14   0.0000000001
4   13   1   13   -0.0000000000
4   13   2   13   -0.0095766610
4   13   2   14   -0.0000000000
4   13   3   13   -0.0000000005
4   13   3   14   0.0000000000
4   13   4   13   0.4894989989
4   13   4   14   -0.0000000000
4   13   5   13   -0.0000000010
4   13   5   14   0.0000000000
4   13   6   8   -0.0000000003
4   13   6   9   0.0106689071
4   13   6   10   0.0000000005
4   13   6   11   0.0386044220
4   13   6   12   -0.0000000001
4   13   7   9   0.0000000000
4   13   7   10   0.0000000000
4   13   7   11   0.0000000000
4   13   7   12   0.0000000000
4   14   1   14   -0.0000000000
4   14   2   13   -0.0000000000
4   14   2   14   -0.0095766609
4   14   3   13   0.0000000000
4   14   3   14   -0.0000000005
4   14   4   13   -0.0000000000
4   14   4   14   0.4894989990
4   14   5   13   0.0000000000
4   14   5   14   -0.0000000012
4   14   6   9   0.0000000000
4   14   6   10   0.0000000000
4   14   6   11   0.0000000000
4   14   6   12   0.0000000000
4   14   7   8   -0.0000000003
4   14   7   9   0.0106689071
4   14   7   10   0.0000000004
4   14   7   11   0.0386044219
4   14   7   12   -0.0000000001
5   8   1   8   -0.0701966124
5   8   1   9   0.0000000006
5   8   1   10   0.0015263414
5   8   1   11   0.0000000001
5   8   1   12   0.0182804840
5   8   2   8   0.0000000006
5   8   2   9   -0.0533971783
5   8   2   10   -0.0000000003
5   8   2   11   0.0150671616
5   8   2   12   0.0000000002
5   8   3   8   -0.1027285295
5   8   3   9   -0.0000000005
5   8   3   10   -0.0087142352
5   8   3   11   0.0000000003
5   8   3   12   0.0164135452
5   8   4   8   -0.0000000015
5   8   4   9   0.2483052212
5   8   4   10   -0.0000000003
5   8   4   11   0.0029403726
5   8   4   12   0.0000000007
5   8   5   8   0.6930895015
5   8   5   9   -0.0000000007
5   8   5   10   -0.0083416805
5   8   5   11   0.0000000003
5   8   5   12   0.0001322030
5   8   6   13   0.0036346755
5   8   7   14   0.0036346755
5   9   1   8   0.0000000006
5   9   1   9   -0.0702031075
5   9   1   10   -0.0000000002
5   9   1   11   0.0156041406
5   9   1   12   0.0000000002
5   9   2   8   -0.0533958033
5   9   2   9   0.0000000006
5   9   2   10   0.0022720434
5   9   2   11   0.0000000000
5   9   2   12   0.0170586936
5   9   3   8   -0.0000000005
5   9   3   9   -0.1026162847
5   9   3   10   -0.0000000002
5   9   3   11   0.0078249829
5   9   3   12   0.0000000004
5   9   4   8   0.2483000645
5   9   4   9   -0.0000000015
5   9   4   10   -0.0154621476
5   9   4   11   0.0000000003
5   9   4   12   0.0154276671
5   9   5   8   -0.0000000007
5   9   5   9   0.6930957449
5   9   5   10   -0.0000000002
5   9   5   11   -0.0055184036
5   9   5   12   0.0000000006
5   9   6   13   -0.0000000001
5   9   7   14   -0.0000000001
5   10   1   8   0.0024283349
5   10   1   9   -0.0000000001
5   10   1   10   -0.0307468502
5   10   1   11   -0.0000000001
5   10   1   12   0.0164135452
5   10   2   8   -0.0000000002
5   10   2   9   0.0031956814
5   10   2   10   -0.0000000006
5   10   2   11   0.0020605816
5   10   2   12   0.0000000004
5   10   3   8   -0.0085572350
5   10   3   9   -0.0000000002
5   10   3   10   -0.1395344249
5   10   3   11   -0.0000000002
5   10   3   12   0.0645917284
5   10   4   8   -0.0000000003
5   10   4   9   -0.0153794229
5   10   4   10   -0.0000000020
5   10   4   11   0.0883200267
5   10   4   12   0.0000000007
5   10   5   8   -0.0083416805
5   10   5   9   -0.0000000002
5   10   5   10   0.5624494110
5   10   5   11   -0.0000000004
5   10   5   12   -0.0359528512
5   10   6   13   0.0114390969
5   10   6   14   -0.0000000000
5   10   7   13   -0.0000000000
5   10   7   14   0.0114390970
5   11   1   8   0.0000000001
5   11   1   9   0.0139191273
5   11   1   10   -0.0000000001
5   11   1   11   0.0052613789
5   11   1   12   0.0000000007
5   11   2   8   0.0133773710
5   11   2   9   0.0000000001
5   11   2   10   0.0020274468
5   11   2   11   0.0000000006
5   11   2   12   0.0154276671
5   11   3   8   0.0000000002
5   11   3   9   0.0078686965
5   11   3   10   -0.0000000002
5   11   3   11   -0.0104167235
5   11   3   12   0.0000000007
5   11   4   8   0.0028624793
5   11   4   9   0.0000000003
5   11   4   10   0.0872816401
5   11   4   11   -0.0000000002
5   11   4   12   0.1892708991
5   11   5   8   0.0000000003
5   11   5   9   -0.0055184036
5   11   5   10   -0.0000000004
5   11   5   11   0.5218752276
5   11   5   12   -0.0000000003
5   11   6   13   0.0000000001
5   11   6   14   0.0000000000
5   11   7   13   0.0000000000
5   11   7   14   0.0000000001
5   12   1   8   0.0151502237
5   12   1   9   0.0000000001
5   12   1   10   0.0161699940
5   12   1   11   0.0000000007
5   12   1   12   0.0001322030
5   12   2   8   0.0000000001
5   12   2   9   0.0139062927
5   12   2   10   0.0000000004
5   12   2   11   0.0154051054
5   12   2   12   0.0000000006
5   12   3   8   0.0161699940
5   12   3   9   0.0000000004
5   12   3   10   0.0611209314
5   12   3   11   0.0000000008
5   12   3   12   -0.0359528512
5   12   4   8   0.0000000007
5   12   4   9   0.0154051054
5   12   4   10   0.0000000008
5   12   4   11   0.1894070435
5   12   4   12   -0.0000000003
5   12   5   8   0.0001322030
5   12   5   9   0.0000000006
5   12   5   10   -0.0359528512
5   12   5   11   -0.0000000003
5   12   5   12   0.5406226351
5   12   6   13   0.0169414308
5   12   6   14   0.0000000000
5   12   7   13   0.0000000000
5   12   7   14   0.0169414307
5   13   1   13   -0.0110399361
5   13   1   14   -0.0000000000
5   13   2   13   -0.0000000002
5   13   2   14   -0.0000000000
5   13   3   13   -0.0625561376
5   13   3   14   -0.0000000000
5   13   4   13   -0.0000000010
5   13   4   14   0.0000000000
5   13   5   13   0.5004121384
5   13   5   14   0.0000000000
5   13   6   8   0.0040778299
5   13   6   9   -0.0000000001
5   13   6   10   0.0113956955
5   13   6   11   -0.0000000001
5   13   6   12   0.0221181608
5   13   7   10   -0.0000000000
5   13   7   11   0.0000000000
5   13   7   12   0.0000000000
5   14   1   13   -0.0000000000
5   14   1   14   -0.0110399360
5   14   2   13   -0.0000000000
5   14   2   14   -0.0000000001
5   14   3   13   -0.0000000000
5   14   3   14   -0.0625561375
5   14   4   13   0.0000000000
5   14   4   14   -0.0000000012
5   14   5   13   0.0000000000
5   14   5   14   0.5004121383
5   14   6   10   -0.0000000000
5   14   6   11   0.0000000000
5   14   6   12   0.0000000000
5   14   7   8   0.0040778299
5   14   7   9   -0.0000000001
5   14   7   10   0.0113956956
5   14   7   11   -0.0000000001
5   14   7   12   0.0221181606
6   8   1   13   0.0136582996
6   8   2   13   0.0000000001
6   8   2   14   -0.0000000000
6   8   3   13   0.0171156195
6   8   3   14   0.0000000000
6   8   4   13   -0.0000000003
6   8   5   13   0.0040778299
6   8   6   8   0.6967021205
6   8   6   9   -0.0000000001
6   8   6   10   -0.0007337955
6   8   6   11   -0.0000000000
6   8   6   12   -0.0110399361
6   8   7   9   -0.0000000000
6   8   7   10   0.0000000000
6   8   7   12   -0.0000000000
6   9   1   13   0.0000000001
6   9   1   14   -0.0000000000
6   9   2   13   0.0130342980
6   9   3   13   -0.0000000003
6   9   4   13   0.0106689071
6   9   4   14   0.0000000000
6   9   5   13   -0.0000000001
6   9   6   8   -0.0000000001
6   9   6   9   0.6966640394
6   9   6   10   0.0000000001
6   9   6   11   -0.0095766610
6   9   6   12   -0.0000000002
6   9   7   8   -0.0000000000
6   9   7   10   0.0000000000
6   9   7   11   -0.0000000000
6   9   7   12   -0.0000000000
6   10   1   13   0.0171156195
6   10   1   14   0.0000000000
6   10   2   13   -0.0000000003
6   10   3   13   0.0935607461
6   10   3   14   0.0000000000
6   10   4   13   0.0000000005
6   10   4   14   0.0000000000
6   10   5   13   0.0113956955
6   10   5   14   -0.0000000000
6   10   6   8   -0.0007337955
6   10   6   9   0.0000000001
6   10   6   10   0.6285318564
6   10   6   11   -0.0000000005
6   10   6   12   -0.0625561376
6   10   7   8   0.0000000000
6   10   7   9   0.0000000000
6   10   7   10   0.0000000000
6   10   7   11   0.0000000000
6   10   7   12   -0.0000000000
6   11   1   13   -0.0000000003
6   11   2   13   0.0106689071
6   11   2   14   0.0000000000
6   11   3   13   0.0000000005
6   11   3   14   0.0000000000
6   11   4   13   0.0386044220
6   11   4   14   0.0000000000
6   11   5   13   -0.0000000001
6   11   5   14   0.0000000000
6   11   6   8   -0.0000000000
6   11   6   9   -0.0095766610
6   11   6   10   -0.0000000005
6   11   6   11   0.4894989989
6   11   6   12   -0.0000000010
6   11   7   9   -0.0000000000
6   11   7   10   0.0000000000
6   11   7   11   -0.0000000000
6   11   7   12   0.0000000000
6   12   1   13   0.0040778299
6   12   2   13   -0.0000000001
6   12   3   13   0.0113956955
6   12   3   14   -0.0000000000
6   12   4   13   -0.0000000001
6   12   4   14   0.0000000000
6   12   5   13   0.0221181608
6   12   5   14   0.0000000000
6   12   6   8   -0.0110399361
6   12   6   9   -0.0000000002
6   12   6   10   -0.0625561376
6   12   6   11   -0.0000000010
6   12   6   12   0.5004121384
6   12   7   8   -0.0000000000
6   12   7   9   -0.0000000000
6   12   7   10   -0.0000000000
6   12   7   11   0.0000000000
6   12   7   12   0.0000000000
6   13   1   8   0.0103986888
6   13   1   9   0.0000000000
6   13   1   10   0.0163721117
6   13   1   11   -0.0000000003
6   13   1   12   0.0036346755
6   13   2   8   0.0000000000
6   13   2   9   0.0097673088
6   13   2   10   -0.0000000002
6   13   2   11   0.0099342544
6   13   2   12   -0.0000000001
6   13   3   8   0.0163721117
6   13   3   9   -0.0000000002
6   13   3   10   0.0898920815
6   13   3   11   0.0000000007
6   13   3   12   0.0114390969
6   13   4   8   -0.0000000003
6   13   4   9   0.0099342544
6   13   4   10   0.0000000007
6   13   4   11   0.0342180417
6   13   4   12   0.0000000001
6   13   5   8   0.0036346755
6   13   5   9   -0.0000000001
6   13   5   10   0.0114390969
6   13   5   11   0.0000000001
6   13   5   12   0.0169414308
6   13   6   13   0.5660301207
6   13   6   14   0.0000000002
6   13   7   13   0.0000000002
6   13   7   14   0.0159490496
6   14   1   8   -0.0000000000
6   14   1   9   -0.0000000000
6   14   1   10   0.0000000000
6   14   1   11   0.0000000000
6   14   2   8   -0.0000000000
6   14   2   9   -0.0000000000
6   14   2   10   0.0000000000
6   14   3   8   0.0000000000
6   14   3   9   0.0000000000
6   14   3   10   0.0000000000
6   14   3   11   0.0000000000
6   14   3   12   -0.0000000000
6   14   4   8   0.0000000000
6   14   4   10   0.0000000000
6   14   4   11   0.0000000000
6   14   4   12   0.0000000000
6   14   5   10   -0.0000000000
6   14   5   11   0.0000000000
6   14   5   12   0.0000000000
6   14   6   13   0.0000000002
6   14   6   14   0.5301505040
6   14   7   13   0.0199305637
6   14   7   14   -0.0000000002
7   8   1   14   0.0136582996
7   8   2   13   -0.0000000000
7   8   2   14   0.0000000001
7   8   3   13   0.0000000000
7   8   3   14   0.0171156195
7   8   4   14   -0.0000000003
7   8   5   14   0.0040778299
7   8   6   9   -0.0000000000
7   8   6   10   0.0000000000
7   8   6   12   -0.0000000000
7   8   7   8   0.6967021205
7   8   7   9   -0.0000000000
7   8   7   10   -0.0007337956
7   8   7   11   -0.0000000000
7   8   7   12   -0.0110399360
7   9   1   13   -0.0000000000
7   9   1   14   0.0000000001
7   9   2   14   0.0130342980
7   9   3   14   -0.0000000003
7   9   4   13   0.0000000000
7   9   4   14   0.0106689071
7   9   5   14   -0.0000000001
7   9   6   8   -0.0000000000
7   9   6   10   0.0000000000
7   9   6   11   -0.0000000000
7   9   6   12   -0.0000000000
7   9   7   8   -0.0000000000
7   9   7   9   0.6966640394
7   9   7   10   0.0000000001
7   9   7   11   -0.0095766609
7   9   7   12   -0.0000000001
7   10   1   13   0.0000000000
7   10   1   14   0.0171156195
7   10   2   14   -0.0000000003
7   10   3   13   0.0000000000
7   10   3   14   0.0935607460
7   10   4   13   0.0000000000
7   10   4   14   0.0000000004
7   10   5   13   -0.0000000000
7   10   5   14   0.0113956956
7   10   6   8   0.0000000000
7   10   6   9   0.0000000000
7   10   6   10   0.0000000000
7   10   6   11   0.0000000000
7   10   6   12   -0.0000000000
7   10   7   8   -0.0007337956
7   10   7   9   0.0000000001
7   10   7   10   0.6285318563
7   10   7   11   -0.0000000005
7   10   7   12   -0.0625561375
7   11   1   14   -0.0000000003
7   11   2   13   0.0000000000
7   11   2   14   0.0106689071
7   11   3   13   0.0000000000
7   11   3   14   0.0000000004
7   11   4   13   0.0000000000
7   11   4   14   0.0386044219
7   11   5   13   0.0000000000
7   11   5   14   -0.0000000001
7   11   6   9   -0.0000000000
7   11   6   10   0.0000000000
7   11   6   11   -0.0000000000
7   11   6   12   0.0000000000
7   11   7   8   -0.0000000000
7   11   7   9   -0.0095766609
7   11   7   10   -0.0000000005
7   11   7   11   0.4894989990
7   11   7   12   -0.0000000012
7   12   1   14   0.0040778299
7   12   2   14   -0.0000000001
7   12   3   13   -0.0000000000
7   12   3   14   0.0113956956
7   12   4   13   0.0000000000
7   12   4   14   -0.0000000001
7   12   5   13   0.0000000000
7   12   5   14   0.0221181606
7   12   6   8   -0.0000000000
7   12   6   9   -0.0000000000
7   12   6   10   -0.0000000000
7   12   6   11   0.0000000000
7   12   6   12   0.0000000000
7   12   7   8   -0.0110399360
7   12   7   9   -0.0000000001
7   12   7   10   -0.0625561375
7   12   7   11   -0.0000000012
7   12   7   12   0.5004121383
7   13   1   8   -0.0000000000
7   13   1   9   -0.0000000000
7   13   1   10   0.0000000000
7   13   1   11   0.0000000000
7   13   2   8   -0.0000000000
7   13   2   9   -0.0000000000
7   13   2   10   0.0000000000
7   13   3   8   0.0000000000
7   13   3   9   0.0000000000
7   13   3   10   0.0000000000
7   13   3   11   0.0000000000
7   13   3   12   -0.0000000000
7   13   4   8   0.0000000000
7   13   4   10   0.0000000000
7   13   4   11   0.0000000000
7   13   4   12   0.0000000000
7   13   5   10   -0.0000000000
7   13   5   11   0.0000000000
7   13   5   12   0.0000000000
7   13   6   13   0.0000000002
7   13   6   14   0.0199305637
7   13   7   13   0.5301505040
7   13   7   14   -0.0000000002
7   14   1   8   0.0103986889
7   14   1   9   0.0000000001
7   14   1   10   0.0163721117
7   14   1   11   -0.0000000003
7   14   1   12   0.0036346755
7   14   2   8   0.0000000001
7   14   2   9   0.0097673089
7   14   2   10   -0.0000000003
7   14   2   11   0.0099342544
7   14   2   12   -0.0000000001
7   14   3   8   0.0163721117
7   14   3   9   -0.0000000003
7   14   3   10   0.0898920812
7   14   3   11   0.0000000006
7   14   3   12   0.0114390970
7   14   4   8   -0.0000000003
7   14   4   9   0.0099342544
7   14   4   10   0.0000000006
7   14   4   11   0.0342180415
7   14   4   12   0.0000000001
7   14   5   8   0.0036346755
7   14   5   9   -0.0000000001
7   14   5   10   0.0114390970
7   14   5   11   0.0000000001
7   14   5   12   0.0169414307
7   14   6   13   0.0159490496
7   14   6   14   -0.0000000002
7   14   7   13   -0.0000000002
7   14   7   14   0.5660301204

End IJKL Block
Begin ABCD Block
1   4   1   4   0.4235370764
1   4   1   5   -0.0000000008
1   4   2   4   -0.0000000008
1   4   2   5   0.0154917375
1   4   3   6   0.0078859502
1   5   1   4   -0.0000000008
1   5   1   5   0.3926572542
1   5   2   4   0.0153881145
1   5   2   5   0.0000000014
1   5   3   6   0.0000000000
1   6   1   6   0.2401343456
1   6   2   6   0.0000000039
1   6   3   4   0.0078967833
1   6   3   5   0.0000000000
2   4   1   4   -0.0000000008
2   4   1   5   0.0153881145
2   4   2   4   0.3926572542
2   4   2   5   0.0000000014
2   4   3   6   0.0000000000
2   5   1   4   0.0154917375
2   5   1   5   0.0000000014
2   5   2   4   0.0000000014
2   5   2   5   0.4235370765
2   5   3   6   0.0078859502
2   6   1   6   0.0000000039
2   6   2   6   0.2401343462
2   6   3   4   0.0000000000
2   6   3   5   0.0078967833
3   4   1   6   0.0078967833
3   4   2   6   0.0000000000
3   4   3   4   0.2401343456
3   4   3   5   0.0000000039
3   5   1   6   0.0000000000
3   5   2   6   0.0078967833
3   5   3   4   0.0000000039
3   5   3   5   0.2401343462
3   6   1   4   0.0078859502
3   6   1   5   0.0000000000
3   6   2   4   0.0000000000
3   6   2   5   0.0078859502
3   6   3   6   0.2559515852

End ABCD Block
Begin AIJB Block
1   8   1   4   0.0101696424
1   8   2   4   0.0000000001
1   8   3   4   0.0078633739
1   8   3   5   0.0000000000
1   8   4   4   -0.0000000001
1   8   5   4   0.0054095888
1   8   6   6   -0.0001832987
1   8   7   6   -0.0001919110
1   9   1   4   0.0000000001
1   9   2   4   0.0104745324
1   9   3   4   -0.0000000002
1   9   3   5   0.0000000000
1   9   4   4   0.0111604565
1   9   5   4   -0.0000000001
1   9   5   5   -0.0000000000
1   9   6   6   -0.0000000000
1   9   7   6   0.0000000000
1   10   1   4   0.0078633739
1   10   1   5   0.0000000000
1   10   2   4   -0.0000000002
1   10   2   5   0.0000000000
1   10   3   4   0.0268816596
1   10   3   5   0.0000000000
1   10   4   4   -0.0000000005
1   10   4   5   0.0000000000
1   10   5   4   0.0175994286
1   10   5   5   0.0000000000
1   10   6   6   0.0132501242
1   10   7   6   0.0138726827
1   11   1   4   -0.0000000001
1   11   2   4   0.0111604565
1   11   3   4   -0.0000000005
1   11   3   5   0.0000000000
1   11   4   4   0.0593133964
1   11   4   5   -0.0000000000
1   11   5   4   -0.0000000016
1   11   5   5   -0.0000000000
1   11   6   6   0.0000000013
1   11   7   6   0.0000000014
1   12   1   4   0.0054095888
1   12   2   4   -0.0000000001
1   12   2   5   -0.0000000000
1   12   3   4   0.0175994286
1   12   3   5   0.0000000000
1   12   4   4   -0.0000000016
1   12   4   5   -0.0000000000
1   12   5   4   0.0317055272
1   12   5   5   -0.0000000000
1   12   6   6   0.0041692973
1   12   7   6   0.0043651916
1   13   1   6   0.0022134801
1   13   2   6   -0.0000000004
1   13   3   6   0.0060371237
1   13   4   6   -0.0000000073
1   13   5   6   0.0035922767
1   13   6   4   0.0580225665
1   13   6   5   -0.0468556314
1   13   7   4   0.0468556294
1   13   7   5   -0.0358097381
1   14   1   6   0.0023174807
1   14   2   6   -0.0000000004
1   14   3   6   0.0063207787
1   14   4   6   -0.0000000075
1   14   5   6   0.0037610603
1   14   6   4   0.0468556294
1   14   6   5   0.0315055020
1   14   7   4   0.0623268018
1   14   7   5   0.0468556314
2   8   1   5   0.0101696424
2   8   2   5   0.0000000001
2   8   3   4   0.0000000000
2   8   3   5   0.0078633739
2   8   4   5   -0.0000000001
2   8   5   5   0.0054095888
2   8   6   6   0.0001919110
2   8   7   6   -0.0001832987
2   9   1   5   0.0000000001
2   9   2   5   0.0104745324
2   9   3   4   0.0000000000
2   9   3   5   -0.0000000002
2   9   4   5   0.0111604565
2   9   5   4   -0.0000000000
2   9   5   5   -0.0000000001
2   9   7   6   0.0000000000
2   10   1   4   0.0000000000
2   10   1   5   0.0078633739
2   10   2   4   0.0000000000
2   10   2   5   -0.0000000002
2   10   3   4   0.0000000000
2   10   3   5   0.0268816596
2   10   4   4   0.0000000000
2   10   4   5   -0.0000000005
2   10   5   4   0.0000000000
2   10   5   5   0.0175994286
2   10   6   6   -0.0138726825
2   10   7   6   0.0132501244
2   11   1   5   -0.0000000001
2   11   2   5   0.0111604565
2   11   3   4   0.0000000000
2   11   3   5   -0.0000000005
2   11   4   4   -0.0000000000
2   11   4   5   0.0593133964
2   11   5   4   -0.0000000000
2   11   5   5   -0.0000000016
2   11   6   6   -0.0000000013
2   11   7   6   0.0000000013
2   12   1   5   0.0054095888
2   12   2   4   -0.0000000000
2   12   2   5   -0.0000000001
2   12   3   4   0.0000000000
2   12   3   5   0.0175994286
2   12   4   4   -0.0000000000
2   12   4   5   -0.0000000016
2   12   5   4   -0.0000000000
2   12   5   5   0.0317055272
2   12   6   6   -0.0043651921
2   12   7   6   0.0041692968
2   13   1   6   -0.0023174807
2   13   2   6   0.0000000004
2   13   3   6   -0.0063207785
2   13   4   6   0.0000000076
2   13   5   6   -0.0037610602
2   13   6   4   -0.0468556314
2   13   6   5   0.0623268018
2   13   7   4   0.0315055020
2   13   7   5   -0.0468556294
2   14   1   6   0.0022134801
2   14   2   6   -0.0000000004
2   14   3   6   0.0060371239
2   14   4   6   -0.0000000071
2   14   5   6   0.0035922769
2   14   6   4   -0.0358097381
2   14   6   5   -0.0468556294
2   14   7   4   0.0468556314
2   14   7   5   0.0580225665
3   8   1   6   0.0034089878
3   8   2   6   -0.0000000000
3   8   3   6   -0.0006057235
3   8   4   6   -0.0000000002
3   8   5   6   -0.0000855023
3   8   6   4   0.0022134801
3   8   6   5   -0.0023174807
3   8   7   4   0.0023174807
3   8   7   5   0.0022134801
3   9   1   6   -0.0000000000
3   9   2   6   0.0034218081
3   9   3   6   -0.0000000000
3   9   4   6   -0.0005915159
3   9   5   6   0.0000000001
3   9   6   4   -0.0000000004
3   9   6   5   0.0000000004
3   9   7   4   -0.0000000004
3   9   7   5   -0.0000000004
3   10   1   6   -0.0006057235
3   10   2   6   -0.0000000000
3   10   3   6   0.0051466634
3   10   4   6   0.0000000003
3   10   5   6   0.0029257386
3   10   6   4   0.0060371237
3   10   6   5   -0.0063207785
3   10   7   4   0.0063207787
3   10   7   5   0.0060371239
3   11   1   6   -0.0000000002
3   11   2   6   -0.0005915159
3   11   3   6   0.0000000003
3   11   4   6   0.0142261173
3   11   5   6   -0.0000000001
3   11   6   4   -0.0000000073
3   11   6   5   0.0000000076
3   11   7   4   -0.0000000075
3   11   7   5   -0.0000000071
3   12   1   6   -0.0000855023
3   12   2   6   0.0000000001
3   12   3   6   0.0029257386
3   12   4   6   -0.0000000001
3   12   5   6   0.0094246715
3   12   6   4   0.0035922767
3   12   6   5   -0.0037610602
3   12   7   4   0.0037610603
3   12   7   5   0.0035922769
3   13   1   4   -0.0001832987
3   13   1   5   0.0001919110
3   13   2   4   -0.0000000000
3   13   3   4   0.0132501242
3   13   3   5   -0.0138726825
3   13   4   4   0.0000000013
3   13   4   5   -0.0000000013
3   13   5   4   0.0041692973
3   13   5   5   -0.0043651921
3   13   6   6   0.0038803297
3   13   7   6   -0.0000000000
3   14   1   4   -0.0001919110
3   14   1   5   -0.0001832987
3   14   2   4   0.0000000000
3   14   2   5   0.0000000000
3   14   3   4   0.0138726827
3   14   3   5   0.0132501244
3   14   4   4   0.0000000014
3   14   4   5   0.0000000013
3   14   5   4   0.0043651916
3   14   5   5   0.0041692968
3   14   6   6   -0.0000000000
3   14   7   6   0.0038803301

1   8   8   1   -0.5669019051
1   8   8   2   -0.0000000000
1   8   9   1   0.0000000000
1   8   9   2   0.0000000000
1   8   10   1   0.0038867635
1   8   10   2   -0.0000000000
1   8   11   1   -0.0000000006
1   8   11   2   0.0000000000
1   8   12   1   0.0018779932
1   8   13   3   -0.0023733766
1   8   14   3   -0.0024848899
1   9   8   1   0.0000000000
1   9   8   2   0.0000000000
1   9   9   1   -0.5669352295
1   9   9   2   -0.0000000000
1   9   10   1   -0.0000000005
1   9   10   2   -0.0000000000
1   9   11   1   0.0038496563
1   9   11   2   -0.0000000000
1   9   12   1   -0.0000000003
1   9   12   2   0.0000000001
1   9   13   3   -0.0000000020
1   9   14   3   -0.0000000021
1   10   8   1   0.0038867635
1   10   8   2   -0.0000000000
1   10   9   1   -0.0000000005
1   10   9   2   -0.0000000000
1   10   10   1   -0.4922567001
1   10   10   2   -0.0000000000
1   10   11   1   0.0000000005
1   10   11   2   -0.0000000000
1   10   12   1   0.0238785436
1   10   12   2   0.0000000000
1   10   13   3   -0.0076130848
1   10   14   3   -0.0079707864
1   11   8   1   -0.0000000006
1   11   8   2   0.0000000000
1   11   9   1   0.0038496563
1   11   9   2   -0.0000000000
1   11   10   1   0.0000000005
1   11   10   2   -0.0000000000
1   11   11   1   -0.4496476763
1   11   11   2   0.0000000000
1   11   12   1   0.0000000002
1   11   12   2   0.0000000002
1   11   13   3   0.0000000268
1   11   14   3   0.0000000279
1   12   8   1   0.0018779932
1   12   9   1   -0.0000000003
1   12   9   2   0.0000000001
1   12   10   1   0.0238785436
1   12   10   2   0.0000000000
1   12   11   1   0.0000000002
1   12   11   2   0.0000000002
1   12   12   1   -0.4500152703
1   12   12   2   0.0000000000
1   12   13   3   -0.0014260839
1   12   14   3   -0.0014930887
1   13   8   3   -0.0024054122
1   13   9   3   -0.0000000020
1   13   10   3   -0.0077756649
1   13   11   3   0.0000000270
1   13   12   3   -0.0011540760
1   13   13   1   -0.4612075486
1   13   13   2   0.0168443710
1   13   14   1   -0.0168443719
1   13   14   2   -0.0003477713
1   14   8   3   -0.0025184307
1   14   9   3   -0.0000000021
1   14   10   3   -0.0081410054
1   14   11   3   0.0000000282
1   14   12   3   -0.0012083006
1   14   13   1   -0.0168443719
1   14   13   2   0.0018951230
1   14   14   1   -0.4627549010
1   14   14   2   -0.0168443710
2   8   8   1   -0.0000000000
2   8   8   2   -0.5669019051
2   8   9   1   0.0000000000
2   8   9   2   0.0000000000
2   8   10   1   -0.0000000000
2   8   10   2   0.0038867635
2   8   11   1   0.0000000000
2   8   11   2   -0.0000000006
2   8   12   2   0.0018779932
2   8   13   3   0.0024848899
2   8   14   3   -0.0023733766
2   9   8   1   0.0000000000
2   9   8   2   0.0000000000
2   9   9   1   -0.0000000000
2   9   9   2   -0.5669352295
2   9   10   1   -0.0000000000
2   9   10   2   -0.0000000005
2   9   11   1   -0.0000000000
2   9   11   2   0.0038496563
2   9   12   1   0.0000000001
2   9   12   2   -0.0000000003
2   9   13   3   0.0000000021
2   9   14   3   -0.0000000020
2   10   8   1   -0.0000000000
2   10   8   2   0.0038867635
2   10   9   1   -0.0000000000
2   10   9   2   -0.0000000005
2   10   10   1   -0.0000000000
2   10   10   2   -0.4922567001
2   10   11   1   -0.0000000000
2   10   11   2   0.0000000005
2   10   12   1   0.0000000000
2   10   12   2   0.0238785436
2   10   13   3   0.0079707863
2   10   14   3   -0.0076130849
2   11   8   1   0.0000000000
2   11   8   2   -0.0000000006
2   11   9   1   -0.0000000000
2   11   9   2   0.0038496563
2   11   10   1   -0.0000000000
2   11   10   2   0.0000000005
2   11   11   1   0.0000000000
2   11   11   2   -0.4496476763
2   11   12   1   0.0000000002
2   11   12   2   0.0000000002
2   11   13   3   -0.0000000281
2   11   14   3   0.0000000267
2   12   8   2   0.0018779932
2   12   9   1   0.0000000001
2   12   9   2   -0.0000000003
2   12   10   1   0.0000000000
2   12   10   2   0.0238785436
2   12   11   1   0.0000000002
2   12   11   2   0.0000000002
2   12   12   1   0.0000000000
2   12   12   2   -0.4500152703
2   12   13   3   0.0014930886
2   12   14   3   -0.0014260840
2   13   8   3   0.0025184307
2   13   9   3   0.0000000021
2   13   10   3   0.0081410053
2   13   11   3   -0.0000000283
2   13   12   3   0.0012083004
2   13   13   1   0.0168443710
2   13   13   2   -0.4627549006
2   13   14   1   0.0018951230
2   13   14   2   0.0168443720
2   14   8   3   -0.0024054122
2   14   9   3   -0.0000000020
2   14   10   3   -0.0077756650
2   14   11   3   0.0000000269
2   14   12   3   -0.0011540762
2   14   13   1   -0.0003477713
2   14   13   2   0.0168443720
2   14   14   1   -0.0168443710
2   14   14   2   -0.4612075490
3   8   8   3   -0.2626094404
3   8   9   3   -0.0000000021
3   8   10   3   0.0015684878
3   8   11   3   -0.0000000341
3   8   12   3   -0.0008357003
3   8   13   1   -0.0024054122
3   8   13   2   0.0025184307
3   8   14   1   -0.0025184307
3   8   14   2   -0.0024054122
3   9   8   3   -0.0000000021
3   9   9   3   -0.2626192854
3   9   10   3   -0.0000000257
3   9   11   3   0.0003291208
3   9   12   3   -0.0000000201
3   9   13   1   -0.0000000020
3   9   13   2   0.0000000021
3   9   14   1   -0.0000000021
3   9   14   2   -0.0000000020
3   10   8   3   0.0015684878
3   10   9   3   -0.0000000257
3   10   10   3   -0.2438825127
3   10   11   3   0.0000000205
3   10   12   3   -0.0014855110
3   10   13   1   -0.0077756649
3   10   13   2   0.0081410053
3   10   14   1   -0.0081410054
3   10   14   2   -0.0077756650
3   11   8   3   -0.0000000341
3   11   9   3   0.0003291208
3   11   10   3   0.0000000205
3   11   11   3   -0.2561133903
3   11   12   3   -0.0000000282
3   11   13   1   0.0000000270
3   11   13   2   -0.0000000283
3   11   14   1   0.0000000282
3   11   14   2   0.0000000269
3   12   8   3   -0.0008357003
3   12   9   3   -0.0000000201
3   12   10   3   -0.0014855110
3   12   11   3   -0.0000000282
3   12   12   3   -0.2582890848
3   12   13   1   -0.0011540760
3   12   13   2   0.0012083004
3   12   14   1   -0.0012083006
3   12   14   2   -0.0011540762
3   13   8   1   -0.0023733766
3   13   8   2   0.0024848899
3   13   9   1   -0.0000000020
3   13   9   2   0.0000000021
3   13   10   1   -0.0076130848
3   13   10   2   0.0079707863
3   13   11   1   0.0000000268
3   13   11   2   -0.0000000281
3   13   12   1   -0.0014260839
3   13   12   2   0.0014930886
3   13   13   3   -0.2408471749
3   13   14   3   0.0000000011
3   14   8   1   -0.0024848899
3   14   8   2   -0.0023733766
3   14   9   1   -0.0000000021
3   14   9   2   -0.0000000020
3   14   10   1   -0.0079707864
3   14   10   2   -0.0076130849
3   14   11   1   0.0000000279
3   14   11   2   0.0000000267
3   14   12   1   -0.0014930887
3   14   12   2   -0.0014260840
3   14   13   3   0.0000000011
3   14   14   3   -0.2408471933

End AIJB Block
Begin IJKA Block
1   8   1   6   0.0000000000
1   8   2   6   0.0628431549
1   8   4   6   -0.0100433053
1   8   5   6   0.0000000000
1   8   6   4   -0.0000000000
1   8   6   5   0.0000000000
1   8   7   4   -0.0000000000
1   8   7   5   -0.0000000000
1   9   1   6   0.0642788325
1   9   2   6   0.0000000000
1   9   3   6   -0.0098325941
1   9   4   6   -0.0000000002
1   9   5   6   -0.0045831695
1   9   6   4   -0.0080598998
1   9   6   5   0.0084385949
1   9   7   4   -0.0084385949
1   9   7   5   -0.0080598998
1   10   1   6   -0.0000000002
1   10   2   6   -0.0512220503
1   10   3   6   -0.0000000001
1   10   4   6   0.0018120377
1   10   5   6   0.0000000002
1   10   6   4   0.0000000001
1   10   6   5   -0.0000000001
1   10   7   4   0.0000000001
1   10   7   5   0.0000000001
1   11   1   6   -0.0915429733
1   11   2   6   -0.0000000048
1   11   3   6   0.0028475863
1   11   4   6   0.0000000003
1   11   5   6   -0.0003100242
1   11   6   4   -0.0088312111
1   11   6   5   0.0092461463
1   11   7   4   -0.0092461463
1   11   7   5   -0.0088312111
1   12   1   6   -0.0000000014
1   12   2   6   -0.0280084385
1   12   3   6   0.0000000008
1   12   4   6   -0.0004066110
1   12   5   6   -0.0000000015
1   12   6   4   0.0000000001
1   12   6   5   -0.0000000001
1   12   7   4   0.0000000001
1   12   7   5   0.0000000001
1   13   1   4   -0.0000000004
1   13   1   5   0.0000000005
1   13   2   4   -0.1247568765
1   13   2   5   0.1306185897
1   13   3   4   0.0000000000
1   13   3   5   -0.0000000000
1   13   4   4   -0.0002205386
1   13   4   5   0.0002309006
1   13   5   4   -0.0000000000
1   13   5   5   0.0000000000
1   13   6   6   0.0000000006
1   13   7   6   0.0000000000
1   14   1   4   -0.0000000005
1   14   1   5   -0.0000000005
1   14   2   4   -0.1306185897
1   14   2   5   -0.1247568765
1   14   3   4   -0.0000000000
1   14   3   5   -0.0000000000
1   14   4   4   -0.0002309006
1   14   4   5   -0.0002205386
1   14   5   4   -0.0000000000
1   14   5   5   0.0000000000
1   14   6   6   0.0000000000
1   14   7   6   0.0000000006
2   8   1   6   0.0628480252
2   8   2   6   0.0000000000
2   8   3   6   -0.0098885364
2   8   4   6   -0.0000000002
2   8   5   6   -0.0044788373
2   8   6   4   -0.0077559390
2   8   6   5   0.0081203525
2   8   7   4   -0.0081203525
2   8   7   5   -0.0077559390
2   9   1   6   -0.0000000000
2   9   2   6   0.0643310083
2   9   3   6   -0.0000000000
2   9   4   6   -0.0100982721
2   9   5   6   0.0000000000
2   9   6   4   -0.0000000000
2   9   6   5   0.0000000000
2   9   7   4   -0.0000000000
2   9   7   5   -0.0000000000
2   10   1   6   -0.0512036830
2   10   2   6   -0.0000000002
2   10   3   6   0.0023361547
2   10   4   6   0.0000000002
2   10   5   6   0.0004953930
2   10   6   4   -0.0063474441
2   10   6   5   0.0066456794
2   10   7   4   -0.0066456794
2   10   7   5   -0.0063474441
2   11   1   6   -0.0000000049
2   11   2   6   -0.0915352005
2   11   3   6   0.0000000009
2   11   4   6   0.0015409497
2   11   5   6   -0.0000000004
2   11   6   4   0.0000000001
2   11   6   5   -0.0000000001
2   11   7   4   0.0000000001
2   11   7   5   0.0000000001
2   12   1   6   -0.0279974588
2   12   2   6   -0.0000000014
2   12   3   6   0.0025991394
2   12   4   6   -0.0000000008
2   12   5   6   -0.0025187495
2   12   6   4   -0.0037855230
2   12   6   5   0.0039633862
2   12   7   4   -0.0039633862
2   12   7   5   -0.0037855230
2   13   1   4   -0.1246959940
2   13   1   5   0.1305548467
2   13   2   4   -0.0000000004
2   13   2   5   0.0000000005
2   13   3   4   0.0040721848
2   13   3   5   -0.0042635168
2   13   4   4   -0.0000000000
2   13   4   5   0.0000000000
2   13   5   4   -0.0030103597
2   13   5   5   0.0031518018
2   13   6   6   -0.0035758976
2   13   7   6   0.0000000000
2   14   1   4   -0.1305548466
2   14   1   5   -0.1246959940
2   14   2   4   -0.0000000005
2   14   2   5   -0.0000000005
2   14   3   4   0.0042635167
2   14   3   5   0.0040721848
2   14   4   4   -0.0000000000
2   14   4   5   -0.0000000000
2   14   5   4   -0.0031518017
2   14   5   5   -0.0030103597
2   14   6   6   0.0000000000
2   14   7   6   -0.0035758976
3   8   1   6   -0.0000000000
3   8   2   6   -0.0102312820
3   8   3   6   0.0000000001
3   8   4   6   0.0015041119
3   8   5   6   -0.0000000000
3   8   6   4   0.0000000001
3   8   6   5   -0.0000000001
3   8   7   4   0.0000000002
3   8   7   5   0.0000000001
3   9   1   6   -0.0101730476
3   9   2   6   -0.0000000000
3   9   3   6   0.0051976159
3   9   4   6   0.0000000000
3   9   5   6   -0.0014962776
3   9   6   4   -0.0100425454
3   9   6   5   0.0105143953
3   9   7   4   -0.0105143953
3   9   7   5   -0.0100425454
3   10   1   6   -0.0000000003
3   10   2   6   0.0019126272
3   10   3   6   0.0000000000
3   10   4   6   -0.0146485193
3   10   5   6   0.0000000001
3   10   6   4   0.0000000000
3   10   6   5   -0.0000000000
3   10   7   4   0.0000000002
3   10   7   5   0.0000000002
3   11   1   6   0.0024900757
3   11   2   6   0.0000000009
3   11   3   6   -0.0611386451
3   11   4   6   -0.0000000011
3   11   5   6   0.0052295732
3   11   6   4   -0.0378433793
3   11   6   5   0.0396214539
3   11   7   4   -0.0396214539
3   11   7   5   -0.0378433792
3   12   1   6   0.0000000007
3   12   2   6   0.0022753877
3   12   3   6   0.0000000026
3   12   4   6   -0.0057426805
3   12   5   6   -0.0000000001
3   12   6   4   -0.0000000002
3   12   6   5   0.0000000003
3   12   7   4   -0.0000000003
3   12   7   5   -0.0000000003
3   13   1   4   0.0000000000
3   13   1   5   -0.0000000000
3   13   2   4   0.0029819987
3   13   2   5   -0.0031221081
3   13   3   4   -0.0000000001
3   13   3   5   0.0000000001
3   13   4   4   -0.0466570444
3   13   4   5   0.0488492299
3   13   5   4   0.0000000005
3   13   5   5   -0.0000000005
3   13   6   6   0.0000000040
3   13   7   6   0.0000000000
3   14   1   4   -0.0000000000
3   14   1   5   -0.0000000000
3   14   2   4   0.0031221081
3   14   2   5   0.0029819986
3   14   3   4   -0.0000000000
3   14   3   5   0.0000000000
3   14   4   4   -0.0488492299
3   14   4   5   -0.0466570444
3   14   5   4   0.0000000005
3   14   5   5   0.0000000005
3   14   6   6   0.0000000000
3   14   7   6   0.0000000033
4   8   1   6   -0.0105265524
4   8   2   6   -0.0000000002
4   8   3   6   0.0015850320
4   8   4   6   -0.0000000002
4   8   5   6   0.0000889303
4   8   6   4   -0.0070355763
4   8   6   5   0.0073661435
4   8   7   4   -0.0073661435
4   8   7   5   -0.0070355763
4   9   1   6   -0.0000000002
4   9   2   6   -0.0105733631
4   9   3   6   -0.0000000000
4   9   4   6   0.0018323795
4   9   5   6   -0.0000000000
4   9   6   4   0.0000000001
4   9   6   5   -0.0000000001
4   9   7   4   0.0000000002
4   9   7   5   0.0000000001
4   10   1   6   0.0016743420
4   10   2   6   -0.0000000000
4   10   3   6   -0.0143705673
4   10   4   6   -0.0000000005
4   10   5   6   -0.0191542738
4   10   6   4   -0.0208344822
4   10   6   5   0.0218133922
4   10   7   4   -0.0218133921
4   10   7   5   -0.0208344821
4   11   1   6   -0.0000000002
4   11   2   6   0.0015270661
4   11   3   6   0.0000000014
4   11   4   6   -0.0510652162
4   11   5   6   0.0000000007
4   11   6   4   0.0000000014
4   11   6   5   -0.0000000015
4   11   7   4   0.0000000016
4   11   7   5   0.0000000015
4   12   1   6   -0.0003307248
4   12   2   6   -0.0000000008
4   12   3   6   -0.0056157259
4   12   4   6   -0.0000000006
4   12   5   6   -0.0108069741
4   12   6   4   -0.0193605684
4   12   6   5   0.0202702265
4   12   7   4   -0.0202702265
4   12   7   5   -0.0193605684
4   13   1   4   -0.0001414487
4   13   1   5   0.0001480947
4   13   2   4   -0.0000000000
4   13   2   5   0.0000000000
4   13   3   4   -0.0451161452
4   13   3   5   0.0472359314
4   13   4   4   -0.0000000001
4   13   4   5   0.0000000001
4   13   5   4   -0.0739572063
4   13   5   5   0.0774320924
4   13   6   6   -0.0095177442
4   13   7   6   0.0000000000
4   14   1   4   -0.0001480946
4   14   1   5   -0.0001414487
4   14   2   4   0.0000000000
4   14   2   5   0.0000000000
4   14   3   4   -0.0472359314
4   14   3   5   -0.0451161452
4   14   4   4   -0.0000000001
4   14   4   5   -0.0000000001
4   14   5   4   -0.0774320923
4   14   5   5   -0.0739572062
4   14   6   6   0.0000000000
4   14   7   6   -0.0095177448
5   8   1   6   -0.0000000001
5   8   2   6   -0.0048358021
5   8   3   6   -0.0000000001
5   8   4   6   0.0000594947
5   8   6   4   0.0000000000
5   8   6   5   -0.0000000000
5   8   7   4   0.0000000000
5   8   7   5   0.0000000000
5   9   1   6   -0.0049345605
5   9   2   6   -0.0000000000
5   9   3   6   -0.0015397860
5   9   4   6   -0.0000000000
5   9   5   6   0.0018461834
5   9   6   4   -0.0027748550
5   9   6   5   0.0029052318
5   9   7   4   -0.0029052318
5   9   7   5   -0.0027748550
5   10   1   6   0.0000000002
5   10   2   6   0.0004144115
5   10   3   6   0.0000000007
5   10   4   6   -0.0190637204
5   10   5   6   0.0000000008
5   10   6   4   0.0000000003
5   10   6   5   -0.0000000003
5   10   7   4   0.0000000003
5   10   7   5   0.0000000003
5   11   1   6   -0.0003774840
5   11   2   6   -0.0000000004
5   11   3   6   0.0046941325
5   11   4   6   -0.0000000022
5   11   5   6   -0.0518253671
5   11   6   4   -0.0184757767
5   11   6   5   0.0193438628
5   11   7   4   -0.0193438627
5   11   7   5   -0.0184757767
5   12   1   6   -0.0000000017
5   12   2   6   -0.0023332091
5   12   3   6   0.0000000012
5   12   4   6   -0.0101523741
5   12   5   6   0.0000000017
5   12   6   4   0.0000000008
5   12   6   5   -0.0000000008
5   12   7   4   0.0000000008
5   12   7   5   0.0000000008
5   13   1   4   -0.0000000000
5   13   1   5   0.0000000000
5   13   2   4   -0.0024598402
5   13   2   5   0.0025754160
5   13   3   4   0.0000000004
5   13   3   5   -0.0000000004
5   13   4   4   -0.0727851193
5   13   4   5   0.0762049348
5   13   5   4   0.0000000002
5   13   5   5   -0.0000000002
5   13   6   6   0.0000000017
5   13   7   6   0.0000000000
5   14   1   4   -0.0000000000
5   14   1   5   0.0000000000
5   14   2   4   -0.0025754160
5   14   2   5   -0.0024598401
5   14   3   4   0.0000000004
5   14   3   5   0.0000000004
5   14   4   4   -0.0762049347
5   14   4   5   -0.0727851193
5   14   5   4   0.0000000003
5   14   5   5   0.0000000003
5   14   6   6   0.0000000000
5   14   7   6   0.0000000014
6   8   1   4   -0.0000000001
6   8   1   5   0.0000000001
6   8   2   4   -0.0083664375
6   8   2   5   0.0087595353
6   8   3   4   0.0000000001
6   8   3   5   -0.0000000002
6   8   4   4   -0.0071940081
6   8   4   5   0.0075320192
6   8   5   4   0.0000000000
6   8   5   5   -0.0000000000
6   8   6   6   0.0000000001
6   8   7   6   0.0000000000
6   9   1   4   -0.0086291495
6   9   1   5   0.0090345908
6   9   2   4   -0.0000000001
6   9   2   5   0.0000000001
6   9   3   4   -0.0101896007
6   9   3   5   0.0106683600
6   9   4   4   0.0000000001
6   9   4   5   -0.0000000002
6   9   5   4   -0.0028974029
6   9   5   5   0.0030335376
6   9   6   6   0.0021411633
6   9   7   6   0.0000000000
6   10   1   4   0.0000000001
6   10   1   5   -0.0000000001
6   10   2   4   -0.0063922580
6   10   2   5   0.0066925988
6   10   3   4   0.0000000000
6   10   3   5   -0.0000000000
6   10   4   4   -0.0203416012
6   10   4   5   0.0212973532
6   10   5   4   0.0000000005
6   10   5   5   -0.0000000006
6   10   6   6   0.0000000016
6   10   7   6   0.0000000001
6   11   1   4   -0.0080851682
6   11   1   5   0.0084650505
6   11   2   4   0.0000000001
6   11   2   5   -0.0000000001
6   11   3   4   -0.0354903467
6   11   3   5   0.0371578639
6   11   4   4   0.0000000001
6   11   4   5   -0.0000000002
6   11   5   4   -0.0189748012
6   11   5   5   0.0198663340
6   11   6   6   -0.0533888620
6   11   7   6   0.0000000000
6   12   1   4   0.0000000002
6   12   1   5   -0.0000000002
6   12   2   4   -0.0036235568
6   12   2   5   0.0037938100
6   12   3   4   -0.0000000002
6   12   3   5   0.0000000003
6   12   4   4   -0.0194782687
6   12   4   5   0.0203934569
6   12   5   4   0.0000000004
6   12   5   5   -0.0000000005
6   12   6   6   -0.0000000012
6   12   7   6   -0.0000000002
6   13   1   6   0.0000000003
6   13   2   6   -0.0031559013
6   13   3   6   0.0000000055
6   13   4   6   -0.0087284125
6   13   5   6   0.0000000072
6   13   6   4   0.0000000001
6   13   6   5   -0.0000000002
6   13   7   4   0.0000000006
6   13   7   5   0.0000000007
6   14   1   6   0.0000000000
6   14   2   6   0.0000000000
6   14   3   6   0.0000000000
6   14   4   6   0.0000000000
6   14   5   6   0.0000000000
6   14   6   4   0.0000000003
6   14   6   5   0.0000000004
6   14   7   4   0.0000000002
6   14   7   5   -0.0000000002
7   8   1   4   -0.0000000001
7   8   1   5   -0.0000000001
7   8   2   4   -0.0087595353
7   8   2   5   -0.0083664375
7   8   3   4   0.0000000002
7   8   3   5   0.0000000001
7   8   4   4   -0.0075320192
7   8   4   5   -0.0071940080
7   8   5   4   0.0000000000
7   8   5   5   0.0000000000
7   8   6   6   0.0000000000
7   8   7   6   0.0000000000
7   9   1   4   -0.0090345908
7   9   1   5   -0.0086291494
7   9   2   4   -0.0000000001
7   9   2   5   -0.0000000001
7   9   3   4   -0.0106683600
7   9   3   5   -0.0101896007
7   9   4   4   0.0000000002
7   9   4   5   0.0000000002
7   9   5   4   -0.0030335376
7   9   5   5   -0.0028974028
7   9   6   6   0.0000000000
7   9   7   6   0.0021411632
7   10   1   4   0.0000000001
7   10   1   5   0.0000000001
7   10   2   4   -0.0066925988
7   10   2   5   -0.0063922580
7   10   3   4   0.0000000002
7   10   3   5   0.0000000002
7   10   4   4   -0.0212973531
7   10   4   5   -0.0203416011
7   10   5   4   0.0000000005
7   10   5   5   0.0000000005
7   10   6   6   0.0000000001
7   10   7   6   0.0000000002
7   11   1   4   -0.0084650505
7   11   1   5   -0.0080851681
7   11   2   4   0.0000000001
7   11   2   5   0.0000000001
7   11   3   4   -0.0371578639
7   11   3   5   -0.0354903467
7   11   4   4   0.0000000003
7   11   4   5   0.0000000003
7   11   5   4   -0.0198663338
7   11   5   5   -0.0189748011
7   11   6   6   0.0000000000
7   11   7   6   -0.0533888621
7   12   1   4   0.0000000002
7   12   1   5   0.0000000001
7   12   2   4   -0.0037938100
7   12   2   5   -0.0036235568
7   12   3   4   -0.0000000003
7   12   3   5   -0.0000000003
7   12   4   4   -0.0203934568
7   12   4   5   -0.0194782686
7   12   5   4   0.0000000006
7   12   5   5   0.0000000006
7   12   6   6   -0.0000000002
7   12   7   6   0.0000000015
7   13   1   6   0.0000000000
7   13   2   6   0.0000000000
7   13   3   6   0.0000000000
7   13   4   6   0.0000000000
7   13   5   6   0.0000000000
7   13   6   4   0.0000000001
7   13   6   5   0.0000000002
7   13   7   4   0.0000000004
7   13   7   5   -0.0000000003
7   14   1   6   0.0000000003
7   14   2   6   -0.0031559013
7   14   3   6   0.0000000051
7   14   4   6   -0.0087284130
7   14   5   6   0.0000000068
7   14   6   4   0.0000000007
7   14   6   5   -0.0000000007
7   14   7   4   0.0000000005
7   14   7   5   0.0000000004

End IJKA Block
Begin IABC Block
1   4   1   6   -0.0000000022
1   4   2   6   -0.0000000000
1   4   3   4   -0.0000000002
1   5   1   6   -0.0000000000
1   5   2   6   -0.0000000022
1   5   3   5   -0.0000000002
1   6   1   4   -0.0000000022
1   6   1   5   0.0000000000
1   6   2   4   0.0000000000
1   6   2   5   -0.0000000022
1   6   3   6   -0.0000000098
2   4   1   6   -0.0029580369
2   4   2   6   -0.0000000000
2   4   3   4   0.0010068906
2   4   3   5   -0.0000000000
2   5   1   6   -0.0000000000
2   5   2   6   -0.0029580369
2   5   3   4   -0.0000000000
2   5   3   5   0.0010068906
2   6   1   4   -0.0029580704
2   6   1   5   -0.0000000000
2   6   2   4   -0.0000000000
2   6   2   5   -0.0029580704
2   6   3   6   0.0002002294
3   4   1   6   0.0000000403
3   4   2   6   -0.0000000001
3   4   3   4   -0.0000000006
3   4   3   5   -0.0000000003
3   5   1   6   -0.0000000001
3   5   2   6   0.0000000403
3   5   3   4   -0.0000000003
3   5   3   5   -0.0000000006
3   6   1   4   0.0000000367
3   6   1   5   -0.0000000002
3   6   2   4   -0.0000000002
3   6   2   5   0.0000000367
3   6   3   6   0.0000000398
4   4   1   6   -0.0062615627
4   4   2   6   -0.0000000002
4   4   3   4   -0.0408485180
4   4   3   5   0.0000000002
4   5   1   6   -0.0000000002
4   5   2   6   -0.0062615627
4   5   3   4   0.0000000002
4   5   3   5   -0.0408485180
4   6   1   4   -0.0066524559
4   6   1   5   -0.0000000003
4   6   2   4   -0.0000000003
4   6   2   5   -0.0066524559
4   6   3   6   0.0021147973
5   4   1   6   0.0000000803
5   4   2   6   -0.0000000001
5   4   3   4   -0.0000000060
5   4   3   5   0.0000000020
5   5   1   6   -0.0000000001
5   5   2   6   0.0000000803
5   5   3   4   0.0000000020
5   5   3   5   -0.0000000057
5   6   1   4   0.0000000800
5   6   1   5   -0.0000000004
5   6   2   4   -0.0000000004
5   6   2   5   0.0000000799
5   6   3   6   -0.0000003687
6   4   1   4   -0.0000000014
6   4   1   5   0.0000000007
6   4   2   4   0.0000000008
6   4   2   5   -0.0000000001
6   4   3   6   0.0000001903
6   5   1   4   0.0000000001
6   5   1   5   -0.0000000008
6   5   2   4   -0.0000000006
6   5   2   5   0.0000000015
6   5   3   6   -0.0000001992
6   6   1   6   -0.0000000222
6   6   2   6   0.0000000229
6   6   3   4   0.0000001736
6   6   3   5   -0.0000001818
7   4   1   4   -0.0000000015
7   4   1   5   -0.0000000007
7   4   2   4   -0.0000000008
7   4   2   5   -0.0000000002
7   4   3   6   0.0000001991
7   5   1   4   -0.0000000002
7   5   1   5   -0.0000000009
7   5   2   4   -0.0000000008
7   5   2   5   -0.0000000015
7   5   3   6   0.0000001902
7   6   1   6   -0.0000000201
7   6   2   6   -0.0000000188
7   6   3   4   0.0000001817
7   6   3   5   0.0000001736

End IABC Block
