Begin IJ Block
1   1   -28.1269683511
1   2   0.0000000035
1   3   0.4778913180
1   4   -0.0000000016
1   7   0.2733150749
2   2   -28.1275323448
2   3   0.0000000018
2   4   -0.5025312930
2   7   -0.0000000053
3   3   -10.5203797698
3   4   0.0000000034
3   7   1.0749940113
4   4   -7.7561431965
4   7   -0.0000000114
5   5   -8.4908876945
5   6   0.0000000002
6   6   -8.4908876952
7   7   -8.0030366345

End IJ Block
Begin IA Block
1   3   -0.0000000001
2   3   0.2012693279
3   3   -0.0000000075
4   3   0.9671599428
5   1   0.0000000057
5   2   -0.0000000283
6   1   -0.0000000404
6   2   -0.0000000009
7   3   0.0000000424

End IA Block
Begin AB Block
1   1   -6.5104697514
1   2   -0.0000000002
2   2   -6.5104697526
3   3   -3.6681025655

End AB Block
Begin IJAB Block
1   8   1   4   0.0103366482
1   8   2   5   0.0103366482
1   8   3   6   0.0057090521
1   9   1   4   -0.0000000005
1   9   1   5   -0.0000000000
1   9   2   4   -0.0000000000
1   9   2   5   -0.0000000006
1   9   3   6   -0.0000000015
1   10   1   4   0.0081013006
1   10   1   5   -0.0000000000
1   10   2   4   -0.0000000000
1   10   2   5   0.0081013005
1   10   3   6   -0.0008771273
1   11   1   4   -0.0000000005
1   11   1   5   0.0000000001
1   11   2   4   0.0000000001
1   11   2   5   0.0000000001
1   11   3   6   -0.0000000009
1   12   1   6   0.0016786595
1   12   2   6   0.0042433535
1   12   3   4   0.0001159837
1   12   3   5   0.0002931861
1   13   1   6   -0.0042433535
1   13   2   6   0.0016786595
1   13   3   4   -0.0002931861
1   13   3   5   0.0001159837
1   14   1   4   0.0058709061
1   14   2   5   0.0058709061
1   14   3   6   0.0000970737
2   8   1   4   -0.0000000005
2   8   1   5   -0.0000000000
2   8   2   4   -0.0000000000
2   8   2   5   -0.0000000006
2   8   3   6   -0.0000000015
2   9   1   4   0.0106985487
2   9   2   5   0.0106985487
2   9   3   6   0.0057456669
2   10   1   4   0.0000000003
2   10   1   5   0.0000000000
2   10   2   4   0.0000000000
2   10   2   5   0.0000000004
2   10   3   6   0.0000000002
2   11   1   4   -0.0114740514
2   11   1   5   -0.0000000000
2   11   2   4   -0.0000000000
2   11   2   5   -0.0114740515
2   11   3   6   0.0007664210
2   12   1   6   -0.0000000004
2   12   2   6   -0.0000000012
2   12   3   4   -0.0000000001
2   12   3   5   -0.0000000007
2   13   1   6   0.0000000009
2   13   2   6   -0.0000000004
2   13   3   4   -0.0000000002
2   13   3   5   -0.0000000001
2   14   1   4   -0.0000000001
2   14   1   5   -0.0000000000
2   14   2   4   -0.0000000000
2   14   2   5   -0.0000000004
2   14   3   6   0.0000000021
3   8   1   4   0.0081013006
3   8   1   5   -0.0000000000
3   8   2   4   -0.0000000000
3   8   2   5   0.0081013005
3   8   3   6   -0.0008771273
3   9   1   4   0.0000000003
3   9   1   5   0.0000000000
3   9   2   4   0.0000000000
3   9   2   5   0.0000000004
3   9   3   6   0.0000000002
3   10   1   4   0.0272824351
3   10   1   5   0.0000000000
3   10   2   4   0.0000000000
3   10   2   5   0.0272824354
3   10   3   6   0.0083637168
3   11   1   4   0.0000000040
3   11   1   5   -0.0000000002
3   11   2   4   -0.0000000002
3   11   2   5   0.0000000029
3   11   3   6   0.0000000072
3   12   1   6   0.0049665381
3   12   2   6   0.0125545272
3   12   3   4   0.0090185550
3   12   3   5   0.0227973071
3   13   1   6   -0.0125545271
3   13   2   6   0.0049665381
3   13   3   4   -0.0227973070
3   13   3   5   0.0090185550
3   14   1   4   0.0187206745
3   14   1   5   -0.0000000000
3   14   2   4   -0.0000000000
3   14   2   5   0.0187206744
3   14   3   6   0.0062892526
4   8   1   4   -0.0000000005
4   8   1   5   0.0000000001
4   8   2   4   0.0000000001
4   8   2   5   0.0000000001
4   8   3   6   -0.0000000009
4   9   1   4   -0.0114740514
4   9   1   5   -0.0000000000
4   9   2   4   -0.0000000000
4   9   2   5   -0.0114740515
4   9   3   6   0.0007664210
4   10   1   4   0.0000000040
4   10   1   5   -0.0000000002
4   10   2   4   -0.0000000002
4   10   2   5   0.0000000029
4   10   3   6   0.0000000072
4   11   1   4   0.0639809605
4   11   1   5   -0.0000000000
4   11   2   4   -0.0000000000
4   11   2   5   0.0639809605
4   11   3   6   0.0265221119
4   12   1   6   0.0000000019
4   12   2   6   0.0000000006
4   12   3   4   0.0000000019
4   12   3   5   -0.0000000080
4   13   1   6   -0.0000000073
4   13   2   6   0.0000000012
4   13   3   4   -0.0000000126
4   13   3   5   -0.0000000001
4   14   1   4   -0.0000000006
4   14   1   5   -0.0000000008
4   14   2   4   -0.0000000008
4   14   2   5   -0.0000000062
4   14   3   6   0.0000000649
5   8   1   6   0.0001159837
5   8   2   6   0.0002931861
5   8   3   4   0.0016786595
5   8   3   5   0.0042433535
5   9   1   6   -0.0000000001
5   9   2   6   -0.0000000007
5   9   3   4   -0.0000000004
5   9   3   5   -0.0000000012
5   10   1   6   0.0090185550
5   10   2   6   0.0227973071
5   10   3   4   0.0049665381
5   10   3   5   0.0125545272
5   11   1   6   0.0000000019
5   11   2   6   -0.0000000080
5   11   3   4   0.0000000019
5   11   3   5   0.0000000006
5   12   1   4   0.0272754259
5   12   1   5   0.0303271614
5   12   2   4   0.0303271614
5   12   2   5   0.0919397455
5   12   3   6   0.0067188465
5   13   1   4   -0.0303271584
5   13   1   5   -0.0020145803
5   13   2   4   -0.0626497706
5   13   2   5   0.0303271584
5   13   3   6   0.0000000005
5   14   1   6   0.0032713127
5   14   2   6   0.0082692984
5   14   3   4   0.0035625991
5   14   3   5   0.0090056185
6   8   1   6   -0.0002931861
6   8   2   6   0.0001159837
6   8   3   4   -0.0042433535
6   8   3   5   0.0016786595
6   9   1   6   -0.0000000002
6   9   2   6   -0.0000000001
6   9   3   4   0.0000000009
6   9   3   5   -0.0000000004
6   10   1   6   -0.0227973070
6   10   2   6   0.0090185550
6   10   3   4   -0.0125545271
6   10   3   5   0.0049665381
6   11   1   6   -0.0000000126
6   11   2   6   -0.0000000001
6   11   3   4   -0.0000000073
6   11   3   5   0.0000000012
6   12   1   4   -0.0303271584
6   12   1   5   -0.0626497706
6   12   2   4   -0.0020145803
6   12   2   5   0.0303271584
6   12   3   6   0.0000000005
6   13   1   4   0.0919397454
6   13   1   5   -0.0303271614
6   13   2   4   -0.0303271614
6   13   2   5   0.0272754259
6   13   3   6   0.0067188446
6   14   1   6   -0.0082692979
6   14   2   6   0.0032713127
6   14   3   4   -0.0090056185
6   14   3   5   0.0035625991
7   8   1   4   0.0058709061
7   8   2   5   0.0058709061
7   8   3   6   0.0000970737
7   9   1   4   -0.0000000001
7   9   1   5   -0.0000000000
7   9   2   4   -0.0000000000
7   9   2   5   -0.0000000004
7   9   3   6   0.0000000021
7   10   1   4   0.0187206745
7   10   1   5   -0.0000000000
7   10   2   4   -0.0000000000
7   10   2   5   0.0187206744
7   10   3   6   0.0062892526
7   11   1   4   -0.0000000006
7   11   1   5   -0.0000000008
7   11   2   4   -0.0000000008
7   11   2   5   -0.0000000062
7   11   3   6   0.0000000649
7   12   1   6   0.0035625991
7   12   2   6   0.0090056185
7   12   3   4   0.0032713127
7   12   3   5   0.0082692984
7   13   1   6   -0.0090056185
7   13   2   6   0.0035625991
7   13   3   4   -0.0082692979
7   13   3   5   0.0032713127
7   14   1   4   0.0381144169
7   14   1   5   -0.0000000000
7   14   2   4   -0.0000000000
7   14   2   5   0.0381144168
7   14   3   6   0.0186857300

End IJAB Block
Begin IJKL Block
1   8   1   8   2.3177149951
1   8   1   9   -0.0000000020
1   8   1   10   -0.2041549114
1   8   1   11   0.0000000005
1   8   1   14   -0.0701967544
1   8   2   8   -0.0000000020
1   8   2   9   1.7900801752
1   8   2   10   -0.0000000005
1   8   2   11   0.1704980962
1   8   2   14   0.0000000015
1   8   3   8   -0.2041549114
1   8   3   9   -0.0000000005
1   8   3   10   0.0381464428
1   8   3   11   -0.0000000014
1   8   3   14   0.0005878543
1   8   4   8   0.0000000005
1   8   4   9   0.1704980962
1   8   4   10   -0.0000000014
1   8   4   11   0.0252284726
1   8   4   14   -0.0000000001
1   8   5   12   0.0112882631
1   8   5   13   -0.0000000000
1   8   6   12   -0.0000000000
1   8   6   13   0.0112882631
1   8   7   8   -0.0701967544
1   8   7   9   0.0000000015
1   8   7   10   0.0005878543
1   8   7   11   -0.0000000001
1   8   7   14   0.0161596893
1   9   1   8   -0.0000000020
1   9   1   9   2.3199969246
1   9   1   10   0.0000000001
1   9   1   11   0.1805303807
1   9   1   14   0.0000000016
1   9   2   8   1.7904529111
1   9   2   9   -0.0000000021
1   9   2   10   -0.2194550300
1   9   2   11   0.0000000001
1   9   2   14   -0.0492605619
1   9   3   8   0.0000000001
1   9   3   9   -0.2046037060
1   9   3   10   0.0000000012
1   9   3   11   -0.0233182303
1   9   3   14   -0.0000000000
1   9   4   8   0.1705490503
1   9   4   9   0.0000000001
1   9   4   10   -0.0238925469
1   9   4   11   0.0000000007
1   9   4   14   -0.0134029961
1   9   5   12   -0.0000000006
1   9   5   13   0.0000000000
1   9   6   12   0.0000000000
1   9   6   13   -0.0000000006
1   9   7   8   0.0000000016
1   9   7   9   -0.0702070715
1   9   7   10   0.0000000000
1   9   7   11   -0.0142046505
1   9   7   14   -0.0000000003
1   10   1   8   -0.2041549114
1   10   1   9   0.0000000001
1   10   1   10   0.8952152696
1   10   1   11   -0.0000000011
1   10   1   14   -0.1185204283
1   10   2   8   0.0000000001
1   10   2   9   -0.2194119735
1   10   2   10   0.0000000007
1   10   2   11   -0.1458767616
1   10   2   14   -0.0000000012
1   10   3   8   0.0410941555
1   10   3   9   0.0000000021
1   10   3   10   0.0089003048
1   10   3   11   -0.0000000015
1   10   3   14   -0.0098660412
1   10   4   8   -0.0000000012
1   10   4   9   -0.0249890308
1   10   4   10   -0.0000000006
1   10   4   11   -0.0034624696
1   10   4   14   -0.0000000005
1   10   5   12   0.0183425408
1   10   5   13   0.0000000000
1   10   6   12   0.0000000000
1   10   6   13   0.0183425408
1   10   7   8   -0.0001185037
1   10   7   9   -0.0000000005
1   10   7   10   -0.0358047889
1   10   7   11   -0.0000000005
1   10   7   14   0.0170810973
1   11   1   8   0.0000000005
1   11   1   9   0.1805303807
1   11   1   10   -0.0000000011
1   11   1   11   0.6708185386
1   11   1   14   0.0000000013
1   11   2   8   0.1705490503
1   11   2   9   0.0000000005
1   11   2   10   -0.1459204866
1   11   2   11   0.0000000014
1   11   2   14   -0.2478183756
1   11   3   8   -0.0000000012
1   11   3   9   -0.0244563928
1   11   3   10   -0.0000000015
1   11   3   11   -0.0142018529
1   11   3   14   0.0000000020
1   11   4   8   0.0277626429
1   11   4   9   0.0000000012
1   11   4   10   -0.0031931619
1   11   4   11   -0.0000000003
1   11   4   14   0.0039263588
1   11   5   12   -0.0000000001
1   11   5   13   -0.0000000000
1   11   6   12   -0.0000000000
1   11   6   13   0.0000000001
1   11   7   8   -0.0000000001
1   11   7   9   -0.0158584295
1   11   7   10   -0.0000000003
1   11   7   11   0.0058743281
1   11   7   14   -0.0000000000
1   12   1   12   0.7268659884
1   12   1   13   0.0000000000
1   12   2   12   -0.0000000006
1   12   2   13   0.0000000000
1   12   3   12   0.0006024702
1   12   3   13   0.0000000001
1   12   4   12   0.0000000008
1   12   4   13   0.0000000005
1   12   5   8   0.0144146659
1   12   5   9   0.0000000003
1   12   5   10   0.0191163859
1   12   5   11   0.0000000001
1   12   5   14   0.0043259593
1   12   6   8   -0.0000000000
1   12   6   9   0.0000000000
1   12   6   11   -0.0000000000
1   12   7   12   -0.0126599487
1   12   7   13   -0.0000000000
1   13   1   12   0.0000000000
1   13   1   13   0.7268659884
1   13   2   12   0.0000000000
1   13   2   13   -0.0000000007
1   13   3   12   0.0000000001
1   13   3   13   0.0006024698
1   13   4   12   0.0000000005
1   13   4   13   -0.0000000010
1   13   5   8   -0.0000000000
1   13   5   9   0.0000000000
1   13   5   11   -0.0000000000
1   13   6   8   0.0144146659
1   13   6   9   0.0000000003
1   13   6   10   0.0191163859
1   13   6   11   0.0000000003
1   13   6   14   0.0043259593
1   13   7   12   -0.0000000000
1   13   7   13   -0.0126599486
1   14   1   8   -0.0701967544
1   14   1   9   0.0000000016
1   14   1   10   -0.1185204283
1   14   1   11   0.0000000013
1   14   1   14   0.7066119079
1   14   2   8   0.0000000016
1   14   2   9   -0.0492391331
1   14   2   10   -0.0000000012
1   14   2   11   -0.2478192292
1   14   2   14   -0.0000000006
1   14   3   8   -0.0001185037
1   14   3   9   -0.0000000004
1   14   3   10   -0.0100103749
1   14   3   11   0.0000000022
1   14   3   14   -0.0086345003
1   14   4   8   -0.0000000001
1   14   4   9   -0.0150569851
1   14   4   10   -0.0000000003
1   14   4   11   0.0040004268
1   14   4   14   0.0000000008
1   14   5   12   0.0039468844
1   14   5   13   0.0000000000
1   14   6   12   0.0000000000
1   14   6   13   0.0039468844
1   14   7   8   0.0189652213
1   14   7   9   0.0000000003
1   14   7   10   0.0173092534
1   14   7   11   0.0000000001
1   14   7   14   -0.0003171204
2   8   1   8   -0.0000000020
2   8   1   9   1.7904529111
2   8   1   10   0.0000000001
2   8   1   11   0.1705490503
2   8   1   14   0.0000000016
2   8   2   8   2.3199969246
2   8   2   9   -0.0000000021
2   8   2   10   -0.2046037060
2   8   2   11   0.0000000001
2   8   2   14   -0.0702070715
2   8   3   8   0.0000000001
2   8   3   9   -0.2194550300
2   8   3   10   0.0000000012
2   8   3   11   -0.0238925469
2   8   3   14   0.0000000000
2   8   4   8   0.1805303807
2   8   4   9   0.0000000001
2   8   4   10   -0.0233182303
2   8   4   11   0.0000000007
2   8   4   14   -0.0142046505
2   8   5   12   -0.0000000006
2   8   5   13   0.0000000000
2   8   6   12   0.0000000000
2   8   6   13   -0.0000000006
2   8   7   8   0.0000000016
2   8   7   9   -0.0492605619
2   8   7   10   -0.0000000000
2   8   7   11   -0.0134029961
2   8   7   14   -0.0000000003
2   9   1   8   1.7900801752
2   9   1   9   -0.0000000021
2   9   1   10   -0.2194119735
2   9   1   11   0.0000000005
2   9   1   14   -0.0492391331
2   9   2   8   -0.0000000021
2   9   2   9   2.3215421479
2   9   2   10   -0.0000000005
2   9   2   11   0.1806875280
2   9   2   14   0.0000000016
2   9   3   8   -0.2194119735
2   9   3   9   -0.0000000005
2   9   3   10   0.0374042370
2   9   3   11   -0.0000000014
2   9   3   14   0.0017959831
2   9   4   8   0.0000000005
2   9   4   9   0.1806875280
2   9   4   10   -0.0000000014
2   9   4   11   0.0256248303
2   9   4   14   0.0000000001
2   9   5   12   0.0103730355
2   9   5   13   -0.0000000000
2   9   6   12   -0.0000000000
2   9   6   13   0.0103730356
2   9   7   8   -0.0492391331
2   9   7   9   0.0000000016
2   9   7   10   0.0017959831
2   9   7   11   0.0000000001
2   9   7   14   0.0144289501
2   10   1   8   -0.0000000005
2   10   1   9   -0.2194550300
2   10   1   10   0.0000000007
2   10   1   11   -0.1459204866
2   10   1   14   -0.0000000012
2   10   2   8   -0.2046037060
2   10   2   9   -0.0000000005
2   10   2   10   0.8949559622
2   10   2   11   -0.0000000012
2   10   2   14   -0.1182950292
2   10   3   8   0.0000000021
2   10   3   9   0.0404532498
2   10   3   10   0.0000000007
2   10   3   11   0.0092885077
2   10   3   14   0.0000000003
2   10   4   8   -0.0244563928
2   10   4   9   -0.0000000013
2   10   4   10   0.0255287037
2   10   4   11   0.0000000015
2   10   4   14   -0.0090607610
2   10   5   12   0.0000000001
2   10   5   13   0.0000000000
2   10   6   12   0.0000000000
2   10   6   13   0.0000000001
2   10   7   8   -0.0000000004
2   10   7   9   0.0010672667
2   10   7   10   0.0000000004
2   10   7   11   -0.0023958511
2   10   7   14   0.0000000003
2   11   1   8   0.1704980962
2   11   1   9   0.0000000001
2   11   1   10   -0.1458767616
2   11   1   11   0.0000000014
2   11   1   14   -0.2478192292
2   11   2   8   0.0000000001
2   11   2   9   0.1806875280
2   11   2   10   -0.0000000012
2   11   2   11   0.6709545590
2   11   2   14   0.0000000013
2   11   3   8   -0.0249890308
2   11   3   9   -0.0000000013
2   11   3   10   0.0097141538
2   11   3   11   -0.0000000001
2   11   3   14   0.0179507992
2   11   4   8   0.0000000012
2   11   4   9   0.0281449658
2   11   4   10   0.0000000012
2   11   4   11   0.0032536106
2   11   4   14   -0.0000000014
2   11   5   12   -0.0097217573
2   11   5   13   -0.0000000000
2   11   6   12   -0.0000000000
2   11   6   13   -0.0097217573
2   11   7   8   -0.0150569851
2   11   7   9   -0.0000000001
2   11   7   10   -0.0023634210
2   11   7   11   0.0000000004
2   11   7   14   -0.0164623700
2   12   1   12   -0.0000000006
2   12   1   13   0.0000000000
2   12   2   12   0.7267953258
2   12   2   13   0.0000000000
2   12   3   12   -0.0000000005
2   12   3   13   -0.0000000004
2   12   4   12   0.0106261350
2   12   4   13   -0.0000000000
2   12   5   8   0.0000000003
2   12   5   9   0.0135021218
2   12   5   10   -0.0000000004
2   12   5   11   -0.0103993861
2   12   5   14   0.0000000001
2   12   6   8   0.0000000000
2   12   6   10   0.0000000000
2   12   6   14   -0.0000000000
2   12   7   12   -0.0000000004
2   12   7   13   -0.0000000002
2   13   1   12   0.0000000000
2   13   1   13   -0.0000000007
2   13   2   12   0.0000000000
2   13   2   13   0.7267953257
2   13   3   12   -0.0000000004
2   13   3   13   0.0000000012
2   13   4   12   -0.0000000000
2   13   4   13   0.0106261352
2   13   5   8   0.0000000000
2   13   5   10   0.0000000000
2   13   5   14   -0.0000000000
2   13   6   8   0.0000000003
2   13   6   9   0.0135021218
2   13   6   10   -0.0000000004
2   13   6   11   -0.0103993861
2   13   6   14   0.0000000001
2   13   7   12   -0.0000000002
2   13   7   13   0.0000000003
2   14   1   8   0.0000000015
2   14   1   9   -0.0492605619
2   14   1   10   -0.0000000012
2   14   1   11   -0.2478183756
2   14   1   14   -0.0000000006
2   14   2   8   -0.0702070715
2   14   2   9   0.0000000016
2   14   2   10   -0.1182950292
2   14   2   11   0.0000000013
2   14   2   14   0.7066375748
2   14   3   8   -0.0000000005
2   14   3   9   0.0010672667
2   14   3   10   0.0000000002
2   14   3   11   0.0180017071
2   14   3   14   -0.0000000007
2   14   4   8   -0.0158584295
2   14   4   9   -0.0000000001
2   14   4   10   -0.0089968882
2   14   4   11   -0.0000000016
2   14   4   14   0.0054833421
2   14   5   12   -0.0000000001
2   14   5   13   -0.0000000000
2   14   6   12   -0.0000000000
2   14   6   13   -0.0000000001
2   14   7   8   0.0000000003
2   14   7   9   0.0172562469
2   14   7   10   0.0000000001
2   14   7   11   -0.0164387925
2   14   7   14   -0.0000000003
3   8   1   8   -0.2041549114
3   8   1   9   0.0000000001
3   8   1   10   0.0410941555
3   8   1   11   -0.0000000012
3   8   1   14   -0.0001185037
3   8   2   8   0.0000000001
3   8   2   9   -0.2194119735
3   8   2   10   0.0000000021
3   8   2   11   -0.0249890308
3   8   2   14   -0.0000000005
3   8   3   8   0.8952152696
3   8   3   9   0.0000000007
3   8   3   10   0.0089003048
3   8   3   11   -0.0000000006
3   8   3   14   -0.0358047889
3   8   4   8   -0.0000000011
3   8   4   9   -0.1458767616
3   8   4   10   -0.0000000015
3   8   4   11   -0.0034624696
3   8   4   14   -0.0000000005
3   8   5   12   0.0183425408
3   8   5   13   0.0000000000
3   8   6   12   0.0000000000
3   8   6   13   0.0183425408
3   8   7   8   -0.1185204283
3   8   7   9   -0.0000000012
3   8   7   10   -0.0098660412
3   8   7   11   -0.0000000005
3   8   7   14   0.0170810973
3   9   1   8   -0.0000000005
3   9   1   9   -0.2046037060
3   9   1   10   0.0000000021
3   9   1   11   -0.0244563928
3   9   1   14   -0.0000000004
3   9   2   8   -0.2194550300
3   9   2   9   -0.0000000005
3   9   2   10   0.0404532498
3   9   2   11   -0.0000000013
3   9   2   14   0.0010672667
3   9   3   8   0.0000000007
3   9   3   9   0.8949559622
3   9   3   10   0.0000000007
3   9   3   11   0.0255287037
3   9   3   14   0.0000000004
3   9   4   8   -0.1459204866
3   9   4   9   -0.0000000012
3   9   4   10   0.0092885077
3   9   4   11   0.0000000015
3   9   4   14   -0.0023958511
3   9   5   12   0.0000000001
3   9   5   13   0.0000000000
3   9   6   12   0.0000000000
3   9   6   13   0.0000000001
3   9   7   8   -0.0000000012
3   9   7   9   -0.1182950292
3   9   7   10   0.0000000003
3   9   7   11   -0.0090607610
3   9   7   14   0.0000000003
3   10   1   8   0.0381464428
3   10   1   9   0.0000000012
3   10   1   10   0.0089003048
3   10   1   11   -0.0000000015
3   10   1   14   -0.0100103749
3   10   2   8   0.0000000012
3   10   2   9   0.0374042370
3   10   2   10   0.0000000007
3   10   2   11   0.0097141538
3   10   2   14   0.0000000002
3   10   3   8   0.0089003048
3   10   3   9   0.0000000007
3   10   3   10   0.8651871616
3   10   3   11   -0.0000000006
3   10   3   14   -0.1485892040
3   10   4   8   -0.0000000015
3   10   4   9   0.0097141538
3   10   4   10   -0.0000000006
3   10   4   11   0.0384302505
3   10   4   14   0.0000000008
3   10   5   12   0.0985521360
3   10   5   13   -0.0000000000
3   10   6   12   -0.0000000000
3   10   6   13   0.0985521360
3   10   7   8   -0.0100103749
3   10   7   9   0.0000000002
3   10   7   10   -0.1485892040
3   10   7   11   0.0000000008
3   10   7   14   0.0600008794
3   11   1   8   -0.0000000014
3   11   1   9   -0.0233182303
3   11   1   10   -0.0000000015
3   11   1   11   -0.0142018529
3   11   1   14   0.0000000022
3   11   2   8   -0.0238925469
3   11   2   9   -0.0000000014
3   11   2   10   0.0092885077
3   11   2   11   -0.0000000001
3   11   2   14   0.0180017071
3   11   3   8   -0.0000000006
3   11   3   9   0.0255287037
3   11   3   10   -0.0000000006
3   11   3   11   0.5301299571
3   11   3   14   0.0000000004
3   11   4   8   -0.0031931619
3   11   4   9   0.0000000012
3   11   4   10   0.0422177907
3   11   4   11   -0.0000000007
3   11   4   14   0.0780976051
3   11   5   12   -0.0000000015
3   11   5   13   -0.0000000003
3   11   6   12   -0.0000000003
3   11   6   13   -0.0000000003
3   11   7   8   -0.0000000003
3   11   7   9   -0.0089968882
3   11   7   10   -0.0000000001
3   11   7   11   -0.0135028771
3   11   7   14   0.0000000013
3   12   1   12   0.0006024702
3   12   1   13   0.0000000001
3   12   2   12   -0.0000000005
3   12   2   13   -0.0000000004
3   12   3   12   0.6669866875
3   12   3   13   -0.0000000001
3   12   4   12   -0.0000000009
3   12   4   13   -0.0000000004
3   12   5   8   0.0191163859
3   12   5   9   -0.0000000004
3   12   5   10   0.1025536333
3   12   5   11   -0.0000000019
3   12   5   14   0.0132396267
3   12   6   9   0.0000000000
3   12   6   10   -0.0000000000
3   12   6   11   -0.0000000004
3   12   7   12   -0.0667289536
3   12   7   13   0.0000000001
3   13   1   12   0.0000000001
3   13   1   13   0.0006024698
3   13   2   12   -0.0000000004
3   13   2   13   0.0000000012
3   13   3   12   -0.0000000001
3   13   3   13   0.6669866878
3   13   4   12   -0.0000000004
3   13   4   13   0.0000000005
3   13   5   9   0.0000000000
3   13   5   10   -0.0000000000
3   13   5   11   -0.0000000004
3   13   6   8   0.0191163859
3   13   6   9   -0.0000000004
3   13   6   10   0.1025536333
3   13   6   11   -0.0000000004
3   13   6   14   0.0132396267
3   13   7   12   0.0000000001
3   13   7   13   -0.0667289538
3   14   1   8   0.0005878543
3   14   1   9   -0.0000000000
3   14   1   10   -0.0098660412
3   14   1   11   0.0000000020
3   14   1   14   -0.0086345003
3   14   2   8   0.0000000000
3   14   2   9   0.0017959831
3   14   2   10   0.0000000003
3   14   2   11   0.0179507992
3   14   2   14   -0.0000000007
3   14   3   8   -0.0358047889
3   14   3   9   0.0000000004
3   14   3   10   -0.1485892040
3   14   3   11   0.0000000004
3   14   3   14   0.5809870466
3   14   4   8   -0.0000000003
3   14   4   9   -0.0023634210
3   14   4   10   -0.0000000001
3   14   4   11   0.0790077254
3   14   4   14   0.0000000000
3   14   5   12   0.0136099752
3   14   5   13   -0.0000000000
3   14   6   12   -0.0000000000
3   14   6   13   0.0136099753
3   14   7   8   0.0173092534
3   14   7   9   0.0000000001
3   14   7   10   0.0634297674
3   14   7   11   0.0000000009
3   14   7   14   -0.0402431257
4   8   1   8   0.0000000005
4   8   1   9   0.1705490503
4   8   1   10   -0.0000000012
4   8   1   11   0.0277626429
4   8   1   14   -0.0000000001
4   8   2   8   0.1805303807
4   8   2   9   0.0000000005
4   8   2   10   -0.0244563928
4   8   2   11   0.0000000012
4   8   2   14   -0.0158584295
4   8   3   8   -0.0000000011
4   8   3   9   -0.1459204866
4   8   3   10   -0.0000000015
4   8   3   11   -0.0031931619
4   8   3   14   -0.0000000003
4   8   4   8   0.6708185386
4   8   4   9   0.0000000014
4   8   4   10   -0.0142018529
4   8   4   11   -0.0000000003
4   8   4   14   0.0058743281
4   8   5   12   -0.0000000001
4   8   5   13   -0.0000000000
4   8   6   12   -0.0000000000
4   8   6   13   0.0000000001
4   8   7   8   0.0000000013
4   8   7   9   -0.2478183756
4   8   7   10   0.0000000020
4   8   7   11   0.0039263588
4   8   7   14   -0.0000000000
4   9   1   8   0.1704980962
4   9   1   9   0.0000000001
4   9   1   10   -0.0249890308
4   9   1   11   0.0000000012
4   9   1   14   -0.0150569851
4   9   2   8   0.0000000001
4   9   2   9   0.1806875280
4   9   2   10   -0.0000000013
4   9   2   11   0.0281449658
4   9   2   14   -0.0000000001
4   9   3   8   -0.1458767616
4   9   3   9   -0.0000000012
4   9   3   10   0.0097141538
4   9   3   11   0.0000000012
4   9   3   14   -0.0023634210
4   9   4   8   0.0000000014
4   9   4   9   0.6709545590
4   9   4   10   -0.0000000001
4   9   4   11   0.0032536106
4   9   4   14   0.0000000004
4   9   5   12   -0.0097217573
4   9   5   13   -0.0000000000
4   9   6   12   -0.0000000000
4   9   6   13   -0.0097217573
4   9   7   8   -0.2478192292
4   9   7   9   0.0000000013
4   9   7   10   0.0179507992
4   9   7   11   -0.0000000014
4   9   7   14   -0.0164623700
4   10   1   8   -0.0000000014
4   10   1   9   -0.0238925469
4   10   1   10   -0.0000000006
4   10   1   11   -0.0031931619
4   10   1   14   -0.0000000003
4   10   2   8   -0.0233182303
4   10   2   9   -0.0000000014
4   10   2   10   0.0255287037
4   10   2   11   0.0000000012
4   10   2   14   -0.0089968882
4   10   3   8   -0.0000000015
4   10   3   9   0.0092885077
4   10   3   10   -0.0000000006
4   10   3   11   0.0422177907
4   10   3   14   -0.0000000001
4   10   4   8   -0.0142018529
4   10   4   9   -0.0000000001
4   10   4   10   0.5301299571
4   10   4   11   -0.0000000007
4   10   4   14   -0.0135028771
4   10   5   12   -0.0000000015
4   10   5   13   -0.0000000003
4   10   6   12   -0.0000000003
4   10   6   13   -0.0000000003
4   10   7   8   0.0000000022
4   10   7   9   0.0180017071
4   10   7   10   0.0000000004
4   10   7   11   0.0780976051
4   10   7   14   0.0000000013
4   11   1   8   0.0252284726
4   11   1   9   0.0000000007
4   11   1   10   -0.0034624696
4   11   1   11   -0.0000000003
4   11   1   14   0.0040004268
4   11   2   8   0.0000000007
4   11   2   9   0.0256248303
4   11   2   10   0.0000000015
4   11   2   11   0.0032536106
4   11   2   14   -0.0000000016
4   11   3   8   -0.0034624696
4   11   3   9   0.0000000015
4   11   3   10   0.0384302505
4   11   3   11   -0.0000000007
4   11   3   14   0.0790077254
4   11   4   8   -0.0000000003
4   11   4   9   0.0032536106
4   11   4   10   -0.0000000007
4   11   4   11   0.5291442347
4   11   4   14   0.0000000011
4   11   5   12   0.0323194837
4   11   5   13   0.0000000000
4   11   6   12   0.0000000000
4   11   6   13   0.0323194837
4   11   7   8   0.0040004268
4   11   7   9   -0.0000000016
4   11   7   10   0.0790077254
4   11   7   11   0.0000000011
4   11   7   14   0.1965723094
4   12   1   12   0.0000000008
4   12   1   13   0.0000000005
4   12   2   12   0.0106261350
4   12   2   13   -0.0000000000
4   12   3   12   -0.0000000009
4   12   3   13   -0.0000000004
4   12   4   12   0.5000870834
4   12   4   13   0.0000000000
4   12   5   8   0.0000000001
4   12   5   9   -0.0103993861
4   12   5   10   -0.0000000019
4   12   5   11   0.0366039619
4   12   5   14   -0.0000000004
4   12   6   8   -0.0000000000
4   12   6   10   -0.0000000004
4   12   6   11   0.0000000000
4   12   6   14   -0.0000000003
4   12   7   12   -0.0000000007
4   12   7   13   -0.0000000011
4   13   1   12   0.0000000005
4   13   1   13   -0.0000000010
4   13   2   12   -0.0000000000
4   13   2   13   0.0106261352
4   13   3   12   -0.0000000004
4   13   3   13   0.0000000005
4   13   4   12   0.0000000000
4   13   4   13   0.5000870834
4   13   5   8   -0.0000000000
4   13   5   10   -0.0000000004
4   13   5   11   0.0000000000
4   13   5   14   -0.0000000003
4   13   6   8   0.0000000003
4   13   6   9   -0.0103993861
4   13   6   10   -0.0000000004
4   13   6   11   0.0366039619
4   13   6   14   0.0000000006
4   13   7   12   -0.0000000011
4   13   7   13   0.0000000037
4   14   1   8   -0.0000000001
4   14   1   9   -0.0134029961
4   14   1   10   -0.0000000005
4   14   1   11   0.0039263588
4   14   1   14   0.0000000008
4   14   2   8   -0.0142046505
4   14   2   9   0.0000000001
4   14   2   10   -0.0090607610
4   14   2   11   -0.0000000014
4   14   2   14   0.0054833421
4   14   3   8   -0.0000000005
4   14   3   9   -0.0023958511
4   14   3   10   0.0000000008
4   14   3   11   0.0780976051
4   14   3   14   0.0000000000
4   14   4   8   0.0058743281
4   14   4   9   0.0000000004
4   14   4   10   -0.0135028771
4   14   4   11   0.0000000011
4   14   4   14   0.5297906036
4   14   5   12   0.0000000005
4   14   5   13   -0.0000000000
4   14   6   12   -0.0000000000
4   14   6   13   0.0000000006
4   14   7   8   0.0000000001
4   14   7   9   -0.0164387925
4   14   7   10   0.0000000009
4   14   7   11   0.1960340730
4   14   7   14   0.0000000001
5   8   1   12   0.0144146659
5   8   1   13   -0.0000000000
5   8   2   12   0.0000000003
5   8   2   13   0.0000000000
5   8   3   12   0.0191163859
5   8   4   12   0.0000000001
5   8   4   13   -0.0000000000
5   8   5   8   0.7268659884
5   8   5   9   -0.0000000006
5   8   5   10   0.0006024702
5   8   5   11   0.0000000008
5   8   5   14   -0.0126599487
5   8   6   8   0.0000000000
5   8   6   9   0.0000000000
5   8   6   10   0.0000000001
5   8   6   11   0.0000000005
5   8   6   14   -0.0000000000
5   8   7   12   0.0043259593
5   9   1   12   0.0000000003
5   9   1   13   0.0000000000
5   9   2   12   0.0135021218
5   9   3   12   -0.0000000004
5   9   3   13   0.0000000000
5   9   4   12   -0.0103993861
5   9   5   8   -0.0000000006
5   9   5   9   0.7267953258
5   9   5   10   -0.0000000005
5   9   5   11   0.0106261350
5   9   5   14   -0.0000000004
5   9   6   8   0.0000000000
5   9   6   9   0.0000000000
5   9   6   10   -0.0000000004
5   9   6   11   -0.0000000000
5   9   6   14   -0.0000000002
5   9   7   12   0.0000000001
5   9   7   13   -0.0000000000
5   10   1   12   0.0191163859
5   10   2   12   -0.0000000004
5   10   2   13   0.0000000000
5   10   3   12   0.1025536333
5   10   3   13   -0.0000000000
5   10   4   12   -0.0000000019
5   10   4   13   -0.0000000004
5   10   5   8   0.0006024702
5   10   5   9   -0.0000000005
5   10   5   10   0.6669866875
5   10   5   11   -0.0000000009
5   10   5   14   -0.0667289536
5   10   6   8   0.0000000001
5   10   6   9   -0.0000000004
5   10   6   10   -0.0000000001
5   10   6   11   -0.0000000004
5   10   6   14   0.0000000001
5   10   7   12   0.0132396267
5   11   1   12   0.0000000001
5   11   1   13   -0.0000000000
5   11   2   12   -0.0103993861
5   11   3   12   -0.0000000019
5   11   3   13   -0.0000000004
5   11   4   12   0.0366039619
5   11   4   13   0.0000000000
5   11   5   8   0.0000000008
5   11   5   9   0.0106261350
5   11   5   10   -0.0000000009
5   11   5   11   0.5000870834
5   11   5   14   -0.0000000007
5   11   6   8   0.0000000005
5   11   6   9   -0.0000000000
5   11   6   10   -0.0000000004
5   11   6   11   0.0000000000
5   11   6   14   -0.0000000011
5   11   7   12   -0.0000000004
5   11   7   13   -0.0000000003
5   12   1   8   0.0112882631
5   12   1   9   -0.0000000006
5   12   1   10   0.0183425408
5   12   1   11   -0.0000000001
5   12   1   14   0.0039468844
5   12   2   8   -0.0000000006
5   12   2   9   0.0103730355
5   12   2   10   0.0000000001
5   12   2   11   -0.0097217573
5   12   2   14   -0.0000000001
5   12   3   8   0.0183425408
5   12   3   9   0.0000000001
5   12   3   10   0.0985521360
5   12   3   11   -0.0000000015
5   12   3   14   0.0136099752
5   12   4   8   -0.0000000001
5   12   4   9   -0.0097217573
5   12   4   10   -0.0000000015
5   12   4   11   0.0323194837
5   12   4   14   0.0000000005
5   12   5   12   0.5964010867
5   12   5   13   -0.0000000008
5   12   6   12   -0.0000000008
5   12   6   13   0.0179610686
5   12   7   8   0.0039468844
5   12   7   9   -0.0000000001
5   12   7   10   0.0136099752
5   12   7   11   0.0000000005
5   12   7   14   0.0186809647
5   13   1   8   -0.0000000000
5   13   1   9   0.0000000000
5   13   1   10   0.0000000000
5   13   1   11   -0.0000000000
5   13   1   14   0.0000000000
5   13   2   8   0.0000000000
5   13   2   9   -0.0000000000
5   13   2   10   0.0000000000
5   13   2   11   -0.0000000000
5   13   2   14   -0.0000000000
5   13   3   8   0.0000000000
5   13   3   9   0.0000000000
5   13   3   10   -0.0000000000
5   13   3   11   -0.0000000003
5   13   3   14   -0.0000000000
5   13   4   8   -0.0000000000
5   13   4   9   -0.0000000000
5   13   4   10   -0.0000000003
5   13   4   11   0.0000000000
5   13   4   14   -0.0000000000
5   13   5   12   -0.0000000008
5   13   5   13   0.5560416696
5   13   6   12   0.0223983509
5   13   6   13   0.0000000008
5   13   7   8   0.0000000000
5   13   7   9   -0.0000000000
5   13   7   10   -0.0000000000
5   13   7   11   -0.0000000000
5   13   7   14   0.0000000000
5   14   1   12   0.0043259593
5   14   2   12   0.0000000001
5   14   2   13   -0.0000000000
5   14   3   12   0.0132396267
5   14   4   12   -0.0000000004
5   14   4   13   -0.0000000003
5   14   5   8   -0.0126599487
5   14   5   9   -0.0000000004
5   14   5   10   -0.0667289536
5   14   5   11   -0.0000000007
5   14   5   14   0.5151419933
5   14   6   8   -0.0000000000
5   14   6   9   -0.0000000002
5   14   6   10   0.0000000001
5   14   6   11   -0.0000000011
5   14   6   14   -0.0000000000
5   14   7   12   0.0237971705
5   14   7   13   0.0000000000
6   8   1   12   -0.0000000000
6   8   1   13   0.0144146659
6   8   2   12   0.0000000000
6   8   2   13   0.0000000003
6   8   3   13   0.0191163859
6   8   4   12   -0.0000000000
6   8   4   13   0.0000000003
6   8   5   8   0.0000000000
6   8   5   9   0.0000000000
6   8   5   10   0.0000000001
6   8   5   11   0.0000000005
6   8   5   14   -0.0000000000
6   8   6   8   0.7268659884
6   8   6   9   -0.0000000007
6   8   6   10   0.0006024698
6   8   6   11   -0.0000000010
6   8   6   14   -0.0126599486
6   8   7   13   0.0043259593
6   9   1   12   0.0000000000
6   9   1   13   0.0000000003
6   9   2   13   0.0135021218
6   9   3   12   0.0000000000
6   9   3   13   -0.0000000004
6   9   4   13   -0.0103993861
6   9   5   8   0.0000000000
6   9   5   9   0.0000000000
6   9   5   10   -0.0000000004
6   9   5   11   -0.0000000000
6   9   5   14   -0.0000000002
6   9   6   8   -0.0000000007
6   9   6   9   0.7267953257
6   9   6   10   0.0000000012
6   9   6   11   0.0106261352
6   9   6   14   0.0000000003
6   9   7   12   -0.0000000000
6   9   7   13   0.0000000001
6   10   1   13   0.0191163859
6   10   2   12   0.0000000000
6   10   2   13   -0.0000000004
6   10   3   12   -0.0000000000
6   10   3   13   0.1025536333
6   10   4   12   -0.0000000004
6   10   4   13   -0.0000000004
6   10   5   8   0.0000000001
6   10   5   9   -0.0000000004
6   10   5   10   -0.0000000001
6   10   5   11   -0.0000000004
6   10   5   14   0.0000000001
6   10   6   8   0.0006024698
6   10   6   9   0.0000000012
6   10   6   10   0.6669866878
6   10   6   11   0.0000000005
6   10   6   14   -0.0667289538
6   10   7   13   0.0132396267
6   11   1   12   -0.0000000000
6   11   1   13   0.0000000003
6   11   2   13   -0.0103993861
6   11   3   12   -0.0000000004
6   11   3   13   -0.0000000004
6   11   4   12   0.0000000000
6   11   4   13   0.0366039619
6   11   5   8   0.0000000005
6   11   5   9   -0.0000000000
6   11   5   10   -0.0000000004
6   11   5   11   0.0000000000
6   11   5   14   -0.0000000011
6   11   6   8   -0.0000000010
6   11   6   9   0.0106261352
6   11   6   10   0.0000000005
6   11   6   11   0.5000870834
6   11   6   14   0.0000000037
6   11   7   12   -0.0000000003
6   11   7   13   0.0000000006
6   12   1   8   -0.0000000000
6   12   1   9   0.0000000000
6   12   1   10   0.0000000000
6   12   1   11   -0.0000000000
6   12   1   14   0.0000000000
6   12   2   8   0.0000000000
6   12   2   9   -0.0000000000
6   12   2   10   0.0000000000
6   12   2   11   -0.0000000000
6   12   2   14   -0.0000000000
6   12   3   8   0.0000000000
6   12   3   9   0.0000000000
6   12   3   10   -0.0000000000
6   12   3   11   -0.0000000003
6   12   3   14   -0.0000000000
6   12   4   8   -0.0000000000
6   12   4   9   -0.0000000000
6   12   4   10   -0.0000000003
6   12   4   11   0.0000000000
6   12   4   14   -0.0000000000
6   12   5   12   -0.0000000008
6   12   5   13   0.0223983509
6   12   6   12   0.5560416696
6   12   6   13   0.0000000008
6   12   7   8   0.0000000000
6   12   7   9   -0.0000000000
6   12   7   10   -0.0000000000
6   12   7   11   -0.0000000000
6   12   7   14   0.0000000000
6   13   1   8   0.0112882631
6   13   1   9   -0.0000000006
6   13   1   10   0.0183425408
6   13   1   11   0.0000000001
6   13   1   14   0.0039468844
6   13   2   8   -0.0000000006
6   13   2   9   0.0103730356
6   13   2   10   0.0000000001
6   13   2   11   -0.0097217573
6   13   2   14   -0.0000000001
6   13   3   8   0.0183425408
6   13   3   9   0.0000000001
6   13   3   10   0.0985521360
6   13   3   11   -0.0000000003
6   13   3   14   0.0136099753
6   13   4   8   0.0000000001
6   13   4   9   -0.0097217573
6   13   4   10   -0.0000000003
6   13   4   11   0.0323194837
6   13   4   14   0.0000000006
6   13   5   12   0.0179610686
6   13   5   13   0.0000000008
6   13   6   12   0.0000000008
6   13   6   13   0.5964010867
6   13   7   8   0.0039468844
6   13   7   9   -0.0000000001
6   13   7   10   0.0136099753
6   13   7   11   0.0000000006
6   13   7   14   0.0186809647
6   14   1   13   0.0043259593
6   14   2   12   -0.0000000000
6   14   2   13   0.0000000001
6   14   3   13   0.0132396267
6   14   4   12   -0.0000000003
6   14   4   13   0.0000000006
6   14   5   8   -0.0000000000
6   14   5   9   -0.0000000002
6   14   5   10   0.0000000001
6   14   5   11   -0.0000000011
6   14   5   14   -0.0000000000
6   14   6   8   -0.0126599486
6   14   6   9   0.0000000003
6   14   6   10   -0.0667289538
6   14   6   11   0.0000000037
6   14   6   14   0.5151419934
6   14   7   12   0.0000000000
6   14   7   13   0.0237971705
7   8   1   8   -0.0701967544
7   8   1   9   0.0000000016
7   8   1   10   -0.0001185037
7   8   1   11   -0.0000000001
7   8   1   14   0.0189652213
7   8   2   8   0.0000000016
7   8   2   9   -0.0492391331
7   8   2   10   -0.0000000004
7   8   2   11   -0.0150569851
7   8   2   14   0.0000000003
7   8   3   8   -0.1185204283
7   8   3   9   -0.0000000012
7   8   3   10   -0.0100103749
7   8   3   11   -0.0000000003
7   8   3   14   0.0173092534
7   8   4   8   0.0000000013
7   8   4   9   -0.2478192292
7   8   4   10   0.0000000022
7   8   4   11   0.0040004268
7   8   4   14   0.0000000001
7   8   5   12   0.0039468844
7   8   5   13   0.0000000000
7   8   6   12   0.0000000000
7   8   6   13   0.0039468844
7   8   7   8   0.7066119079
7   8   7   9   -0.0000000006
7   8   7   10   -0.0086345003
7   8   7   11   0.0000000008
7   8   7   14   -0.0003171204
7   9   1   8   0.0000000015
7   9   1   9   -0.0702070715
7   9   1   10   -0.0000000005
7   9   1   11   -0.0158584295
7   9   1   14   0.0000000003
7   9   2   8   -0.0492605619
7   9   2   9   0.0000000016
7   9   2   10   0.0010672667
7   9   2   11   -0.0000000001
7   9   2   14   0.0172562469
7   9   3   8   -0.0000000012
7   9   3   9   -0.1182950292
7   9   3   10   0.0000000002
7   9   3   11   -0.0089968882
7   9   3   14   0.0000000001
7   9   4   8   -0.2478183756
7   9   4   9   0.0000000013
7   9   4   10   0.0180017071
7   9   4   11   -0.0000000016
7   9   4   14   -0.0164387925
7   9   5   12   -0.0000000001
7   9   5   13   -0.0000000000
7   9   6   12   -0.0000000000
7   9   6   13   -0.0000000001
7   9   7   8   -0.0000000006
7   9   7   9   0.7066375748
7   9   7   10   -0.0000000007
7   9   7   11   0.0054833421
7   9   7   14   -0.0000000003
7   10   1   8   0.0005878543
7   10   1   9   0.0000000000
7   10   1   10   -0.0358047889
7   10   1   11   -0.0000000003
7   10   1   14   0.0173092534
7   10   2   8   -0.0000000000
7   10   2   9   0.0017959831
7   10   2   10   0.0000000004
7   10   2   11   -0.0023634210
7   10   2   14   0.0000000001
7   10   3   8   -0.0098660412
7   10   3   9   0.0000000003
7   10   3   10   -0.1485892040
7   10   3   11   -0.0000000001
7   10   3   14   0.0634297674
7   10   4   8   0.0000000020
7   10   4   9   0.0179507992
7   10   4   10   0.0000000004
7   10   4   11   0.0790077254
7   10   4   14   0.0000000009
7   10   5   12   0.0136099752
7   10   5   13   -0.0000000000
7   10   6   12   -0.0000000000
7   10   6   13   0.0136099753
7   10   7   8   -0.0086345003
7   10   7   9   -0.0000000007
7   10   7   10   0.5809870466
7   10   7   11   0.0000000000
7   10   7   14   -0.0402431257
7   11   1   8   -0.0000000001
7   11   1   9   -0.0142046505
7   11   1   10   -0.0000000005
7   11   1   11   0.0058743281
7   11   1   14   0.0000000001
7   11   2   8   -0.0134029961
7   11   2   9   0.0000000001
7   11   2   10   -0.0023958511
7   11   2   11   0.0000000004
7   11   2   14   -0.0164387925
7   11   3   8   -0.0000000005
7   11   3   9   -0.0090607610
7   11   3   10   0.0000000008
7   11   3   11   -0.0135028771
7   11   3   14   0.0000000009
7   11   4   8   0.0039263588
7   11   4   9   -0.0000000014
7   11   4   10   0.0780976051
7   11   4   11   0.0000000011
7   11   4   14   0.1960340730
7   11   5   12   0.0000000005
7   11   5   13   -0.0000000000
7   11   6   12   -0.0000000000
7   11   6   13   0.0000000006
7   11   7   8   0.0000000008
7   11   7   9   0.0054833421
7   11   7   10   0.0000000000
7   11   7   11   0.5297906036
7   11   7   14   0.0000000001
7   12   1   12   -0.0126599487
7   12   1   13   -0.0000000000
7   12   2   12   -0.0000000004
7   12   2   13   -0.0000000002
7   12   3   12   -0.0667289536
7   12   3   13   0.0000000001
7   12   4   12   -0.0000000007
7   12   4   13   -0.0000000011
7   12   5   8   0.0043259593
7   12   5   9   0.0000000001
7   12   5   10   0.0132396267
7   12   5   11   -0.0000000004
7   12   5   14   0.0237971705
7   12   6   9   -0.0000000000
7   12   6   11   -0.0000000003
7   12   6   14   0.0000000000
7   12   7   12   0.5151419933
7   12   7   13   -0.0000000000
7   13   1   12   -0.0000000000
7   13   1   13   -0.0126599486
7   13   2   12   -0.0000000002
7   13   2   13   0.0000000003
7   13   3   12   0.0000000001
7   13   3   13   -0.0667289538
7   13   4   12   -0.0000000011
7   13   4   13   0.0000000037
7   13   5   9   -0.0000000000
7   13   5   11   -0.0000000003
7   13   5   14   0.0000000000
7   13   6   8   0.0043259593
7   13   6   9   0.0000000001
7   13   6   10   0.0132396267
7   13   6   11   0.0000000006
7   13   6   14   0.0237971705
7   13   7   12   -0.0000000000
7   13   7   13   0.5151419934
7   14   1   8   0.0161596893
7   14   1   9   -0.0000000003
7   14   1   10   0.0170810973
7   14   1   11   -0.0000000000
7   14   1   14   -0.0003171204
7   14   2   8   -0.0000000003
7   14   2   9   0.0144289501
7   14   2   10   0.0000000003
7   14   2   11   -0.0164623700
7   14   2   14   -0.0000000003
7   14   3   8   0.0170810973
7   14   3   9   0.0000000003
7   14   3   10   0.0600008794
7   14   3   11   0.0000000013
7   14   3   14   -0.0402431257
7   14   4   8   -0.0000000000
7   14   4   9   -0.0164623700
7   14   4   10   0.0000000013
7   14   4   11   0.1965723094
7   14   4   14   0.0000000001
7   14   5   12   0.0186809647
7   14   5   13   0.0000000000
7   14   6   12   0.0000000000
7   14   6   13   0.0186809647
7   14   7   8   -0.0003171204
7   14   7   9   -0.0000000003
7   14   7   10   -0.0402431257
7   14   7   11   0.0000000001
7   14   7   14   0.5488106090

End IJKL Block
Begin ABCD Block
1   4   1   4   0.4302485379
1   4   1   5   -0.0000000118
1   4   2   4   -0.0000000118
1   4   2   5   0.0160382227
1   4   3   6   0.0099654703
1   5   1   4   -0.0000000118
1   5   1   5   0.3982319912
1   5   2   4   0.0159782492
1   5   2   5   0.0000000118
1   5   3   6   -0.0000000000
1   6   1   6   0.2781691933
1   6   2   6   -0.0000000010
1   6   3   4   0.0099464737
1   6   3   5   -0.0000000000
2   4   1   4   -0.0000000118
2   4   1   5   0.0159782492
2   4   2   4   0.3982319912
2   4   2   5   0.0000000118
2   4   3   6   -0.0000000000
2   5   1   4   0.0160382227
2   5   1   5   0.0000000118
2   5   2   4   0.0000000118
2   5   2   5   0.4302485378
2   5   3   6   0.0099654703
2   6   1   6   -0.0000000010
2   6   2   6   0.2781691866
2   6   3   4   -0.0000000000
2   6   3   5   0.0099464736
3   4   1   6   0.0099464737
3   4   2   6   -0.0000000000
3   4   3   4   0.2781691933
3   4   3   5   -0.0000000010
3   5   1   6   -0.0000000000
3   5   2   6   0.0099464736
3   5   3   4   -0.0000000010
3   5   3   5   0.2781691866
3   6   1   4   0.0099654703
3   6   1   5   -0.0000000000
3   6   2   4   -0.0000000000
3   6   2   5   0.0099654703
3   6   3   6   0.3052522126

End ABCD Block
Begin AIJB Block
1   8   1   4   0.0097527020
1   8   2   4   0.0000000001
1   8   3   4   0.0072770045
1   8   4   4   0.0000000001
1   8   4   5   -0.0000000000
1   8   5   6   -0.0000520859
1   8   6   6   0.0001316640
1   8   7   4   0.0055576681
1   9   1   4   0.0000000001
1   9   2   4   0.0101241273
1   9   3   4   0.0000000000
1   9   3   5   -0.0000000000
1   9   4   4   -0.0108238812
1   9   5   6   0.0000000002
1   9   6   6   -0.0000000008
1   9   7   4   -0.0000000002
1   10   1   4   0.0072770045
1   10   2   4   0.0000000000
1   10   2   5   -0.0000000000
1   10   3   4   0.0238096314
1   10   3   5   0.0000000000
1   10   4   4   0.0000000031
1   10   4   5   -0.0000000000
1   10   5   6   0.0079882304
1   10   6   6   -0.0201928293
1   10   7   4   0.0177721599
1   10   7   5   -0.0000000000
1   11   1   4   0.0000000001
1   11   1   5   -0.0000000000
1   11   2   4   -0.0108238812
1   11   3   4   0.0000000031
1   11   3   5   -0.0000000000
1   11   4   4   0.0599065407
1   11   5   6   0.0000000009
1   11   6   6   -0.0000000088
1   11   7   4   -0.0000000050
1   11   7   5   -0.0000000001
1   12   1   6   0.0014603609
1   12   2   6   -0.0000000001
1   12   3   6   0.0038200603
1   12   4   6   0.0000000002
1   12   5   4   0.0248123530
1   12   5   5   0.0305147151
1   12   6   4   -0.0305147145
1   12   6   5   -0.0643608459
1   12   7   6   0.0027764402
1   13   1   6   -0.0036915333
1   13   2   6   0.0000000004
1   13   3   6   -0.0096564347
1   13   4   6   -0.0000000011
1   13   5   4   -0.0305147145
1   13   5   5   -0.0007034017
1   13   6   4   0.0898765942
1   13   6   5   -0.0305147151
1   13   7   6   -0.0070183482
1   14   1   4   0.0055576681
1   14   2   4   -0.0000000002
1   14   3   4   0.0177721599
1   14   3   5   -0.0000000000
1   14   4   4   -0.0000000050
1   14   4   5   -0.0000000001
1   14   5   6   0.0030408915
1   14   6   6   -0.0076868340
1   14   7   4   0.0339603771
1   14   7   5   -0.0000000000
2   8   1   5   0.0097527020
2   8   2   5   0.0000000001
2   8   3   5   0.0072770045
2   8   4   4   -0.0000000000
2   8   4   5   0.0000000001
2   8   5   6   -0.0001316640
2   8   6   6   -0.0000520859
2   8   7   5   0.0055576681
2   9   1   5   0.0000000001
2   9   2   5   0.0101241273
2   9   3   4   -0.0000000000
2   9   3   5   -0.0000000000
2   9   4   5   -0.0108238812
2   9   5   6   -0.0000000001
2   9   6   6   0.0000000001
2   9   7   5   -0.0000000002
2   10   1   5   0.0072770045
2   10   2   4   -0.0000000000
2   10   2   5   -0.0000000000
2   10   3   4   0.0000000000
2   10   3   5   0.0238096314
2   10   4   4   -0.0000000000
2   10   4   5   0.0000000028
2   10   5   6   0.0201928291
2   10   6   6   0.0079882303
2   10   7   4   -0.0000000000
2   10   7   5   0.0177721599
2   11   1   4   -0.0000000000
2   11   1   5   0.0000000001
2   11   2   5   -0.0108238812
2   11   3   4   -0.0000000000
2   11   3   5   0.0000000028
2   11   4   5   0.0599065407
2   11   5   6   -0.0000000083
2   11   6   6   -0.0000000007
2   11   7   4   -0.0000000001
2   11   7   5   -0.0000000055
2   12   1   6   0.0036915334
2   12   2   6   -0.0000000004
2   12   3   6   0.0096564348
2   12   4   6   -0.0000000006
2   12   5   4   0.0305147151
2   12   5   5   0.0898765941
2   12   6   4   -0.0007034017
2   12   6   5   0.0305147145
2   12   7   6   0.0070183483
2   13   1   6   0.0014603609
2   13   2   6   -0.0000000002
2   13   3   6   0.0038200603
2   13   4   6   0.0000000000
2   13   5   4   -0.0643608459
2   13   5   5   0.0305147145
2   13   6   4   -0.0305147151
2   13   6   5   0.0248123530
2   13   7   6   0.0027764402
2   14   1   5   0.0055576681
2   14   2   5   -0.0000000002
2   14   3   4   -0.0000000000
2   14   3   5   0.0177721599
2   14   4   4   -0.0000000001
2   14   4   5   -0.0000000055
2   14   5   6   0.0076868349
2   14   6   6   0.0030408916
2   14   7   4   -0.0000000000
2   14   7   5   0.0339603771
3   8   1   6   0.0051797071
3   8   2   6   0.0000000005
3   8   3   6   -0.0008807205
3   8   4   6   0.0000000002
3   8   5   4   0.0014603609
3   8   5   5   0.0036915334
3   8   6   4   -0.0036915333
3   8   6   5   0.0014603609
3   8   7   6   -0.0000724840
3   9   1   6   0.0000000005
3   9   2   6   0.0052170158
3   9   3   6   0.0000000002
3   9   4   6   0.0008302934
3   9   5   4   -0.0000000001
3   9   5   5   -0.0000000004
3   9   6   4   0.0000000004
3   9   6   5   -0.0000000002
3   9   7   6   0.0000000021
3   10   1   6   -0.0008807205
3   10   2   6   0.0000000002
3   10   3   6   0.0067435685
3   10   4   6   -0.0000000010
3   10   5   4   0.0038200603
3   10   5   5   0.0096564348
3   10   6   4   -0.0096564347
3   10   6   5   0.0038200603
3   10   7   6   0.0044688848
3   11   1   6   0.0000000002
3   11   2   6   0.0008302934
3   11   3   6   -0.0000000010
3   11   4   6   0.0226157442
3   11   5   4   0.0000000002
3   11   5   5   -0.0000000006
3   11   6   4   -0.0000000011
3   11   6   5   0.0000000000
3   11   7   6   0.0000000051
3   12   1   4   -0.0000520859
3   12   1   5   -0.0001316640
3   12   2   4   0.0000000002
3   12   2   5   -0.0000000001
3   12   3   4   0.0079882304
3   12   3   5   0.0201928291
3   12   4   4   0.0000000009
3   12   4   5   -0.0000000083
3   12   5   6   0.0058998471
3   12   6   6   -0.0000000000
3   12   7   4   0.0030408915
3   12   7   5   0.0076868349
3   13   1   4   0.0001316640
3   13   1   5   -0.0000520859
3   13   2   4   -0.0000000008
3   13   2   5   0.0000000001
3   13   3   4   -0.0201928293
3   13   3   5   0.0079882303
3   13   4   4   -0.0000000088
3   13   4   5   -0.0000000007
3   13   5   6   -0.0000000000
3   13   6   6   0.0058998472
3   13   7   4   -0.0076868340
3   13   7   5   0.0030408916
3   14   1   6   -0.0000724840
3   14   2   6   0.0000000021
3   14   3   6   0.0044688848
3   14   4   6   0.0000000051
3   14   5   4   0.0027764402
3   14   5   5   0.0070183483
3   14   6   4   -0.0070183482
3   14   6   5   0.0027764402
3   14   7   6   0.0154159088

1   8   8   1   -0.5710135516
1   8   9   1   -0.0000000002
1   8   9   2   0.0000000001
1   8   10   1   0.0039208722
1   8   10   2   0.0000000001
1   8   11   1   -0.0000000010
1   8   11   2   0.0000000003
1   8   12   3   -0.0017055284
1   8   13   3   0.0043112733
1   8   14   1   0.0017082265
1   8   14   2   -0.0000000000
1   9   8   1   -0.0000000002
1   9   8   2   0.0000000001
1   9   9   1   -0.5710672399
1   9   9   2   -0.0000000000
1   9   10   1   0.0000000011
1   9   10   2   -0.0000000003
1   9   11   1   -0.0035651595
1   9   11   2   -0.0000000000
1   9   12   3   -0.0000000022
1   9   13   3   0.0000000055
1   9   14   1   0.0000000003
1   9   14   2   -0.0000000001
1   10   8   1   0.0039208722
1   10   8   2   0.0000000001
1   10   9   1   0.0000000011
1   10   9   2   -0.0000000003
1   10   10   1   -0.5031292548
1   10   10   2   -0.0000000001
1   10   11   1   0.0000000008
1   10   11   2   -0.0000000002
1   10   12   3   -0.0059817595
1   10   13   3   0.0151208269
1   10   14   1   0.0236188745
1   10   14   2   0.0000000000
1   11   8   1   -0.0000000010
1   11   8   2   0.0000000003
1   11   9   1   -0.0035651595
1   11   9   2   -0.0000000000
1   11   10   1   0.0000000008
1   11   10   2   -0.0000000002
1   11   11   1   -0.4549701576
1   11   12   3   -0.0000000143
1   11   13   3   0.0000000363
1   11   14   1   0.0000000031
1   11   14   2   -0.0000000007
1   12   8   3   -0.0017244107
1   12   9   3   -0.0000000022
1   12   10   3   -0.0060719762
1   12   11   3   -0.0000000144
1   12   12   1   -0.4597705905
1   12   12   2   -0.0116263366
1   12   13   1   0.0116263342
1   12   13   2   0.0112794453
1   12   14   3   -0.0014572720
1   13   8   3   0.0043590043
1   13   9   3   0.0000000054
1   13   10   3   0.0153488787
1   13   11   3   0.0000000367
1   13   12   1   0.0116263342
1   13   12   2   0.0135105330
1   13   13   1   -0.4845605434
1   13   13   2   0.0116263366
1   13   14   3   0.0036837251
1   14   8   1   0.0017082265
1   14   8   2   -0.0000000000
1   14   9   1   0.0000000003
1   14   9   2   -0.0000000001
1   14   10   1   0.0236188745
1   14   10   2   0.0000000000
1   14   11   1   0.0000000031
1   14   11   2   -0.0000000007
1   14   12   3   -0.0016415880
1   14   13   3   0.0041496433
1   14   14   1   -0.4564624597
1   14   14   2   -0.0000000000
2   8   8   2   -0.5710135516
2   8   9   1   0.0000000001
2   8   9   2   0.0000000002
2   8   10   1   0.0000000001
2   8   10   2   0.0039208726
2   8   11   1   0.0000000003
2   8   11   2   0.0000000011
2   8   12   3   -0.0043112733
2   8   13   3   -0.0017055284
2   8   14   1   -0.0000000000
2   8   14   2   0.0017082265
2   9   8   1   0.0000000001
2   9   8   2   0.0000000002
2   9   9   1   -0.0000000000
2   9   9   2   -0.5710672400
2   9   10   1   -0.0000000003
2   9   10   2   -0.0000000011
2   9   11   1   -0.0000000000
2   9   11   2   -0.0035651597
2   9   12   3   -0.0000000056
2   9   13   3   -0.0000000022
2   9   14   1   -0.0000000001
2   9   14   2   -0.0000000005
2   10   8   1   0.0000000001
2   10   8   2   0.0039208726
2   10   9   1   -0.0000000003
2   10   9   2   -0.0000000011
2   10   10   1   -0.0000000001
2   10   10   2   -0.5031292552
2   10   11   1   -0.0000000002
2   10   11   2   -0.0000000002
2   10   12   3   -0.0151208270
2   10   13   3   -0.0059817595
2   10   14   1   0.0000000000
2   10   14   2   0.0236188748
2   11   8   1   0.0000000003
2   11   8   2   0.0000000011
2   11   9   1   -0.0000000000
2   11   9   2   -0.0035651597
2   11   10   1   -0.0000000002
2   11   10   2   -0.0000000002
2   11   11   2   -0.4549701576
2   11   12   3   -0.0000000361
2   11   13   3   -0.0000000143
2   11   14   1   -0.0000000007
2   11   14   2   -0.0000000019
2   12   8   3   -0.0043590043
2   12   9   3   -0.0000000055
2   12   10   3   -0.0153488787
2   12   11   3   -0.0000000356
2   12   12   1   -0.0116263366
2   12   12   2   -0.4845605434
2   12   13   1   0.0135105330
2   12   13   2   -0.0116263342
2   12   14   3   -0.0036837251
2   13   8   3   -0.0017244107
2   13   9   3   -0.0000000022
2   13   10   3   -0.0060719762
2   13   11   3   -0.0000000143
2   13   12   1   0.0112794453
2   13   12   2   -0.0116263342
2   13   13   1   0.0116263366
2   13   13   2   -0.4597705905
2   13   14   3   -0.0014572720
2   14   8   1   -0.0000000000
2   14   8   2   0.0017082265
2   14   9   1   -0.0000000001
2   14   9   2   -0.0000000005
2   14   10   1   0.0000000000
2   14   10   2   0.0236188748
2   14   11   1   -0.0000000007
2   14   11   2   -0.0000000019
2   14   12   3   -0.0041496434
2   14   13   3   -0.0016415880
2   14   14   1   -0.0000000000
2   14   14   2   -0.4564624600
3   8   8   3   -0.3144974567
3   8   9   3   0.0000000002
3   8   10   3   0.0026338165
3   8   11   3   -0.0000000096
3   8   12   1   -0.0017244107
3   8   12   2   -0.0043590043
3   8   13   1   0.0043590043
3   8   13   2   -0.0017244107
3   8   14   3   -0.0013196018
3   9   8   3   0.0000000002
3   9   9   3   -0.3145269199
3   9   10   3   0.0000000174
3   9   11   3   -0.0003877513
3   9   12   1   -0.0000000022
3   9   12   2   -0.0000000055
3   9   13   1   0.0000000054
3   9   13   2   -0.0000000022
3   9   14   3   -0.0000000043
3   10   8   3   0.0026338165
3   10   9   3   0.0000000174
3   10   10   3   -0.2865944286
3   10   11   3   -0.0000000016
3   10   12   1   -0.0060719762
3   10   12   2   -0.0153488787
3   10   13   1   0.0153488787
3   10   13   2   -0.0060719762
3   10   14   3   -0.0002760905
3   11   8   3   -0.0000000096
3   11   9   3   -0.0003877513
3   11   10   3   -0.0000000016
3   11   11   3   -0.3031035447
3   11   12   1   -0.0000000144
3   11   12   2   -0.0000000356
3   11   13   1   0.0000000367
3   11   13   2   -0.0000000143
3   11   14   3   0.0000000098
3   12   8   1   -0.0017055284
3   12   8   2   -0.0043112733
3   12   9   1   -0.0000000022
3   12   9   2   -0.0000000056
3   12   10   1   -0.0059817595
3   12   10   2   -0.0151208270
3   12   11   1   -0.0000000143
3   12   11   2   -0.0000000361
3   12   12   3   -0.2814891324
3   12   13   3   -0.0000000025
3   12   14   1   -0.0016415880
3   12   14   2   -0.0041496434
3   13   8   1   0.0043112733
3   13   8   2   -0.0017055284
3   13   9   1   0.0000000055
3   13   9   2   -0.0000000022
3   13   10   1   0.0151208269
3   13   10   2   -0.0059817595
3   13   11   1   0.0000000363
3   13   11   2   -0.0000000143
3   13   12   3   -0.0000000025
3   13   13   3   -0.2814891226
3   13   14   1   0.0041496433
3   13   14   2   -0.0016415880
3   14   8   3   -0.0013196018
3   14   9   3   -0.0000000043
3   14   10   3   -0.0002760905
3   14   11   3   0.0000000098
3   14   12   1   -0.0014572720
3   14   12   2   -0.0036837251
3   14   13   1   0.0036837251
3   14   13   2   -0.0014572720
3   14   14   3   -0.3053462531

End AIJB Block
Begin IJKA Block
1   8   1   6   -0.0000000002
1   8   2   6   -0.0769474232
1   8   3   6   0.0000000011
1   8   4   6   -0.0120735850
1   8   5   4   -0.0000000001
1   8   5   5   -0.0000000003
1   8   6   4   0.0000000001
1   8   6   5   -0.0000000001
1   8   7   6   -0.0000000005
1   9   1   6   -0.0796328970
1   9   2   6   0.0000000002
1   9   3   6   0.0123177588
1   9   4   6   -0.0000000007
1   9   5   4   0.0043359493
1   9   5   5   0.0109605106
1   9   6   4   -0.0109605106
1   9   6   5   0.0043359493
1   9   7   6   0.0058089925
1   10   1   6   0.0000000002
1   10   2   6   0.0588172539
1   10   3   6   -0.0000000002
1   10   4   6   0.0020789926
1   10   5   4   0.0000000000
1   10   5   5   0.0000000001
1   10   6   4   -0.0000000000
1   10   6   5   0.0000000000
1   10   7   6   0.0000000009
1   11   1   6   -0.1117083313
1   11   2   6   0.0000000002
1   11   3   6   0.0037876191
1   11   4   6   -0.0000000001
1   11   5   4   -0.0047773046
1   11   5   5   -0.0120761785
1   11   6   4   0.0120761785
1   11   6   5   -0.0047773046
1   11   7   6   -0.0004960003
1   12   1   4   -0.0000000006
1   12   1   5   0.0000000022
1   12   2   4   0.0634376578
1   12   2   5   0.1603591449
1   12   3   4   0.0000000001
1   12   3   5   -0.0000000003
1   12   4   4   -0.0002950953
1   12   4   5   -0.0007459486
1   12   5   6   0.0000000004
1   12   6   6   -0.0000000001
1   12   7   4   0.0000000001
1   12   7   5   -0.0000000000
1   13   1   4   0.0000000038
1   13   1   5   -0.0000000000
1   13   2   4   -0.1603591449
1   13   2   5   0.0634376578
1   13   3   4   -0.0000000007
1   13   3   5   0.0000000000
1   13   4   4   0.0007459486
1   13   4   5   -0.0002950953
1   13   5   6   -0.0000000001
1   13   6   6   0.0000000006
1   13   7   4   -0.0000000005
1   13   7   5   0.0000000001
1   14   1   6   -0.0000000040
1   14   2   6   0.0370923517
1   14   3   6   0.0000000053
1   14   4   6   -0.0005661553
1   14   5   4   0.0000000001
1   14   5   5   0.0000000002
1   14   6   4   -0.0000000001
1   14   6   5   0.0000000001
1   14   7   6   -0.0000000026
2   8   1   6   -0.0769771106
2   8   2   6   0.0000000000
2   8   3   6   0.0124579854
2   8   4   6   -0.0000000006
2   8   5   4   0.0041193541
2   8   5   5   0.0104129965
2   8   6   4   -0.0104129965
2   8   6   5   0.0041193541
2   8   7   6   0.0055894754
2   9   1   6   -0.0000000004
2   9   2   6   -0.0797183811
2   9   3   6   0.0000000013
2   9   4   6   -0.0121927582
2   9   5   4   -0.0000000001
2   9   5   5   -0.0000000003
2   9   6   4   0.0000000001
2   9   6   5   -0.0000000001
2   9   7   6   -0.0000000005
2   10   1   6   0.0587977729
2   10   2   6   0.0000000002
2   10   3   6   -0.0033309743
2   10   4   6   -0.0000000004
2   10   5   4   0.0032767364
2   10   5   5   0.0082830083
2   10   6   4   -0.0082830083
2   10   6   5   0.0032767364
2   10   7   6   -0.0003030303
2   11   1   6   0.0000000001
2   11   2   6   -0.1117039155
2   11   3   6   0.0000000006
2   11   4   6   -0.0017248699
2   11   5   4   0.0000000000
2   11   5   5   -0.0000000001
2   11   6   4   -0.0000000001
2   11   6   5   -0.0000000000
2   11   7   6   -0.0000000003
2   12   1   4   0.0633979113
2   12   1   5   0.1602586730
2   12   2   4   -0.0000000006
2   12   2   5   0.0000000022
2   12   3   4   -0.0026376098
2   12   3   5   -0.0066674097
2   12   4   4   -0.0000000002
2   12   4   5   0.0000000002
2   12   5   6   0.0046132615
2   12   6   6   0.0000000000
2   12   7   4   0.0018933266
2   12   7   5   0.0047859938
2   13   1   4   -0.1602586730
2   13   1   5   0.0633979113
2   13   2   4   0.0000000038
2   13   2   5   -0.0000000000
2   13   3   4   0.0066674096
2   13   3   5   -0.0026376098
2   13   4   4   0.0000000008
2   13   4   5   -0.0000000001
2   13   5   6   0.0000000000
2   13   6   6   0.0046132615
2   13   7   4   -0.0047859938
2   13   7   5   0.0018933266
2   14   1   6   0.0370759645
2   14   2   6   -0.0000000046
2   14   3   6   -0.0036246085
2   14   4   6   -0.0000000021
2   14   5   4   0.0021530322
2   14   5   5   0.0054424835
2   14   6   4   -0.0054424835
2   14   6   5   0.0021530322
2   14   7   6   0.0030685937
3   8   1   6   0.0000000007
3   8   2   6   0.0128746590
3   8   3   6   0.0000000001
3   8   4   6   0.0016318783
3   8   5   4   0.0000000001
3   8   5   5   0.0000000002
3   8   6   4   -0.0000000002
3   8   6   5   0.0000000001
3   8   7   6   0.0000000003
3   9   1   6   0.0127410813
3   9   2   6   0.0000000008
3   9   3   6   -0.0081025374
3   9   4   6   -0.0000000009
3   9   5   4   0.0055875304
3   9   5   5   0.0141242856
3   9   6   4   -0.0141242856
3   9   6   5   0.0055875304
3   9   7   6   0.0025222839
3   10   1   6   -0.0000000009
3   10   2   6   -0.0027897286
3   10   3   6   0.0000000057
3   10   4   6   -0.0148357995
3   10   5   4   -0.0000000002
3   10   5   5   -0.0000000006
3   10   6   4   0.0000000003
3   10   6   5   -0.0000000002
3   10   7   6   -0.0000000004
3   11   1   6   0.0033051626
3   11   2   6   0.0000000001
3   11   3   6   -0.0754271013
3   11   4   6   -0.0000000009
3   11   5   4   -0.0200774839
3   11   5   5   -0.0507523176
3   11   6   4   0.0507523176
3   11   6   5   -0.0200774839
3   11   7   6   0.0071788793
3   12   1   4   0.0000000001
3   12   1   5   -0.0000000006
3   12   2   4   -0.0019755483
3   12   2   5   -0.0049938356
3   12   3   4   -0.0000000002
3   12   3   5   0.0000000016
3   12   4   4   -0.0213778865
3   12   4   5   -0.0540395047
3   12   5   6   -0.0000000010
3   12   6   6   -0.0000000013
3   12   7   4   0.0000000002
3   12   7   5   0.0000000023
3   13   1   4   -0.0000000010
3   13   1   5   -0.0000000000
3   13   2   4   0.0049938355
3   13   2   5   -0.0019755483
3   13   3   4   0.0000000018
3   13   3   5   0.0000000001
3   13   4   4   0.0540395047
3   13   4   5   -0.0213778865
3   13   5   6   -0.0000000013
3   13   6   6   0.0000000043
3   13   7   4   0.0000000004
3   13   7   5   0.0000000005
3   14   1   6   0.0000000065
3   14   2   6   -0.0031572597
3   14   3   6   -0.0000000130
3   14   4   6   -0.0065397684
3   14   5   4   0.0000000009
3   14   5   5   0.0000000026
3   14   6   4   -0.0000000022
3   14   6   5   0.0000000010
3   14   7   6   0.0000000057
4   8   1   6   -0.0127001748
4   8   2   6   -0.0000000016
4   8   3   6   0.0017236471
4   8   4   6   -0.0000000001
4   8   5   4   -0.0035821555
4   8   5   5   -0.0090550535
4   8   6   4   0.0090550536
4   8   6   5   -0.0035821555
4   8   7   6   -0.0003899108
4   9   1   6   -0.0000000016
4   9   2   6   -0.0128004206
4   9   3   6   -0.0000000009
4   9   4   6   -0.0018966343
4   9   5   4   0.0000000000
4   9   5   5   -0.0000000000
4   9   6   4   -0.0000000001
4   9   6   5   -0.0000000000
4   9   7   6   0.0000000010
4   10   1   6   0.0018904170
4   10   2   6   -0.0000000006
4   10   3   6   -0.0146256366
4   10   4   6   0.0000000001
4   10   5   4   -0.0101126728
4   10   5   5   -0.0255630429
4   10   6   4   0.0255630429
4   10   6   5   -0.0101126728
4   10   7   6   -0.0225818500
4   11   1   6   -0.0000000007
4   11   2   6   -0.0016430673
4   11   3   6   -0.0000000030
4   11   4   6   -0.0583606051
4   11   5   4   0.0000000004
4   11   5   5   0.0000000010
4   11   6   4   -0.0000000012
4   11   6   5   0.0000000004
4   11   7   6   0.0000000046
4   12   1   4   -0.0002451649
4   12   1   5   -0.0006197333
4   12   2   4   -0.0000000001
4   12   2   5   0.0000000004
4   12   3   4   -0.0207501764
4   12   3   5   -0.0524527647
4   12   4   4   0.0000000002
4   12   4   5   0.0000000031
4   12   5   6   -0.0117948816
4   12   6   6   -0.0000000000
4   12   7   4   -0.0394654647
4   12   7   5   -0.0997616934
4   13   1   4   0.0006197334
4   13   1   5   -0.0002451649
4   13   2   4   0.0000000008
4   13   2   5   -0.0000000000
4   13   3   4   0.0524527647
4   13   3   5   -0.0207501764
4   13   4   4   0.0000000009
4   13   4   5   0.0000000006
4   13   5   6   -0.0000000000
4   13   6   6   -0.0117948815
4   13   7   4   0.0997616934
4   13   7   5   -0.0394654646
4   14   1   6   -0.0004966797
4   14   2   6   -0.0000000025
4   14   3   6   -0.0062765322
4   14   4   6   -0.0000000023
4   14   5   4   -0.0106770935
4   14   5   5   -0.0269897981
4   14   6   4   0.0269897982
4   14   6   5   -0.0106770934
4   14   7   6   -0.0119898256
5   8   1   4   -0.0000000001
5   8   1   5   -0.0000000002
5   8   2   4   0.0044259498
5   8   2   5   0.0111880161
5   8   3   4   0.0000000001
5   8   3   5   0.0000000002
5   8   4   4   -0.0036343597
5   8   4   5   -0.0091870165
5   8   5   6   -0.0000000007
5   8   6   6   -0.0000000005
5   8   7   4   -0.0000000000
5   8   7   5   -0.0000000002
5   9   1   4   0.0046152975
5   9   1   5   0.0116666534
5   9   2   4   -0.0000000001
5   9   2   5   -0.0000000001
5   9   3   4   0.0056497650
5   9   3   5   0.0142816036
5   9   4   4   -0.0000000000
5   9   4   5   0.0000000000
5   9   5   6   -0.0030552944
5   9   6   6   0.0000000000
5   9   7   4   0.0016155337
5   9   7   5   0.0040837827
5   10   1   4   -0.0000000000
5   10   1   5   -0.0000000004
5   10   2   4   0.0033612593
5   10   2   5   0.0084966672
5   10   3   4   -0.0000000001
5   10   3   5   -0.0000000006
5   10   4   4   -0.0097831378
5   10   4   5   -0.0247300370
5   10   5   6   0.0000000030
5   10   6   6   -0.0000000002
5   10   7   4   0.0000000010
5   10   7   5   0.0000000033
5   11   1   4   -0.0043759121
5   11   1   5   -0.0110615295
5   11   2   4   0.0000000001
5   11   2   5   0.0000000003
5   11   3   4   -0.0187678946
5   11   3   5   -0.0474419081
5   11   4   4   0.0000000003
5   11   4   5   0.0000000011
5   11   5   6   -0.0657502643
5   11   6   6   0.0000000001
5   11   7   4   -0.0110774602
5   11   7   5   -0.0280018541
5   12   1   6   0.0000000003
5   12   2   6   0.0041197460
5   12   3   6   -0.0000000078
5   12   4   6   -0.0111086608
5   12   5   4   0.0000000007
5   12   5   5   0.0000000021
5   12   6   4   -0.0000000012
5   12   6   5   0.0000000004
5   12   7   6   0.0000000059
5   13   1   6   -0.0000000001
5   13   2   6   -0.0000000000
5   13   3   6   -0.0000000008
5   13   4   6   -0.0000000000
5   13   5   4   0.0000000014
5   13   5   5   -0.0000000003
5   13   6   4   -0.0000000005
5   13   6   5   0.0000000010
5   13   7   6   -0.0000000010
5   14   1   4   0.0000000001
5   14   1   5   0.0000000001
5   14   2   4   0.0020697903
5   14   2   5   0.0052320627
5   14   3   4   0.0000000005
5   14   3   5   0.0000000014
5   14   4   4   -0.0107838755
5   14   4   5   -0.0272597242
5   14   5   6   -0.0000000206
5   14   6   6   -0.0000000107
5   14   7   4   -0.0000000001
5   14   7   5   0.0000000004
6   8   1   4   0.0000000001
6   8   1   5   -0.0000000001
6   8   2   4   -0.0111880160
6   8   2   5   0.0044259498
6   8   3   4   -0.0000000003
6   8   3   5   0.0000000001
6   8   4   4   0.0091870165
6   8   4   5   -0.0036343597
6   8   5   6   -0.0000000005
6   8   6   6   0.0000000012
6   8   7   4   -0.0000000000
6   8   7   5   -0.0000000001
6   9   1   4   -0.0116666534
6   9   1   5   0.0046152975
6   9   2   4   0.0000000001
6   9   2   5   -0.0000000001
6   9   3   4   -0.0142816036
6   9   3   5   0.0056497650
6   9   4   4   0.0000000002
6   9   4   5   -0.0000000000
6   9   5   6   0.0000000000
6   9   6   6   -0.0030552946
6   9   7   4   -0.0040837826
6   9   7   5   0.0016155337
6   10   1   4   -0.0000000001
6   10   1   5   -0.0000000001
6   10   2   4   -0.0084966672
6   10   2   5   0.0033612593
6   10   3   4   0.0000000000
6   10   3   5   -0.0000000002
6   10   4   4   0.0247300369
6   10   4   5   -0.0097831378
6   10   5   6   -0.0000000002
6   10   6   6   0.0000000038
6   10   7   4   -0.0000000020
6   10   7   5   0.0000000011
6   11   1   4   0.0110615295
6   11   1   5   -0.0043759121
6   11   2   4   -0.0000000002
6   11   2   5   0.0000000001
6   11   3   4   0.0474419081
6   11   3   5   -0.0187678946
6   11   4   4   -0.0000000003
6   11   4   5   0.0000000003
6   11   5   6   0.0000000001
6   11   6   6   -0.0657502647
6   11   7   4   0.0280018541
6   11   7   5   -0.0110774602
6   12   1   6   -0.0000000001
6   12   2   6   -0.0000000000
6   12   3   6   -0.0000000008
6   12   4   6   -0.0000000000
6   12   5   4   -0.0000000012
6   12   5   5   0.0000000003
6   12   6   4   -0.0000000012
6   12   6   5   0.0000000005
6   12   7   6   -0.0000000010
6   13   1   6   0.0000000005
6   13   2   6   0.0041197460
6   13   3   6   -0.0000000047
6   13   4   6   -0.0111086606
6   13   5   4   -0.0000000005
6   13   5   5   0.0000000014
6   13   6   4   0.0000000025
6   13   6   5   0.0000000003
6   13   7   6   0.0000000098
6   14   1   4   -0.0000000001
6   14   1   5   0.0000000000
6   14   2   4   -0.0052320627
6   14   2   5   0.0020697903
6   14   3   4   -0.0000000010
6   14   3   5   0.0000000005
6   14   4   4   0.0272597242
6   14   4   5   -0.0107838755
6   14   5   6   -0.0000000107
6   14   6   6   0.0000000213
6   14   7   4   0.0000000008
6   14   7   5   -0.0000000000
7   8   1   6   0.0000000013
7   8   2   6   0.0060637712
7   8   3   6   0.0000000003
7   8   4   6   -0.0004307543
7   8   5   4   -0.0000000001
7   8   5   5   -0.0000000002
7   8   6   4   0.0000000002
7   8   6   5   -0.0000000001
7   8   7   6   -0.0000000006
7   9   1   6   0.0062758934
7   9   2   6   0.0000000014
7   9   3   6   0.0025724433
7   9   4   6   0.0000000013
7   9   5   4   0.0015787869
7   9   5   5   0.0039908933
7   9   6   4   -0.0039908933
7   9   6   5   0.0015787869
7   9   7   6   -0.0023323946
7   10   1   6   0.0000000013
7   10   2   6   -0.0001938010
7   10   3   6   -0.0000000027
7   10   4   6   -0.0224646481
7   10   5   4   0.0000000009
7   10   5   5   0.0000000022
7   10   6   4   -0.0000000024
7   10   6   5   0.0000000009
7   10   7   6   0.0000000015
7   11   1   6   -0.0006179258
7   11   2   6   -0.0000000003
7   11   3   6   0.0066376686
7   11   4   6   0.0000000027
7   11   5   4   -0.0107223594
7   11   5   5   -0.0271042225
7   11   6   4   0.0271042225
7   11   6   5   -0.0107223594
7   11   7   6   -0.0598467265
7   12   1   4   0.0000000000
7   12   1   5   -0.0000000001
7   12   2   4   0.0015917511
7   12   2   5   0.0040236644
7   12   3   4   -0.0000000002
7   12   3   5   -0.0000000008
7   12   4   4   -0.0390112976
7   12   4   5   -0.0986136396
7   12   5   6   -0.0000000040
7   12   6   6   -0.0000000008
7   12   7   4   -0.0000000001
7   12   7   5   0.0000000051
7   13   1   4   -0.0000000002
7   13   1   5   0.0000000000
7   13   2   4   -0.0040236644
7   13   2   5   0.0015917511
7   13   3   4   0.0000000005
7   13   3   5   -0.0000000003
7   13   4   4   0.0986136396
7   13   4   5   -0.0390112976
7   13   5   6   -0.0000000008
7   13   6   6   -0.0000000009
7   13   7   4   0.0000000037
7   13   7   5   0.0000000007
7   14   1   6   -0.0000000042
7   14   2   6   0.0028937364
7   14   3   6   0.0000000067
7   14   4   6   -0.0109995062
7   14   5   4   -0.0000000001
7   14   5   5   -0.0000000011
7   14   6   4   -0.0000000001
7   14   6   5   -0.0000000002
7   14   7   6   -0.0000000088

End IJKA Block
Begin IABC Block
1   4   1   6   -0.0000000032
1   4   2   6   0.0000000000
1   4   3   4   -0.0000000009
1   4   3   5   0.0000000003
1   5   1   6   0.0000000000
1   5   2   6   -0.0000000031
1   5   3   4   0.0000000003
1   5   3   5   0.0000000009
1   6   1   4   -0.0000000030
1   6   1   5   -0.0000000000
1   6   2   4   -0.0000000000
1   6   2   5   -0.0000000034
1   6   3   6   -0.0000000068
2   4   1   6   0.0038142521
2   4   2   6   -0.0000000000
2   4   3   4   -0.0011865750
2   4   3   5   -0.0000000000
2   5   1   6   -0.0000000000
2   5   2   6   0.0038142521
2   5   3   4   -0.0000000000
2   5   3   5   -0.0011865752
2   6   1   4   0.0038234663
2   6   1   5   0.0000000000
2   6   2   4   0.0000000000
2   6   2   5   0.0038234663
2   6   3   6   -0.0003361662
3   4   1   6   -0.0000001005
3   4   2   6   0.0000000003
3   4   3   4   0.0000000017
3   4   3   5   -0.0000000011
3   5   1   6   0.0000000003
3   5   2   6   -0.0000000983
3   5   3   4   -0.0000000011
3   5   3   5   -0.0000000055
3   6   1   4   -0.0000000939
3   6   1   5   -0.0000000007
3   6   2   4   -0.0000000007
3   6   2   5   -0.0000000989
3   6   3   6   -0.0000000087
4   4   1   6   -0.0092562298
4   4   2   6   -0.0000000000
4   4   3   4   -0.0471174966
4   4   3   5   -0.0000000001
4   5   1   6   -0.0000000000
4   5   2   6   -0.0092562298
4   5   3   4   -0.0000000001
4   5   3   5   -0.0471174971
4   6   1   4   -0.0097374485
4   6   1   5   -0.0000000000
4   6   2   4   -0.0000000000
4   6   2   5   -0.0097374486
4   6   3   6   0.0045937083
5   4   1   4   0.0000000007
5   4   1   5   0.0000000002
5   4   2   4   0.0000000008
5   4   2   5   -0.0000000004
5   4   3   6   0.0000000017
5   5   1   4   0.0000000011
5   5   1   5   -0.0000000011
5   5   2   4   -0.0000000007
5   5   2   5   -0.0000000034
5   5   3   6   0.0000000059
5   6   1   6   0.0000000258
5   6   2   6   -0.0000003102
5   6   3   4   0.0000000020
5   6   3   5   0.0000000137
6   4   1   4   -0.0000000013
6   4   1   5   0.0000000004
6   4   2   4   0.0000000002
6   4   2   5   -0.0000000014
6   4   3   6   -0.0000000035
6   5   1   4   0.0000000007
6   5   1   5   0.0000000015
6   5   2   4   -0.0000000005
6   5   2   5   -0.0000000009
6   5   3   6   0.0000000020
6   6   1   6   -0.0000002951
6   6   2   6   -0.0000000318
6   6   3   4   0.0000000001
6   6   3   5   0.0000000033
7   4   1   6   0.0000001785
7   4   2   6   0.0000000001
7   4   3   4   -0.0000000337
7   4   3   5   0.0000000089
7   5   1   6   0.0000000001
7   5   2   6   0.0000001795
7   5   3   4   0.0000000089
7   5   3   5   0.0000000275
7   6   1   4   0.0000001905
7   6   1   5   -0.0000000023
7   6   2   4   -0.0000000023
7   6   2   5   0.0000001746
7   6   3   6   0.0000000705

End IABC Block
