Begin IJ Block
1   1   -26.7387674651
1   2   0.0000000013
1   3   -0.4634821077
1   4   0.0000001803
1   5   -0.1538080031
2   2   -26.7393409534
2   3   -0.0000001680
2   4   -0.4978856155
2   5   -0.0000000568
3   3   -7.9892142848
3   4   0.0000000008
3   5   0.5657769362
4   4   -7.3203174044
4   5   -0.0000000003
5   5   -7.2187604756
6   6   -6.9978348624
6   7   -0.0000000010
7   7   -6.9978348642

End IJ Block
Begin IA Block
1   3   0.0000000672
2   3   -0.1838681422
3   3   -0.0000000011
4   3   -0.7256421877
5   3   -0.0000000017
6   1   0.0000000004
6   2   0.0000000004
7   1   -0.0000000004
7   2   0.0000000003

End IA Block
Begin AB Block
1   1   -6.6262015599
1   2   -0.0000000012
2   2   -6.6262015578
3   3   -5.8193885631

End AB Block
Begin IJAB Block
1   8   1   4   0.0138912677
1   8   1   5   0.0000000000
1   8   2   4   0.0000000000
1   8   2   5   0.0138912677
1   8   3   6   0.0175336546
1   9   1   4   -0.0000000000
1   9   1   5   0.0000000000
1   9   2   4   0.0000000000
1   9   2   5   -0.0000000000
1   9   3   6   0.0000000003
1   10   1   4   -0.0124764908
1   10   1   5   -0.0000000000
1   10   2   4   -0.0000000000
1   10   2   5   -0.0124764908
1   10   3   6   -0.0066187728
1   11   1   4   0.0000000054
1   11   1   5   -0.0000000000
1   11   2   4   -0.0000000000
1   11   2   5   0.0000000054
1   11   3   6   0.0000000024
1   12   1   4   -0.0045052057
1   12   2   5   -0.0045052057
1   12   3   6   -0.0008192716
1   13   1   6   0.0066195277
1   13   2   6   0.0000946826
1   13   3   4   -0.0028299758
1   13   3   5   -0.0000404787
1   14   1   6   0.0000946826
1   14   2   6   -0.0066195277
1   14   3   4   -0.0000404786
1   14   3   5   0.0028299757
2   8   1   4   -0.0000000000
2   8   1   5   0.0000000000
2   8   2   4   0.0000000000
2   8   2   5   -0.0000000000
2   8   3   6   0.0000000003
2   9   1   4   0.0140112329
2   9   1   5   0.0000000000
2   9   2   4   0.0000000000
2   9   2   5   0.0140112329
2   9   3   6   0.0176942454
2   10   1   4   -0.0000000045
2   10   1   5   -0.0000000000
2   10   2   4   -0.0000000000
2   10   2   5   -0.0000000045
2   10   3   6   -0.0000000026
2   11   1   4   -0.0147898032
2   11   1   5   -0.0000000000
2   11   2   4   -0.0000000000
2   11   2   5   -0.0147898032
2   11   3   6   -0.0070823562
2   12   1   4   -0.0000000017
2   12   1   5   -0.0000000000
2   12   2   4   -0.0000000000
2   12   2   5   -0.0000000016
2   12   3   6   -0.0000000001
2   13   1   6   0.0000000025
2   13   2   6   0.0000000001
2   13   3   4   -0.0000000009
2   13   3   5   -0.0000000000
2   14   1   6   0.0000000000
2   14   2   6   -0.0000000024
2   14   3   4   -0.0000000000
2   14   3   5   0.0000000009
3   8   1   4   -0.0124764908
3   8   1   5   -0.0000000000
3   8   2   4   -0.0000000000
3   8   2   5   -0.0124764908
3   8   3   6   -0.0066187728
3   9   1   4   -0.0000000045
3   9   1   5   -0.0000000000
3   9   2   4   -0.0000000000
3   9   2   5   -0.0000000045
3   9   3   6   -0.0000000026
3   10   1   4   0.0492043259
3   10   1   5   0.0000000001
3   10   2   4   0.0000000001
3   10   2   5   0.0492043258
3   10   3   6   0.0650286471
3   11   1   4   0.0000000005
3   11   1   5   0.0000000000
3   11   2   4   0.0000000000
3   11   2   5   0.0000000005
3   11   3   6   0.0000000002
3   12   1   4   0.0176795509
3   12   1   5   -0.0000000000
3   12   2   4   -0.0000000000
3   12   2   5   0.0176795509
3   12   3   6   -0.0407837091
3   13   1   6   -0.0255336414
3   13   2   6   -0.0003652210
3   13   3   4   -0.0575415773
3   13   3   5   -0.0008230470
3   14   1   6   -0.0003652214
3   14   2   6   0.0255336418
3   14   3   4   -0.0008230482
3   14   3   5   0.0575415784
4   8   1   4   0.0000000054
4   8   1   5   -0.0000000000
4   8   2   4   -0.0000000000
4   8   2   5   0.0000000054
4   8   3   6   0.0000000024
4   9   1   4   -0.0147898032
4   9   1   5   -0.0000000000
4   9   2   4   -0.0000000000
4   9   2   5   -0.0147898032
4   9   3   6   -0.0070823562
4   10   1   4   0.0000000005
4   10   1   5   0.0000000000
4   10   2   4   0.0000000000
4   10   2   5   0.0000000005
4   10   3   6   0.0000000002
4   11   1   4   0.0702273670
4   11   1   5   0.0000000000
4   11   2   4   0.0000000000
4   11   2   5   0.0702273669
4   11   3   6   0.0427639243
4   12   1   4   0.0000000002
4   12   1   5   0.0000000001
4   12   2   4   0.0000000001
4   12   2   5   0.0000000001
4   12   3   6   0.0000000007
4   13   1   6   -0.0000000009
4   13   2   6   -0.0000000001
4   13   3   4   -0.0000000000
4   13   3   5   0.0000000001
4   14   1   6   0.0000000000
4   14   2   6   0.0000000008
4   14   3   4   -0.0000000001
4   14   3   5   0.0000000002
5   8   1   4   -0.0045052057
5   8   2   5   -0.0045052057
5   8   3   6   -0.0008192716
5   9   1   4   -0.0000000017
5   9   1   5   -0.0000000000
5   9   2   4   -0.0000000000
5   9   2   5   -0.0000000016
5   9   3   6   -0.0000000001
5   10   1   4   0.0176795509
5   10   1   5   -0.0000000000
5   10   2   4   -0.0000000000
5   10   2   5   0.0176795509
5   10   3   6   -0.0407837091
5   11   1   4   0.0000000002
5   11   1   5   0.0000000001
5   11   2   4   0.0000000001
5   11   2   5   0.0000000001
5   11   3   6   0.0000000007
5   12   1   4   0.0288898460
5   12   1   5   0.0000000001
5   12   2   4   0.0000000001
5   12   2   5   0.0288898459
5   12   3   6   0.0915728328
5   13   1   6   0.0065534982
5   13   2   6   0.0000937378
5   13   3   4   0.0876731969
5   13   3   5   0.0012540354
5   14   1   6   0.0000937385
5   14   2   6   -0.0065534989
5   14   3   4   0.0012540368
5   14   3   5   -0.0876731982
6   8   1   6   -0.0028299758
6   8   2   6   -0.0000404787
6   8   3   4   0.0066195277
6   8   3   5   0.0000946826
6   9   1   6   -0.0000000009
6   9   2   6   -0.0000000000
6   9   3   4   0.0000000025
6   9   3   5   0.0000000001
6   10   1   6   -0.0575415773
6   10   2   6   -0.0008230470
6   10   3   4   -0.0255336414
6   10   3   5   -0.0003652210
6   11   1   6   -0.0000000000
6   11   2   6   0.0000000001
6   11   3   4   -0.0000000009
6   11   3   5   -0.0000000001
6   12   1   6   0.0876731969
6   12   2   6   0.0012540354
6   12   3   4   0.0065534982
6   12   3   5   0.0000937378
6   13   1   4   0.1616179303
6   13   1   5   0.0020198056
6   13   2   4   0.0020198056
6   13   2   5   0.0204365614
6   13   3   6   0.0222283146
6   14   1   4   0.0020198043
6   14   1   5   -0.1245270539
6   14   2   4   -0.0166543151
6   14   2   5   -0.0020198046
6   14   3   6   -0.0000000015
7   8   1   6   -0.0000404786
7   8   2   6   0.0028299757
7   8   3   4   0.0000946826
7   8   3   5   -0.0066195277
7   9   1   6   -0.0000000000
7   9   2   6   0.0000000009
7   9   3   4   0.0000000000
7   9   3   5   -0.0000000024
7   10   1   6   -0.0008230482
7   10   2   6   0.0575415784
7   10   3   4   -0.0003652214
7   10   3   5   0.0255336418
7   11   1   6   -0.0000000001
7   11   2   6   0.0000000002
7   11   3   4   0.0000000000
7   11   3   5   0.0000000008
7   12   1   6   0.0012540368
7   12   2   6   -0.0876731982
7   12   3   4   0.0000937385
7   12   3   5   -0.0065534989
7   13   1   4   0.0020198043
7   13   1   5   -0.0166543151
7   13   2   4   -0.1245270539
7   13   2   5   -0.0020198046
7   13   3   6   -0.0000000015
7   14   1   4   0.0204365614
7   14   1   5   -0.0020198054
7   14   2   4   -0.0020198054
7   14   2   5   0.1616179299
7   14   3   6   0.0222283119

End IJAB Block
Begin IJKL Block
1   8   1   8   2.2184150473
1   8   1   9   -0.0000013703
1   8   1   10   0.1898202287
1   8   1   11   -0.0000002178
1   8   1   12   0.0513109191
1   8   2   8   -0.0000013703
1   8   2   9   1.8879012603
1   8   2   10   -0.0000000698
1   8   2   11   0.1994305246
1   8   2   12   -0.0000000156
1   8   3   8   0.1898202287
1   8   3   9   -0.0000000698
1   8   3   10   0.0272553572
1   8   3   11   -0.0000000200
1   8   3   12   0.0045897383
1   8   4   8   -0.0000002178
1   8   4   9   0.1994305246
1   8   4   10   -0.0000000200
1   8   4   11   0.0304710952
1   8   4   12   -0.0000000070
1   8   5   8   0.0513109191
1   8   5   9   -0.0000000156
1   8   5   10   0.0045897383
1   8   5   11   -0.0000000070
1   8   5   12   0.0124194716
1   8   6   13   0.0102937761
1   8   6   14   -0.0000000000
1   8   7   13   -0.0000000000
1   8   7   14   0.0102937761
1   9   1   8   -0.0000013703
1   9   1   9   2.2186734441
1   9   1   10   -0.0000000705
1   9   1   11   0.2013875529
1   9   1   12   -0.0000000129
1   9   2   8   1.8878984785
1   9   2   9   0.0000013701
1   9   2   10   0.1919014839
1   9   2   11   0.0000000724
1   9   2   12   0.0437819196
1   9   3   8   -0.0000000698
1   9   3   9   0.1898669943
1   9   3   10   0.0000000001
1   9   3   11   0.0275637904
1   9   3   12   -0.0000000001
1   9   4   8   0.1994294333
1   9   4   9   0.0000000717
1   9   4   10   0.0275974179
1   9   4   11   0.0000000001
1   9   4   12   0.0097847267
1   9   5   8   -0.0000000156
1   9   5   9   0.0513069128
1   9   5   10   -0.0000000001
1   9   5   11   0.0098786653
1   9   5   12   0.0000000004
1   9   6   13   0.0000000001
1   9   6   14   0.0000000000
1   9   7   13   0.0000000000
1   9   7   14   0.0000000002
1   10   1   8   0.1898202287
1   10   1   9   -0.0000000705
1   10   1   10   0.6673658438
1   10   1   11   -0.0000002105
1   10   1   12   -0.0412225253
1   10   2   8   -0.0000000698
1   10   2   9   0.1919095983
1   10   2   10   -0.0000000002
1   10   2   11   0.2899501735
1   10   2   12   0.0000000001
1   10   3   8   0.0292734730
1   10   3   9   -0.0000000000
1   10   3   10   0.0051121704
1   10   3   11   -0.0000000031
1   10   3   12   0.0039949855
1   10   4   8   -0.0000000214
1   10   4   9   0.0293612150
1   10   4   10   -0.0000000040
1   10   4   11   0.0073609900
1   10   4   12   0.0000000011
1   10   5   8   0.0041812906
1   10   5   9   -0.0000000001
1   10   5   10   0.0134444264
1   10   5   11   0.0000000006
1   10   5   12   -0.0144768294
1   10   6   13   -0.0133598933
1   10   6   14   0.0000000000
1   10   7   13   0.0000000000
1   10   7   14   -0.0133598933
1   11   1   8   -0.0000002178
1   11   1   9   0.2013875529
1   11   1   10   -0.0000002105
1   11   1   11   0.6418159583
1   11   1   12   -0.0000001371
1   11   2   8   0.1994294333
1   11   2   9   0.0000000724
1   11   2   10   0.2899643006
1   11   2   11   0.0000000001
1   11   2   12   0.1892756354
1   11   3   8   -0.0000000214
1   11   3   9   0.0293413725
1   11   3   10   -0.0000000032
1   11   3   11   0.0100209834
1   11   3   12   -0.0000000023
1   11   4   8   0.0327301786
1   11   4   9   -0.0000000000
1   11   4   10   0.0071568591
1   11   4   11   -0.0000000029
1   11   4   12   0.0002289778
1   11   5   8   -0.0000000078
1   11   5   9   0.0109472294
1   11   5   10   0.0000000007
1   11   5   11   -0.0022213638
1   11   5   12   0.0000000046
1   11   6   13   0.0000000043
1   11   6   14   0.0000000000
1   11   7   13   0.0000000000
1   11   7   14   0.0000000043
1   12   1   8   0.0513109191
1   12   1   9   -0.0000000129
1   12   1   10   -0.0412225253
1   12   1   11   -0.0000001371
1   12   1   12   0.6422219768
1   12   2   8   -0.0000000156
1   12   2   9   0.0437790334
1   12   2   10   0.0000000001
1   12   2   11   0.1892794308
1   12   2   12   0.0000000001
1   12   3   8   0.0041812906
1   12   3   9   -0.0000000001
1   12   3   10   0.0043070126
1   12   3   11   -0.0000000024
1   12   3   12   0.0065439067
1   12   4   8   -0.0000000078
1   12   4   9   0.0108565010
1   12   4   10   0.0000000011
1   12   4   11   0.0000951796
1   12   4   12   -0.0000000023
1   12   5   8   0.0156009614
1   12   5   9   0.0000000003
1   12   5   10   -0.0152346021
1   12   5   11   0.0000000048
1   12   5   12   0.0002155118
1   12   6   13   -0.0022923529
1   12   6   14   0.0000000000
1   12   7   13   0.0000000000
1   12   7   14   -0.0022923529
1   13   1   13   0.6126990767
1   13   1   14   0.0000000001
1   13   2   13   -0.0000000002
1   13   2   14   0.0000000000
1   13   3   13   0.0044058384
1   13   3   14   -0.0000000000
1   13   4   13   -0.0000000025
1   13   4   14   -0.0000000000
1   13   5   13   0.0058698513
1   13   5   14   0.0000000000
1   13   6   8   0.0131103440
1   13   6   9   0.0000000001
1   13   6   10   -0.0140023008
1   13   6   11   0.0000000046
1   13   6   12   -0.0024760641
1   13   7   8   0.0000000000
1   13   7   9   0.0000000000
1   14   1   13   0.0000000001
1   14   1   14   0.6126990769
1   14   2   13   0.0000000000
1   14   2   14   -0.0000000002
1   14   3   13   -0.0000000000
1   14   3   14   0.0044058384
1   14   4   13   -0.0000000000
1   14   4   14   -0.0000000025
1   14   5   13   0.0000000000
1   14   5   14   0.0058698513
1   14   6   8   0.0000000000
1   14   6   9   0.0000000000
1   14   7   8   0.0131103440
1   14   7   9   0.0000000001
1   14   7   10   -0.0140023008
1   14   7   11   0.0000000046
1   14   7   12   -0.0024760641
2   8   1   8   -0.0000013703
2   8   1   9   1.8878984785
2   8   1   10   -0.0000000698
2   8   1   11   0.1994294333
2   8   1   12   -0.0000000156
2   8   2   8   2.2186734441
2   8   2   9   0.0000013701
2   8   2   10   0.1898669943
2   8   2   11   0.0000000717
2   8   2   12   0.0513069128
2   8   3   8   -0.0000000705
2   8   3   9   0.1919014839
2   8   3   10   0.0000000001
2   8   3   11   0.0275974179
2   8   3   12   -0.0000000001
2   8   4   8   0.2013875529
2   8   4   9   0.0000000724
2   8   4   10   0.0275637904
2   8   4   11   0.0000000001
2   8   4   12   0.0098786653
2   8   5   8   -0.0000000129
2   8   5   9   0.0437819196
2   8   5   10   -0.0000000001
2   8   5   11   0.0097847267
2   8   5   12   0.0000000004
2   8   6   13   0.0000000001
2   8   6   14   0.0000000000
2   8   7   13   0.0000000000
2   8   7   14   0.0000000002
2   9   1   8   1.8879012603
2   9   1   9   0.0000013701
2   9   1   10   0.1919095983
2   9   1   11   0.0000000724
2   9   1   12   0.0437790334
2   9   2   8   0.0000013701
2   9   2   9   2.2189396489
2   9   2   10   0.0000002080
2   9   2   11   0.2014176109
2   9   2   12   0.0000000507
2   9   3   8   0.1919095983
2   9   3   9   0.0000002080
2   9   3   10   0.0272258817
2   9   3   11   0.0000000201
2   9   3   12   0.0046877677
2   9   4   8   0.0000000724
2   9   4   9   0.2014176109
2   9   4   10   0.0000000201
2   9   4   11   0.0305104742
2   9   4   12   0.0000000072
2   9   5   8   0.0437790334
2   9   5   9   0.0000000507
2   9   5   10   0.0046877677
2   9   5   11   0.0000000072
2   9   5   12   0.0120545623
2   9   6   13   0.0101097680
2   9   6   14   -0.0000000000
2   9   7   13   -0.0000000000
2   9   7   14   0.0101097680
2   10   1   8   -0.0000000698
2   10   1   9   0.1919014839
2   10   1   10   -0.0000000002
2   10   1   11   0.2899643006
2   10   1   12   0.0000000001
2   10   2   8   0.1898669943
2   10   2   9   0.0000002080
2   10   2   10   0.6673542551
2   10   2   11   0.0000002104
2   10   2   12   -0.0411981898
2   10   3   8   -0.0000000000
2   10   3   9   0.0292695800
2   10   3   10   0.0000000018
2   10   3   11   0.0085917293
2   10   3   12   0.0000000015
2   10   4   8   0.0293413725
2   10   4   9   0.0000000213
2   10   4   10   0.0112341172
2   10   4   11   0.0000000027
2   10   4   12   -0.0030724420
2   10   5   8   -0.0000000001
2   10   5   9   0.0042705426
2   10   5   10   0.0000000050
2   10   5   11   -0.0013613977
2   10   5   12   -0.0000000054
2   10   6   13   -0.0000000048
2   10   6   14   0.0000000000
2   10   7   13   0.0000000000
2   10   7   14   -0.0000000048
2   11   1   8   0.1994305246
2   11   1   9   0.0000000724
2   11   1   10   0.2899501735
2   11   1   11   0.0000000001
2   11   1   12   0.1892794308
2   11   2   8   0.0000000717
2   11   2   9   0.2014176109
2   11   2   10   0.0000002104
2   11   2   11   0.6418411137
2   11   2   12   0.0000001377
2   11   3   8   0.0293612150
2   11   3   9   0.0000000213
2   11   3   10   0.0089477272
2   11   3   11   0.0000000037
2   11   3   12   0.0067534600
2   11   4   8   -0.0000000000
2   11   4   9   0.0327645959
2   11   4   10   0.0000000026
2   11   4   11   0.0081223484
2   11   4   12   0.0000000002
2   11   5   8   0.0108565010
2   11   5   9   0.0000000080
2   11   5   10   -0.0017288135
2   11   5   11   -0.0000000009
2   11   5   12   -0.0131164418
2   11   6   13   -0.0118265843
2   11   6   14   0.0000000000
2   11   7   13   0.0000000000
2   11   7   14   -0.0118265843
2   12   1   8   -0.0000000156
2   12   1   9   0.0437819196
2   12   1   10   0.0000000001
2   12   1   11   0.1892756354
2   12   1   12   0.0000000001
2   12   2   8   0.0513069128
2   12   2   9   0.0000000507
2   12   2   10   -0.0411981898
2   12   2   11   0.0000001377
2   12   2   12   0.6422193284
2   12   3   8   -0.0000000001
2   12   3   9   0.0042705426
2   12   3   10   0.0000000016
2   12   3   11   0.0070703870
2   12   3   12   0.0000000025
2   12   4   8   0.0109472294
2   12   4   9   0.0000000080
2   12   4   10   -0.0030971574
2   12   4   11   0.0000000001
2   12   4   12   0.0064714990
2   12   5   8   0.0000000003
2   12   5   9   0.0152522635
2   12   5   10   -0.0000000057
2   12   5   11   -0.0137357364
2   12   5   12   -0.0000000001
2   12   6   13   -0.0000000008
2   12   6   14   0.0000000000
2   12   7   13   0.0000000000
2   12   7   14   -0.0000000008
2   13   1   13   -0.0000000002
2   13   1   14   0.0000000000
2   13   2   13   0.6126887850
2   13   2   14   0.0000000001
2   13   3   13   0.0000000016
2   13   3   14   -0.0000000000
2   13   4   13   0.0068912634
2   13   4   14   -0.0000000000
2   13   5   13   0.0000000022
2   13   5   14   0.0000000000
2   13   6   8   0.0000000001
2   13   6   9   0.0129351930
2   13   6   10   -0.0000000050
2   13   6   11   -0.0124603850
2   13   6   12   -0.0000000009
2   13   7   8   0.0000000000
2   13   7   9   0.0000000000
2   14   1   13   0.0000000000
2   14   1   14   -0.0000000002
2   14   2   13   0.0000000001
2   14   2   14   0.6126887852
2   14   3   13   -0.0000000000
2   14   3   14   0.0000000016
2   14   4   13   -0.0000000000
2   14   4   14   0.0068912633
2   14   5   13   0.0000000000
2   14   5   14   0.0000000023
2   14   6   8   0.0000000000
2   14   6   9   0.0000000000
2   14   7   8   0.0000000001
2   14   7   9   0.0129351930
2   14   7   10   -0.0000000050
2   14   7   11   -0.0124603850
2   14   7   12   -0.0000000009
3   8   1   8   0.1898202287
3   8   1   9   -0.0000000698
3   8   1   10   0.0292734730
3   8   1   11   -0.0000000214
3   8   1   12   0.0041812906
3   8   2   8   -0.0000000705
3   8   2   9   0.1919095983
3   8   2   10   -0.0000000000
3   8   2   11   0.0293612150
3   8   2   12   -0.0000000001
3   8   3   8   0.6673658438
3   8   3   9   -0.0000000002
3   8   3   10   0.0051121704
3   8   3   11   -0.0000000040
3   8   3   12   0.0134444264
3   8   4   8   -0.0000002105
3   8   4   9   0.2899501735
3   8   4   10   -0.0000000031
3   8   4   11   0.0073609900
3   8   4   12   0.0000000006
3   8   5   8   -0.0412225253
3   8   5   9   0.0000000001
3   8   5   10   0.0039949855
3   8   5   11   0.0000000011
3   8   5   12   -0.0144768294
3   8   6   13   -0.0133598933
3   8   6   14   0.0000000000
3   8   7   13   0.0000000000
3   8   7   14   -0.0133598933
3   9   1   8   -0.0000000698
3   9   1   9   0.1898669943
3   9   1   10   -0.0000000000
3   9   1   11   0.0293413725
3   9   1   12   -0.0000000001
3   9   2   8   0.1919014839
3   9   2   9   0.0000002080
3   9   2   10   0.0292695800
3   9   2   11   0.0000000213
3   9   2   12   0.0042705426
3   9   3   8   -0.0000000002
3   9   3   9   0.6673542551
3   9   3   10   0.0000000018
3   9   3   11   0.0112341172
3   9   3   12   0.0000000050
3   9   4   8   0.2899643006
3   9   4   9   0.0000002104
3   9   4   10   0.0085917293
3   9   4   11   0.0000000027
3   9   4   12   -0.0013613977
3   9   5   8   0.0000000001
3   9   5   9   -0.0411981898
3   9   5   10   0.0000000015
3   9   5   11   -0.0030724420
3   9   5   12   -0.0000000054
3   9   6   13   -0.0000000048
3   9   6   14   0.0000000000
3   9   7   13   0.0000000000
3   9   7   14   -0.0000000048
3   10   1   8   0.0272553572
3   10   1   9   0.0000000001
3   10   1   10   0.0051121704
3   10   1   11   -0.0000000032
3   10   1   12   0.0043070126
3   10   2   8   0.0000000001
3   10   2   9   0.0272258817
3   10   2   10   0.0000000018
3   10   2   11   0.0089477272
3   10   2   12   0.0000000016
3   10   3   8   0.0051121704
3   10   3   9   0.0000000018
3   10   3   10   0.5652411205
3   10   3   11   0.0000000001
3   10   3   12   -0.0819640276
3   10   4   8   -0.0000000032
3   10   4   9   0.0089477272
3   10   4   10   0.0000000001
3   10   4   11   0.1396026468
3   10   4   12   0.0000000000
3   10   5   8   0.0043070126
3   10   5   9   0.0000000016
3   10   5   10   -0.0819640276
3   10   5   11   0.0000000000
3   10   5   12   0.0732848160
3   10   6   13   0.0684997670
3   10   6   14   -0.0000000001
3   10   7   13   -0.0000000001
3   10   7   14   0.0684997668
3   11   1   8   -0.0000000200
3   11   1   9   0.0275637904
3   11   1   10   -0.0000000031
3   11   1   11   0.0100209834
3   11   1   12   -0.0000000024
3   11   2   8   0.0275974179
3   11   2   9   0.0000000201
3   11   2   10   0.0085917293
3   11   2   11   0.0000000037
3   11   2   12   0.0070703870
3   11   3   8   -0.0000000040
3   11   3   9   0.0112341172
3   11   3   10   0.0000000001
3   11   3   11   0.4807136539
3   11   3   12   -0.0000000002
3   11   4   8   0.0071568591
3   11   4   9   0.0000000026
3   11   4   10   0.1422175919
3   11   4   11   0.0000000001
3   11   4   12   0.1041738296
3   11   5   8   0.0000000011
3   11   5   9   -0.0030971574
3   11   5   10   -0.0000000001
3   11   5   11   0.0000438290
3   11   5   12   0.0000000003
3   11   6   13   0.0000000006
3   11   6   14   -0.0000000000
3   11   7   13   -0.0000000000
3   11   7   14   0.0000000005
3   12   1   8   0.0045897383
3   12   1   9   -0.0000000001
3   12   1   10   0.0039949855
3   12   1   11   -0.0000000023
3   12   1   12   0.0065439067
3   12   2   8   -0.0000000001
3   12   2   9   0.0046877677
3   12   2   10   0.0000000015
3   12   2   11   0.0067534600
3   12   2   12   0.0000000025
3   12   3   8   0.0134444264
3   12   3   9   0.0000000050
3   12   3   10   -0.0819640276
3   12   3   11   -0.0000000002
3   12   3   12   0.5027801939
3   12   4   8   0.0000000007
3   12   4   9   -0.0017288135
3   12   4   10   -0.0000000001
3   12   4   11   0.1061035839
3   12   4   12   -0.0000000001
3   12   5   8   -0.0152346021
3   12   5   9   -0.0000000057
3   12   5   10   0.0769861612
3   12   5   11   0.0000000002
3   12   5   12   -0.0229769943
3   12   6   13   0.0036543623
3   12   6   14   0.0000000000
3   12   7   13   0.0000000000
3   12   7   14   0.0036543624
3   13   1   13   0.0044058384
3   13   1   14   -0.0000000000
3   13   2   13   0.0000000016
3   13   2   14   -0.0000000000
3   13   3   13   0.5002819835
3   13   3   14   0.0000000001
3   13   4   13   -0.0000000001
3   13   4   14   0.0000000000
3   13   5   13   -0.0410980866
3   13   5   14   -0.0000000001
3   13   6   8   -0.0140023008
3   13   6   9   -0.0000000050
3   13   6   10   0.0718528005
3   13   6   11   0.0000000001
3   13   6   12   0.0036451910
3   13   7   10   -0.0000000000
3   13   7   11   -0.0000000000
3   13   7   12   -0.0000000000
3   14   1   13   -0.0000000000
3   14   1   14   0.0044058384
3   14   2   13   -0.0000000000
3   14   2   14   0.0000000016
3   14   3   13   0.0000000001
3   14   3   14   0.5002819836
3   14   4   13   0.0000000000
3   14   4   14   -0.0000000001
3   14   5   13   -0.0000000001
3   14   5   14   -0.0410980868
3   14   6   10   -0.0000000000
3   14   6   11   -0.0000000000
3   14   6   12   -0.0000000000
3   14   7   8   -0.0140023008
3   14   7   9   -0.0000000050
3   14   7   10   0.0718528005
3   14   7   11   0.0000000001
3   14   7   12   0.0036451910
4   8   1   8   -0.0000002178
4   8   1   9   0.1994294333
4   8   1   10   -0.0000000214
4   8   1   11   0.0327301786
4   8   1   12   -0.0000000078
4   8   2   8   0.2013875529
4   8   2   9   0.0000000724
4   8   2   10   0.0293413725
4   8   2   11   -0.0000000000
4   8   2   12   0.0109472294
4   8   3   8   -0.0000002105
4   8   3   9   0.2899643006
4   8   3   10   -0.0000000032
4   8   3   11   0.0071568591
4   8   3   12   0.0000000007
4   8   4   8   0.6418159583
4   8   4   9   0.0000000001
4   8   4   10   0.0100209834
4   8   4   11   -0.0000000029
4   8   4   12   -0.0022213638
4   8   5   8   -0.0000001371
4   8   5   9   0.1892756354
4   8   5   10   -0.0000000023
4   8   5   11   0.0002289778
4   8   5   12   0.0000000046
4   8   6   13   0.0000000043
4   8   6   14   0.0000000000
4   8   7   13   0.0000000000
4   8   7   14   0.0000000043
4   9   1   8   0.1994305246
4   9   1   9   0.0000000717
4   9   1   10   0.0293612150
4   9   1   11   -0.0000000000
4   9   1   12   0.0108565010
4   9   2   8   0.0000000724
4   9   2   9   0.2014176109
4   9   2   10   0.0000000213
4   9   2   11   0.0327645959
4   9   2   12   0.0000000080
4   9   3   8   0.2899501735
4   9   3   9   0.0000002104
4   9   3   10   0.0089477272
4   9   3   11   0.0000000026
4   9   3   12   -0.0017288135
4   9   4   8   0.0000000001
4   9   4   9   0.6418411137
4   9   4   10   0.0000000037
4   9   4   11   0.0081223484
4   9   4   12   -0.0000000009
4   9   5   8   0.1892794308
4   9   5   9   0.0000001377
4   9   5   10   0.0067534600
4   9   5   11   0.0000000002
4   9   5   12   -0.0131164418
4   9   6   13   -0.0118265843
4   9   6   14   0.0000000000
4   9   7   13   0.0000000000
4   9   7   14   -0.0118265843
4   10   1   8   -0.0000000200
4   10   1   9   0.0275974179
4   10   1   10   -0.0000000040
4   10   1   11   0.0071568591
4   10   1   12   0.0000000011
4   10   2   8   0.0275637904
4   10   2   9   0.0000000201
4   10   2   10   0.0112341172
4   10   2   11   0.0000000026
4   10   2   12   -0.0030971574
4   10   3   8   -0.0000000031
4   10   3   9   0.0085917293
4   10   3   10   0.0000000001
4   10   3   11   0.1422175919
4   10   3   12   -0.0000000001
4   10   4   8   0.0100209834
4   10   4   9   0.0000000037
4   10   4   10   0.4807136539
4   10   4   11   0.0000000001
4   10   4   12   0.0000438290
4   10   5   8   -0.0000000024
4   10   5   9   0.0070703870
4   10   5   10   -0.0000000002
4   10   5   11   0.1041738296
4   10   5   12   0.0000000003
4   10   6   13   0.0000000006
4   10   6   14   -0.0000000000
4   10   7   13   -0.0000000000
4   10   7   14   0.0000000005
4   11   1   8   0.0304710952
4   11   1   9   0.0000000001
4   11   1   10   0.0073609900
4   11   1   11   -0.0000000029
4   11   1   12   0.0000951796
4   11   2   8   0.0000000001
4   11   2   9   0.0305104742
4   11   2   10   0.0000000027
4   11   2   11   0.0081223484
4   11   2   12   0.0000000001
4   11   3   8   0.0073609900
4   11   3   9   0.0000000027
4   11   3   10   0.1396026468
4   11   3   11   0.0000000001
4   11   3   12   0.1061035839
4   11   4   8   -0.0000000029
4   11   4   9   0.0081223484
4   11   4   10   0.0000000001
4   11   4   11   0.4892345496
4   11   4   12   0.0000000003
4   11   5   8   0.0000951796
4   11   5   9   0.0000000001
4   11   5   10   0.1061035839
4   11   5   11   0.0000000003
4   11   5   12   0.1205863675
4   11   6   13   0.0471258362
4   11   6   14   -0.0000000001
4   11   7   13   -0.0000000001
4   11   7   14   0.0471258360
4   12   1   8   -0.0000000070
4   12   1   9   0.0097847267
4   12   1   10   0.0000000011
4   12   1   11   0.0002289778
4   12   1   12   -0.0000000023
4   12   2   8   0.0098786653
4   12   2   9   0.0000000072
4   12   2   10   -0.0030724420
4   12   2   11   0.0000000002
4   12   2   12   0.0064714990
4   12   3   8   0.0000000006
4   12   3   9   -0.0013613977
4   12   3   10   0.0000000000
4   12   3   11   0.1041738296
4   12   3   12   -0.0000000001
4   12   4   8   -0.0022213638
4   12   4   9   -0.0000000009
4   12   4   10   0.0000438290
4   12   4   11   0.0000000003
4   12   4   12   0.4840138639
4   12   5   8   0.0000000048
4   12   5   9   -0.0137357364
4   12   5   10   0.0000000002
4   12   5   11   0.1224804927
4   12   5   12   0.0000000003
4   12   6   13   0.0000000004
4   12   6   14   -0.0000000000
4   12   7   13   -0.0000000000
4   12   7   14   0.0000000004
4   13   1   13   -0.0000000025
4   13   1   14   -0.0000000000
4   13   2   13   0.0068912634
4   13   2   14   -0.0000000000
4   13   3   13   -0.0000000001
4   13   3   14   0.0000000000
4   13   4   13   0.4564324364
4   13   4   14   0.0000000000
4   13   5   13   -0.0000000002
4   13   5   14   0.0000000000
4   13   6   8   0.0000000046
4   13   6   9   -0.0124603850
4   13   6   10   0.0000000001
4   13   6   11   0.0490629148
4   13   6   12   0.0000000001
4   13   7   10   -0.0000000000
4   13   7   11   -0.0000000000
4   13   7   12   -0.0000000000
4   14   1   13   -0.0000000000
4   14   1   14   -0.0000000025
4   14   2   13   -0.0000000000
4   14   2   14   0.0068912633
4   14   3   13   0.0000000000
4   14   3   14   -0.0000000001
4   14   4   13   0.0000000000
4   14   4   14   0.4564324364
4   14   5   13   0.0000000000
4   14   5   14   -0.0000000002
4   14   6   10   -0.0000000000
4   14   6   11   -0.0000000000
4   14   6   12   -0.0000000000
4   14   7   8   0.0000000046
4   14   7   9   -0.0124603850
4   14   7   10   0.0000000001
4   14   7   11   0.0490629148
4   14   7   12   0.0000000001
5   8   1   8   0.0513109191
5   8   1   9   -0.0000000156
5   8   1   10   0.0041812906
5   8   1   11   -0.0000000078
5   8   1   12   0.0156009614
5   8   2   8   -0.0000000129
5   8   2   9   0.0437790334
5   8   2   10   -0.0000000001
5   8   2   11   0.0108565010
5   8   2   12   0.0000000003
5   8   3   8   -0.0412225253
5   8   3   9   0.0000000001
5   8   3   10   0.0043070126
5   8   3   11   0.0000000011
5   8   3   12   -0.0152346021
5   8   4   8   -0.0000001371
5   8   4   9   0.1892794308
5   8   4   10   -0.0000000024
5   8   4   11   0.0000951796
5   8   4   12   0.0000000048
5   8   5   8   0.6422219768
5   8   5   9   0.0000000001
5   8   5   10   0.0065439067
5   8   5   11   -0.0000000023
5   8   5   12   0.0002155118
5   8   6   13   -0.0022923529
5   8   6   14   0.0000000000
5   8   7   13   0.0000000000
5   8   7   14   -0.0022923529
5   9   1   8   -0.0000000156
5   9   1   9   0.0513069128
5   9   1   10   -0.0000000001
5   9   1   11   0.0109472294
5   9   1   12   0.0000000003
5   9   2   8   0.0437819196
5   9   2   9   0.0000000507
5   9   2   10   0.0042705426
5   9   2   11   0.0000000080
5   9   2   12   0.0152522635
5   9   3   8   0.0000000001
5   9   3   9   -0.0411981898
5   9   3   10   0.0000000016
5   9   3   11   -0.0030971574
5   9   3   12   -0.0000000057
5   9   4   8   0.1892756354
5   9   4   9   0.0000001377
5   9   4   10   0.0070703870
5   9   4   11   0.0000000001
5   9   4   12   -0.0137357364
5   9   5   8   0.0000000001
5   9   5   9   0.6422193284
5   9   5   10   0.0000000025
5   9   5   11   0.0064714990
5   9   5   12   -0.0000000001
5   9   6   13   -0.0000000008
5   9   6   14   0.0000000000
5   9   7   13   0.0000000000
5   9   7   14   -0.0000000008
5   10   1   8   0.0045897383
5   10   1   9   -0.0000000001
5   10   1   10   0.0134444264
5   10   1   11   0.0000000007
5   10   1   12   -0.0152346021
5   10   2   8   -0.0000000001
5   10   2   9   0.0046877677
5   10   2   10   0.0000000050
5   10   2   11   -0.0017288135
5   10   2   12   -0.0000000057
5   10   3   8   0.0039949855
5   10   3   9   0.0000000015
5   10   3   10   -0.0819640276
5   10   3   11   -0.0000000001
5   10   3   12   0.0769861612
5   10   4   8   -0.0000000023
5   10   4   9   0.0067534600
5   10   4   10   -0.0000000002
5   10   4   11   0.1061035839
5   10   4   12   0.0000000002
5   10   5   8   0.0065439067
5   10   5   9   0.0000000025
5   10   5   10   0.5027801939
5   10   5   11   -0.0000000001
5   10   5   12   -0.0229769943
5   10   6   13   0.0036543623
5   10   6   14   0.0000000000
5   10   7   13   0.0000000000
5   10   7   14   0.0036543624
5   11   1   8   -0.0000000070
5   11   1   9   0.0098786653
5   11   1   10   0.0000000006
5   11   1   11   -0.0022213638
5   11   1   12   0.0000000048
5   11   2   8   0.0097847267
5   11   2   9   0.0000000072
5   11   2   10   -0.0013613977
5   11   2   11   -0.0000000009
5   11   2   12   -0.0137357364
5   11   3   8   0.0000000011
5   11   3   9   -0.0030724420
5   11   3   10   0.0000000000
5   11   3   11   0.0000438290
5   11   3   12   0.0000000002
5   11   4   8   0.0002289778
5   11   4   9   0.0000000002
5   11   4   10   0.1041738296
5   11   4   11   0.0000000003
5   11   4   12   0.1224804927
5   11   5   8   -0.0000000023
5   11   5   9   0.0064714990
5   11   5   10   -0.0000000001
5   11   5   11   0.4840138639
5   11   5   12   0.0000000003
5   11   6   13   0.0000000004
5   11   6   14   -0.0000000000
5   11   7   13   -0.0000000000
5   11   7   14   0.0000000004
5   12   1   8   0.0124194716
5   12   1   9   0.0000000004
5   12   1   10   -0.0144768294
5   12   1   11   0.0000000046
5   12   1   12   0.0002155118
5   12   2   8   0.0000000004
5   12   2   9   0.0120545623
5   12   2   10   -0.0000000054
5   12   2   11   -0.0131164418
5   12   2   12   -0.0000000001
5   12   3   8   -0.0144768294
5   12   3   9   -0.0000000054
5   12   3   10   0.0732848160
5   12   3   11   0.0000000003
5   12   3   12   -0.0229769943
5   12   4   8   0.0000000046
5   12   4   9   -0.0131164418
5   12   4   10   0.0000000003
5   12   4   11   0.1205863675
5   12   4   12   0.0000000003
5   12   5   8   0.0002155118
5   12   5   9   -0.0000000001
5   12   5   10   -0.0229769943
5   12   5   11   0.0000000003
5   12   5   12   0.5030847669
5   12   6   13   0.0138823498
5   12   6   14   -0.0000000001
5   12   7   13   -0.0000000001
5   12   7   14   0.0138823495
5   13   1   13   0.0058698513
5   13   1   14   0.0000000000
5   13   2   13   0.0000000022
5   13   2   14   0.0000000000
5   13   3   13   -0.0410980866
5   13   3   14   -0.0000000001
5   13   4   13   -0.0000000002
5   13   4   14   0.0000000000
5   13   5   13   0.4560113008
5   13   5   14   0.0000000002
5   13   6   8   -0.0024760641
5   13   6   9   -0.0000000009
5   13   6   10   0.0036451910
5   13   6   11   0.0000000001
5   13   6   12   0.0159022130
5   13   7   10   -0.0000000000
5   13   7   11   -0.0000000000
5   13   7   12   0.0000000000
5   14   1   13   0.0000000000
5   14   1   14   0.0058698513
5   14   2   13   0.0000000000
5   14   2   14   0.0000000023
5   14   3   13   -0.0000000001
5   14   3   14   -0.0410980868
5   14   4   13   0.0000000000
5   14   4   14   -0.0000000002
5   14   5   13   0.0000000002
5   14   5   14   0.4560113011
5   14   6   10   -0.0000000000
5   14   6   11   -0.0000000000
5   14   6   12   0.0000000000
5   14   7   8   -0.0024760641
5   14   7   9   -0.0000000009
5   14   7   10   0.0036451910
5   14   7   11   0.0000000001
5   14   7   12   0.0159022130
6   8   1   13   0.0131103440
6   8   1   14   0.0000000000
6   8   2   13   0.0000000001
6   8   2   14   0.0000000000
6   8   3   13   -0.0140023008
6   8   4   13   0.0000000046
6   8   5   13   -0.0024760641
6   8   6   8   0.6126990767
6   8   6   9   -0.0000000002
6   8   6   10   0.0044058384
6   8   6   11   -0.0000000025
6   8   6   12   0.0058698513
6   8   7   8   0.0000000001
6   8   7   9   0.0000000000
6   8   7   10   -0.0000000000
6   8   7   11   -0.0000000000
6   8   7   12   0.0000000000
6   9   1   13   0.0000000001
6   9   1   14   0.0000000000
6   9   2   13   0.0129351930
6   9   2   14   0.0000000000
6   9   3   13   -0.0000000050
6   9   4   13   -0.0124603850
6   9   5   13   -0.0000000009
6   9   6   8   -0.0000000002
6   9   6   9   0.6126887850
6   9   6   10   0.0000000016
6   9   6   11   0.0068912634
6   9   6   12   0.0000000022
6   9   7   8   0.0000000000
6   9   7   9   0.0000000001
6   9   7   10   -0.0000000000
6   9   7   11   -0.0000000000
6   9   7   12   0.0000000000
6   10   1   13   -0.0140023008
6   10   2   13   -0.0000000050
6   10   3   13   0.0718528005
6   10   3   14   -0.0000000000
6   10   4   13   0.0000000001
6   10   4   14   -0.0000000000
6   10   5   13   0.0036451910
6   10   5   14   -0.0000000000
6   10   6   8   0.0044058384
6   10   6   9   0.0000000016
6   10   6   10   0.5002819835
6   10   6   11   -0.0000000001
6   10   6   12   -0.0410980866
6   10   7   8   -0.0000000000
6   10   7   9   -0.0000000000
6   10   7   10   0.0000000001
6   10   7   11   0.0000000000
6   10   7   12   -0.0000000001
6   11   1   13   0.0000000046
6   11   2   13   -0.0124603850
6   11   3   13   0.0000000001
6   11   3   14   -0.0000000000
6   11   4   13   0.0490629148
6   11   4   14   -0.0000000000
6   11   5   13   0.0000000001
6   11   5   14   -0.0000000000
6   11   6   8   -0.0000000025
6   11   6   9   0.0068912634
6   11   6   10   -0.0000000001
6   11   6   11   0.4564324364
6   11   6   12   -0.0000000002
6   11   7   8   -0.0000000000
6   11   7   9   -0.0000000000
6   11   7   10   0.0000000000
6   11   7   11   0.0000000000
6   11   7   12   0.0000000000
6   12   1   13   -0.0024760641
6   12   2   13   -0.0000000009
6   12   3   13   0.0036451910
6   12   3   14   -0.0000000000
6   12   4   13   0.0000000001
6   12   4   14   -0.0000000000
6   12   5   13   0.0159022130
6   12   5   14   0.0000000000
6   12   6   8   0.0058698513
6   12   6   9   0.0000000022
6   12   6   10   -0.0410980866
6   12   6   11   -0.0000000002
6   12   6   12   0.4560113008
6   12   7   8   0.0000000000
6   12   7   9   0.0000000000
6   12   7   10   -0.0000000001
6   12   7   11   0.0000000000
6   12   7   12   0.0000000002
6   13   1   8   0.0102937761
6   13   1   9   0.0000000001
6   13   1   10   -0.0133598933
6   13   1   11   0.0000000043
6   13   1   12   -0.0022923529
6   13   2   8   0.0000000001
6   13   2   9   0.0101097680
6   13   2   10   -0.0000000048
6   13   2   11   -0.0118265843
6   13   2   12   -0.0000000008
6   13   3   8   -0.0133598933
6   13   3   9   -0.0000000048
6   13   3   10   0.0684997670
6   13   3   11   0.0000000006
6   13   3   12   0.0036543623
6   13   4   8   0.0000000043
6   13   4   9   -0.0118265843
6   13   4   10   0.0000000006
6   13   4   11   0.0471258362
6   13   4   12   0.0000000004
6   13   5   8   -0.0022923529
6   13   5   9   -0.0000000008
6   13   5   10   0.0036543623
6   13   5   11   0.0000000004
6   13   5   12   0.0138823498
6   13   6   13   0.4784033936
6   13   6   14   -0.0000000007
6   13   7   13   -0.0000000007
6   13   7   14   0.0124070589
6   14   1   8   -0.0000000000
6   14   1   9   0.0000000000
6   14   1   10   0.0000000000
6   14   1   11   0.0000000000
6   14   1   12   0.0000000000
6   14   2   8   0.0000000000
6   14   2   9   -0.0000000000
6   14   2   10   0.0000000000
6   14   2   11   0.0000000000
6   14   2   12   0.0000000000
6   14   3   8   0.0000000000
6   14   3   9   0.0000000000
6   14   3   10   -0.0000000001
6   14   3   11   -0.0000000000
6   14   3   12   0.0000000000
6   14   4   8   0.0000000000
6   14   4   9   0.0000000000
6   14   4   10   -0.0000000000
6   14   4   11   -0.0000000001
6   14   4   12   -0.0000000000
6   14   5   8   0.0000000000
6   14   5   9   0.0000000000
6   14   5   10   0.0000000000
6   14   5   11   -0.0000000000
6   14   5   12   -0.0000000001
6   14   6   13   -0.0000000007
6   14   6   14   0.4515090501
6   14   7   13   0.0144872847
6   14   7   14   0.0000000005
7   8   1   13   0.0000000000
7   8   1   14   0.0131103440
7   8   2   13   0.0000000000
7   8   2   14   0.0000000001
7   8   3   14   -0.0140023008
7   8   4   14   0.0000000046
7   8   5   14   -0.0024760641
7   8   6   8   0.0000000001
7   8   6   9   0.0000000000
7   8   6   10   -0.0000000000
7   8   6   11   -0.0000000000
7   8   6   12   0.0000000000
7   8   7   8   0.6126990769
7   8   7   9   -0.0000000002
7   8   7   10   0.0044058384
7   8   7   11   -0.0000000025
7   8   7   12   0.0058698513
7   9   1   13   0.0000000000
7   9   1   14   0.0000000001
7   9   2   13   0.0000000000
7   9   2   14   0.0129351930
7   9   3   14   -0.0000000050
7   9   4   14   -0.0124603850
7   9   5   14   -0.0000000009
7   9   6   8   0.0000000000
7   9   6   9   0.0000000001
7   9   6   10   -0.0000000000
7   9   6   11   -0.0000000000
7   9   6   12   0.0000000000
7   9   7   8   -0.0000000002
7   9   7   9   0.6126887852
7   9   7   10   0.0000000016
7   9   7   11   0.0068912633
7   9   7   12   0.0000000023
7   10   1   14   -0.0140023008
7   10   2   14   -0.0000000050
7   10   3   13   -0.0000000000
7   10   3   14   0.0718528005
7   10   4   13   -0.0000000000
7   10   4   14   0.0000000001
7   10   5   13   -0.0000000000
7   10   5   14   0.0036451910
7   10   6   8   -0.0000000000
7   10   6   9   -0.0000000000
7   10   6   10   0.0000000001
7   10   6   11   0.0000000000
7   10   6   12   -0.0000000001
7   10   7   8   0.0044058384
7   10   7   9   0.0000000016
7   10   7   10   0.5002819836
7   10   7   11   -0.0000000001
7   10   7   12   -0.0410980868
7   11   1   14   0.0000000046
7   11   2   14   -0.0124603850
7   11   3   13   -0.0000000000
7   11   3   14   0.0000000001
7   11   4   13   -0.0000000000
7   11   4   14   0.0490629148
7   11   5   13   -0.0000000000
7   11   5   14   0.0000000001
7   11   6   8   -0.0000000000
7   11   6   9   -0.0000000000
7   11   6   10   0.0000000000
7   11   6   11   0.0000000000
7   11   6   12   0.0000000000
7   11   7   8   -0.0000000025
7   11   7   9   0.0068912633
7   11   7   10   -0.0000000001
7   11   7   11   0.4564324364
7   11   7   12   -0.0000000002
7   12   1   14   -0.0024760641
7   12   2   14   -0.0000000009
7   12   3   13   -0.0000000000
7   12   3   14   0.0036451910
7   12   4   13   -0.0000000000
7   12   4   14   0.0000000001
7   12   5   13   0.0000000000
7   12   5   14   0.0159022130
7   12   6   8   0.0000000000
7   12   6   9   0.0000000000
7   12   6   10   -0.0000000001
7   12   6   11   0.0000000000
7   12   6   12   0.0000000002
7   12   7   8   0.0058698513
7   12   7   9   0.0000000023
7   12   7   10   -0.0410980868
7   12   7   11   -0.0000000002
7   12   7   12   0.4560113011
7   13   1   8   -0.0000000000
7   13   1   9   0.0000000000
7   13   1   10   0.0000000000
7   13   1   11   0.0000000000
7   13   1   12   0.0000000000
7   13   2   8   0.0000000000
7   13   2   9   -0.0000000000
7   13   2   10   0.0000000000
7   13   2   11   0.0000000000
7   13   2   12   0.0000000000
7   13   3   8   0.0000000000
7   13   3   9   0.0000000000
7   13   3   10   -0.0000000001
7   13   3   11   -0.0000000000
7   13   3   12   0.0000000000
7   13   4   8   0.0000000000
7   13   4   9   0.0000000000
7   13   4   10   -0.0000000000
7   13   4   11   -0.0000000001
7   13   4   12   -0.0000000000
7   13   5   8   0.0000000000
7   13   5   9   0.0000000000
7   13   5   10   0.0000000000
7   13   5   11   -0.0000000000
7   13   5   12   -0.0000000001
7   13   6   13   -0.0000000007
7   13   6   14   0.0144872847
7   13   7   13   0.4515090501
7   13   7   14   0.0000000005
7   14   1   8   0.0102937761
7   14   1   9   0.0000000002
7   14   1   10   -0.0133598933
7   14   1   11   0.0000000043
7   14   1   12   -0.0022923529
7   14   2   8   0.0000000002
7   14   2   9   0.0101097680
7   14   2   10   -0.0000000048
7   14   2   11   -0.0118265843
7   14   2   12   -0.0000000008
7   14   3   8   -0.0133598933
7   14   3   9   -0.0000000048
7   14   3   10   0.0684997668
7   14   3   11   0.0000000005
7   14   3   12   0.0036543624
7   14   4   8   0.0000000043
7   14   4   9   -0.0118265843
7   14   4   10   0.0000000005
7   14   4   11   0.0471258360
7   14   4   12   0.0000000004
7   14   5   8   -0.0022923529
7   14   5   9   -0.0000000008
7   14   5   10   0.0036543624
7   14   5   11   0.0000000004
7   14   5   12   0.0138823495
7   14   6   13   0.0124070589
7   14   6   14   0.0000000005
7   14   7   13   0.0000000005
7   14   7   14   0.4784033933

End IJKL Block
Begin ABCD Block
1   4   1   4   0.4617322266
1   4   1   5   0.0000000015
1   4   2   4   0.0000000015
1   4   2   5   0.0173094735
1   4   3   6   0.0194443581
1   5   1   4   0.0000000015
1   5   1   5   0.4273332729
1   5   2   4   0.0170894812
1   5   2   5   -0.0000000015
1   5   3   6   -0.0000000000
1   6   1   6   0.3882395948
1   6   2   6   -0.0000000037
1   6   3   4   0.0194575060
1   6   3   5   0.0000000000
2   4   1   4   0.0000000015
2   4   1   5   0.0170894812
2   4   2   4   0.4273332729
2   4   2   5   -0.0000000015
2   4   3   6   -0.0000000000
2   5   1   4   0.0173094735
2   5   1   5   -0.0000000015
2   5   2   4   -0.0000000015
2   5   2   5   0.4617322267
2   5   3   6   0.0194443581
2   6   1   6   -0.0000000037
2   6   2   6   0.3882396011
2   6   3   4   0.0000000000
2   6   3   5   0.0194575060
3   4   1   6   0.0194575060
3   4   2   6   0.0000000000
3   4   3   4   0.3882395948
3   4   3   5   -0.0000000037
3   5   1   6   0.0000000000
3   5   2   6   0.0194575060
3   5   3   4   -0.0000000037
3   5   3   5   0.3882396011
3   6   1   4   0.0194443581
3   6   1   5   -0.0000000000
3   6   2   4   -0.0000000000
3   6   2   5   0.0194443581
3   6   3   6   0.3861277187

End ABCD Block
Begin AIJB Block
1   8   1   4   0.0128757105
1   8   2   4   -0.0000000000
1   8   3   4   -0.0117580490
1   8   4   4   0.0000000051
1   8   5   4   -0.0042761163
1   8   5   5   -0.0000000000
1   8   6   6   -0.0033170096
1   8   7   6   -0.0000474449
1   9   1   4   -0.0000000000
1   9   2   4   0.0129969094
1   9   3   4   -0.0000000042
1   9   4   4   -0.0139183201
1   9   4   5   0.0000000000
1   9   5   4   -0.0000000016
1   9   6   6   -0.0000000012
1   9   7   6   -0.0000000000
1   10   1   4   -0.0117580490
1   10   2   4   -0.0000000042
1   10   3   4   0.0464236573
1   10   3   5   0.0000000000
1   10   4   4   0.0000000001
1   10   4   5   -0.0000000000
1   10   5   4   0.0161063038
1   10   5   5   -0.0000000000
1   10   6   6   -0.0564244404
1   10   7   6   -0.0008070689
1   11   1   4   0.0000000051
1   11   2   4   -0.0139183201
1   11   2   5   0.0000000000
1   11   3   4   0.0000000001
1   11   3   5   -0.0000000000
1   11   4   4   0.0669802541
1   11   4   5   -0.0000000000
1   11   5   4   -0.0000000001
1   11   5   5   -0.0000000000
1   11   6   6   0.0000000001
1   11   7   6   -0.0000000001
1   12   1   4   -0.0042761163
1   12   1   5   -0.0000000000
1   12   2   4   -0.0000000016
1   12   3   4   0.0161063038
1   12   3   5   -0.0000000000
1   12   4   4   -0.0000000001
1   12   4   5   -0.0000000000
1   12   5   4   0.0259449946
1   12   5   5   0.0000000001
1   12   6   6   0.0895443196
1   12   7   6   0.0012808001
1   13   1   6   0.0058725630
1   13   2   6   0.0000000021
1   13   3   6   -0.0216409154
1   13   4   6   -0.0000000006
1   13   5   6   0.0060588733
1   13   6   4   0.1632572026
1   13   6   5   0.0020845151
1   13   7   4   0.0020845128
1   13   7   5   -0.0169328055
1   14   1   6   0.0000839984
1   14   2   6   0.0000000000
1   14   3   6   -0.0003095415
1   14   4   6   -0.0000000000
1   14   5   6   0.0000866634
1   14   6   4   0.0020845128
1   14   6   5   -0.1287716250
1   14   7   4   0.0175527728
1   14   7   5   -0.0020845152
2   8   1   5   0.0128757105
2   8   2   5   -0.0000000000
2   8   3   5   -0.0117580490
2   8   4   5   0.0000000051
2   8   5   4   -0.0000000000
2   8   5   5   -0.0042761163
2   8   6   6   -0.0000474450
2   8   7   6   0.0033170096
2   9   1   5   -0.0000000000
2   9   2   5   0.0129969094
2   9   3   5   -0.0000000042
2   9   4   4   0.0000000000
2   9   4   5   -0.0139183201
2   9   5   5   -0.0000000016
2   9   6   6   -0.0000000000
2   9   7   6   0.0000000012
2   10   1   5   -0.0117580490
2   10   2   5   -0.0000000042
2   10   3   4   0.0000000000
2   10   3   5   0.0464236573
2   10   4   4   -0.0000000000
2   10   4   5   0.0000000001
2   10   5   4   -0.0000000000
2   10   5   5   0.0161063038
2   10   6   6   -0.0008070683
2   10   7   6   0.0564244409
2   11   1   5   0.0000000051
2   11   2   4   0.0000000000
2   11   2   5   -0.0139183201
2   11   3   4   -0.0000000000
2   11   3   5   0.0000000001
2   11   4   4   -0.0000000000
2   11   4   5   0.0669802541
2   11   5   4   -0.0000000000
2   11   5   5   -0.0000000001
2   11   6   6   0.0000000001
2   11   7   6   -0.0000000000
2   12   1   4   -0.0000000000
2   12   1   5   -0.0042761163
2   12   2   5   -0.0000000016
2   12   3   4   -0.0000000000
2   12   3   5   0.0161063038
2   12   4   4   -0.0000000000
2   12   4   5   -0.0000000001
2   12   5   4   0.0000000001
2   12   5   5   0.0259449945
2   12   6   6   0.0012807994
2   12   7   6   -0.0895443202
2   13   1   6   0.0000839984
2   13   2   6   0.0000000000
2   13   3   6   -0.0003095414
2   13   4   6   0.0000000000
2   13   5   6   0.0000866631
2   13   6   4   0.0020845151
2   13   6   5   0.0175527728
2   13   7   4   -0.1287716250
2   13   7   5   -0.0020845128
2   14   1   6   -0.0058725630
2   14   2   6   -0.0000000021
2   14   3   6   0.0216409156
2   14   4   6   0.0000000007
2   14   5   6   -0.0060588735
2   14   6   4   -0.0169328055
2   14   6   5   -0.0020845128
2   14   7   4   -0.0020845152
2   14   7   5   0.1632572027
3   8   1   6   0.0160288142
3   8   2   6   0.0000000001
3   8   3   6   -0.0057865541
3   8   4   6   0.0000000023
3   8   5   6   -0.0014048935
3   8   6   4   0.0058725630
3   8   6   5   0.0000839984
3   8   7   4   0.0000839984
3   8   7   5   -0.0058725630
3   9   1   6   0.0000000001
3   9   2   6   0.0162043400
3   9   3   6   -0.0000000022
3   9   4   6   -0.0068323624
3   9   5   6   -0.0000000006
3   9   6   4   0.0000000021
3   9   6   5   0.0000000000
3   9   7   4   0.0000000000
3   9   7   5   -0.0000000021
3   10   1   6   -0.0057865541
3   10   2   6   -0.0000000022
3   10   3   6   0.0586332068
3   10   4   6   0.0000000004
3   10   5   6   -0.0374169594
3   10   6   4   -0.0216409154
3   10   6   5   -0.0003095414
3   10   7   4   -0.0003095415
3   10   7   5   0.0216409156
3   11   1   6   0.0000000023
3   11   2   6   -0.0068323624
3   11   3   6   0.0000000004
3   11   4   6   0.0421656016
3   11   5   6   -0.0000000003
3   11   6   4   -0.0000000006
3   11   6   5   0.0000000000
3   11   7   4   -0.0000000000
3   11   7   5   0.0000000007
3   12   1   6   -0.0014048935
3   12   2   6   -0.0000000006
3   12   3   6   -0.0374169594
3   12   4   6   -0.0000000003
3   12   5   6   0.0885094504
3   12   6   4   0.0060588733
3   12   6   5   0.0000866631
3   12   7   4   0.0000866634
3   12   7   5   -0.0060588735
3   13   1   4   -0.0033170096
3   13   1   5   -0.0000474450
3   13   2   4   -0.0000000012
3   13   2   5   -0.0000000000
3   13   3   4   -0.0564244404
3   13   3   5   -0.0008070683
3   13   4   4   0.0000000001
3   13   4   5   0.0000000001
3   13   5   4   0.0895443196
3   13   5   5   0.0012807994
3   13   6   6   0.0203496106
3   13   7   6   0.0000000001
3   14   1   4   -0.0000474449
3   14   1   5   0.0033170096
3   14   2   4   -0.0000000000
3   14   2   5   0.0000000012
3   14   3   4   -0.0008070689
3   14   3   5   0.0564244409
3   14   4   4   -0.0000000001
3   14   4   5   -0.0000000000
3   14   5   4   0.0012808001
3   14   5   5   -0.0895443202
3   14   6   6   0.0000000001
3   14   7   6   0.0203496107

1   8   8   1   -0.5943268352
1   8   8   2   -0.0000000001
1   8   9   1   -0.0000000000
1   8   9   2   -0.0000000000
1   8   10   1   -0.0046165020
1   8   10   2   0.0000000000
1   8   11   1   0.0000000019
1   8   11   2   0.0000000000
1   8   12   1   -0.0022996809
1   8   12   2   0.0000000000
1   8   13   3   -0.0061563479
1   8   14   3   -0.0000880575
1   9   8   1   -0.0000000000
1   9   8   2   -0.0000000000
1   9   9   1   -0.5943344232
1   9   9   2   -0.0000000001
1   9   10   1   -0.0000000017
1   9   10   2   0.0000000000
1   9   11   1   -0.0052778820
1   9   11   2   0.0000000000
1   9   12   1   -0.0000000008
1   9   12   2   0.0000000000
1   9   13   3   -0.0000000022
1   9   14   3   -0.0000000000
1   10   8   1   -0.0046165020
1   10   8   2   0.0000000000
1   10   9   1   -0.0000000017
1   10   9   2   0.0000000000
1   10   10   1   -0.4764692687
1   10   10   2   -0.0000000001
1   10   11   1   -0.0000000001
1   10   11   2   -0.0000000001
1   10   12   1   0.0193349614
1   10   12   2   0.0000000000
1   10   13   3   0.0287262165
1   10   14   3   0.0004108863
1   11   8   1   0.0000000019
1   11   8   2   0.0000000000
1   11   9   1   -0.0052778820
1   11   9   2   0.0000000000
1   11   10   1   -0.0000000001
1   11   10   2   -0.0000000001
1   11   11   1   -0.4621110885
1   11   11   2   -0.0000000001
1   11   12   1   -0.0000000002
1   11   12   2   -0.0000000001
1   11   13   3   -0.0000000002
1   11   14   3   0.0000000000
1   12   8   1   -0.0022996809
1   12   8   2   0.0000000000
1   12   9   1   -0.0000000008
1   12   9   2   0.0000000000
1   12   10   1   0.0193349614
1   12   10   2   0.0000000000
1   12   11   1   -0.0000000002
1   12   11   2   -0.0000000001
1   12   12   1   -0.4578519800
1   12   12   2   -0.0000000001
1   12   13   3   -0.0091312706
1   12   14   3   -0.0001306094
1   13   8   3   -0.0060997645
1   13   9   3   -0.0000000022
1   13   10   3   0.0290349591
1   13   11   3   -0.0000000003
1   13   12   3   -0.0110771448
1   13   13   1   -0.4770484039
1   13   13   2   -0.0005207933
1   13   14   1   -0.0005207916
1   13   14   2   0.0197067953
1   14   8   3   -0.0000872481
1   14   9   3   -0.0000000000
1   14   10   3   0.0004153025
1   14   11   3   0.0000000000
1   14   12   3   -0.0001584424
1   14   13   1   -0.0005207916
1   14   13   2   0.0166958198
1   14   14   1   -0.4406457891
1   14   14   2   0.0005207931
2   8   8   1   -0.0000000001
2   8   8   2   -0.5943268351
2   8   9   1   -0.0000000000
2   8   9   2   -0.0000000000
2   8   10   1   0.0000000000
2   8   10   2   -0.0046165020
2   8   11   1   0.0000000000
2   8   11   2   0.0000000019
2   8   12   1   0.0000000000
2   8   12   2   -0.0022996809
2   8   13   3   -0.0000880575
2   8   14   3   0.0061563479
2   9   8   1   -0.0000000000
2   9   8   2   -0.0000000000
2   9   9   1   -0.0000000001
2   9   9   2   -0.5943344231
2   9   10   1   0.0000000000
2   9   10   2   -0.0000000017
2   9   11   1   0.0000000000
2   9   11   2   -0.0052778820
2   9   12   1   0.0000000000
2   9   12   2   -0.0000000008
2   9   13   3   -0.0000000000
2   9   14   3   0.0000000022
2   10   8   1   0.0000000000
2   10   8   2   -0.0046165020
2   10   9   1   0.0000000000
2   10   9   2   -0.0000000017
2   10   10   1   -0.0000000001
2   10   10   2   -0.4764692685
2   10   11   1   -0.0000000001
2   10   11   2   0.0000000000
2   10   12   1   0.0000000000
2   10   12   2   0.0193349613
2   10   13   3   0.0004108862
2   10   14   3   -0.0287262166
2   11   8   1   0.0000000000
2   11   8   2   0.0000000019
2   11   9   1   0.0000000000
2   11   9   2   -0.0052778820
2   11   10   1   -0.0000000001
2   11   10   2   0.0000000000
2   11   11   1   -0.0000000001
2   11   11   2   -0.4621110884
2   11   12   1   -0.0000000001
2   11   12   2   -0.0000000001
2   11   13   3   -0.0000000000
2   11   14   3   0.0000000002
2   12   8   1   0.0000000000
2   12   8   2   -0.0022996809
2   12   9   1   0.0000000000
2   12   9   2   -0.0000000008
2   12   10   1   0.0000000000
2   12   10   2   0.0193349613
2   12   11   1   -0.0000000001
2   12   11   2   -0.0000000001
2   12   12   1   -0.0000000001
2   12   12   2   -0.4578519798
2   12   13   3   -0.0001306094
2   12   14   3   0.0091312705
2   13   8   3   -0.0000872482
2   13   9   3   -0.0000000000
2   13   10   3   0.0004153022
2   13   11   3   -0.0000000000
2   13   12   3   -0.0001584421
2   13   13   1   -0.0005207933
2   13   13   2   -0.4406457890
2   13   14   1   0.0166958198
2   13   14   2   0.0005207916
2   14   8   3   0.0060997645
2   14   9   3   0.0000000022
2   14   10   3   -0.0290349593
2   14   11   3   0.0000000003
2   14   12   3   0.0110771451
2   14   13   1   0.0197067953
2   14   13   2   0.0005207916
2   14   14   1   0.0005207931
2   14   14   2   -0.4770484037
3   8   8   3   -0.5357575512
3   8   9   3   0.0000000001
3   8   10   3   -0.0031642618
3   8   11   3   0.0000000025
3   8   12   3   -0.0098302993
3   8   13   1   -0.0060997645
3   8   13   2   -0.0000872482
3   8   14   1   -0.0000872481
3   8   14   2   0.0060997645
3   9   8   3   0.0000000001
3   9   9   3   -0.5357539909
3   9   10   3   -0.0000000021
3   9   11   3   -0.0074900718
3   9   12   3   -0.0000000019
3   9   13   1   -0.0000000022
3   9   13   2   -0.0000000000
3   9   14   1   -0.0000000000
3   9   14   2   0.0000000022
3   10   8   3   -0.0031642618
3   10   9   3   -0.0000000021
3   10   10   3   -0.4453283693
3   10   11   3   0.0000000020
3   10   12   3   0.0449773730
3   10   13   1   0.0290349591
3   10   13   2   0.0004153022
3   10   14   1   0.0004153025
3   10   14   2   -0.0290349593
3   11   8   3   0.0000000025
3   11   9   3   -0.0074900718
3   11   10   3   0.0000000020
3   11   11   3   -0.4054240435
3   11   12   3   0.0000000025
3   11   13   1   -0.0000000003
3   11   13   2   -0.0000000000
3   11   14   1   0.0000000000
3   11   14   2   0.0000000003
3   12   8   3   -0.0098302993
3   12   9   3   -0.0000000019
3   12   10   3   0.0449773730
3   12   11   3   0.0000000025
3   12   12   3   -0.4290449824
3   12   13   1   -0.0110771448
3   12   13   2   -0.0001584421
3   12   14   1   -0.0001584424
3   12   14   2   0.0110771451
3   13   8   1   -0.0061563479
3   13   8   2   -0.0000880575
3   13   9   1   -0.0000000022
3   13   9   2   -0.0000000000
3   13   10   1   0.0287262165
3   13   10   2   0.0004108862
3   13   11   1   -0.0000000002
3   13   11   2   -0.0000000000
3   13   12   1   -0.0091312706
3   13   12   2   -0.0001306094
3   13   13   3   -0.4036764773
3   13   14   3   0.0000000021
3   14   8   1   -0.0000880575
3   14   8   2   0.0061563479
3   14   9   1   -0.0000000000
3   14   9   2   0.0000000022
3   14   10   1   0.0004108863
3   14   10   2   -0.0287262166
3   14   11   1   0.0000000000
3   14   11   2   0.0000000002
3   14   12   1   -0.0001306094
3   14   12   2   0.0091312705
3   14   13   3   0.0000000021
3   14   14   3   -0.4036764734

End AIJB Block
Begin IJKA Block
1   8   1   6   -0.0000001033
1   8   2   6   0.0966995750
1   8   3   6   -0.0000000123
1   8   4   6   0.0126825705
1   8   5   6   0.0000000051
1   8   6   4   0.0000000090
1   8   6   5   0.0000000001
1   8   7   4   0.0000000001
1   8   7   5   -0.0000000090
1   9   1   6   0.0912484241
1   9   2   6   0.0000000351
1   9   3   6   0.0170583315
1   9   4   6   0.0000000001
1   9   5   6   -0.0071780844
1   9   6   4   -0.0125111430
1   9   6   5   -0.0001789535
1   9   7   4   -0.0001789535
1   9   7   5   0.0125111431
1   10   1   6   -0.0000000963
1   10   2   6   0.1327548780
1   10   3   6   -0.0000000007
1   10   4   6   0.0063695545
1   10   5   6   -0.0000000036
1   10   6   4   -0.0000000043
1   10   6   5   -0.0000000001
1   10   7   4   -0.0000000001
1   10   7   5   0.0000000043
1   11   1   6   0.0828171875
1   11   2   6   -0.0000000002
1   11   3   6   0.0004280853
1   11   4   6   -0.0000000020
1   11   5   6   0.0109955515
1   11   6   4   0.0138539848
1   11   6   5   0.0001981609
1   11   7   4   0.0001981609
1   11   7   5   -0.0138539848
1   12   1   6   0.0000001291
1   12   2   6   -0.1775829018
1   12   3   6   0.0000000008
1   12   4   6   -0.0018147905
1   12   5   6   0.0000000001
1   12   6   4   -0.0000000014
1   12   6   5   -0.0000000000
1   12   7   4   -0.0000000000
1   12   7   5   0.0000000014
1   13   1   4   0.0000001859
1   13   1   5   0.0000000027
1   13   2   4   -0.2562461308
1   13   2   5   -0.0036652238
1   13   3   4   0.0000000015
1   13   3   5   0.0000000000
1   13   4   4   -0.0023760312
1   13   4   5   -0.0000339856
1   13   5   4   -0.0000000007
1   13   5   5   0.0000000000
1   13   6   6   0.0000000021
1   13   7   6   -0.0000000000
1   14   1   4   0.0000000027
1   14   1   5   -0.0000001859
1   14   2   4   -0.0036652239
1   14   2   5   0.2562461309
1   14   3   4   -0.0000000000
1   14   3   5   -0.0000000014
1   14   4   4   -0.0000339856
1   14   4   5   0.0023760312
1   14   5   4   -0.0000000000
1   14   5   5   0.0000000008
1   14   6   6   -0.0000000000
1   14   7   6   0.0000000021
2   8   1   6   0.0967038685
2   8   2   6   0.0000000370
2   8   3   6   0.0169887591
2   8   4   6   0.0000000001
2   8   5   6   -0.0069303373
2   8   6   4   -0.0123621478
2   8   6   5   -0.0001768223
2   8   7   4   -0.0001768223
2   8   7   5   0.0123621479
2   9   1   6   0.0000000351
2   9   2   6   0.0912865843
2   9   3   6   0.0000000124
2   9   4   6   0.0126134034
2   9   5   6   -0.0000000052
2   9   6   4   -0.0000000091
2   9   6   5   -0.0000000001
2   9   7   4   -0.0000000001
2   9   7   5   0.0000000090
2   10   1   6   0.1327389190
2   10   2   6   0.0000000964
2   10   3   6   0.0017755979
2   10   4   6   0.0000000023
2   10   5   6   0.0103479353
2   10   6   4   0.0115797639
2   10   6   5   0.0001656315
2   10   7   4   0.0001656315
2   10   7   5   -0.0115797639
2   11   1   6   -0.0000000002
2   11   2   6   0.0827982009
2   11   3   6   0.0000000001
2   11   4   6   0.0055335854
2   11   5   6   0.0000000043
2   11   6   4   0.0000000050
2   11   6   5   0.0000000001
2   11   7   4   0.0000000001
2   11   7   5   -0.0000000050
2   12   1   6   -0.1775652822
2   12   2   6   -0.0000001287
2   12   3   6   -0.0021723835
2   12   4   6   -0.0000000006
2   12   5   6   0.0001804277
2   12   6   4   0.0039031913
2   12   6   5   0.0000558294
2   12   7   4   0.0000558294
2   12   7   5   -0.0039031913
2   13   1   4   -0.2562172869
2   13   1   5   -0.0036648113
2   13   2   4   -0.0000001860
2   13   2   5   -0.0000000027
2   13   3   4   -0.0039787939
2   13   3   5   -0.0000569108
2   13   4   4   -0.0000000008
2   13   4   5   0.0000000000
2   13   5   4   0.0021055005
2   13   5   5   0.0000301161
2   13   6   6   -0.0057486887
2   13   7   6   -0.0000000000
2   14   1   4   -0.0036648113
2   14   1   5   0.2562172870
2   14   2   4   -0.0000000027
2   14   2   5   0.0000001860
2   14   3   4   -0.0000569108
2   14   3   5   0.0039787940
2   14   4   4   -0.0000000000
2   14   4   5   0.0000000009
2   14   5   4   0.0000301161
2   14   5   5   -0.0021055005
2   14   6   6   -0.0000000000
2   14   7   6   -0.0057486887
3   8   1   6   -0.0000000127
3   8   2   6   0.0175825152
3   8   3   6   0.0000000020
3   8   4   6   0.0059640100
3   8   5   6   -0.0000000045
3   8   6   4   -0.0000000052
3   8   6   5   -0.0000000001
3   8   7   4   -0.0000000001
3   8   7   5   0.0000000052
3   9   1   6   0.0176375257
3   9   2   6   0.0000000128
3   9   3   6   -0.0058710903
3   9   4   6   0.0000000021
3   9   5   6   0.0128802239
3   9   6   4   0.0141332928
3   9   6   5   0.0002021560
3   9   7   4   0.0002021560
3   9   7   5   -0.0141332928
3   10   1   6   -0.0000000005
3   10   2   6   0.0013706022
3   10   3   6   0.0000000005
3   10   4   6   0.0532576066
3   10   5   6   -0.0000000009
3   10   6   4   -0.0000000005
3   10   6   5   -0.0000000000
3   10   7   4   0.0000000000
3   10   7   5   0.0000000004
3   11   1   6   0.0002813394
3   11   2   6   0.0000000000
3   11   3   6   0.0722914821
3   11   4   6   0.0000000001
3   11   5   6   -0.0447032124
3   11   6   4   -0.0610837621
3   11   6   5   -0.0008737133
3   11   7   4   -0.0008737133
3   11   7   5   0.0610837621
3   12   1   6   0.0000000007
3   12   2   6   -0.0020141415
3   12   3   6   0.0000000002
3   12   4   6   -0.0924932066
3   12   5   6   0.0000000001
3   12   6   4   0.0000000002
3   12   6   5   0.0000000000
3   12   7   4   -0.0000000000
3   12   7   5   -0.0000000001
3   13   1   4   0.0000000013
3   13   1   5   0.0000000000
3   13   2   4   -0.0036170197
3   13   2   5   -0.0000517361
3   13   3   4   0.0000000000
3   13   3   5   0.0000000000
3   13   4   4   -0.1365229770
3   13   4   5   -0.0019527604
3   13   5   4   0.0000000001
3   13   5   5   -0.0000000001
3   13   6   6   0.0000000003
3   13   7   6   0.0000000001
3   14   1   4   -0.0000000000
3   14   1   5   -0.0000000013
3   14   2   4   -0.0000517362
3   14   2   5   0.0036170198
3   14   3   4   -0.0000000000
3   14   3   5   -0.0000000000
3   14   4   4   -0.0019527602
3   14   4   5   0.1365229769
3   14   5   4   0.0000000001
3   14   5   5   -0.0000000002
3   14   6   6   0.0000000001
3   14   7   6   0.0000000004
4   8   1   6   0.0131970826
4   8   2   6   -0.0000000000
4   8   3   6   0.0060957043
4   8   4   6   -0.0000000029
4   8   5   6   0.0140272077
4   8   6   4   0.0130495603
4   8   6   5   0.0001866548
4   8   7   4   0.0001866548
4   8   7   5   -0.0130495603
4   9   1   6   -0.0000000000
4   9   2   6   0.0131325080
4   9   3   6   0.0000000022
4   9   4   6   0.0083447589
4   9   5   6   0.0000000054
4   9   6   4   0.0000000047
4   9   6   5   0.0000000001
4   9   7   4   0.0000000001
4   9   7   5   -0.0000000047
4   10   1   6   0.0059192585
4   10   2   6   0.0000000022
4   10   3   6   0.0538515298
4   10   4   6   0.0000000002
4   10   5   6   0.0004577874
4   10   6   4   -0.0465112096
4   10   6   5   -0.0006652744
4   10   7   4   -0.0006652744
4   10   7   5   0.0465112095
4   11   1   6   -0.0000000018
4   11   2   6   0.0051580293
4   11   3   6   0.0000000004
4   11   4   6   0.0223578499
4   11   5   6   -0.0000000014
4   11   6   4   -0.0000000007
4   11   6   5   -0.0000000000
4   11   7   5   0.0000000006
4   12   1   6   -0.0017568684
4   12   2   6   -0.0000000006
4   12   3   6   -0.0927926913
4   12   4   6   0.0000000002
4   12   5   6   -0.0766772436
4   12   6   4   -0.0200868193
4   12   6   5   -0.0002873124
4   12   7   4   -0.0002873124
4   12   7   5   0.0200868193
4   13   1   4   -0.0025067802
4   13   1   5   -0.0000358558
4   13   2   4   -0.0000000009
4   13   2   5   0.0000000000
4   13   3   4   -0.1355985013
4   13   3   5   -0.0019395371
4   13   4   4   -0.0000000003
4   13   4   5   -0.0000000001
4   13   5   4   -0.0992584876
4   13   5   5   -0.0014197467
4   13   6   6   0.0160933328
4   13   7   6   0.0000000002
4   14   1   4   -0.0000358558
4   14   1   5   0.0025067802
4   14   2   4   -0.0000000001
4   14   2   5   0.0000000009
4   14   3   4   -0.0019395370
4   14   3   5   0.1355985012
4   14   4   4   0.0000000001
4   14   4   5   0.0000000002
4   14   5   4   -0.0014197465
4   14   5   5   0.0992584874
4   14   6   6   0.0000000002
4   14   7   6   0.0160933332
5   8   1   6   0.0000000054
5   8   2   6   -0.0075898250
5   8   3   6   -0.0000000046
5   8   4   6   0.0143334250
5   8   5   6   -0.0000000016
5   8   6   4   -0.0000000010
5   8   6   5   -0.0000000000
5   8   7   4   -0.0000000000
5   8   7   5   0.0000000010
5   9   1   6   -0.0078113640
5   9   2   6   -0.0000000058
5   9   3   6   0.0131366223
5   9   4   6   0.0000000055
5   9   5   6   0.0048960972
5   9   6   4   0.0027485884
5   9   6   5   0.0000393145
5   9   7   4   0.0000393145
5   9   7   5   -0.0027485884
5   10   1   6   -0.0000000035
5   10   2   6   0.0099187518
5   10   3   6   -0.0000000002
5   10   4   6   0.0017716520
5   10   5   6   0.0000000003
5   10   6   4   -0.0000000001
5   10   6   5   0.0000000000
5   10   7   4   -0.0000000000
5   10   7   5   0.0000000001
5   11   1   6   0.0102367795
5   11   2   6   0.0000000040
5   11   3   6   -0.0428538510
5   11   4   6   -0.0000000002
5   11   5   6   0.0221895218
5   11   6   4   -0.0148030391
5   11   6   5   -0.0002117357
5   11   7   4   -0.0002117357
5   11   7   5   0.0148030391
5   12   1   6   0.0000000002
5   12   2   6   0.0001751834
5   12   3   6   0.0000000008
5   12   4   6   -0.0778753482
5   12   5   6   -0.0000000018
5   12   6   4   -0.0000000005
5   12   6   5   -0.0000000001
5   12   7   4   0.0000000001
5   12   7   5   0.0000000004
5   13   1   4   -0.0000000006
5   13   1   5   0.0000000000
5   13   2   4   0.0017172699
5   13   2   5   0.0000245630
5   13   3   4   -0.0000000001
5   13   3   5   -0.0000000001
5   13   4   4   -0.0984213107
5   13   4   5   -0.0014077721
5   13   5   4   -0.0000000004
5   13   5   5   -0.0000000001
5   13   6   6   0.0000000003
5   13   7   6   -0.0000000000
5   14   1   4   -0.0000000000
5   14   1   5   0.0000000006
5   14   2   4   0.0000245630
5   14   2   5   -0.0017172698
5   14   3   4   0.0000000001
5   14   3   5   -0.0000000000
5   14   4   4   -0.0014077720
5   14   4   5   0.0984213106
5   14   5   4   0.0000000000
5   14   5   5   0.0000000003
5   14   6   6   -0.0000000000
5   14   7   6   0.0000000002
6   8   1   4   0.0000000098
6   8   1   5   0.0000000001
6   8   2   4   -0.0134231891
6   8   2   5   -0.0001919990
6   8   3   4   -0.0000000054
6   8   3   5   -0.0000000001
6   8   4   4   0.0136215371
6   8   4   5   0.0001948360
6   8   5   4   -0.0000000011
6   8   5   5   -0.0000000000
6   8   6   6   0.0000000004
6   8   7   6   0.0000000000
6   9   1   4   -0.0135515931
6   9   1   5   -0.0001938356
6   9   2   4   -0.0000000098
6   9   2   5   -0.0000000001
6   9   3   4   0.0147305710
6   9   3   5   0.0002106991
6   9   4   4   0.0000000049
6   9   4   5   0.0000000001
6   9   5   4   0.0029558284
6   9   5   5   0.0000422788
6   9   6   6   -0.0014135443
6   9   7   6   -0.0000000000
6   10   1   4   -0.0000000042
6   10   1   5   -0.0000000001
6   10   2   4   0.0114914318
6   10   2   5   0.0001643680
6   10   3   4   -0.0000000001
6   10   3   5   -0.0000000000
6   10   4   4   -0.0455590143
6   10   4   5   -0.0006516547
6   10   5   4   -0.0000000000
6   10   5   5   -0.0000000000
6   10   6   6   0.0000000003
6   10   7   6   -0.0000000000
6   11   1   4   0.0131198784
6   11   1   5   0.0001876606
6   11   2   4   0.0000000047
6   11   2   5   0.0000000001
6   11   3   4   -0.0582878667
6   11   3   5   -0.0008337222
6   11   4   4   -0.0000000003
6   11   4   5   -0.0000000000
6   11   5   4   -0.0169610873
6   11   5   5   -0.0002426035
6   11   6   6   0.0518994689
6   11   7   6   0.0000000002
6   12   1   4   -0.0000000013
6   12   1   5   -0.0000000000
6   12   2   4   0.0036713601
6   12   2   5   0.0000525134
6   12   3   4   0.0000000001
6   12   3   5   0.0000000001
6   12   4   4   -0.0212668083
6   12   4   5   -0.0003041904
6   12   5   4   -0.0000000005
6   12   5   5   -0.0000000001
6   12   6   6   0.0000000001
6   12   7   6   0.0000000001
6   13   1   6   0.0000000019
6   13   2   6   -0.0051867799
6   13   3   6   0.0000000001
6   13   4   6   0.0150065834
6   13   5   6   -0.0000000010
6   13   6   4   -0.0000000011
6   13   6   5   0.0000000003
6   13   7   4   -0.0000000003
6   13   7   5   0.0000000006
6   14   1   6   0.0000000000
6   14   2   6   0.0000000000
6   14   3   6   -0.0000000000
6   14   4   6   -0.0000000001
6   14   5   6   -0.0000000002
6   14   6   4   -0.0000000003
6   14   6   5   0.0000000000
6   14   7   4   -0.0000000002
6   14   7   5   -0.0000000004
7   8   1   4   0.0000000001
7   8   1   5   -0.0000000098
7   8   2   4   -0.0001919990
7   8   2   5   0.0134231891
7   8   3   4   -0.0000000001
7   8   3   5   0.0000000054
7   8   4   4   0.0001948360
7   8   4   5   -0.0136215370
7   8   5   4   -0.0000000000
7   8   5   5   0.0000000011
7   8   6   6   0.0000000000
7   8   7   6   0.0000000004
7   9   1   4   -0.0001938356
7   9   1   5   0.0135515931
7   9   2   4   -0.0000000001
7   9   2   5   0.0000000098
7   9   3   4   0.0002106991
7   9   3   5   -0.0147305710
7   9   4   4   0.0000000001
7   9   4   5   -0.0000000049
7   9   5   4   0.0000422788
7   9   5   5   -0.0029558284
7   9   6   6   -0.0000000000
7   9   7   6   -0.0014135443
7   10   1   4   -0.0000000001
7   10   1   5   0.0000000042
7   10   2   4   0.0001643680
7   10   2   5   -0.0114914318
7   10   3   4   0.0000000000
7   10   3   5   0.0000000001
7   10   4   4   -0.0006516546
7   10   4   5   0.0455590142
7   10   5   4   0.0000000000
7   10   5   5   -0.0000000000
7   10   6   6   -0.0000000000
7   10   7   6   0.0000000003
7   11   1   4   0.0001876606
7   11   1   5   -0.0131198784
7   11   2   4   0.0000000001
7   11   2   5   -0.0000000047
7   11   3   4   -0.0008337222
7   11   3   5   0.0582878667
7   11   4   4   -0.0000000000
7   11   4   5   0.0000000003
7   11   5   4   -0.0002426033
7   11   5   5   0.0169610871
7   11   6   6   0.0000000002
7   11   7   6   0.0518994692
7   12   1   4   -0.0000000000
7   12   1   5   0.0000000013
7   12   2   4   0.0000525134
7   12   2   5   -0.0036713601
7   12   3   4   -0.0000000001
7   12   3   5   0.0000000000
7   12   4   4   -0.0003041904
7   12   4   5   0.0212668083
7   12   5   4   0.0000000001
7   12   5   5   0.0000000003
7   12   6   6   0.0000000001
7   12   7   6   0.0000000002
7   13   1   6   0.0000000000
7   13   2   6   0.0000000000
7   13   3   6   -0.0000000000
7   13   4   6   -0.0000000001
7   13   5   6   -0.0000000002
7   13   6   4   -0.0000000003
7   13   6   5   0.0000000002
7   13   7   4   -0.0000000001
7   13   7   5   -0.0000000004
7   14   1   6   0.0000000019
7   14   2   6   -0.0051867799
7   14   3   6   0.0000000001
7   14   4   6   0.0150065832
7   14   5   6   -0.0000000015
7   14   6   4   -0.0000000006
7   14   6   5   -0.0000000004
7   14   7   4   0.0000000004
7   14   7   5   0.0000000009

End IJKA Block
Begin IABC Block
1   4   1   6   0.0000000022
1   4   2   6   -0.0000000000
1   4   3   4   -0.0000000003
1   4   3   5   -0.0000000000
1   5   1   6   -0.0000000000
1   5   2   6   0.0000000022
1   5   3   4   -0.0000000000
1   5   3   5   -0.0000000003
1   6   1   4   0.0000000021
1   6   1   5   -0.0000000000
1   6   2   4   -0.0000000000
1   6   2   5   0.0000000021
1   6   3   6   0.0000000031
2   4   1   6   -0.0058754100
2   4   2   6   0.0000000000
2   4   3   4   0.0008325665
2   4   3   5   0.0000000000
2   5   1   6   0.0000000000
2   5   2   6   -0.0058754100
2   5   3   4   0.0000000000
2   5   3   5   0.0008325665
2   6   1   4   -0.0057927511
2   6   2   5   -0.0057927511
2   6   3   6   -0.0042774167
3   4   1   6   0.0000000000
3   4   2   6   0.0000000000
3   4   3   4   0.0000000003
3   4   3   5   0.0000000001
3   5   1   6   0.0000000000
3   5   2   6   -0.0000000000
3   5   3   4   0.0000000001
3   5   3   5   0.0000000002
3   6   1   4   -0.0000000002
3   6   1   5   0.0000000000
3   6   2   4   0.0000000000
3   6   2   5   -0.0000000003
3   6   3   6   0.0000000150
4   4   1   6   0.0177841994
4   4   2   6   -0.0000000001
4   4   3   4   0.0419050770
4   4   3   5   -0.0000000000
4   5   1   6   -0.0000000001
4   5   2   6   0.0177841995
4   5   3   4   -0.0000000000
4   5   3   5   0.0419050770
4   6   1   4   0.0161286444
4   6   1   5   -0.0000000000
4   6   2   4   -0.0000000000
4   6   2   5   0.0161286444
4   6   3   6   0.0358163906
5   4   1   6   -0.0000000038
5   4   2   6   0.0000000000
5   4   3   4   0.0000000001
5   4   3   5   -0.0000000001
5   5   1   6   0.0000000000
5   5   2   6   -0.0000000038
5   5   3   4   -0.0000000001
5   5   3   5   0.0000000002
5   6   1   4   -0.0000000037
5   6   1   5   0.0000000000
5   6   2   4   0.0000000000
5   6   2   5   -0.0000000038
5   6   3   6   -0.0000000234
6   4   1   4   -0.0000000000
6   4   1   5   -0.0000000001
6   4   2   4   -0.0000000000
6   4   2   5   -0.0000000001
6   4   3   6   -0.0000000048
6   5   1   4   -0.0000000001
6   5   1   5   0.0000000002
6   5   2   4   -0.0000000000
6   5   2   5   0.0000000000
6   5   3   6   -0.0000000001
6   6   1   6   -0.0000000019
6   6   2   6   0.0000000006
6   6   3   4   -0.0000000031
6   6   3   5   0.0000000000
7   4   1   4   0.0000000000
7   4   1   5   0.0000000000
7   4   2   4   -0.0000000001
7   4   2   5   0.0000000000
7   4   3   6   -0.0000000000
7   5   1   4   0.0000000001
7   5   1   5   -0.0000000000
7   5   2   4   0.0000000000
7   5   2   5   -0.0000000001
7   5   3   6   0.0000000047
7   6   1   6   -0.0000000007
7   6   2   6   0.0000000031
7   6   3   4   -0.0000000001
7   6   3   5   0.0000000032

End IABC Block
