0   103   5   12      -0.260312900990
0   103   5   13       0.115771428888
0   103   6   12       0.115771433918
0   103   6   13      -0.111543502658
0   104   5   12      -0.115771426752
0   104   5   13      -0.068977907794
0   104   6   12      -0.079791501887
0   104   6   13       0.115771425978
0   105   4   12       0.059381638937
0   105   5   11       0.078660143781
1   103   5   12      -0.115771426982
1   103   5   13      -0.079791502363
1   103   6   12      -0.068977910233
1   103   6   13       0.115771427643
1   104   5   12      -0.111543502669
1   104   5   13      -0.115771435589
1   104   6   12      -0.115771429162
1   104   6   13      -0.260312900252
1   105   4   13       0.059381639004
1   105   6   11       0.078660143459
2   103   4   12       0.078660143781
2   103   5   11       0.059381638937
2   104   4   13       0.078660143459
2   104   6   11       0.059381639004
2   105   4   11      -0.144984781670
0   103   12   5       0.260312900990
0   103   12   6      -0.115771433918
0   103   13   5      -0.115771428888
0   103   13   6       0.111543502658
0   104   12   5       0.115771426752
0   104   12   6       0.079791501887
0   104   13   5       0.068977907794
0   104   13   6      -0.115771425978
0   105   11   5      -0.078660143781
0   105   12   4      -0.059381638937
1   103   12   5       0.115771426982
1   103   12   6       0.068977910233
1   103   13   5       0.079791502363
1   103   13   6      -0.115771427643
1   104   12   5       0.111543502669
1   104   12   6       0.115771429162
1   104   13   5       0.115771435589
1   104   13   6       0.260312900252
1   105   11   6      -0.078660143459
1   105   13   4      -0.059381639004
2   103   11   5      -0.059381638937
2   103   12   4      -0.078660143781
2   104   11   6      -0.059381639004
2   104   13   4      -0.078660143459
2   105   11   4       0.144984781670
103   0   5   12       0.260312900990
103   0   5   13      -0.115771428888
103   0   6   12      -0.115771433918
103   0   6   13       0.111543502658
103   1   5   12       0.115771426982
103   1   5   13       0.079791502363
103   1   6   12       0.068977910233
103   1   6   13      -0.115771427643
103   2   4   12      -0.078660143781
103   2   5   11      -0.059381638937
104   0   5   12       0.115771426752
104   0   5   13       0.068977907794
104   0   6   12       0.079791501887
104   0   6   13      -0.115771425978
104   1   5   12       0.111543502669
104   1   5   13       0.115771435589
104   1   6   12       0.115771429162
104   1   6   13       0.260312900252
104   2   4   13      -0.078660143459
104   2   6   11      -0.059381639004
105   0   4   12      -0.059381638937
105   0   5   11      -0.078660143781
105   1   4   13      -0.059381639004
105   1   6   11      -0.078660143459
105   2   4   11       0.144984781670
103   0   12   5      -0.260312900990
103   0   12   6       0.115771433918
103   0   13   5       0.115771428888
103   0   13   6      -0.111543502658
103   1   12   5      -0.115771426982
103   1   12   6      -0.068977910233
103   1   13   5      -0.079791502363
103   1   13   6       0.115771427643
103   2   11   5       0.059381638937
103   2   12   4       0.078660143781
104   0   12   5      -0.115771426752
104   0   12   6      -0.079791501887
104   0   13   5      -0.068977907794
104   0   13   6       0.115771425978
104   1   12   5      -0.111543502669
104   1   12   6      -0.115771429162
104   1   13   5      -0.115771435589
104   1   13   6      -0.260312900252
104   2   11   6       0.059381639004
104   2   13   4       0.078660143459
105   0   11   5       0.078660143781
105   0   12   4       0.059381638937
105   1   11   6       0.078660143459
105   1   13   4       0.059381639004
105   2   11   4      -0.144984781670

