Begin IJ Block
1   1   -26.1821866513
1   2   0.0000000083
1   3   0.4752106532
1   4   -0.0000034960
1   5   0.0806448678
2   2   -26.1823835601
2   3   0.0000033473
2   4   0.4966749094
2   5   0.0000005697
3   3   -7.1352828906
3   4   -0.0000000065
3   5   0.2808366806
4   4   -7.0266480954
4   5   -0.0000000039
5   5   -6.6359142261
6   6   -6.5035667914
6   7   0.0000000001
7   7   -6.5035667914

End IJ Block
Begin IA Block
1   3   -0.0000006760
2   3   0.0959051503
3   3   0.0000000090
4   3   -0.4707085103
5   3   -0.0000000298
6   1   0.0000000002
6   2   0.0000000078
7   1   -0.0000000086
7   2   -0.0000000006

End IA Block
Begin AB Block
1   1   -6.3373889882
1   2   -0.0000000001
2   2   -6.3373889881
3   3   -6.5646342129

End AB Block
Begin IJAB Block
1   8   1   4   0.0136772734
1   8   2   5   0.0136772734
1   8   3   6   0.0175355940
1   9   1   4   -0.0000000004
1   9   2   5   -0.0000000004
1   9   3   6   -0.0000000011
1   10   1   4   0.0137567881
1   10   2   5   0.0137567881
1   10   3   6   0.0140288644
1   11   1   4   -0.0000001058
1   11   2   5   -0.0000001058
1   11   3   6   -0.0000001061
1   12   1   4   0.0023899766
1   12   1   5   0.0000000000
1   12   2   4   0.0000000000
1   12   2   5   0.0023899766
1   12   3   6   0.0014142172
1   13   1   6   0.0000942314
1   13   2   6   -0.0039687410
1   13   3   4   -0.0000573690
1   13   3   5   0.0024162077
1   14   1   6   0.0039687410
1   14   2   6   0.0000942314
1   14   3   4   -0.0024162077
1   14   3   5   -0.0000573690
2   8   1   4   -0.0000000004
2   8   2   5   -0.0000000004
2   8   3   6   -0.0000000011
2   9   1   4   0.0137313491
2   9   2   5   0.0137313491
2   9   3   6   0.0176637039
2   10   1   4   0.0000000969
2   10   2   5   0.0000000969
2   10   3   6   0.0000000992
2   11   1   4   0.0150318754
2   11   2   5   0.0150318754
2   11   3   6   0.0151081661
2   12   1   4   0.0000000169
2   12   1   5   0.0000000000
2   12   2   4   0.0000000000
2   12   2   5   0.0000000169
2   12   3   6   0.0000000099
2   13   1   6   0.0000000007
2   13   2   6   -0.0000000279
2   13   3   4   -0.0000000004
2   13   3   5   0.0000000172
2   14   1   6   0.0000000279
2   14   2   6   0.0000000007
2   14   3   4   -0.0000000172
2   14   3   5   -0.0000000004
3   8   1   4   0.0137567881
3   8   2   5   0.0137567881
3   8   3   6   0.0140288644
3   9   1   4   0.0000000969
3   9   2   5   0.0000000969
3   9   3   6   0.0000000992
3   10   1   4   0.0583609776
3   10   1   5   0.0000000000
3   10   2   4   0.0000000000
3   10   2   5   0.0583609776
3   10   3   6   0.0670052409
3   11   1   4   -0.0000000011
3   11   1   5   0.0000000000
3   11   2   4   0.0000000000
3   11   2   5   -0.0000000012
3   11   3   6   -0.0000000001
3   12   1   4   0.0107163217
3   12   1   5   0.0000000000
3   12   2   4   0.0000000000
3   12   2   5   0.0107163217
3   12   3   6   -0.0294208190
3   13   1   6   0.0003735164
3   13   2   6   -0.0157313854
3   13   3   4   0.0007631104
3   13   3   5   -0.0321399109
3   14   1   6   0.0157313854
3   14   2   6   0.0003735164
3   14   3   4   0.0321399109
3   14   3   5   0.0007631104
4   8   1   4   -0.0000001058
4   8   2   5   -0.0000001058
4   8   3   6   -0.0000001061
4   9   1   4   0.0150318754
4   9   2   5   0.0150318754
4   9   3   6   0.0151081661
4   10   1   4   -0.0000000011
4   10   1   5   0.0000000000
4   10   2   4   0.0000000000
4   10   2   5   -0.0000000012
4   10   3   6   -0.0000000001
4   11   1   4   0.0688953102
4   11   1   5   0.0000000000
4   11   2   4   0.0000000000
4   11   2   5   0.0688953101
4   11   3   6   0.0653438958
4   12   1   4   -0.0000000004
4   12   1   5   0.0000000000
4   12   2   4   0.0000000000
4   12   2   5   -0.0000000004
4   12   3   6   0.0000000014
4   13   2   6   -0.0000000003
4   13   3   4   -0.0000000000
4   13   3   5   -0.0000000004
4   14   1   6   0.0000000003
4   14   2   6   0.0000000000
4   14   3   4   0.0000000004
4   14   3   5   0.0000000001
5   8   1   4   0.0023899766
5   8   1   5   0.0000000000
5   8   2   4   0.0000000000
5   8   2   5   0.0023899766
5   8   3   6   0.0014142172
5   9   1   4   0.0000000169
5   9   1   5   0.0000000000
5   9   2   4   0.0000000000
5   9   2   5   0.0000000169
5   9   3   6   0.0000000099
5   10   1   4   0.0107163217
5   10   1   5   0.0000000000
5   10   2   4   0.0000000000
5   10   2   5   0.0107163217
5   10   3   6   -0.0294208190
5   11   1   4   -0.0000000004
5   11   1   5   0.0000000000
5   11   2   4   0.0000000000
5   11   2   5   -0.0000000004
5   11   3   6   0.0000000014
5   12   1   4   0.0229174688
5   12   1   5   0.0000000000
5   12   2   4   0.0000000000
5   12   2   5   0.0229174688
5   12   3   6   0.1806303163
5   13   1   6   -0.0003874846
5   13   2   6   0.0163196836
5   13   3   4   -0.0036586050
5   13   3   5   0.1540894254
5   14   1   6   -0.0163196835
5   14   2   6   -0.0003874846
5   14   3   4   -0.1540894254
5   14   3   5   -0.0036586050
6   8   1   6   -0.0000573690
6   8   2   6   0.0024162077
6   8   3   4   0.0000942314
6   8   3   5   -0.0039687410
6   9   1   6   -0.0000000004
6   9   2   6   0.0000000172
6   9   3   4   0.0000000007
6   9   3   5   -0.0000000279
6   10   1   6   0.0007631104
6   10   2   6   -0.0321399109
6   10   3   4   0.0003735164
6   10   3   5   -0.0157313854
6   11   1   6   -0.0000000000
6   11   2   6   -0.0000000004
6   11   3   5   -0.0000000003
6   12   1   6   -0.0036586050
6   12   2   6   0.1540894254
6   12   3   4   -0.0003874846
6   12   3   5   0.0163196836
6   13   1   4   0.0230791606
6   13   1   5   -0.0044747041
6   13   2   4   -0.0044747041
6   13   2   5   0.2114341422
6   13   3   6   0.0245268548
6   14   1   4   0.0044747121
6   14   1   5   -0.0205696900
6   14   2   4   -0.1677852898
6   14   2   5   -0.0044747120
6   14   3   6   0.0000000000
7   8   1   6   -0.0024162077
7   8   2   6   -0.0000573690
7   8   3   4   0.0039687410
7   8   3   5   0.0000942314
7   9   1   6   -0.0000000172
7   9   2   6   -0.0000000004
7   9   3   4   0.0000000279
7   9   3   5   0.0000000007
7   10   1   6   0.0321399109
7   10   2   6   0.0007631104
7   10   3   4   0.0157313854
7   10   3   5   0.0003735164
7   11   1   6   0.0000000004
7   11   2   6   0.0000000001
7   11   3   4   0.0000000003
7   11   3   5   0.0000000000
7   12   1   6   -0.1540894254
7   12   2   6   -0.0036586050
7   12   3   4   -0.0163196835
7   12   3   5   -0.0003874846
7   13   1   4   0.0044747121
7   13   1   5   -0.1677852898
7   13   2   4   -0.0205696900
7   13   2   5   -0.0044747120
7   13   3   6   0.0000000000
7   14   1   4   0.2114341419
7   14   1   5   0.0044747040
7   14   2   4   0.0044747040
7   14   2   5   0.0230791605
7   14   3   6   0.0245268548

End IJAB Block
Begin IJKL Block
1   8   1   8   2.1857323784
1   8   1   9   -0.0000272670
1   8   1   10   -0.1960571408
1   8   1   11   0.0000043332
1   8   1   12   -0.0273448936
1   8   2   8   -0.0000272670
1   8   2   9   1.9338303236
1   8   2   10   0.0000013861
1   8   2   11   -0.2048466045
1   8   2   12   0.0000001616
1   8   3   8   -0.1960571408
1   8   3   9   0.0000013861
1   8   3   10   0.0282371636
1   8   3   11   -0.0000004147
1   8   3   12   0.0030600701
1   8   4   8   0.0000043332
1   8   4   9   -0.2048466045
1   8   4   10   -0.0000004147
1   8   4   11   0.0310727864
1   8   4   12   -0.0000000740
1   8   5   8   -0.0273448936
1   8   5   9   0.0000001616
1   8   5   10   0.0030600701
1   8   5   11   -0.0000000740
1   8   5   12   0.0114195717
1   8   6   13   0.0116856795
1   8   6   14   0.0000000000
1   8   7   13   0.0000000000
1   8   7   14   0.0116856795
1   9   1   8   -0.0000272670
1   9   1   9   2.1858130662
1   9   1   10   0.0000013893
1   9   1   11   -0.2054080360
1   9   1   12   0.0000001314
1   9   2   8   1.9338276890
1   9   2   9   0.0000272651
1   9   2   10   -0.1965229695
1   9   2   11   -0.0000014473
1   9   2   12   -0.0230595979
1   9   3   8   0.0000013861
1   9   3   9   -0.1960791930
1   9   3   10   -0.0000000025
1   9   3   11   0.0292388026
1   9   3   12   -0.0000000003
1   9   4   8   -0.2048480440
1   9   4   9   -0.0000014433
1   9   4   10   0.0292503648
1   9   4   11   -0.0000000021
1   9   4   12   0.0052256982
1   9   5   8   0.0000001616
1   9   5   9   -0.0273387255
1   9   5   10   -0.0000000003
1   9   5   11   0.0052493760
1   9   5   12   0.0000000011
1   9   6   13   0.0000000004
1   9   6   14   0.0000000000
1   9   7   13   0.0000000000
1   9   7   14   0.0000000004
1   10   1   8   -0.1960571408
1   10   1   9   0.0000013893
1   10   1   10   0.6095345185
1   10   1   11   -0.0000050259
1   10   1   12   -0.0123337484
1   10   2   8   0.0000013861
1   10   2   9   -0.1965247532
1   10   2   10   -0.0000000035
1   10   2   11   0.3566521352
1   10   2   12   0.0000000006
1   10   3   8   0.0303850161
1   10   3   9   -0.0000000003
1   10   3   10   -0.0077437286
1   10   3   11   0.0000000634
1   10   3   12   -0.0017160636
1   10   4   8   -0.0000004437
1   10   4   9   0.0314884424
1   10   4   10   0.0000000668
1   10   4   11   -0.0087180501
1   10   4   12   -0.0000000072
1   10   5   8   0.0030572614
1   10   5   10   -0.0055644993
1   10   5   11   -0.0000000110
1   10   5   12   0.0138704983
1   10   6   13   0.0137754100
1   10   7   14   0.0137754100
1   11   1   8   0.0000043332
1   11   1   9   -0.2054080360
1   11   1   10   -0.0000050259
1   11   1   11   0.6181429777
1   11   1   12   -0.0000015449
1   11   2   8   -0.2048480440
1   11   2   9   -0.0000014473
1   11   2   10   0.3566612503
1   11   2   11   0.0000000089
1   11   2   12   0.1096537635
1   11   3   8   -0.0000004437
1   11   3   9   0.0314853642
1   11   3   10   0.0000000646
1   11   3   11   -0.0093896085
1   11   3   12   0.0000000195
1   11   4   8   0.0334700139
1   11   4   9   0.0000000007
1   11   4   10   -0.0085957915
1   11   4   11   0.0000000650
1   11   4   12   -0.0004007409
1   11   5   8   -0.0000000800
1   11   5   9   0.0056940753
1   11   5   10   -0.0000000120
1   11   5   11   0.0006063300
1   11   5   12   -0.0000000902
1   11   6   13   -0.0000000943
1   11   6   14   -0.0000000000
1   11   7   13   -0.0000000000
1   11   7   14   -0.0000000943
1   12   1   8   -0.0273448936
1   12   1   9   0.0000001314
1   12   1   10   -0.0123337484
1   12   1   11   -0.0000015449
1   12   1   12   0.5920936280
1   12   2   8   0.0000001616
1   12   2   9   -0.0230588984
1   12   2   10   0.0000000006
1   12   2   11   0.1096546674
1   12   2   12   -0.0000000004
1   12   3   8   0.0030572614
1   12   3   9   -0.0000000000
1   12   3   10   -0.0018170952
1   12   3   11   0.0000000204
1   12   3   12   -0.0057409387
1   12   4   8   -0.0000000800
1   12   4   9   0.0056706423
1   12   4   10   -0.0000000070
1   12   4   11   -0.0003405186
1   12   4   12   0.0000000440
1   12   5   8   0.0137740196
1   12   5   9   0.0000000010
1   12   5   10   0.0144501612
1   12   5   11   -0.0000000947
1   12   5   12   -0.0008785347
1   12   6   13   0.0012863645
1   12   7   14   0.0012863645
1   13   1   13   0.5861118496
1   13   1   14   0.0000000000
1   13   2   13   -0.0000000001
1   13   3   13   -0.0057598609
1   13   3   14   -0.0000000000
1   13   4   13   0.0000000450
1   13   4   14   0.0000000000
1   13   5   13   -0.0031396822
1   13   5   14   0.0000000000
1   13   6   8   0.0140840135
1   13   6   9   0.0000000005
1   13   6   10   0.0143485030
1   13   6   11   -0.0000000990
1   13   6   12   0.0013896523
1   13   7   8   0.0000000000
1   13   7   10   0.0000000000
1   14   1   13   0.0000000000
1   14   1   14   0.5861118495
1   14   2   14   -0.0000000001
1   14   3   13   -0.0000000000
1   14   3   14   -0.0057598609
1   14   4   13   0.0000000000
1   14   4   14   0.0000000450
1   14   5   13   0.0000000000
1   14   5   14   -0.0031396822
1   14   6   8   0.0000000000
1   14   6   10   0.0000000000
1   14   7   8   0.0140840135
1   14   7   9   0.0000000005
1   14   7   10   0.0143485030
1   14   7   11   -0.0000000990
1   14   7   12   0.0013896523
2   8   1   8   -0.0000272670
2   8   1   9   1.9338276890
2   8   1   10   0.0000013861
2   8   1   11   -0.2048480440
2   8   1   12   0.0000001616
2   8   2   8   2.1858130662
2   8   2   9   0.0000272651
2   8   2   10   -0.1960791930
2   8   2   11   -0.0000014433
2   8   2   12   -0.0273387255
2   8   3   8   0.0000013893
2   8   3   9   -0.1965229695
2   8   3   10   -0.0000000025
2   8   3   11   0.0292503648
2   8   3   12   -0.0000000003
2   8   4   8   -0.2054080360
2   8   4   9   -0.0000014473
2   8   4   10   0.0292388026
2   8   4   11   -0.0000000021
2   8   4   12   0.0052493760
2   8   5   8   0.0000001314
2   8   5   9   -0.0230595979
2   8   5   10   -0.0000000003
2   8   5   11   0.0052256982
2   8   5   12   0.0000000011
2   8   6   13   0.0000000004
2   8   6   14   0.0000000000
2   8   7   13   0.0000000000
2   8   7   14   0.0000000004
2   9   1   8   1.9338303236
2   9   1   9   0.0000272651
2   9   1   10   -0.1965247532
2   9   1   11   -0.0000014473
2   9   1   12   -0.0230588984
2   9   2   8   0.0000272651
2   9   2   9   2.1859005788
2   9   2   10   -0.0000041527
2   9   2   11   -0.2054068605
2   9   2   12   -0.0000005188
2   9   3   8   -0.1965247532
2   9   3   9   -0.0000041527
2   9   3   10   0.0282233114
2   9   3   11   0.0000004100
2   9   3   12   0.0030750850
2   9   4   8   -0.0000014473
2   9   4   9   -0.2054068605
2   9   4   10   0.0000004100
2   9   4   11   0.0310920989
2   9   4   12   0.0000000737
2   9   5   8   -0.0230588984
2   9   5   9   -0.0000005188
2   9   5   10   0.0030750850
2   9   5   11   0.0000000737
2   9   5   12   0.0112690807
2   9   6   13   0.0116006744
2   9   6   14   0.0000000000
2   9   7   13   0.0000000000
2   9   7   14   0.0116006744
2   10   1   8   0.0000013861
2   10   1   9   -0.1965229695
2   10   1   10   -0.0000000035
2   10   1   11   0.3566612503
2   10   1   12   0.0000000006
2   10   2   8   -0.1960791930
2   10   2   9   -0.0000041527
2   10   2   10   0.6095214215
2   10   2   11   0.0000050315
2   10   2   12   -0.0123230207
2   10   3   8   -0.0000000003
2   10   3   9   0.0303837341
2   10   3   10   -0.0000000532
2   10   3   11   -0.0088530124
2   10   3   12   -0.0000000124
2   10   4   8   0.0314853642
2   10   4   9   0.0000004442
2   10   4   10   -0.0092851143
2   10   4   11   -0.0000000605
2   10   4   12   0.0009679423
2   10   5   8   -0.0000000000
2   10   5   9   0.0030707342
2   10   5   10   -0.0000000390
2   10   5   11   0.0015794352
2   10   5   12   0.0000000977
2   10   6   13   0.0000000970
2   10   6   14   -0.0000000000
2   10   7   13   -0.0000000000
2   10   7   14   0.0000000970
2   11   1   8   -0.2048466045
2   11   1   9   -0.0000014473
2   11   1   10   0.3566521352
2   11   1   11   0.0000000089
2   11   1   12   0.1096546674
2   11   2   8   -0.0000014433
2   11   2   9   -0.2054068605
2   11   2   10   0.0000050315
2   11   2   11   0.6181643921
2   11   2   12   0.0000015472
2   11   3   8   0.0314884424
2   11   3   9   0.0000004442
2   11   3   10   -0.0090226136
2   11   3   11   -0.0000000653
2   11   3   12   -0.0028217209
2   11   4   8   0.0000000007
2   11   4   9   0.0334842163
2   11   4   10   -0.0000000597
2   11   4   11   -0.0091017066
2   11   4   12   -0.0000000032
2   11   5   8   0.0056706423
2   11   5   9   0.0000000803
2   11   5   10   0.0017023434
2   11   5   11   0.0000000044
2   11   5   12   0.0128222558
2   11   6   13   0.0133901355
2   11   7   14   0.0133901355
2   12   1   8   0.0000001616
2   12   1   9   -0.0230595979
2   12   1   10   0.0000000006
2   12   1   11   0.1096537635
2   12   1   12   -0.0000000004
2   12   2   8   -0.0273387255
2   12   2   9   -0.0000005188
2   12   2   10   -0.0123230207
2   12   2   11   0.0000015472
2   12   2   12   0.5920934128
2   12   3   9   0.0030707342
2   12   3   10   -0.0000000131
2   12   3   11   -0.0029401461
2   12   3   12   -0.0000000396
2   12   4   8   0.0056940753
2   12   4   9   0.0000000803
2   12   4   10   0.0009363792
2   12   4   11   -0.0000000028
2   12   4   12   -0.0061176133
2   12   5   8   0.0000000010
2   12   5   9   0.0136308341
2   12   5   10   0.0000001014
2   12   5   11   0.0134147081
2   12   5   12   -0.0000000059
2   12   6   13   0.0000000091
2   12   7   14   0.0000000091
2   13   1   13   -0.0000000001
2   13   2   13   0.5861097980
2   13   2   14   0.0000000000
2   13   3   13   -0.0000000411
2   13   3   14   0.0000000000
2   13   4   13   -0.0064723083
2   13   4   14   -0.0000000000
2   13   5   13   -0.0000000223
2   13   6   8   0.0000000005
2   13   6   9   0.0140061477
2   13   6   10   0.0000001009
2   13   6   11   0.0140324073
2   13   6   12   0.0000000098
2   13   7   9   0.0000000000
2   13   7   11   0.0000000000
2   14   1   14   -0.0000000001
2   14   2   13   0.0000000000
2   14   2   14   0.5861097979
2   14   3   13   0.0000000000
2   14   3   14   -0.0000000411
2   14   4   13   -0.0000000000
2   14   4   14   -0.0064723083
2   14   5   14   -0.0000000223
2   14   6   9   0.0000000000
2   14   6   11   0.0000000000
2   14   7   8   0.0000000005
2   14   7   9   0.0140061477
2   14   7   10   0.0000001009
2   14   7   11   0.0140324073
2   14   7   12   0.0000000098
3   8   1   8   -0.1960571408
3   8   1   9   0.0000013861
3   8   1   10   0.0303850161
3   8   1   11   -0.0000004437
3   8   1   12   0.0030572614
3   8   2   8   0.0000013893
3   8   2   9   -0.1965247532
3   8   2   10   -0.0000000003
3   8   2   11   0.0314884424
3   8   3   8   0.6095345185
3   8   3   9   -0.0000000035
3   8   3   10   -0.0077437286
3   8   3   11   0.0000000668
3   8   3   12   -0.0055644993
3   8   4   8   -0.0000050259
3   8   4   9   0.3566521352
3   8   4   10   0.0000000634
3   8   4   11   -0.0087180501
3   8   4   12   -0.0000000110
3   8   5   8   -0.0123337484
3   8   5   9   0.0000000006
3   8   5   10   -0.0017160636
3   8   5   11   -0.0000000072
3   8   5   12   0.0138704983
3   8   6   13   0.0137754100
3   8   7   14   0.0137754100
3   9   1   8   0.0000013861
3   9   1   9   -0.1960791930
3   9   1   10   -0.0000000003
3   9   1   11   0.0314853642
3   9   1   12   -0.0000000000
3   9   2   8   -0.1965229695
3   9   2   9   -0.0000041527
3   9   2   10   0.0303837341
3   9   2   11   0.0000004442
3   9   2   12   0.0030707342
3   9   3   8   -0.0000000035
3   9   3   9   0.6095214215
3   9   3   10   -0.0000000532
3   9   3   11   -0.0092851143
3   9   3   12   -0.0000000390
3   9   4   8   0.3566612503
3   9   4   9   0.0000050315
3   9   4   10   -0.0088530124
3   9   4   11   -0.0000000605
3   9   4   12   0.0015794352
3   9   5   8   0.0000000006
3   9   5   9   -0.0123230207
3   9   5   10   -0.0000000124
3   9   5   11   0.0009679423
3   9   5   12   0.0000000977
3   9   6   13   0.0000000970
3   9   6   14   -0.0000000000
3   9   7   13   -0.0000000000
3   9   7   14   0.0000000970
3   10   1   8   0.0282371636
3   10   1   9   -0.0000000025
3   10   1   10   -0.0077437286
3   10   1   11   0.0000000646
3   10   1   12   -0.0018170952
3   10   2   8   -0.0000000025
3   10   2   9   0.0282233114
3   10   2   10   -0.0000000532
3   10   2   11   -0.0090226136
3   10   2   12   -0.0000000131
3   10   3   8   -0.0077437286
3   10   3   9   -0.0000000532
3   10   3   10   0.4723794072
3   10   3   11   -0.0000000030
3   10   3   12   -0.0351656710
3   10   4   8   0.0000000646
3   10   4   9   -0.0090226136
3   10   4   10   -0.0000000030
3   10   4   11   0.2051904271
3   10   4   12   0.0000000011
3   10   5   8   -0.0018170952
3   10   5   9   -0.0000000131
3   10   5   10   -0.0351656710
3   10   5   11   0.0000000011
3   10   5   12   0.0723252502
3   10   6   13   0.0627476752
3   10   6   14   -0.0000000000
3   10   7   13   -0.0000000000
3   10   7   14   0.0627476752
3   11   1   8   -0.0000004147
3   11   1   9   0.0292388026
3   11   1   10   0.0000000634
3   11   1   11   -0.0093896085
3   11   1   12   0.0000000204
3   11   2   8   0.0292503648
3   11   2   9   0.0000004100
3   11   2   10   -0.0088530124
3   11   2   11   -0.0000000653
3   11   2   12   -0.0029401461
3   11   3   8   0.0000000668
3   11   3   9   -0.0092851143
3   11   3   10   -0.0000000030
3   11   3   11   0.4576105755
3   11   3   12   -0.0000000001
3   11   4   8   -0.0085957915
3   11   4   9   -0.0000000597
3   11   4   10   0.2067960541
3   11   4   11   0.0000000046
3   11   4   12   0.0737268887
3   11   5   8   -0.0000000070
3   11   5   9   0.0009363792
3   11   5   10   0.0000000009
3   11   5   11   0.0002982732
3   11   5   12   0.0000000004
3   11   6   13   -0.0000000001
3   11   6   14   -0.0000000000
3   11   7   13   -0.0000000000
3   11   7   14   -0.0000000000
3   12   1   8   0.0030600701
3   12   1   9   -0.0000000003
3   12   1   10   -0.0017160636
3   12   1   11   0.0000000195
3   12   1   12   -0.0057409387
3   12   2   8   -0.0000000003
3   12   2   9   0.0030750850
3   12   2   10   -0.0000000124
3   12   2   11   -0.0028217209
3   12   2   12   -0.0000000396
3   12   3   8   -0.0055644993
3   12   3   9   -0.0000000390
3   12   3   10   -0.0351656710
3   12   3   11   -0.0000000001
3   12   3   12   0.4569962668
3   12   4   8   -0.0000000120
3   12   4   9   0.0017023434
3   12   4   10   0.0000000009
3   12   4   11   0.0744727668
3   12   4   12   -0.0000000038
3   12   5   8   0.0144501612
3   12   5   9   0.0000001014
3   12   5   10   0.0737631163
3   12   5   11   -0.0000000008
3   12   5   12   -0.0200920366
3   12   6   13   0.0016255127
3   12   6   14   -0.0000000000
3   12   7   13   -0.0000000000
3   12   7   14   0.0016255127
3   13   1   13   -0.0057598609
3   13   1   14   -0.0000000000
3   13   2   13   -0.0000000411
3   13   2   14   0.0000000000
3   13   3   13   0.4475111987
3   13   3   14   -0.0000000001
3   13   4   13   -0.0000000006
3   13   4   14   -0.0000000001
3   13   5   13   -0.0220338774
3   13   5   14   0.0000000000
3   13   6   8   0.0143485030
3   13   6   9   0.0000001009
3   13   6   10   0.0646119393
3   13   6   11   0.0000000003
3   13   6   12   0.0010428383
3   13   7   8   0.0000000000
3   13   7   10   -0.0000000000
3   13   7   11   -0.0000000000
3   13   7   12   -0.0000000000
3   14   1   13   -0.0000000000
3   14   1   14   -0.0057598609
3   14   2   13   0.0000000000
3   14   2   14   -0.0000000411
3   14   3   13   -0.0000000001
3   14   3   14   0.4475111988
3   14   4   13   -0.0000000001
3   14   4   14   -0.0000000005
3   14   5   13   0.0000000000
3   14   5   14   -0.0220338774
3   14   6   8   0.0000000000
3   14   6   10   -0.0000000000
3   14   6   11   -0.0000000000
3   14   6   12   -0.0000000000
3   14   7   8   0.0143485030
3   14   7   9   0.0000001009
3   14   7   10   0.0646119394
3   14   7   11   0.0000000003
3   14   7   12   0.0010428383
4   8   1   8   0.0000043332
4   8   1   9   -0.2048480440
4   8   1   10   -0.0000004437
4   8   1   11   0.0334700139
4   8   1   12   -0.0000000800
4   8   2   8   -0.2054080360
4   8   2   9   -0.0000014473
4   8   2   10   0.0314853642
4   8   2   11   0.0000000007
4   8   2   12   0.0056940753
4   8   3   8   -0.0000050259
4   8   3   9   0.3566612503
4   8   3   10   0.0000000646
4   8   3   11   -0.0085957915
4   8   3   12   -0.0000000120
4   8   4   8   0.6181429777
4   8   4   9   0.0000000089
4   8   4   10   -0.0093896085
4   8   4   11   0.0000000650
4   8   4   12   0.0006063300
4   8   5   8   -0.0000015449
4   8   5   9   0.1096537635
4   8   5   10   0.0000000195
4   8   5   11   -0.0004007409
4   8   5   12   -0.0000000902
4   8   6   13   -0.0000000943
4   8   6   14   -0.0000000000
4   8   7   13   -0.0000000000
4   8   7   14   -0.0000000943
4   9   1   8   -0.2048466045
4   9   1   9   -0.0000014433
4   9   1   10   0.0314884424
4   9   1   11   0.0000000007
4   9   1   12   0.0056706423
4   9   2   8   -0.0000014473
4   9   2   9   -0.2054068605
4   9   2   10   0.0000004442
4   9   2   11   0.0334842163
4   9   2   12   0.0000000803
4   9   3   8   0.3566521352
4   9   3   9   0.0000050315
4   9   3   10   -0.0090226136
4   9   3   11   -0.0000000597
4   9   3   12   0.0017023434
4   9   4   8   0.0000000089
4   9   4   9   0.6181643921
4   9   4   10   -0.0000000653
4   9   4   11   -0.0091017066
4   9   4   12   0.0000000044
4   9   5   8   0.1096546674
4   9   5   9   0.0000015472
4   9   5   10   -0.0028217209
4   9   5   11   -0.0000000032
4   9   5   12   0.0128222558
4   9   6   13   0.0133901355
4   9   7   14   0.0133901355
4   10   1   8   -0.0000004147
4   10   1   9   0.0292503648
4   10   1   10   0.0000000668
4   10   1   11   -0.0085957915
4   10   1   12   -0.0000000070
4   10   2   8   0.0292388026
4   10   2   9   0.0000004100
4   10   2   10   -0.0092851143
4   10   2   11   -0.0000000597
4   10   2   12   0.0009363792
4   10   3   8   0.0000000634
4   10   3   9   -0.0088530124
4   10   3   10   -0.0000000030
4   10   3   11   0.2067960541
4   10   3   12   0.0000000009
4   10   4   8   -0.0093896085
4   10   4   9   -0.0000000653
4   10   4   10   0.4576105755
4   10   4   11   0.0000000046
4   10   4   12   0.0002982732
4   10   5   8   0.0000000204
4   10   5   9   -0.0029401461
4   10   5   10   -0.0000000001
4   10   5   11   0.0737268887
4   10   5   12   0.0000000004
4   10   6   13   -0.0000000001
4   10   6   14   -0.0000000000
4   10   7   13   -0.0000000000
4   10   7   14   -0.0000000000
4   11   1   8   0.0310727864
4   11   1   9   -0.0000000021
4   11   1   10   -0.0087180501
4   11   1   11   0.0000000650
4   11   1   12   -0.0003405186
4   11   2   8   -0.0000000021
4   11   2   9   0.0310920989
4   11   2   10   -0.0000000605
4   11   2   11   -0.0091017066
4   11   2   12   -0.0000000028
4   11   3   8   -0.0087180501
4   11   3   9   -0.0000000605
4   11   3   10   0.2051904271
4   11   3   11   0.0000000046
4   11   3   12   0.0744727668
4   11   4   8   0.0000000650
4   11   4   9   -0.0091017066
4   11   4   10   0.0000000046
4   11   4   11   0.4653557665
4   11   4   12   0.0000000023
4   11   5   8   -0.0003405186
4   11   5   9   -0.0000000028
4   11   5   10   0.0744727668
4   11   5   11   0.0000000023
4   11   5   12   0.0743334410
4   11   6   13   0.0553851140
4   11   6   14   -0.0000000000
4   11   7   13   -0.0000000000
4   11   7   14   0.0553851140
4   12   1   8   -0.0000000740
4   12   1   9   0.0052256982
4   12   1   10   -0.0000000072
4   12   1   11   -0.0004007409
4   12   1   12   0.0000000440
4   12   2   8   0.0052493760
4   12   2   9   0.0000000737
4   12   2   10   0.0009679423
4   12   2   11   -0.0000000032
4   12   2   12   -0.0061176133
4   12   3   8   -0.0000000110
4   12   3   9   0.0015794352
4   12   3   10   0.0000000011
4   12   3   11   0.0737268887
4   12   3   12   -0.0000000038
4   12   4   8   0.0006063300
4   12   4   9   0.0000000044
4   12   4   10   0.0002982732
4   12   4   11   0.0000000023
4   12   4   12   0.4490372338
4   12   5   8   -0.0000000947
4   12   5   9   0.0134147081
4   12   5   10   -0.0000000008
4   12   5   11   0.0752831316
4   12   5   12   0.0000000003
4   12   6   13   0.0000000001
4   12   6   14   -0.0000000000
4   12   7   13   -0.0000000000
4   12   7   14   0.0000000002
4   13   1   13   0.0000000450
4   13   1   14   0.0000000000
4   13   2   13   -0.0064723083
4   13   2   14   -0.0000000000
4   13   3   13   -0.0000000006
4   13   3   14   -0.0000000001
4   13   4   13   0.4394315341
4   13   4   14   -0.0000000001
4   13   5   13   -0.0000000009
4   13   5   14   0.0000000000
4   13   6   8   -0.0000000990
4   13   6   9   0.0140324073
4   13   6   10   0.0000000003
4   13   6   11   0.0551658811
4   13   6   12   0.0000000001
4   13   7   9   0.0000000000
4   13   7   10   -0.0000000000
4   13   7   11   -0.0000000000
4   13   7   12   0.0000000000
4   14   1   13   0.0000000000
4   14   1   14   0.0000000450
4   14   2   13   -0.0000000000
4   14   2   14   -0.0064723083
4   14   3   13   -0.0000000001
4   14   3   14   -0.0000000005
4   14   4   13   -0.0000000001
4   14   4   14   0.4394315343
4   14   5   13   0.0000000000
4   14   5   14   -0.0000000010
4   14   6   9   0.0000000000
4   14   6   10   -0.0000000000
4   14   6   11   -0.0000000000
4   14   6   12   0.0000000000
4   14   7   8   -0.0000000990
4   14   7   9   0.0140324073
4   14   7   10   0.0000000003
4   14   7   11   0.0551658811
4   14   7   12   0.0000000001
5   8   1   8   -0.0273448936
5   8   1   9   0.0000001616
5   8   1   10   0.0030572614
5   8   1   11   -0.0000000800
5   8   1   12   0.0137740196
5   8   2   8   0.0000001314
5   8   2   9   -0.0230588984
5   8   2   10   -0.0000000000
5   8   2   11   0.0056706423
5   8   2   12   0.0000000010
5   8   3   8   -0.0123337484
5   8   3   9   0.0000000006
5   8   3   10   -0.0018170952
5   8   3   11   -0.0000000070
5   8   3   12   0.0144501612
5   8   4   8   -0.0000015449
5   8   4   9   0.1096546674
5   8   4   10   0.0000000204
5   8   4   11   -0.0003405186
5   8   4   12   -0.0000000947
5   8   5   8   0.5920936280
5   8   5   9   -0.0000000004
5   8   5   10   -0.0057409387
5   8   5   11   0.0000000440
5   8   5   12   -0.0008785347
5   8   6   13   0.0012863645
5   8   7   14   0.0012863645
5   9   1   8   0.0000001616
5   9   1   9   -0.0273387255
5   9   1   11   0.0056940753
5   9   1   12   0.0000000010
5   9   2   8   -0.0230595979
5   9   2   9   -0.0000005188
5   9   2   10   0.0030707342
5   9   2   11   0.0000000803
5   9   2   12   0.0136308341
5   9   3   8   0.0000000006
5   9   3   9   -0.0123230207
5   9   3   10   -0.0000000131
5   9   3   11   0.0009363792
5   9   3   12   0.0000001014
5   9   4   8   0.1096537635
5   9   4   9   0.0000015472
5   9   4   10   -0.0029401461
5   9   4   11   -0.0000000028
5   9   4   12   0.0134147081
5   9   5   8   -0.0000000004
5   9   5   9   0.5920934128
5   9   5   10   -0.0000000396
5   9   5   11   -0.0061176133
5   9   5   12   -0.0000000059
5   9   6   13   0.0000000091
5   9   7   14   0.0000000091
5   10   1   8   0.0030600701
5   10   1   9   -0.0000000003
5   10   1   10   -0.0055644993
5   10   1   11   -0.0000000120
5   10   1   12   0.0144501612
5   10   2   8   -0.0000000003
5   10   2   9   0.0030750850
5   10   2   10   -0.0000000390
5   10   2   11   0.0017023434
5   10   2   12   0.0000001014
5   10   3   8   -0.0017160636
5   10   3   9   -0.0000000124
5   10   3   10   -0.0351656710
5   10   3   11   0.0000000009
5   10   3   12   0.0737631163
5   10   4   8   0.0000000195
5   10   4   9   -0.0028217209
5   10   4   10   -0.0000000001
5   10   4   11   0.0744727668
5   10   4   12   -0.0000000008
5   10   5   8   -0.0057409387
5   10   5   9   -0.0000000396
5   10   5   10   0.4569962668
5   10   5   11   -0.0000000038
5   10   5   12   -0.0200920366
5   10   6   13   0.0016255127
5   10   6   14   -0.0000000000
5   10   7   13   -0.0000000000
5   10   7   14   0.0016255127
5   11   1   8   -0.0000000740
5   11   1   9   0.0052493760
5   11   1   10   -0.0000000110
5   11   1   11   0.0006063300
5   11   1   12   -0.0000000947
5   11   2   8   0.0052256982
5   11   2   9   0.0000000737
5   11   2   10   0.0015794352
5   11   2   11   0.0000000044
5   11   2   12   0.0134147081
5   11   3   8   -0.0000000072
5   11   3   9   0.0009679423
5   11   3   10   0.0000000011
5   11   3   11   0.0002982732
5   11   3   12   -0.0000000008
5   11   4   8   -0.0004007409
5   11   4   9   -0.0000000032
5   11   4   10   0.0737268887
5   11   4   11   0.0000000023
5   11   4   12   0.0752831316
5   11   5   8   0.0000000440
5   11   5   9   -0.0061176133
5   11   5   10   -0.0000000038
5   11   5   11   0.4490372338
5   11   5   12   0.0000000003
5   11   6   13   0.0000000001
5   11   6   14   -0.0000000000
5   11   7   13   -0.0000000000
5   11   7   14   0.0000000002
5   12   1   8   0.0114195717
5   12   1   9   0.0000000011
5   12   1   10   0.0138704983
5   12   1   11   -0.0000000902
5   12   1   12   -0.0008785347
5   12   2   8   0.0000000011
5   12   2   9   0.0112690807
5   12   2   10   0.0000000977
5   12   2   11   0.0128222558
5   12   2   12   -0.0000000059
5   12   3   8   0.0138704983
5   12   3   9   0.0000000977
5   12   3   10   0.0723252502
5   12   3   11   0.0000000004
5   12   3   12   -0.0200920366
5   12   4   8   -0.0000000902
5   12   4   9   0.0128222558
5   12   4   10   0.0000000004
5   12   4   11   0.0743334410
5   12   4   12   0.0000000003
5   12   5   8   -0.0008785347
5   12   5   9   -0.0000000059
5   12   5   10   -0.0200920366
5   12   5   11   0.0000000003
5   12   5   12   0.4644987844
5   12   6   13   0.0139209295
5   12   6   14   -0.0000000000
5   12   7   13   -0.0000000000
5   12   7   14   0.0139209295
5   13   1   13   -0.0031396822
5   13   1   14   0.0000000000
5   13   2   13   -0.0000000223
5   13   3   13   -0.0220338774
5   13   3   14   0.0000000000
5   13   4   13   -0.0000000009
5   13   4   14   0.0000000000
5   13   5   13   0.4277115443
5   13   5   14   0.0000000001
5   13   6   8   0.0013896523
5   13   6   9   0.0000000098
5   13   6   10   0.0010428383
5   13   6   11   0.0000000001
5   13   6   12   0.0140351045
5   13   7   10   -0.0000000000
5   13   7   11   0.0000000000
5   13   7   12   -0.0000000000
5   14   1   13   0.0000000000
5   14   1   14   -0.0031396822
5   14   2   14   -0.0000000223
5   14   3   13   0.0000000000
5   14   3   14   -0.0220338774
5   14   4   13   0.0000000000
5   14   4   14   -0.0000000010
5   14   5   13   0.0000000001
5   14   5   14   0.4277115442
5   14   6   10   -0.0000000000
5   14   6   11   0.0000000000
5   14   6   12   -0.0000000000
5   14   7   8   0.0013896523
5   14   7   9   0.0000000098
5   14   7   10   0.0010428383
5   14   7   11   0.0000000001
5   14   7   12   0.0140351045
6   8   1   13   0.0140840135
6   8   1   14   0.0000000000
6   8   2   13   0.0000000005
6   8   3   13   0.0143485030
6   8   3   14   0.0000000000
6   8   4   13   -0.0000000990
6   8   5   13   0.0013896523
6   8   6   8   0.5861118496
6   8   6   9   -0.0000000001
6   8   6   10   -0.0057598609
6   8   6   11   0.0000000450
6   8   6   12   -0.0031396822
6   8   7   8   0.0000000000
6   8   7   10   -0.0000000000
6   8   7   11   0.0000000000
6   8   7   12   0.0000000000
6   9   1   13   0.0000000005
6   9   2   13   0.0140061477
6   9   2   14   0.0000000000
6   9   3   13   0.0000001009
6   9   4   13   0.0140324073
6   9   4   14   0.0000000000
6   9   5   13   0.0000000098
6   9   6   8   -0.0000000001
6   9   6   9   0.5861097980
6   9   6   10   -0.0000000411
6   9   6   11   -0.0064723083
6   9   6   12   -0.0000000223
6   9   7   9   0.0000000000
6   9   7   10   0.0000000000
6   9   7   11   -0.0000000000
6   10   1   13   0.0143485030
6   10   1   14   0.0000000000
6   10   2   13   0.0000001009
6   10   3   13   0.0646119393
6   10   3   14   -0.0000000000
6   10   4   13   0.0000000003
6   10   4   14   -0.0000000000
6   10   5   13   0.0010428383
6   10   5   14   -0.0000000000
6   10   6   8   -0.0057598609
6   10   6   9   -0.0000000411
6   10   6   10   0.4475111987
6   10   6   11   -0.0000000006
6   10   6   12   -0.0220338774
6   10   7   8   -0.0000000000
6   10   7   9   0.0000000000
6   10   7   10   -0.0000000001
6   10   7   11   -0.0000000001
6   10   7   12   0.0000000000
6   11   1   13   -0.0000000990
6   11   2   13   0.0140324073
6   11   2   14   0.0000000000
6   11   3   13   0.0000000003
6   11   3   14   -0.0000000000
6   11   4   13   0.0551658811
6   11   4   14   -0.0000000000
6   11   5   13   0.0000000001
6   11   5   14   0.0000000000
6   11   6   8   0.0000000450
6   11   6   9   -0.0064723083
6   11   6   10   -0.0000000006
6   11   6   11   0.4394315341
6   11   6   12   -0.0000000009
6   11   7   8   0.0000000000
6   11   7   9   -0.0000000000
6   11   7   10   -0.0000000001
6   11   7   11   -0.0000000001
6   11   7   12   0.0000000000
6   12   1   13   0.0013896523
6   12   2   13   0.0000000098
6   12   3   13   0.0010428383
6   12   3   14   -0.0000000000
6   12   4   13   0.0000000001
6   12   4   14   0.0000000000
6   12   5   13   0.0140351045
6   12   5   14   -0.0000000000
6   12   6   8   -0.0031396822
6   12   6   9   -0.0000000223
6   12   6   10   -0.0220338774
6   12   6   11   -0.0000000009
6   12   6   12   0.4277115443
6   12   7   8   0.0000000000
6   12   7   10   0.0000000000
6   12   7   11   0.0000000000
6   12   7   12   0.0000000001
6   13   1   8   0.0116856795
6   13   1   9   0.0000000004
6   13   1   10   0.0137754100
6   13   1   11   -0.0000000943
6   13   1   12   0.0012863645
6   13   2   8   0.0000000004
6   13   2   9   0.0116006744
6   13   2   10   0.0000000970
6   13   2   11   0.0133901355
6   13   2   12   0.0000000091
6   13   3   8   0.0137754100
6   13   3   9   0.0000000970
6   13   3   10   0.0627476752
6   13   3   11   -0.0000000001
6   13   3   12   0.0016255127
6   13   4   8   -0.0000000943
6   13   4   9   0.0133901355
6   13   4   10   -0.0000000001
6   13   4   11   0.0553851140
6   13   4   12   0.0000000001
6   13   5   8   0.0012863645
6   13   5   9   0.0000000091
6   13   5   10   0.0016255127
6   13   5   11   0.0000000001
6   13   5   12   0.0139209295
6   13   6   13   0.4453760808
6   13   6   14   -0.0000000036
6   13   7   13   -0.0000000036
6   13   7   14   0.0127417640
6   14   1   8   0.0000000000
6   14   1   9   0.0000000000
6   14   1   11   -0.0000000000
6   14   2   8   0.0000000000
6   14   2   9   0.0000000000
6   14   2   10   -0.0000000000
6   14   3   9   -0.0000000000
6   14   3   10   -0.0000000000
6   14   3   11   -0.0000000000
6   14   3   12   -0.0000000000
6   14   4   8   -0.0000000000
6   14   4   10   -0.0000000000
6   14   4   11   -0.0000000000
6   14   4   12   -0.0000000000
6   14   5   10   -0.0000000000
6   14   5   11   -0.0000000000
6   14   5   12   -0.0000000000
6   14   6   13   -0.0000000036
6   14   6   14   0.4207682420
6   14   7   13   0.0118660740
6   14   7   14   0.0000000036
7   8   1   13   0.0000000000
7   8   1   14   0.0140840135
7   8   2   14   0.0000000005
7   8   3   13   0.0000000000
7   8   3   14   0.0143485030
7   8   4   14   -0.0000000990
7   8   5   14   0.0013896523
7   8   6   8   0.0000000000
7   8   6   10   -0.0000000000
7   8   6   11   0.0000000000
7   8   6   12   0.0000000000
7   8   7   8   0.5861118495
7   8   7   9   -0.0000000001
7   8   7   10   -0.0057598609
7   8   7   11   0.0000000450
7   8   7   12   -0.0031396822
7   9   1   14   0.0000000005
7   9   2   13   0.0000000000
7   9   2   14   0.0140061477
7   9   3   14   0.0000001009
7   9   4   13   0.0000000000
7   9   4   14   0.0140324073
7   9   5   14   0.0000000098
7   9   6   9   0.0000000000
7   9   6   10   0.0000000000
7   9   6   11   -0.0000000000
7   9   7   8   -0.0000000001
7   9   7   9   0.5861097979
7   9   7   10   -0.0000000411
7   9   7   11   -0.0064723083
7   9   7   12   -0.0000000223
7   10   1   13   0.0000000000
7   10   1   14   0.0143485030
7   10   2   14   0.0000001009
7   10   3   13   -0.0000000000
7   10   3   14   0.0646119394
7   10   4   13   -0.0000000000
7   10   4   14   0.0000000003
7   10   5   13   -0.0000000000
7   10   5   14   0.0010428383
7   10   6   8   -0.0000000000
7   10   6   9   0.0000000000
7   10   6   10   -0.0000000001
7   10   6   11   -0.0000000001
7   10   6   12   0.0000000000
7   10   7   8   -0.0057598609
7   10   7   9   -0.0000000411
7   10   7   10   0.4475111988
7   10   7   11   -0.0000000005
7   10   7   12   -0.0220338774
7   11   1   14   -0.0000000990
7   11   2   13   0.0000000000
7   11   2   14   0.0140324073
7   11   3   13   -0.0000000000
7   11   3   14   0.0000000003
7   11   4   13   -0.0000000000
7   11   4   14   0.0551658811
7   11   5   13   0.0000000000
7   11   5   14   0.0000000001
7   11   6   8   0.0000000000
7   11   6   9   -0.0000000000
7   11   6   10   -0.0000000001
7   11   6   11   -0.0000000001
7   11   6   12   0.0000000000
7   11   7   8   0.0000000450
7   11   7   9   -0.0064723083
7   11   7   10   -0.0000000005
7   11   7   11   0.4394315343
7   11   7   12   -0.0000000010
7   12   1   14   0.0013896523
7   12   2   14   0.0000000098
7   12   3   13   -0.0000000000
7   12   3   14   0.0010428383
7   12   4   13   0.0000000000
7   12   4   14   0.0000000001
7   12   5   13   -0.0000000000
7   12   5   14   0.0140351045
7   12   6   8   0.0000000000
7   12   6   10   0.0000000000
7   12   6   11   0.0000000000
7   12   6   12   0.0000000001
7   12   7   8   -0.0031396822
7   12   7   9   -0.0000000223
7   12   7   10   -0.0220338774
7   12   7   11   -0.0000000010
7   12   7   12   0.4277115442
7   13   1   8   0.0000000000
7   13   1   9   0.0000000000
7   13   1   11   -0.0000000000
7   13   2   8   0.0000000000
7   13   2   9   0.0000000000
7   13   2   10   -0.0000000000
7   13   3   9   -0.0000000000
7   13   3   10   -0.0000000000
7   13   3   11   -0.0000000000
7   13   3   12   -0.0000000000
7   13   4   8   -0.0000000000
7   13   4   10   -0.0000000000
7   13   4   11   -0.0000000000
7   13   4   12   -0.0000000000
7   13   5   10   -0.0000000000
7   13   5   11   -0.0000000000
7   13   5   12   -0.0000000000
7   13   6   13   -0.0000000036
7   13   6   14   0.0118660740
7   13   7   13   0.4207682420
7   13   7   14   0.0000000036
7   14   1   8   0.0116856795
7   14   1   9   0.0000000004
7   14   1   10   0.0137754100
7   14   1   11   -0.0000000943
7   14   1   12   0.0012863645
7   14   2   8   0.0000000004
7   14   2   9   0.0116006744
7   14   2   10   0.0000000970
7   14   2   11   0.0133901355
7   14   2   12   0.0000000091
7   14   3   8   0.0137754100
7   14   3   9   0.0000000970
7   14   3   10   0.0627476752
7   14   3   11   -0.0000000000
7   14   3   12   0.0016255127
7   14   4   8   -0.0000000943
7   14   4   9   0.0133901355
7   14   4   10   -0.0000000000
7   14   4   11   0.0553851140
7   14   4   12   0.0000000002
7   14   5   8   0.0012863645
7   14   5   9   0.0000000091
7   14   5   10   0.0016255127
7   14   5   11   0.0000000002
7   14   5   12   0.0139209295
7   14   6   13   0.0127417640
7   14   6   14   0.0000000036
7   14   7   13   0.0000000036
7   14   7   14   0.4453760807

End IJKL Block
Begin ABCD Block
1   4   1   4   0.4461714201
1   4   1   5   -0.0000000034
1   4   2   4   -0.0000000034
1   4   2   5   0.0170402212
1   4   3   6   0.0194120965
1   5   1   4   -0.0000000034
1   5   1   5   0.4126946308
1   5   2   4   0.0164365661
1   5   2   5   0.0000000033
1   6   1   6   0.4286966553
1   6   2   6   -0.0000000000
1   6   3   4   0.0190723578
1   6   3   5   0.0000000000
2   4   1   4   -0.0000000034
2   4   1   5   0.0164365661
2   4   2   4   0.4126946308
2   4   2   5   0.0000000033
2   5   1   4   0.0170402212
2   5   1   5   0.0000000033
2   5   2   4   0.0000000033
2   5   2   5   0.4461714203
2   5   3   6   0.0194120965
2   6   1   6   -0.0000000000
2   6   2   6   0.4286966554
2   6   3   4   0.0000000000
2   6   3   5   0.0190723578
3   4   1   6   0.0190723578
3   4   2   6   0.0000000000
3   4   3   4   0.4286966553
3   4   3   5   -0.0000000000
3   5   1   6   0.0000000000
3   5   2   6   0.0190723578
3   5   3   4   -0.0000000000
3   5   3   5   0.4286966554
3   6   1   4   0.0194120965
3   6   2   5   0.0194120965
3   6   3   6   0.4842549396

End ABCD Block
Begin AIJB Block
1   8   1   4   0.0130067871
1   8   2   4   -0.0000000003
1   8   3   4   0.0128512113
1   8   3   5   0.0000000000
1   8   4   4   -0.0000000982
1   8   5   4   0.0020926469
1   8   6   6   -0.0000617146
1   8   7   6   -0.0025992341
1   9   1   4   -0.0000000003
1   9   2   4   0.0130592618
1   9   3   4   0.0000000906
1   9   4   4   0.0139588913
1   9   4   5   0.0000000000
1   9   5   4   0.0000000148
1   9   6   6   -0.0000000004
1   9   7   6   -0.0000000185
1   10   1   4   0.0128512113
1   10   1   5   0.0000000000
1   10   2   4   0.0000000906
1   10   3   4   0.0559604257
1   10   3   5   0.0000000000
1   10   4   4   0.0000000001
1   10   4   5   -0.0000000000
1   10   5   4   0.0099712879
1   10   6   6   0.0007517810
1   10   7   6   0.0316627527
1   11   1   4   -0.0000000982
1   11   2   4   0.0139588913
1   11   2   5   0.0000000000
1   11   3   4   0.0000000001
1   11   3   5   -0.0000000000
1   11   4   4   0.0677806406
1   11   5   4   0.0000000001
1   11   5   5   -0.0000000000
1   11   6   6   -0.0000000000
1   11   7   6   0.0000000004
1   12   1   4   0.0020926469
1   12   2   4   0.0000000148
1   12   3   4   0.0099712879
1   12   4   4   0.0000000001
1   12   4   5   -0.0000000000
1   12   5   4   0.0215383021
1   12   5   5   -0.0000000000
1   12   6   6   -0.0037218641
1   12   7   6   -0.1567537087
1   13   1   6   0.0000811254
1   13   2   6   0.0000000006
1   13   3   6   0.0003112015
1   13   5   6   -0.0003686980
1   13   6   4   0.0213572887
1   13   6   5   -0.0044448277
1   13   7   4   0.0044448336
1   13   7   5   -0.1687082583
1   14   1   6   0.0034167567
1   14   2   6   0.0000000241
1   14   3   6   0.0131068690
1   14   4   6   0.0000000002
1   14   5   6   -0.0155284486
1   14   6   4   0.0044448336
1   14   6   5   -0.0183890827
1   14   7   4   0.2084546308
1   14   7   5   0.0044448276
2   8   1   5   0.0130067871
2   8   2   5   -0.0000000003
2   8   3   4   0.0000000000
2   8   3   5   0.0128512113
2   8   4   5   -0.0000000982
2   8   5   5   0.0020926469
2   8   6   6   0.0025992341
2   8   7   6   -0.0000617146
2   9   1   5   -0.0000000003
2   9   2   5   0.0130592618
2   9   3   5   0.0000000906
2   9   4   4   0.0000000000
2   9   4   5   0.0139588913
2   9   5   5   0.0000000148
2   9   6   6   0.0000000185
2   9   7   6   -0.0000000004
2   10   1   4   0.0000000000
2   10   1   5   0.0128512113
2   10   2   5   0.0000000906
2   10   3   4   0.0000000000
2   10   3   5   0.0559604257
2   10   4   4   -0.0000000000
2   10   4   5   0.0000000001
2   10   5   5   0.0099712879
2   10   6   6   -0.0316627526
2   10   7   6   0.0007517810
2   11   1   5   -0.0000000982
2   11   2   4   0.0000000000
2   11   2   5   0.0139588913
2   11   3   4   -0.0000000000
2   11   3   5   0.0000000001
2   11   4   5   0.0677806406
2   11   5   4   -0.0000000000
2   11   5   5   0.0000000001
2   11   6   6   -0.0000000004
2   11   7   6   0.0000000000
2   12   1   5   0.0020926469
2   12   2   5   0.0000000148
2   12   3   5   0.0099712879
2   12   4   4   -0.0000000000
2   12   4   5   0.0000000001
2   12   5   4   -0.0000000000
2   12   5   5   0.0215383021
2   12   6   6   0.1567537087
2   12   7   6   -0.0037218642
2   13   1   6   -0.0034167567
2   13   2   6   -0.0000000241
2   13   3   6   -0.0131068690
2   13   4   6   -0.0000000002
2   13   5   6   0.0155284486
2   13   6   4   -0.0044448277
2   13   6   5   0.2084546310
2   13   7   4   -0.0183890827
2   13   7   5   -0.0044448335
2   14   1   6   0.0000811254
2   14   2   6   0.0000000006
2   14   3   6   0.0003112015
2   14   4   6   0.0000000000
2   14   5   6   -0.0003686980
2   14   6   4   -0.1687082583
2   14   6   5   -0.0044448335
2   14   7   4   0.0044448276
2   14   7   5   0.0213572887
3   8   1   6   0.0165366184
3   8   2   6   -0.0000000009
3   8   3   6   0.0129169561
3   8   4   6   -0.0000000994
3   8   5   6   0.0016770699
3   8   6   4   0.0000811254
3   8   6   5   -0.0034167567
3   8   7   4   0.0034167567
3   8   7   5   0.0000811254
3   9   1   6   -0.0000000009
3   9   2   6   0.0166673477
3   9   3   6   0.0000000912
3   9   4   6   0.0141449467
3   9   5   6   0.0000000117
3   9   6   4   0.0000000006
3   9   6   5   -0.0000000241
3   9   7   4   0.0000000241
3   9   7   5   0.0000000006
3   10   1   6   0.0129169561
3   10   2   6   0.0000000912
3   10   3   6   0.0627148719
3   10   4   6   0.0000000007
3   10   5   6   -0.0285395106
3   10   6   4   0.0003112015
3   10   6   5   -0.0131068690
3   10   7   4   0.0131068690
3   10   7   5   0.0003112015
3   11   1   6   -0.0000000994
3   11   2   6   0.0141449467
3   11   3   6   0.0000000007
3   11   4   6   0.0641187574
3   11   5   6   0.0000000015
3   11   6   5   -0.0000000002
3   11   7   4   0.0000000002
3   11   7   5   0.0000000000
3   12   1   6   0.0016770699
3   12   2   6   0.0000000117
3   12   3   6   -0.0285395106
3   12   4   6   0.0000000015
3   12   5   6   0.1820097347
3   12   6   4   -0.0003686980
3   12   6   5   0.0155284486
3   12   7   4   -0.0155284486
3   12   7   5   -0.0003686980
3   13   1   4   -0.0000617146
3   13   1   5   0.0025992341
3   13   2   4   -0.0000000004
3   13   2   5   0.0000000185
3   13   3   4   0.0007517810
3   13   3   5   -0.0316627526
3   13   4   4   -0.0000000000
3   13   4   5   -0.0000000004
3   13   5   4   -0.0037218641
3   13   5   5   0.1567537087
3   13   6   6   0.0229286107
3   13   7   6   0.0000000000
3   14   1   4   -0.0025992341
3   14   1   5   -0.0000617146
3   14   2   4   -0.0000000185
3   14   2   5   -0.0000000004
3   14   3   4   0.0316627527
3   14   3   5   0.0007517810
3   14   4   4   0.0000000004
3   14   4   5   0.0000000000
3   14   5   4   -0.1567537087
3   14   5   5   -0.0037218642
3   14   6   6   0.0000000000
3   14   7   6   0.0229286107

1   8   8   1   -0.5724132048
1   8   8   2   0.0000000000
1   8   9   1   -0.0000000012
1   8   9   2   0.0000000000
1   8   10   1   0.0048974149
1   8   10   2   -0.0000000000
1   8   11   1   -0.0000000368
1   8   11   2   0.0000000000
1   8   12   1   0.0017081195
1   8   12   2   0.0000000000
1   8   13   3   -0.0000852012
1   8   14   3   -0.0035884173
1   9   8   1   -0.0000000012
1   9   8   2   0.0000000000
1   9   9   1   -0.5724146509
1   9   9   2   0.0000000000
1   9   10   1   0.0000000351
1   9   10   2   0.0000000000
1   9   11   1   0.0053101881
1   9   11   2   -0.0000000000
1   9   12   1   0.0000000122
1   9   13   3   -0.0000000006
1   9   14   3   -0.0000000253
1   10   8   1   0.0048974149
1   10   8   2   -0.0000000000
1   10   9   1   0.0000000351
1   10   9   2   0.0000000000
1   10   10   1   -0.4456273370
1   10   10   2   -0.0000000001
1   10   11   1   -0.0000000008
1   10   11   2   -0.0000000000
1   10   12   1   0.0105024650
1   10   13   3   -0.0003821993
1   10   14   3   -0.0160970850
1   11   8   1   -0.0000000368
1   11   8   2   0.0000000000
1   11   9   1   0.0053101881
1   11   9   2   -0.0000000000
1   11   10   1   -0.0000000008
1   11   10   2   -0.0000000000
1   11   11   1   -0.4468372299
1   11   11   2   -0.0000000001
1   11   12   1   0.0000000002
1   11   12   2   -0.0000000000
1   11   13   3   -0.0000000000
1   11   14   3   -0.0000000002
1   12   8   1   0.0017081195
1   12   8   2   0.0000000000
1   12   9   1   0.0000000122
1   12   10   1   0.0105024650
1   12   11   1   0.0000000002
1   12   11   2   -0.0000000000
1   12   12   1   -0.4301720340
1   12   12   2   0.0000000000
1   12   13   3   0.0003876890
1   12   14   3   0.0163282910
1   13   8   3   -0.0000840452
1   13   9   3   -0.0000000006
1   13   10   3   -0.0003909326
1   13   11   3   -0.0000000000
1   13   12   3   0.0004470930
1   13   13   1   -0.4239781006
1   13   13   2   0.0008928975
1   13   14   1   -0.0008929040
1   13   14   2   0.0173854939
1   14   8   3   -0.0035397324
1   14   9   3   -0.0000000249
1   14   10   3   -0.0164649041
1   14   11   3   -0.0000000002
1   14   12   3   0.0188302106
1   14   13   1   -0.0008929040
1   14   13   2   0.0201995912
1   14   14   1   -0.4615631869
1   14   14   2   -0.0008928973
2   8   8   1   0.0000000000
2   8   8   2   -0.5724132048
2   8   9   1   0.0000000000
2   8   9   2   -0.0000000012
2   8   10   1   -0.0000000000
2   8   10   2   0.0048974149
2   8   11   1   0.0000000000
2   8   11   2   -0.0000000368
2   8   12   1   0.0000000000
2   8   12   2   0.0017081195
2   8   13   3   0.0035884173
2   8   14   3   -0.0000852012
2   9   8   1   0.0000000000
2   9   8   2   -0.0000000012
2   9   9   1   0.0000000000
2   9   9   2   -0.5724146510
2   9   10   1   0.0000000000
2   9   10   2   0.0000000350
2   9   11   1   -0.0000000000
2   9   11   2   0.0053101881
2   9   12   2   0.0000000122
2   9   13   3   0.0000000253
2   9   14   3   -0.0000000006
2   10   8   1   -0.0000000000
2   10   8   2   0.0048974149
2   10   9   1   0.0000000000
2   10   9   2   0.0000000350
2   10   10   1   -0.0000000001
2   10   10   2   -0.4456273369
2   10   11   1   -0.0000000000
2   10   11   2   -0.0000000007
2   10   12   2   0.0105024650
2   10   13   3   0.0160970850
2   10   14   3   -0.0003821993
2   11   8   1   0.0000000000
2   11   8   2   -0.0000000368
2   11   9   1   -0.0000000000
2   11   9   2   0.0053101881
2   11   10   1   -0.0000000000
2   11   10   2   -0.0000000007
2   11   11   1   -0.0000000001
2   11   11   2   -0.4468372298
2   11   12   1   -0.0000000000
2   11   12   2   0.0000000002
2   11   13   3   0.0000000002
2   11   14   3   -0.0000000000
2   12   8   1   0.0000000000
2   12   8   2   0.0017081195
2   12   9   2   0.0000000122
2   12   10   2   0.0105024650
2   12   11   1   -0.0000000000
2   12   11   2   0.0000000002
2   12   12   1   0.0000000000
2   12   12   2   -0.4301720341
2   12   13   3   -0.0163282910
2   12   14   3   0.0003876889
2   13   8   3   0.0035397324
2   13   9   3   0.0000000249
2   13   10   3   0.0164649041
2   13   11   3   0.0000000002
2   13   12   3   -0.0188302106
2   13   13   1   0.0008928975
2   13   13   2   -0.4615631872
2   13   14   1   0.0201995912
2   13   14   2   0.0008929038
2   14   8   3   -0.0000840452
2   14   9   3   -0.0000000006
2   14   10   3   -0.0003909326
2   14   11   3   -0.0000000000
2   14   12   3   0.0004470930
2   14   13   1   0.0173854938
2   14   13   2   0.0008929038
2   14   14   1   -0.0008928973
2   14   14   2   -0.4239781007
3   8   8   3   -0.6102231156
3   8   9   3   -0.0000000016
3   8   10   3   0.0055139740
3   8   11   3   -0.0000000516
3   8   12   3   0.0078476718
3   8   13   1   -0.0000840452
3   8   13   2   0.0035397324
3   8   14   1   -0.0035397324
3   8   14   2   -0.0000840452
3   9   8   3   -0.0000000016
3   9   9   3   -0.6102207326
3   9   10   3   0.0000000378
3   9   11   3   0.0071534339
3   9   12   3   0.0000000551
3   9   13   1   -0.0000000006
3   9   13   2   0.0000000249
3   9   14   1   -0.0000000249
3   9   14   2   -0.0000000006
3   10   8   3   0.0055139740
3   10   9   3   0.0000000378
3   10   10   3   -0.4703021352
3   10   11   3   -0.0000000005
3   10   12   3   0.0366156431
3   10   13   1   -0.0003909326
3   10   13   2   0.0164649041
3   10   14   1   -0.0164649041
3   10   14   2   -0.0003909326
3   11   8   3   -0.0000000516
3   11   9   3   0.0071534339
3   11   10   3   -0.0000000005
3   11   11   3   -0.4587942662
3   11   12   3   -0.0000000021
3   11   13   1   -0.0000000000
3   11   13   2   0.0000000002
3   11   14   1   -0.0000000002
3   11   14   2   -0.0000000000
3   12   8   3   0.0078476718
3   12   9   3   0.0000000551
3   12   10   3   0.0366156431
3   12   11   3   -0.0000000021
3   12   12   3   -0.4811784311
3   12   13   1   0.0004470930
3   12   13   2   -0.0188302106
3   12   14   1   0.0188302106
3   12   14   2   0.0004470930
3   13   8   1   -0.0000852012
3   13   8   2   0.0035884173
3   13   9   1   -0.0000000006
3   13   9   2   0.0000000253
3   13   10   1   -0.0003821993
3   13   10   2   0.0160970850
3   13   11   1   -0.0000000000
3   13   11   2   0.0000000002
3   13   12   1   0.0003876890
3   13   12   2   -0.0163282910
3   13   13   3   -0.4423894237
3   13   14   3   -0.0000000001
3   14   8   1   -0.0035884173
3   14   8   2   -0.0000852012
3   14   9   1   -0.0000000253
3   14   9   2   -0.0000000006
3   14   10   1   -0.0160970850
3   14   10   2   -0.0003821993
3   14   11   1   -0.0000000002
3   14   11   2   -0.0000000000
3   14   12   1   0.0163282910
3   14   12   2   0.0003876889
3   14   13   3   -0.0000000001
3   14   14   3   -0.4423894235

End AIJB Block
Begin IJKA Block
1   8   1   6   0.0000011143
1   8   2   6   -0.0540370361
1   8   3   6   -0.0000001285
1   8   4   6   0.0069148309
1   8   5   6   0.0000001705
1   8   6   4   -0.0000000043
1   8   6   5   0.0000001814
1   8   7   4   -0.0000001814
1   8   7   5   -0.0000000043
1   9   1   6   -0.0499797719
1   9   2   6   -0.0000003809
1   9   3   6   0.0090909009
1   9   4   6   -0.0000000002
1   9   5   6   -0.0121572543
1   9   6   4   0.0003058751
1   9   6   5   -0.0128825377
1   9   7   4   0.0128825377
1   9   7   5   0.0003058751
1   10   1   6   -0.0000010265
1   10   2   6   0.0727565681
1   10   3   6   0.0000000098
1   10   4   6   -0.0038296484
1   10   5   6   0.0000000919
1   10   6   4   -0.0000000022
1   10   6   5   0.0000000920
1   10   7   4   -0.0000000920
1   10   7   5   -0.0000000022
1   11   1   6   0.0492237702
1   11   2   6   0.0000000011
1   11   3   6   -0.0006319576
1   11   4   6   0.0000000248
1   11   5   6   -0.0142018040
1   11   6   4   0.0003396963
1   11   6   5   -0.0143069865
1   11   7   4   0.0143069865
1   11   7   5   0.0003396963
1   12   1   6   0.0000040687
1   12   2   6   -0.2884461031
1   12   3   6   -0.0000000258
1   12   4   6   0.0034031024
1   12   5   6   0.0000000039
1   12   6   4   -0.0000000003
1   12   6   5   0.0000000144
1   12   7   4   -0.0000000144
1   12   7   5   -0.0000000003
1   13   1   4   -0.0000001034
1   13   1   5   0.0000043553
1   13   2   4   0.0073359957
1   13   2   5   -0.3089700426
1   13   3   4   0.0000000006
1   13   3   5   -0.0000000268
1   13   4   4   -0.0000828286
1   13   4   5   0.0034884913
1   13   5   4   -0.0000000003
1   13   5   5   0.0000000108
1   13   6   6   -0.0000000235
1   14   1   4   -0.0000043553
1   14   1   5   -0.0000001034
1   14   2   4   0.3089700425
1   14   2   5   0.0073359957
1   14   3   4   0.0000000268
1   14   3   5   0.0000000006
1   14   4   4   -0.0034884913
1   14   4   5   -0.0000828286
1   14   5   4   -0.0000000108
1   14   5   5   -0.0000000003
1   14   7   6   -0.0000000235
2   8   1   6   -0.0540398536
2   8   2   6   -0.0000004095
2   8   3   6   0.0090713185
2   8   4   6   -0.0000000002
2   8   5   6   -0.0120205378
2   8   6   4   0.0003043121
2   8   6   5   -0.0128167090
2   8   7   4   0.0128167090
2   8   7   5   0.0003043121
2   9   1   6   -0.0000003809
2   9   2   6   -0.0499949136
2   9   3   6   0.0000001275
2   9   4   6   0.0068924522
2   9   5   6   -0.0000001704
2   9   6   4   0.0000000043
2   9   6   5   -0.0000001810
2   9   7   4   0.0000001810
2   9   7   5   0.0000000043
2   10   1   6   0.0727541265
2   10   2   6   0.0000010252
2   10   3   6   -0.0012756342
2   10   4   6   -0.0000000262
2   10   5   6   -0.0130292783
2   10   6   4   0.0003094299
2   10   6   5   -0.0130322576
2   10   7   4   0.0130322576
2   10   7   5   0.0003094300
2   11   1   6   0.0000000011
2   11   2   6   0.0492101363
2   11   3   6   -0.0000000041
2   11   4   6   -0.0034680239
2   11   5   6   -0.0000001003
2   11   6   4   0.0000000024
2   11   6   5   -0.0000001010
2   11   7   4   0.0000001010
2   11   7   5   0.0000000024
2   12   1   6   -0.2884374326
2   12   2   6   -0.0000040650
2   12   3   6   0.0035387832
2   12   4   6   0.0000000231
2   12   5   6   -0.0005950256
2   12   6   4   0.0000487312
2   12   6   5   -0.0020524120
2   12   7   4   0.0020524120
2   12   7   5   0.0000487312
2   13   1   4   0.0073357692
2   13   1   5   -0.3089605054
2   13   2   4   0.0000001034
2   13   2   5   -0.0000043572
2   13   3   4   -0.0000919841
2   13   3   5   0.0038740940
2   13   4   4   -0.0000000006
2   13   4   5   0.0000000252
2   13   5   4   0.0000360651
2   13   5   5   -0.0015189530
2   13   6   6   0.0033278024
2   14   1   4   0.3089605053
2   14   1   5   0.0073357692
2   14   2   4   0.0000043573
2   14   2   5   0.0000001035
2   14   3   4   -0.0038740940
2   14   3   5   -0.0000919841
2   14   4   4   -0.0000000252
2   14   4   5   -0.0000000006
2   14   5   4   0.0015189530
2   14   5   5   0.0000360651
2   14   7   6   0.0033278024
3   8   1   6   -0.0000001335
3   8   2   6   0.0094665140
3   8   3   6   -0.0000000190
3   8   4   6   -0.0048497705
3   8   5   6   0.0000001119
3   8   6   4   -0.0000000024
3   8   6   5   0.0000001013
3   8   7   4   -0.0000001013
3   8   7   5   -0.0000000024
3   9   1   6   0.0094837567
3   9   2   6   0.0000001336
3   9   3   6   0.0027344804
3   9   4   6   -0.0000000340
3   9   5   6   -0.0158780888
3   9   6   4   0.0003408834
3   9   6   5   -0.0143569808
3   9   7   4   0.0143569808
3   9   7   5   0.0003408834
3   10   1   6   0.0000000088
3   10   2   6   -0.0011148311
3   10   3   6   -0.0000000020
3   10   4   6   0.0308088707
3   10   5   6   0.0000000014
3   10   6   4   -0.0000000000
3   10   6   5   0.0000000011
3   10   7   4   -0.0000000011
3   10   7   5   -0.0000000000
3   11   1   6   -0.0004836315
3   11   2   6   -0.0000000029
3   11   3   6   0.0418810611
3   11   4   6   0.0000000010
3   11   5   6   -0.0627663156
3   11   6   4   0.0014935249
3   11   6   5   -0.0629027726
3   11   7   4   0.0629027727
3   11   7   5   0.0014935250
3   12   1   6   -0.0000000263
3   12   2   6   0.0036065292
3   12   3   6   0.0000000079
3   12   4   6   -0.1747392401
3   12   5   6   -0.0000000008
3   12   6   4   0.0000000000
3   12   6   5   -0.0000000001
3   12   7   4   0.0000000001
3   12   7   5   -0.0000000000
3   13   1   4   0.0000000007
3   13   1   5   -0.0000000285
3   13   2   4   -0.0000966192
3   13   2   5   0.0040693111
3   13   3   4   -0.0000000002
3   13   3   5   0.0000000031
3   13   4   4   0.0044854611
3   13   4   5   -0.1889141149
3   13   5   4   -0.0000000000
3   13   5   5   0.0000000008
3   13   6   6   -0.0000000003
3   13   7   6   -0.0000000000
3   14   1   4   0.0000000284
3   14   1   5   0.0000000007
3   14   2   4   -0.0040693111
3   14   2   5   -0.0000966192
3   14   3   4   -0.0000000030
3   14   3   5   0.0000000000
3   14   4   4   0.1889141150
3   14   4   5   0.0044854612
3   14   5   4   -0.0000000007
3   14   5   5   0.0000000000
3   14   6   6   -0.0000000000
3   14   7   6   -0.0000000003
4   8   1   6   0.0072431494
4   8   2   6   0.0000000004
4   8   3   6   -0.0049411421
4   8   4   6   0.0000000328
4   8   5   6   -0.0153838759
4   8   6   4   0.0003369572
4   8   6   5   -0.0141916233
4   8   7   4   0.0141916233
4   8   7   5   0.0003369572
4   9   1   6   0.0000000004
4   9   2   6   0.0072224783
4   9   3   6   -0.0000000346
4   9   4   6   -0.0046431338
4   9   5   6   -0.0000001088
4   9   6   4   0.0000000024
4   9   6   5   -0.0000001002
4   9   7   4   0.0000001002
4   9   7   5   0.0000000024
4   10   1   6   -0.0035624303
4   10   2   6   -0.0000000241
4   10   3   6   0.0304691824
4   10   4   6   -0.0000000000
4   10   5   6   -0.0408620368
4   10   6   4   0.0013160219
4   10   6   5   -0.0554268810
4   10   7   4   0.0554268810
4   10   7   5   0.0013160220
4   11   1   6   0.0000000233
4   11   2   6   -0.0032241316
4   11   3   6   0.0000000010
4   11   4   6   0.0123461751
4   11   5   6   -0.0000000004
4   11   6   5   -0.0000000006
4   11   7   4   0.0000000007
4   11   7   5   0.0000000000
4   12   1   6   0.0035311112
4   12   2   6   0.0000000240
4   12   3   6   -0.1751202076
4   12   4   6   0.0000000012
4   12   5   6   -0.0654455276
4   12   6   4   0.0002457494
4   12   6   5   -0.0103502238
4   12   7   4   0.0103502238
4   12   7   5   0.0002457494
4   13   1   4   -0.0000909722
4   13   1   5   0.0038314769
4   13   2   4   -0.0000000006
4   13   2   5   0.0000000274
4   13   3   4   0.0044762381
4   13   3   5   -0.1885256704
4   13   4   4   -0.0000000000
4   13   4   5   -0.0000000030
4   13   5   4   0.0015606144
4   13   5   5   -0.0657283789
4   13   6   6   0.0085392300
4   13   7   6   -0.0000000000
4   14   1   4   -0.0038314769
4   14   1   5   -0.0000909722
4   14   2   4   -0.0000000274
4   14   2   5   -0.0000000007
4   14   3   4   0.1885256706
4   14   3   5   0.0044762382
4   14   4   4   0.0000000032
4   14   4   5   0.0000000002
4   14   5   4   0.0657283789
4   14   5   5   0.0015606144
4   14   6   6   -0.0000000000
4   14   7   6   0.0085392300
5   8   1   6   0.0000001886
5   8   2   6   -0.0132995823
5   8   3   6   0.0000001159
5   8   4   6   -0.0159440895
5   8   5   6   0.0000000135
5   8   6   4   -0.0000000003
5   8   6   5   0.0000000106
5   8   7   4   -0.0000000106
5   8   7   5   -0.0000000003
5   9   1   6   -0.0134259408
5   9   2   6   -0.0000001883
5   9   3   6   -0.0164121510
5   9   4   6   -0.0000001125
5   9   5   6   -0.0019019814
5   9   6   4   0.0000358443
5   9   6   5   -0.0015096559
5   9   7   4   0.0015096559
5   9   7   5   0.0000358443
5   10   1   6   0.0000000890
5   10   2   6   -0.0125633119
5   10   3   6   0.0000000018
5   10   4   6   -0.0399845645
5   10   5   6   -0.0000000022
5   10   6   4   -0.0000000000
5   10   6   5   0.0000000003
5   10   7   4   -0.0000000003
5   10   7   5   -0.0000000000
5   11   1   6   -0.0134389601
5   11   2   6   -0.0000000946
5   11   3   6   -0.0616694644
5   11   4   6   -0.0000000005
5   11   5   6   0.0171746571
5   11   6   4   0.0001548178
5   11   6   5   -0.0065204576
5   11   7   4   0.0065204576
5   11   7   5   0.0001548178
5   12   1   6   0.0000000019
5   12   2   6   -0.0002764699
5   12   3   6   -0.0000000007
5   12   4   6   -0.0662747239
5   12   5   6   0.0000000001
5   12   6   4   -0.0000000000
5   12   6   5   0.0000000002
5   12   7   4   -0.0000000002
5   13   1   4   -0.0000000002
5   13   1   5   0.0000000090
5   13   2   4   0.0000298777
5   13   2   5   -0.0012583600
5   13   3   4   -0.0000000000
5   13   3   5   0.0000000005
5   13   4   4   0.0015541925
5   13   4   5   -0.0654579080
5   13   5   4   0.0000000000
5   13   5   5   -0.0000000008
5   13   6   6   0.0000000004
5   13   7   6   -0.0000000000
5   14   1   4   -0.0000000090
5   14   1   5   -0.0000000002
5   14   2   4   0.0012583600
5   14   2   5   0.0000298777
5   14   3   4   -0.0000000005
5   14   3   5   -0.0000000000
5   14   4   4   0.0654579080
5   14   4   5   0.0015541925
5   14   5   4   0.0000000008
5   14   5   5   0.0000000000
5   14   6   6   -0.0000000000
5   14   7   6   0.0000000004
6   8   1   4   -0.0000000049
6   8   1   5   0.0000002043
6   8   2   4   0.0003434133
6   8   2   5   -0.0144635350
6   8   3   4   -0.0000000026
6   8   3   5   0.0000001077
6   8   4   4   0.0003575239
6   8   4   5   -0.0150578295
6   8   5   4   -0.0000000003
6   8   5   5   0.0000000122
6   8   6   6   -0.0000000084
6   9   1   4   0.0003447630
6   9   1   5   -0.0145203810
6   9   2   4   0.0000000049
6   9   2   5   -0.0000002043
6   9   3   4   0.0003616537
6   9   3   5   -0.0152317632
6   9   4   4   0.0000000025
6   9   4   5   -0.0000001061
6   9   5   4   0.0000412233
6   9   5   5   -0.0017362008
6   9   6   6   0.0011765830
6   9   7   6   -0.0000000000
6   10   1   4   -0.0000000022
6   10   1   5   0.0000000915
6   10   2   4   0.0003072498
6   10   2   5   -0.0129404344
6   10   3   4   -0.0000000000
6   10   3   5   0.0000000008
6   10   4   4   0.0012996482
6   10   4   5   -0.0547372675
6   10   5   4   -0.0000000000
6   10   5   5   0.0000000004
6   10   6   6   -0.0000000001
6   10   7   6   0.0000000000
6   11   1   4   0.0003300772
6   11   1   5   -0.0139018557
6   11   2   4   0.0000000023
6   11   2   5   -0.0000000979
6   11   3   4   0.0014543078
6   11   3   5   -0.0612510656
6   11   4   4   0.0000000000
6   11   4   5   -0.0000000011
6   11   5   4   0.0002032125
6   11   5   5   -0.0085586995
6   11   6   6   0.0322438402
6   11   7   6   -0.0000000001
6   12   1   4   -0.0000000003
6   12   1   5   0.0000000126
6   12   2   4   0.0000425057
6   12   2   5   -0.0017902115
6   12   3   4   0.0000000000
6   12   3   5   -0.0000000004
6   12   4   4   0.0002754351
6   12   4   5   -0.0116004984
6   12   5   4   -0.0000000000
6   12   5   5   0.0000000006
6   12   6   6   -0.0000000001
6   12   7   6   0.0000000000
6   13   1   6   -0.0000000219
6   13   2   6   0.0031033081
6   13   3   6   -0.0000000004
6   13   4   6   0.0086266088
6   13   5   6   0.0000000003
6   13   6   4   0.0000000000
6   13   6   5   -0.0000000006
6   13   7   4   -0.0000000000
6   13   7   5   -0.0000000000
6   14   1   6   -0.0000000000
6   14   3   6   -0.0000000000
6   14   4   6   -0.0000000000
6   14   5   6   -0.0000000000
6   14   6   4   0.0000000008
6   14   6   5   -0.0000000000
6   14   7   4   0.0000000000
6   14   7   5   0.0000000002
7   8   1   4   -0.0000002043
7   8   1   5   -0.0000000048
7   8   2   4   0.0144635350
7   8   2   5   0.0003434133
7   8   3   4   -0.0000001077
7   8   3   5   -0.0000000026
7   8   4   4   0.0150578295
7   8   4   5   0.0003575239
7   8   5   4   -0.0000000122
7   8   5   5   -0.0000000003
7   8   7   6   -0.0000000084
7   9   1   4   0.0145203810
7   9   1   5   0.0003447630
7   9   2   4   0.0000002044
7   9   2   5   0.0000000049
7   9   3   4   0.0152317632
7   9   3   5   0.0003616537
7   9   4   4   0.0000001061
7   9   4   5   0.0000000025
7   9   5   4   0.0017362008
7   9   5   5   0.0000412233
7   9   6   6   -0.0000000000
7   9   7   6   0.0011765830
7   10   1   4   -0.0000000915
7   10   1   5   -0.0000000022
7   10   2   4   0.0129404344
7   10   2   5   0.0003072498
7   10   3   4   -0.0000000008
7   10   3   5   -0.0000000000
7   10   4   4   0.0547372675
7   10   4   5   0.0012996482
7   10   5   4   -0.0000000004
7   10   5   5   -0.0000000000
7   10   6   6   0.0000000000
7   10   7   6   -0.0000000001
7   11   1   4   0.0139018557
7   11   1   5   0.0003300772
7   11   2   4   0.0000000979
7   11   2   5   0.0000000023
7   11   3   4   0.0612510656
7   11   3   5   0.0014543078
7   11   4   4   0.0000000011
7   11   4   5   0.0000000000
7   11   5   4   0.0085586995
7   11   5   5   0.0002032125
7   11   6   6   -0.0000000001
7   11   7   6   0.0322438403
7   12   1   4   -0.0000000126
7   12   1   5   -0.0000000003
7   12   2   4   0.0017902115
7   12   2   5   0.0000425057
7   12   3   4   0.0000000004
7   12   3   5   0.0000000000
7   12   4   4   0.0116004984
7   12   4   5   0.0002754351
7   12   5   4   -0.0000000006
7   12   5   5   -0.0000000000
7   12   6   6   0.0000000000
7   12   7   6   -0.0000000002
7   13   1   6   -0.0000000000
7   13   3   6   -0.0000000000
7   13   4   6   -0.0000000000
7   13   5   6   -0.0000000000
7   13   6   4   -0.0000000002
7   13   6   5   -0.0000000000
7   13   7   4   0.0000000000
7   13   7   5   -0.0000000008
7   14   1   6   -0.0000000219
7   14   2   6   0.0031033081
7   14   3   6   -0.0000000004
7   14   4   6   0.0086266088
7   14   5   6   0.0000000003
7   14   6   4   -0.0000000000
7   14   6   5   0.0000000001
7   14   7   4   0.0000000005
7   14   7   5   0.0000000000

End IJKA Block
Begin IABC Block
1   4   1   6   -0.0000000236
1   4   3   4   -0.0000000009
1   4   3   5   -0.0000000000
1   5   2   6   -0.0000000236
1   5   3   4   -0.0000000000
1   5   3   5   -0.0000000009
1   6   1   4   -0.0000000231
1   6   2   5   -0.0000000231
1   6   3   6   -0.0000000401
2   4   1   6   0.0033447951
2   4   3   4   0.0001143282
2   4   3   5   0.0000000000
2   5   2   6   0.0033447951
2   5   3   4   0.0000000000
2   5   3   5   0.0001143281
2   6   1   4   0.0032724045
2   6   2   5   0.0032724045
2   6   3   6   0.0057218153
3   4   1   6   -0.0000000001
3   4   2   6   -0.0000000000
3   4   3   4   0.0000000002
3   4   3   5   0.0000000000
3   5   1   6   -0.0000000000
3   5   2   6   -0.0000000001
3   5   3   4   0.0000000000
3   5   3   5   0.0000000002
3   6   1   4   -0.0000000003
3   6   1   5   0.0000000000
3   6   2   4   0.0000000000
3   6   2   5   -0.0000000003
3   6   3   6   -0.0000000026
4   4   1   6   0.0110533796
4   4   2   6   -0.0000000000
4   4   3   4   0.0274579527
4   4   3   5   0.0000000000
4   5   1   6   -0.0000000000
4   5   2   6   0.0110533796
4   5   3   4   0.0000000000
4   5   3   5   0.0274579526
4   6   1   4   0.0090794362
4   6   2   5   0.0090794362
4   6   3   6   0.0390246738
5   4   1   6   -0.0000000007
5   4   2   6   0.0000000000
5   4   3   4   -0.0000000010
5   4   3   5   0.0000000000
5   5   1   6   0.0000000000
5   5   2   6   -0.0000000008
5   5   3   4   0.0000000000
5   5   3   5   -0.0000000010
5   6   1   4   -0.0000000009
5   6   1   5   0.0000000000
5   6   2   4   0.0000000000
5   6   2   5   -0.0000000010
5   6   3   6   0.0000000046
6   4   1   4   0.0000000002
6   4   1   5   -0.0000000001
6   4   2   4   -0.0000000025
6   4   2   5   0.0000000000
6   4   3   6   0.0000000000
6   5   1   4   -0.0000000001
6   5   1   5   0.0000000000
6   5   2   4   0.0000000000
6   5   2   5   -0.0000000028
6   5   3   6   -0.0000000008
6   6   1   6   0.0000000000
6   6   2   6   -0.0000000024
6   6   3   4   0.0000000000
6   6   3   5   -0.0000000010
7   4   1   4   0.0000000026
7   4   1   5   -0.0000000001
7   4   2   4   -0.0000000001
7   4   2   5   0.0000000001
7   4   3   6   0.0000000008
7   5   1   4   -0.0000000002
7   5   1   5   0.0000000025
7   5   2   4   0.0000000001
7   5   2   5   0.0000000001
7   5   3   6   0.0000000000
7   6   1   6   0.0000000025
7   6   2   6   0.0000000001
7   6   3   4   0.0000000010
7   6   3   5   0.0000000000

End IABC Block
