0   1   5   6       0.160046313530
0   1   6   5      -0.160046313686
0   2   4   5       0.080785435500
0   2   4   6      -0.126009467907
0   2   5   4      -0.080785435499
0   2   6   4       0.126009467841
1   0   5   6      -0.160046313530
1   0   6   5       0.160046313686
1   2   4   5       0.126009467529
1   2   4   6       0.080785435087
1   2   5   4      -0.126009467506
1   2   6   4      -0.080785435103
2   0   4   5      -0.080785435500
2   0   4   6       0.126009467907
2   0   5   4       0.080785435499
2   0   6   4      -0.126009467841
2   1   4   5      -0.126009467529
2   1   4   6      -0.080785435087
2   1   5   4       0.126009467506
2   1   6   4       0.080785435103
0   103   5   12      -0.261255697954
0   103   5   13       0.326742051953
0   103   6   12       0.326742050725
0   103   6   13      -0.561433029941
0   104   5   12      -0.326742046038
0   104   5   13       0.230111824029
0   104   6   12       0.070065509926
0   104   6   13       0.326742043253
0   105   4   12       0.215807604576
0   105   4   13      -0.336617625010
0   105   5   11       0.135022169026
0   105   6   11      -0.210608157159
0   111   6   13       0.058407948914
1   103   5   12      -0.326742044180
1   103   5   13       0.070065510118
1   103   6   12       0.230111823423
1   103   6   13       0.326742045630
1   104   5   12      -0.561433028460
1   104   5   13      -0.326742049357
1   104   6   12      -0.326742049366
1   104   6   13      -0.261255696574
1   105   4   12       0.336617624677
1   105   4   13       0.215807604066
1   105   5   11       0.210608157194
1   105   6   11       0.135022168864
1   110   5   12       0.058407948985
2   103   4   12       0.135022169039
2   103   4   13      -0.210608157180
2   103   5   11       0.215807604566
2   103   6   11      -0.336617625139
2   104   4   12       0.210608157125
2   104   4   13       0.135022168931
2   104   5   11       0.336617624798
2   104   6   11       0.215807603964
2   105   4   11      -0.640401685660
2   107   4   11       0.067465118020
4   105   4   11       0.067465118020
7   104   5   12       0.058407948985
8   103   6   13       0.058407948915
0   103   12   5       0.261255697954
0   103   12   6      -0.326742050725
0   103   13   5      -0.326742051953
0   103   13   6       0.561433029941
0   104   12   5       0.326742046038
0   104   12   6      -0.070065509926
0   104   13   5      -0.230111824029
0   104   13   6      -0.326742043253
0   105   11   5      -0.135022169026
0   105   11   6       0.210608157159
0   105   12   4      -0.215807604576
0   105   13   4       0.336617625010
0   111   13   6      -0.058407948914
1   103   12   5       0.326742044180
1   103   12   6      -0.230111823423
1   103   13   5      -0.070065510118
1   103   13   6      -0.326742045630
1   104   12   5       0.561433028460
1   104   12   6       0.326742049366
1   104   13   5       0.326742049357
1   104   13   6       0.261255696574
1   105   11   5      -0.210608157194
1   105   11   6      -0.135022168864
1   105   12   4      -0.336617624677
1   105   13   4      -0.215807604066
1   110   12   5      -0.058407948985
2   103   11   5      -0.215807604566
2   103   11   6       0.336617625139
2   103   12   4      -0.135022169039
2   103   13   4       0.210608157180
2   104   11   5      -0.336617624798
2   104   11   6      -0.215807603964
2   104   12   4      -0.210608157125
2   104   13   4      -0.135022168931
2   105   11   4       0.640401685660
2   107   11   4      -0.067465118020
4   105   11   4      -0.067465118020
7   104   12   5      -0.058407948985
8   103   13   6      -0.058407948915
103   0   5   12       0.261255697954
103   0   5   13      -0.326742051953
103   0   6   12      -0.326742050725
103   0   6   13       0.561433029941
103   1   5   12       0.326742044180
103   1   5   13      -0.070065510118
103   1   6   12      -0.230111823423
103   1   6   13      -0.326742045630
103   2   4   12      -0.135022169039
103   2   4   13       0.210608157180
103   2   5   11      -0.215807604566
103   2   6   11       0.336617625139
103   8   6   13      -0.058407948915
104   0   5   12       0.326742046038
104   0   5   13      -0.230111824029
104   0   6   12      -0.070065509926
104   0   6   13      -0.326742043253
104   1   5   12       0.561433028460
104   1   5   13       0.326742049357
104   1   6   12       0.326742049366
104   1   6   13       0.261255696574
104   2   4   12      -0.210608157125
104   2   4   13      -0.135022168931
104   2   5   11      -0.336617624798
104   2   6   11      -0.215807603964
104   7   5   12      -0.058407948985
105   0   4   12      -0.215807604576
105   0   4   13       0.336617625010
105   0   5   11      -0.135022169026
105   0   6   11       0.210608157159
105   1   4   12      -0.336617624677
105   1   4   13      -0.215807604066
105   1   5   11      -0.210608157194
105   1   6   11      -0.135022168864
105   2   4   11       0.640401685660
105   4   4   11      -0.067465118020
107   2   4   11      -0.067465118020
110   1   5   12      -0.058407948985
111   0   6   13      -0.058407948914
103   0   12   5      -0.261255697954
103   0   12   6       0.326742050725
103   0   13   5       0.326742051953
103   0   13   6      -0.561433029941
103   1   12   5      -0.326742044180
103   1   12   6       0.230111823423
103   1   13   5       0.070065510118
103   1   13   6       0.326742045630
103   2   11   5       0.215807604566
103   2   11   6      -0.336617625139
103   2   12   4       0.135022169039
103   2   13   4      -0.210608157180
103   8   13   6       0.058407948915
104   0   12   5      -0.326742046038
104   0   12   6       0.070065509926
104   0   13   5       0.230111824029
104   0   13   6       0.326742043253
104   1   12   5      -0.561433028460
104   1   12   6      -0.326742049366
104   1   13   5      -0.326742049357
104   1   13   6      -0.261255696574
104   2   11   5       0.336617624798
104   2   11   6       0.215807603964
104   2   12   4       0.210608157125
104   2   13   4       0.135022168931
104   7   12   5       0.058407948985
105   0   11   5       0.135022169026
105   0   11   6      -0.210608157159
105   0   12   4       0.215807604576
105   0   13   4      -0.336617625010
105   1   11   5       0.210608157194
105   1   11   6       0.135022168864
105   1   12   4       0.336617624677
105   1   13   4       0.215807604066
105   2   11   4      -0.640401685660
105   4   11   4       0.067465118020
107   2   11   4       0.067465118020
110   1   12   5       0.058407948985
111   0   13   6       0.058407948914
103   104   12   13       0.160046313530
103   104   13   12      -0.160046313686
103   105   11   12       0.080785435500
103   105   11   13      -0.126009467907
103   105   12   11      -0.080785435499
103   105   13   11       0.126009467841
104   103   12   13      -0.160046313530
104   103   13   12       0.160046313686
104   105   11   12       0.126009467529
104   105   11   13       0.080785435087
104   105   12   11      -0.126009467506
104   105   13   11      -0.080785435103
105   103   11   12      -0.080785435500
105   103   11   13       0.126009467907
105   103   12   11       0.080785435499
105   103   13   11      -0.126009467841
105   104   11   12      -0.126009467529
105   104   11   13      -0.080785435087
105   104   12   11       0.126009467506
105   104   13   11       0.080785435103

