0   53   5   12      -0.218918286660
0   54   5   13      -0.104193874970
0   54   6   12      -0.076013910588
0   55   5   11      -0.058992475144
1   53   5   13      -0.076013910588
1   53   6   12      -0.104193874970
1   54   6   13      -0.218918286633
1   55   6   11      -0.058992475125
2   53   4   12      -0.058992475144
2   54   4   13      -0.058992475125
2   55   4   11      -0.073751389505
0   53   12   5       0.218918286660
0   54   12   6       0.076013910588
0   54   13   5       0.104193874970
0   55   11   5       0.058992475144
1   53   12   6       0.104193874970
1   53   13   5       0.076013910588
1   54   13   6       0.218918286633
1   55   11   6       0.058992475125
2   53   12   4       0.058992475144
2   54   13   4       0.058992475125
2   55   11   4       0.073751389505
53   0   5   12       0.218918286660
53   1   5   13       0.076013910588
53   1   6   12       0.104193874970
53   2   4   12       0.058992475144
54   0   5   13       0.104193874970
54   0   6   12       0.076013910588
54   1   6   13       0.218918286633
54   2   4   13       0.058992475125
55   0   5   11       0.058992475144
55   1   6   11       0.058992475125
55   2   4   11       0.073751389505
53   0   12   5      -0.218918286660
53   1   12   6      -0.104193874970
53   1   13   5      -0.076013910588
53   2   12   4      -0.058992475144
54   0   12   6      -0.076013910588
54   0   13   5      -0.104193874970
54   1   13   6      -0.218918286633
54   2   13   4      -0.058992475125
55   0   11   5      -0.058992475144
55   1   11   6      -0.058992475125
55   2   11   4      -0.073751389505

