0   103   5   12      -0.105939138860
0   103   5   13      -0.121538503637
0   103   6   12      -0.121538503584
0   103   6   13      -0.318111352753
0   104   5   12       0.121538499839
0   104   5   13       0.121620321118
0   104   6   12       0.090551907503
0   104   6   13      -0.121538499634
0   105   4   13       0.085052513902
0   105   6   11       0.092415445641
0   112   6   13       0.050797383860
1   103   5   12       0.121538499831
1   103   5   13       0.090551908605
1   103   6   12       0.121620320672
1   103   6   13      -0.121538500471
1   104   5   12      -0.318111352886
1   104   5   13       0.121538504057
1   104   6   12       0.121538503997
1   104   6   13      -0.105939139081
1   105   4   12      -0.085052513968
1   105   5   11      -0.092415445659
1   111   5   12      -0.050797383852
2   103   4   13       0.092415445641
2   103   6   11       0.085052513902
2   104   4   12      -0.092415445659
2   104   5   11      -0.085052513968
2   105   4   11      -0.180139081327
2   106   4   11       0.050521391467
3   105   4   11       0.050521391467
8   104   5   12      -0.050797383853
9   103   6   13       0.050797383874
0   103   12   5       0.105939138860
0   103   12   6       0.121538503584
0   103   13   5       0.121538503637
0   103   13   6       0.318111352753
0   104   12   5      -0.121538499839
0   104   12   6      -0.090551907503
0   104   13   5      -0.121620321118
0   104   13   6       0.121538499634
0   105   11   6      -0.092415445641
0   105   13   4      -0.085052513902
0   112   13   6      -0.050797383860
1   103   12   5      -0.121538499831
1   103   12   6      -0.121620320672
1   103   13   5      -0.090551908605
1   103   13   6       0.121538500471
1   104   12   5       0.318111352886
1   104   12   6      -0.121538503997
1   104   13   5      -0.121538504057
1   104   13   6       0.105939139081
1   105   11   5       0.092415445659
1   105   12   4       0.085052513968
1   111   12   5       0.050797383852
2   103   11   6      -0.085052513902
2   103   13   4      -0.092415445641
2   104   11   5       0.085052513968
2   104   12   4       0.092415445659
2   105   11   4       0.180139081327
2   106   11   4      -0.050521391467
3   105   11   4      -0.050521391467
8   104   12   5       0.050797383853
9   103   13   6      -0.050797383874
103   0   5   12       0.105939138860
103   0   5   13       0.121538503637
103   0   6   12       0.121538503584
103   0   6   13       0.318111352753
103   1   5   12      -0.121538499831
103   1   5   13      -0.090551908605
103   1   6   12      -0.121620320672
103   1   6   13       0.121538500471
103   2   4   13      -0.092415445641
103   2   6   11      -0.085052513902
103   9   6   13      -0.050797383874
104   0   5   12      -0.121538499839
104   0   5   13      -0.121620321118
104   0   6   12      -0.090551907503
104   0   6   13       0.121538499634
104   1   5   12       0.318111352886
104   1   5   13      -0.121538504057
104   1   6   12      -0.121538503997
104   1   6   13       0.105939139081
104   2   4   12       0.092415445659
104   2   5   11       0.085052513968
104   8   5   12       0.050797383853
105   0   4   13      -0.085052513902
105   0   6   11      -0.092415445641
105   1   4   12       0.085052513968
105   1   5   11       0.092415445659
105   2   4   11       0.180139081327
105   3   4   11      -0.050521391467
106   2   4   11      -0.050521391467
111   1   5   12       0.050797383852
112   0   6   13      -0.050797383860
103   0   12   5      -0.105939138860
103   0   12   6      -0.121538503584
103   0   13   5      -0.121538503637
103   0   13   6      -0.318111352753
103   1   12   5       0.121538499831
103   1   12   6       0.121620320672
103   1   13   5       0.090551908605
103   1   13   6      -0.121538500471
103   2   11   6       0.085052513902
103   2   13   4       0.092415445641
103   9   13   6       0.050797383874
104   0   12   5       0.121538499839
104   0   12   6       0.090551907503
104   0   13   5       0.121620321118
104   0   13   6      -0.121538499634
104   1   12   5      -0.318111352886
104   1   12   6       0.121538503997
104   1   13   5       0.121538504057
104   1   13   6      -0.105939139081
104   2   11   5      -0.085052513968
104   2   12   4      -0.092415445659
104   8   12   5      -0.050797383853
105   0   11   6       0.092415445641
105   0   13   4       0.085052513902
105   1   11   5      -0.092415445659
105   1   12   4      -0.085052513968
105   2   11   4      -0.180139081327
105   3   11   4       0.050521391467
106   2   11   4       0.050521391467
111   1   12   5      -0.050797383852
112   0   13   6       0.050797383860

