0   1   5   6       0.167525484920
0   1   6   5      -0.167525485223
0   2   4   5       0.158123206147
0   2   5   4      -0.158123206142
1   0   5   6      -0.167525484920
1   0   6   5       0.167525485223
1   2   4   6       0.158123206133
1   2   6   4      -0.158123206129
2   0   4   5      -0.158123206147
2   0   5   4       0.158123206142
2   1   4   6      -0.158123206133
2   1   6   4       0.158123206129
0   103   5   12      -0.758151331082
0   103   5   13      -0.188522334540
0   103   6   12      -0.188522334136
0   103   6   13      -0.101454402486
0   104   5   12       0.188522331714
0   104   5   13      -0.244585727083
0   104   6   12      -0.412111213144
0   104   6   13      -0.188522331883
0   105   4   12       0.426109880181
0   105   4   13       0.113627679547
0   105   5   11       0.267986674632
0   105   6   11       0.071462093239
0   112   5   12       0.079202413976
1   103   5   12       0.188522331515
1   103   5   13      -0.412111213120
1   103   6   12      -0.244585728008
1   103   6   13      -0.188522331772
1   104   5   12      -0.101454402334
1   104   5   13       0.188522334115
1   104   6   12       0.188522333959
1   104   6   13      -0.758151330900
1   105   4   12      -0.113627679532
1   105   4   13       0.426109880151
1   105   5   11      -0.071462093237
1   105   6   11       0.267986674617
1   111   6   13       0.079202413977
2   103   4   12       0.267986674641
2   103   4   13       0.071462093232
2   103   5   11       0.426109880184
2   103   6   11       0.113627679547
2   104   4   12      -0.071462093231
2   104   4   13       0.267986674608
2   104   5   11      -0.113627679522
2   104   6   11       0.426109880170
2   105   4   11      -0.729611112550
2   107   4   11      -0.063969475198
4   105   4   11      -0.063969475198
8   104   6   13       0.079202413978
9   103   5   12       0.079202413974
0   103   12   5       0.758151331082
0   103   12   6       0.188522334136
0   103   13   5       0.188522334540
0   103   13   6       0.101454402486
0   104   12   5      -0.188522331714
0   104   12   6       0.412111213144
0   104   13   5       0.244585727083
0   104   13   6       0.188522331883
0   105   11   5      -0.267986674632
0   105   11   6      -0.071462093239
0   105   12   4      -0.426109880181
0   105   13   4      -0.113627679547
0   112   12   5      -0.079202413976
1   103   12   5      -0.188522331515
1   103   12   6       0.244585728008
1   103   13   5       0.412111213120
1   103   13   6       0.188522331772
1   104   12   5       0.101454402334
1   104   12   6      -0.188522333959
1   104   13   5      -0.188522334115
1   104   13   6       0.758151330900
1   105   11   5       0.071462093237
1   105   11   6      -0.267986674617
1   105   12   4       0.113627679532
1   105   13   4      -0.426109880151
1   111   13   6      -0.079202413977
2   103   11   5      -0.426109880184
2   103   11   6      -0.113627679547
2   103   12   4      -0.267986674641
2   103   13   4      -0.071462093232
2   104   11   5       0.113627679522
2   104   11   6      -0.426109880170
2   104   12   4       0.071462093231
2   104   13   4      -0.267986674608
2   105   11   4       0.729611112550
2   107   11   4       0.063969475198
4   105   11   4       0.063969475198
8   104   13   6      -0.079202413978
9   103   12   5      -0.079202413974
103   0   5   12       0.758151331082
103   0   5   13       0.188522334540
103   0   6   12       0.188522334136
103   0   6   13       0.101454402486
103   1   5   12      -0.188522331515
103   1   5   13       0.412111213120
103   1   6   12       0.244585728008
103   1   6   13       0.188522331772
103   2   4   12      -0.267986674641
103   2   4   13      -0.071462093232
103   2   5   11      -0.426109880184
103   2   6   11      -0.113627679547
103   9   5   12      -0.079202413974
104   0   5   12      -0.188522331714
104   0   5   13       0.244585727083
104   0   6   12       0.412111213144
104   0   6   13       0.188522331883
104   1   5   12       0.101454402334
104   1   5   13      -0.188522334115
104   1   6   12      -0.188522333959
104   1   6   13       0.758151330900
104   2   4   12       0.071462093231
104   2   4   13      -0.267986674608
104   2   5   11       0.113627679522
104   2   6   11      -0.426109880170
104   8   6   13      -0.079202413978
105   0   4   12      -0.426109880181
105   0   4   13      -0.113627679547
105   0   5   11      -0.267986674632
105   0   6   11      -0.071462093239
105   1   4   12       0.113627679532
105   1   4   13      -0.426109880151
105   1   5   11       0.071462093237
105   1   6   11      -0.267986674617
105   2   4   11       0.729611112550
105   4   4   11       0.063969475198
107   2   4   11       0.063969475198
111   1   6   13      -0.079202413977
112   0   5   12      -0.079202413976
103   0   12   5      -0.758151331082
103   0   12   6      -0.188522334136
103   0   13   5      -0.188522334540
103   0   13   6      -0.101454402486
103   1   12   5       0.188522331515
103   1   12   6      -0.244585728008
103   1   13   5      -0.412111213120
103   1   13   6      -0.188522331772
103   2   11   5       0.426109880184
103   2   11   6       0.113627679547
103   2   12   4       0.267986674641
103   2   13   4       0.071462093232
103   9   12   5       0.079202413974
104   0   12   5       0.188522331714
104   0   12   6      -0.412111213144
104   0   13   5      -0.244585727083
104   0   13   6      -0.188522331883
104   1   12   5      -0.101454402334
104   1   12   6       0.188522333959
104   1   13   5       0.188522334115
104   1   13   6      -0.758151330900
104   2   11   5      -0.113627679522
104   2   11   6       0.426109880170
104   2   12   4      -0.071462093231
104   2   13   4       0.267986674608
104   8   13   6       0.079202413978
105   0   11   5       0.267986674632
105   0   11   6       0.071462093239
105   0   12   4       0.426109880181
105   0   13   4       0.113627679547
105   1   11   5      -0.071462093237
105   1   11   6       0.267986674617
105   1   12   4      -0.113627679532
105   1   13   4       0.426109880151
105   2   11   4      -0.729611112550
105   4   11   4      -0.063969475198
107   2   11   4      -0.063969475198
111   1   13   6       0.079202413977
112   0   12   5       0.079202413976
103   104   12   13       0.167525484920
103   104   13   12      -0.167525485223
103   105   11   12       0.158123206147
103   105   12   11      -0.158123206142
104   103   12   13      -0.167525484920
104   103   13   12       0.167525485223
104   105   11   13       0.158123206133
104   105   13   11      -0.158123206129
105   103   11   12      -0.158123206147
105   103   12   11       0.158123206142
105   104   11   13      -0.158123206133
105   104   13   11       0.158123206129

