0   53   5   12      -0.125361590773
0   53   5   13       0.115863154546
0   53   6   12       0.115863154338
0   53   6   13      -0.213769352793
0   54   5   12       0.115863174866
0   54   6   13      -0.115863174639
0   55   6   11       0.067449502023
1   53   5   12       0.115863174806
1   53   6   13      -0.115863174834
1   54   5   12      -0.213769352776
1   54   5   13      -0.115863154606
1   54   6   12      -0.115863154282
1   54   6   13      -0.125361590659
1   55   5   11       0.067449502037
2   53   4   13       0.067449502023
2   54   4   12       0.067449502037
2   55   4   11      -0.124142515323
0   53   12   5       0.125361590773
0   53   12   6      -0.115863154338
0   53   13   5      -0.115863154546
0   53   13   6       0.213769352793
0   54   12   5      -0.115863174866
0   54   13   6       0.115863174639
0   55   11   6      -0.067449502023
1   53   12   5      -0.115863174806
1   53   13   6       0.115863174834
1   54   12   5       0.213769352776
1   54   12   6       0.115863154282
1   54   13   5       0.115863154606
1   54   13   6       0.125361590659
1   55   11   5      -0.067449502037
2   53   13   4      -0.067449502023
2   54   12   4      -0.067449502037
2   55   11   4       0.124142515323
53   0   5   12       0.125361590773
53   0   5   13      -0.115863154546
53   0   6   12      -0.115863154338
53   0   6   13       0.213769352793
53   1   5   12      -0.115863174806
53   1   6   13       0.115863174834
53   2   4   13      -0.067449502023
54   0   5   12      -0.115863174866
54   0   6   13       0.115863174639
54   1   5   12       0.213769352776
54   1   5   13       0.115863154606
54   1   6   12       0.115863154282
54   1   6   13       0.125361590659
54   2   4   12      -0.067449502037
55   0   6   11      -0.067449502023
55   1   5   11      -0.067449502037
55   2   4   11       0.124142515323
53   0   12   5      -0.125361590773
53   0   12   6       0.115863154338
53   0   13   5       0.115863154546
53   0   13   6      -0.213769352793
53   1   12   5       0.115863174806
53   1   13   6      -0.115863174834
53   2   13   4       0.067449502023
54   0   12   5       0.115863174866
54   0   13   6      -0.115863174639
54   1   12   5      -0.213769352776
54   1   12   6      -0.115863154282
54   1   13   5      -0.115863154606
54   1   13   6      -0.125361590659
54   2   12   4       0.067449502037
55   0   11   6       0.067449502023
55   1   11   5       0.067449502037
55   2   11   4      -0.124142515323

