Begin IJ Block
1   1   -25.5988826143
1   2   0.0000000007
1   3   0.4831650425
1   4   -0.0000002224
1   5   -0.0186512387
2   2   -25.5989495026
2   3   0.0000002205
2   4   0.4876855707
2   5   -0.0000000081
3   3   -6.4984369361
3   4   0.0000000011
3   5   -0.1269857188
4   4   -6.5133460317
4   5   -0.0000000031
5   5   -6.0074366472
6   6   -6.0049441882
6   7   -0.0000000000
7   7   -6.0049441881

End IJ Block
Begin IA Block
1   3   -0.0000000126
2   3   0.0277463610
3   3   0.0000000004
4   3   -0.2279293295
5   3   0.0000000102
6   1   0.0000000046
6   2   0.0000000010
7   1   -0.0000000009
7   2   0.0000000044

End IA Block
Begin AB Block
1   1   -5.8124903994
1   2   0.0000000000
2   2   -5.8124903994
3   3   -5.9326251110

End AB Block
Begin IJAB Block
1   8   1   4   0.0131764065
1   8   2   5   0.0131764065
1   8   3   6   0.0140920968
1   9   1   4   0.0000000000
1   9   1   5   0.0000000000
1   9   2   4   0.0000000000
1   9   2   5   0.0000000000
1   9   3   6   -0.0000000001
1   10   1   4   0.0134545342
1   10   2   5   0.0134545342
1   10   3   6   0.0139430509
1   11   1   4   -0.0000000062
1   11   1   5   -0.0000000000
1   11   2   4   -0.0000000000
1   11   2   5   -0.0000000063
1   11   3   6   -0.0000000066
1   12   1   4   -0.0004516616
1   12   2   5   -0.0004516616
1   12   3   6   -0.0002111893
1   13   1   6   -0.0013538790
1   13   2   6   -0.0002937033
1   13   3   4   0.0010219765
1   13   3   5   0.0002217022
1   14   1   6   0.0002937033
1   14   2   6   -0.0013538790
1   14   3   4   -0.0002217022
1   14   3   5   0.0010219765
2   8   1   4   0.0000000000
2   8   1   5   0.0000000000
2   8   2   4   0.0000000000
2   8   2   5   0.0000000000
2   8   3   6   -0.0000000001
2   9   1   4   0.0131929912
2   9   2   5   0.0131929912
2   9   3   6   0.0141300838
2   10   1   4   0.0000000062
2   10   1   5   -0.0000000000
2   10   2   4   -0.0000000000
2   10   2   5   0.0000000061
2   10   3   6   0.0000000063
2   11   1   4   0.0137754497
2   11   2   5   0.0137754497
2   11   3   6   0.0144043007
2   12   1   4   -0.0000000002
2   12   2   5   -0.0000000002
2   12   3   6   -0.0000000001
2   13   1   6   -0.0000000006
2   13   2   6   -0.0000000001
2   13   3   4   0.0000000005
2   13   3   5   0.0000000001
2   14   1   6   0.0000000001
2   14   2   6   -0.0000000006
2   14   3   4   -0.0000000001
2   14   3   5   0.0000000005
3   8   1   4   0.0134545342
3   8   2   5   0.0134545342
3   8   3   6   0.0139430509
3   9   1   4   0.0000000062
3   9   1   5   -0.0000000000
3   9   2   4   -0.0000000000
3   9   2   5   0.0000000061
3   9   3   6   0.0000000063
3   10   1   4   0.0582767104
3   10   2   5   0.0582767104
3   10   3   6   0.0608126742
3   11   1   4   0.0000000005
3   11   1   5   0.0000000000
3   11   2   4   0.0000000000
3   11   2   5   0.0000000004
3   11   3   6   -0.0000000007
3   12   1   4   -0.0021654259
3   12   2   5   -0.0021654259
3   12   3   6   0.0097852175
3   13   1   6   -0.0060648346
3   13   2   6   -0.0013156731
3   13   3   4   -0.0071206983
3   13   3   5   -0.0015447266
3   14   1   6   0.0013156731
3   14   2   6   -0.0060648346
3   14   3   4   0.0015447266
3   14   3   5   -0.0071206983
4   8   1   4   -0.0000000062
4   8   1   5   -0.0000000000
4   8   2   4   -0.0000000000
4   8   2   5   -0.0000000063
4   8   3   6   -0.0000000066
4   9   1   4   0.0137754497
4   9   2   5   0.0137754497
4   9   3   6   0.0144043007
4   10   1   4   0.0000000005
4   10   1   5   0.0000000000
4   10   2   4   0.0000000000
4   10   2   5   0.0000000004
4   10   3   6   -0.0000000007
4   11   1   4   0.0609581650
4   11   2   5   0.0609581650
4   11   3   6   0.0637516856
4   12   1   4   0.0000000001
4   12   2   5   0.0000000001
4   12   3   6   -0.0000000013
4   13   1   6   0.0000000007
4   13   2   6   0.0000000001
4   13   3   4   0.0000000004
4   13   3   5   0.0000000001
4   14   1   6   -0.0000000001
4   14   2   6   0.0000000007
4   14   3   4   -0.0000000001
4   14   3   5   0.0000000004
5   8   1   4   -0.0004516616
5   8   2   5   -0.0004516616
5   8   3   6   -0.0002111893
5   9   1   4   -0.0000000002
5   9   2   5   -0.0000000002
5   9   3   6   -0.0000000001
5   10   1   4   -0.0021654259
5   10   2   5   -0.0021654259
5   10   3   6   0.0097852175
5   11   1   4   0.0000000001
5   11   2   5   0.0000000001
5   11   3   6   -0.0000000013
5   12   1   4   0.0230717203
5   12   2   5   0.0230717203
5   12   3   6   0.2436866348
5   13   1   6   -0.0243795747
5   13   2   6   -0.0052887758
5   13   3   4   -0.1948405780
5   13   3   5   -0.0422676833
5   14   1   6   0.0052887758
5   14   2   6   -0.0243795747
5   14   3   4   0.0422676833
5   14   3   5   -0.1948405780
6   8   1   6   0.0010219765
6   8   2   6   0.0002217022
6   8   3   4   -0.0013538790
6   8   3   5   -0.0002937033
6   9   1   6   0.0000000005
6   9   2   6   0.0000000001
6   9   3   4   -0.0000000006
6   9   3   5   -0.0000000001
6   10   1   6   -0.0071206983
6   10   2   6   -0.0015447266
6   10   3   4   -0.0060648346
6   10   3   5   -0.0013156731
6   11   1   6   0.0000000004
6   11   2   6   0.0000000001
6   11   3   4   0.0000000007
6   11   3   5   0.0000000001
6   12   1   6   -0.1948405780
6   12   2   6   -0.0422676834
6   12   3   4   -0.0243795747
6   12   3   5   -0.0052887758
6   13   1   4   0.2423575195
6   13   1   5   0.0473811491
6   13   2   4   0.0473811491
6   13   2   5   0.0342241011
6   13   3   6   0.0244135971
6   14   1   4   -0.0473811511
6   14   1   5   0.1925334291
6   14   2   4   0.0155999878
6   14   2   5   0.0473811511
7   8   1   6   -0.0002217022
7   8   2   6   0.0010219765
7   8   3   4   0.0002937033
7   8   3   5   -0.0013538790
7   9   1   6   -0.0000000001
7   9   2   6   0.0000000005
7   9   3   4   0.0000000001
7   9   3   5   -0.0000000006
7   10   1   6   0.0015447266
7   10   2   6   -0.0071206983
7   10   3   4   0.0013156731
7   10   3   5   -0.0060648346
7   11   1   6   -0.0000000001
7   11   2   6   0.0000000004
7   11   3   4   -0.0000000001
7   11   3   5   0.0000000007
7   12   1   6   0.0422676833
7   12   2   6   -0.1948405780
7   12   3   4   0.0052887758
7   12   3   5   -0.0243795747
7   13   1   4   -0.0473811511
7   13   1   5   0.0155999878
7   13   2   4   0.1925334291
7   13   2   5   0.0473811511
7   14   1   4   0.0342241011
7   14   1   5   -0.0473811491
7   14   2   4   -0.0473811491
7   14   2   5   0.2423575195
7   14   3   6   0.0244135971

End IJAB Block
Begin IJKL Block
1   8   1   8   2.1384855408
1   8   1   9   -0.0000017990
1   8   1   10   -0.1987578499
1   8   1   11   0.0000002754
1   8   1   12   0.0045554678
1   8   2   8   -0.0000017990
1   8   2   9   1.9678597032
1   8   2   10   0.0000000911
1   8   2   11   -0.2009509850
1   8   2   12   -0.0000000012
1   8   3   8   -0.1987578499
1   8   3   9   0.0000000911
1   8   3   10   0.0292164638
1   8   3   11   -0.0000000270
1   8   3   12   -0.0004485428
1   8   4   8   0.0000002754
1   8   4   9   -0.2009509850
1   8   4   10   -0.0000000270
1   8   4   11   0.0298810011
1   8   4   12   0.0000000010
1   8   5   8   0.0045554678
1   8   5   9   -0.0000000012
1   8   5   10   -0.0004485428
1   8   5   11   0.0000000010
1   8   5   12   0.0119738228
1   8   6   13   0.0123246941
1   8   7   14   0.0123246941
1   9   1   8   -0.0000017990
1   9   1   9   2.1385176236
1   9   1   10   0.0000000912
1   9   1   11   -0.2010030829
1   9   1   12   -0.0000000003
1   9   2   8   1.9678630686
1   9   2   9   0.0000017989
1   9   2   10   -0.1988492428
1   9   2   11   -0.0000000920
1   9   2   12   0.0025149326
1   9   3   8   0.0000000911
1   9   3   9   -0.1987681485
1   9   3   10   -0.0000000001
1   9   3   11   0.0295190077
1   9   3   12   -0.0000000000
1   9   4   8   -0.2009399086
1   9   4   9   -0.0000000920
1   9   4   10   0.0295317340
1   9   4   11   0.0000000000
1   9   4   12   -0.0010373728
1   9   5   8   -0.0000000012
1   9   5   9   0.0045498797
1   9   5   10   -0.0000000000
1   9   5   11   -0.0010417791
1   9   5   12   -0.0000000001
1   9   6   13   0.0000000001
1   9   6   14   0.0000000000
1   9   7   13   0.0000000000
1   9   7   14   0.0000000001
1   10   1   8   -0.1987578499
1   10   1   9   0.0000000912
1   10   1   10   0.5701248898
1   10   1   11   -0.0000003678
1   10   1   12   0.0063533286
1   10   2   8   0.0000000911
1   10   2   9   -0.1988608452
1   10   2   10   -0.0000000008
1   10   2   11   0.4023080260
1   10   2   12   -0.0000000001
1   10   3   8   0.0312802531
1   10   3   9   -0.0000000001
1   10   3   10   -0.0083362678
1   10   3   11   0.0000000039
1   10   3   12   0.0002629146
1   10   4   8   -0.0000000287
1   10   4   9   0.0313749394
1   10   4   10   0.0000000040
1   10   4   11   -0.0089374951
1   10   4   12   0.0000000002
1   10   5   8   -0.0004731012
1   10   5   10   0.0013193257
1   10   5   11   0.0000000006
1   10   5   12   0.0139929295
1   10   6   13   0.0141319704
1   10   7   14   0.0141319704
1   11   1   8   0.0000002754
1   11   1   9   -0.2010030829
1   11   1   10   -0.0000003678
1   11   1   11   0.5749331570
1   11   1   12   0.0000000319
1   11   2   8   -0.2009399086
1   11   2   9   -0.0000000920
1   11   2   10   0.4023297297
1   11   2   11   0.0000000007
1   11   2   12   -0.0344682496
1   11   3   8   -0.0000000287
1   11   3   9   0.0313838324
1   11   3   10   0.0000000041
1   11   3   11   -0.0088402745
1   11   3   12   -0.0000000003
1   11   4   8   0.0320378301
1   11   4   9   0.0000000000
1   11   4   10   -0.0085869370
1   11   4   11   0.0000000039
1   11   4   12   -0.0000789784
1   11   5   8   0.0000000009
1   11   5   9   -0.0009976253
1   11   5   10   0.0000000006
1   11   5   11   -0.0000243701
1   11   5   12   -0.0000000063
1   11   6   13   -0.0000000063
1   11   6   14   -0.0000000000
1   11   7   13   -0.0000000000
1   11   7   14   -0.0000000063
1   12   1   8   0.0045554678
1   12   1   9   -0.0000000003
1   12   1   10   0.0063533286
1   12   1   11   0.0000000319
1   12   1   12   0.5541003651
1   12   2   8   -0.0000000012
1   12   2   9   0.0025170329
1   12   2   10   -0.0000000001
1   12   2   11   -0.0344662832
1   12   2   12   -0.0000000040
1   12   3   8   -0.0004731012
1   12   3   9   -0.0000000000
1   12   3   10   0.0002441847
1   12   3   11   -0.0000000003
1   12   3   12   -0.0060444321
1   12   4   8   0.0000000009
1   12   4   9   -0.0009910594
1   12   4   10   0.0000000001
1   12   4   11   -0.0000114481
1   12   4   12   0.0000000028
1   12   5   8   0.0144951845
1   12   5   9   -0.0000000003
1   12   5   10   0.0148429599
1   12   5   11   -0.0000000069
1   12   5   12   0.0007799969
1   12   6   13   -0.0002047979
1   12   7   14   -0.0002047979
1   13   1   13   0.5593322274
1   13   1   14   0.0000000000
1   13   2   13   0.0000000012
1   13   2   14   0.0000000001
1   13   3   13   -0.0063325417
1   13   4   13   0.0000000029
1   13   4   14   0.0000000000
1   13   5   13   0.0010920315
1   13   6   8   0.0150705178
1   13   6   9   0.0000000001
1   13   6   10   0.0151142006
1   13   6   11   -0.0000000068
1   13   6   12   -0.0003148534
1   13   7   9   0.0000000000
1   13   7   11   0.0000000000
1   14   1   13   0.0000000000
1   14   1   14   0.5593322274
1   14   2   13   0.0000000001
1   14   2   14   0.0000000016
1   14   3   14   -0.0063325417
1   14   4   13   0.0000000000
1   14   4   14   0.0000000029
1   14   5   14   0.0010920315
1   14   6   9   0.0000000000
1   14   6   11   0.0000000000
1   14   7   8   0.0150705178
1   14   7   9   0.0000000002
1   14   7   10   0.0151142006
1   14   7   11   -0.0000000067
1   14   7   12   -0.0003148534
2   8   1   8   -0.0000017990
2   8   1   9   1.9678630686
2   8   1   10   0.0000000911
2   8   1   11   -0.2009399086
2   8   1   12   -0.0000000012
2   8   2   8   2.1385176236
2   8   2   9   0.0000017989
2   8   2   10   -0.1987681485
2   8   2   11   -0.0000000920
2   8   2   12   0.0045498797
2   8   3   8   0.0000000912
2   8   3   9   -0.1988492428
2   8   3   10   -0.0000000001
2   8   3   11   0.0295317340
2   8   3   12   -0.0000000000
2   8   4   8   -0.2010030829
2   8   4   9   -0.0000000920
2   8   4   10   0.0295190077
2   8   4   11   0.0000000000
2   8   4   12   -0.0010417791
2   8   5   8   -0.0000000003
2   8   5   9   0.0025149326
2   8   5   10   -0.0000000000
2   8   5   11   -0.0010373728
2   8   5   12   -0.0000000001
2   8   6   13   0.0000000001
2   8   6   14   0.0000000000
2   8   7   13   0.0000000000
2   8   7   14   0.0000000001
2   9   1   8   1.9678597032
2   9   1   9   0.0000017989
2   9   1   10   -0.1988608452
2   9   1   11   -0.0000000920
2   9   1   12   0.0025170329
2   9   2   8   0.0000017989
2   9   2   9   2.1385465592
2   9   2   10   -0.0000002724
2   9   2   11   -0.2010014067
2   9   2   12   0.0000000043
2   9   3   8   -0.1988608452
2   9   3   9   -0.0000002724
2   9   3   10   0.0291949785
2   9   3   11   0.0000000270
2   9   3   12   -0.0004486889
2   9   4   8   -0.0000000920
2   9   4   9   -0.2010014067
2   9   4   10   0.0000000270
2   9   4   11   0.0299054012
2   9   4   12   -0.0000000009
2   9   5   8   0.0025170329
2   9   5   9   0.0000000043
2   9   5   10   -0.0004486889
2   9   5   11   -0.0000000009
2   9   5   12   0.0119232388
2   9   6   13   0.0122971516
2   9   7   14   0.0122971516
2   10   1   8   0.0000000911
2   10   1   9   -0.1988492428
2   10   1   10   -0.0000000008
2   10   1   11   0.4023297297
2   10   1   12   -0.0000000001
2   10   2   8   -0.1987681485
2   10   2   9   -0.0000002724
2   10   2   10   0.5701125637
2   10   2   11   0.0000003677
2   10   2   12   0.0063481332
2   10   3   8   -0.0000000001
2   10   3   9   0.0312810861
2   10   3   10   -0.0000000038
2   10   3   11   -0.0086289397
2   10   3   12   0.0000000001
2   10   4   8   0.0313838324
2   10   4   9   0.0000000287
2   10   4   10   -0.0087703945
2   10   4   11   -0.0000000041
2   10   4   12   -0.0004022816
2   10   5   8   -0.0000000000
2   10   5   9   -0.0004751462
2   10   5   10   0.0000000005
2   10   5   11   -0.0014183518
2   10   5   12   0.0000000062
2   10   6   13   0.0000000065
2   10   6   14   -0.0000000000
2   10   7   13   -0.0000000000
2   10   7   14   0.0000000065
2   11   1   8   -0.2009509850
2   11   1   9   -0.0000000920
2   11   1   10   0.4023080260
2   11   1   11   0.0000000007
2   11   1   12   -0.0344662832
2   11   2   8   -0.0000000920
2   11   2   9   -0.2010014067
2   11   2   10   0.0000003677
2   11   2   11   0.5749491493
2   11   2   12   -0.0000000311
2   11   3   8   0.0313749394
2   11   3   9   0.0000000287
2   11   3   10   -0.0089672806
2   11   3   11   -0.0000000041
2   11   3   12   0.0005624432
2   11   4   8   0.0000000000
2   11   4   9   0.0320413545
2   11   4   10   -0.0000000039
2   11   4   11   -0.0085836195
2   11   4   12   -0.0000000001
2   11   5   8   -0.0009910594
2   11   5   9   -0.0000000009
2   11   5   10   -0.0012856938
2   11   5   11   -0.0000000000
2   11   5   12   0.0135522054
2   11   6   13   0.0140028229
2   11   7   14   0.0140028229
2   12   1   8   -0.0000000012
2   12   1   9   0.0025149326
2   12   1   10   -0.0000000001
2   12   1   11   -0.0344682496
2   12   1   12   -0.0000000040
2   12   2   8   0.0045498797
2   12   2   9   0.0000000043
2   12   2   10   0.0063481332
2   12   2   11   -0.0000000311
2   12   2   12   0.5541004405
2   12   3   9   -0.0004751462
2   12   3   10   0.0000000001
2   12   3   11   0.0005304008
2   12   3   12   -0.0000000027
2   12   4   8   -0.0009976253
2   12   4   9   -0.0000000009
2   12   4   10   -0.0002998080
2   12   4   11   -0.0000000000
2   12   4   12   -0.0061249304
2   12   5   8   -0.0000000003
2   12   5   9   0.0144490154
2   12   5   10   0.0000000065
2   12   5   11   0.0144841819
2   12   5   12   0.0000000003
2   12   6   13   -0.0000000001
2   12   7   14   -0.0000000001
2   13   1   13   0.0000000012
2   13   1   14   0.0000000001
2   13   2   13   0.5593325233
2   13   2   14   0.0000000000
2   13   3   13   -0.0000000029
2   13   3   14   0.0000000000
2   13   4   13   -0.0064083835
2   13   5   13   0.0000000005
2   13   6   8   0.0000000001
2   13   6   9   0.0150465724
2   13   6   10   0.0000000070
2   13   6   11   0.0150748680
2   13   6   12   -0.0000000002
2   13   7   8   0.0000000000
2   13   7   10   0.0000000000
2   14   1   13   0.0000000001
2   14   1   14   0.0000000016
2   14   2   13   0.0000000000
2   14   2   14   0.5593325233
2   14   3   13   0.0000000000
2   14   3   14   -0.0000000029
2   14   4   14   -0.0064083835
2   14   5   14   0.0000000005
2   14   6   8   0.0000000000
2   14   6   10   0.0000000000
2   14   7   8   0.0000000002
2   14   7   9   0.0150465724
2   14   7   10   0.0000000070
2   14   7   11   0.0150748680
2   14   7   12   -0.0000000002
3   8   1   8   -0.1987578499
3   8   1   9   0.0000000911
3   8   1   10   0.0312802531
3   8   1   11   -0.0000000287
3   8   1   12   -0.0004731012
3   8   2   8   0.0000000912
3   8   2   9   -0.1988608452
3   8   2   10   -0.0000000001
3   8   2   11   0.0313749394
3   8   3   8   0.5701248898
3   8   3   9   -0.0000000008
3   8   3   10   -0.0083362678
3   8   3   11   0.0000000040
3   8   3   12   0.0013193257
3   8   4   8   -0.0000003678
3   8   4   9   0.4023080260
3   8   4   10   0.0000000039
3   8   4   11   -0.0089374951
3   8   4   12   0.0000000006
3   8   5   8   0.0063533286
3   8   5   9   -0.0000000001
3   8   5   10   0.0002629146
3   8   5   11   0.0000000002
3   8   5   12   0.0139929295
3   8   6   13   0.0141319704
3   8   7   14   0.0141319704
3   9   1   8   0.0000000911
3   9   1   9   -0.1987681485
3   9   1   10   -0.0000000001
3   9   1   11   0.0313838324
3   9   1   12   -0.0000000000
3   9   2   8   -0.1988492428
3   9   2   9   -0.0000002724
3   9   2   10   0.0312810861
3   9   2   11   0.0000000287
3   9   2   12   -0.0004751462
3   9   3   8   -0.0000000008
3   9   3   9   0.5701125637
3   9   3   10   -0.0000000038
3   9   3   11   -0.0087703945
3   9   3   12   0.0000000005
3   9   4   8   0.4023297297
3   9   4   9   0.0000003677
3   9   4   10   -0.0086289397
3   9   4   11   -0.0000000041
3   9   4   12   -0.0014183518
3   9   5   8   -0.0000000001
3   9   5   9   0.0063481332
3   9   5   10   0.0000000001
3   9   5   11   -0.0004022816
3   9   5   12   0.0000000062
3   9   6   13   0.0000000065
3   9   6   14   -0.0000000000
3   9   7   13   -0.0000000000
3   9   7   14   0.0000000065
3   10   1   8   0.0292164638
3   10   1   9   -0.0000000001
3   10   1   10   -0.0083362678
3   10   1   11   0.0000000041
3   10   1   12   0.0002441847
3   10   2   8   -0.0000000001
3   10   2   9   0.0291949785
3   10   2   10   -0.0000000038
3   10   2   11   -0.0089672806
3   10   2   12   0.0000000001
3   10   3   8   -0.0083362678
3   10   3   9   -0.0000000038
3   10   3   10   0.4222968764
3   10   3   11   -0.0000000006
3   10   3   12   0.0101783322
3   10   4   8   0.0000000041
3   10   4   9   -0.0089672806
3   10   4   10   -0.0000000006
3   10   4   11   0.2504795731
3   10   4   12   -0.0000000001
3   10   5   8   0.0002441847
3   10   5   9   0.0000000001
3   10   5   10   0.0101783322
3   10   5   11   -0.0000000001
3   10   5   12   0.0615320310
3   10   6   13   0.0591895774
3   10   6   14   0.0000000000
3   10   7   13   0.0000000000
3   10   7   14   0.0591895774
3   11   1   8   -0.0000000270
3   11   1   9   0.0295190077
3   11   1   10   0.0000000039
3   11   1   11   -0.0088402745
3   11   1   12   -0.0000000003
3   11   2   8   0.0295317340
3   11   2   9   0.0000000270
3   11   2   10   -0.0086289397
3   11   2   11   -0.0000000041
3   11   2   12   0.0005304008
3   11   3   8   0.0000000040
3   11   3   9   -0.0087703945
3   11   3   10   -0.0000000006
3   11   3   11   0.4209131352
3   11   3   12   -0.0000000000
3   11   4   8   -0.0085869370
3   11   4   9   -0.0000000039
3   11   4   10   0.2532406899
3   11   4   11   0.0000000004
3   11   4   12   -0.0276898290
3   11   5   8   0.0000000001
3   11   5   9   -0.0002998080
3   11   5   10   -0.0000000002
3   11   5   11   0.0035578489
3   11   5   12   -0.0000000009
3   11   6   13   0.0000000004
3   11   6   14   0.0000000000
3   11   7   13   0.0000000000
3   11   7   14   0.0000000004
3   12   1   8   -0.0004485428
3   12   1   9   -0.0000000000
3   12   1   10   0.0002629146
3   12   1   11   -0.0000000003
3   12   1   12   -0.0060444321
3   12   2   8   -0.0000000000
3   12   2   9   -0.0004486889
3   12   2   10   0.0000000001
3   12   2   11   0.0005624432
3   12   2   12   -0.0000000027
3   12   3   8   0.0013193257
3   12   3   9   0.0000000005
3   12   3   10   0.0101783322
3   12   3   11   -0.0000000000
3   12   3   12   0.4084622727
3   12   4   8   0.0000000006
3   12   4   9   -0.0012856938
3   12   4   10   -0.0000000002
3   12   4   11   -0.0271338246
3   12   4   12   -0.0000000025
3   12   5   8   0.0148429599
3   12   5   9   0.0000000065
3   12   5   10   0.0619326315
3   12   5   11   -0.0000000011
3   12   5   12   0.0114962467
3   12   6   13   -0.0001966063
3   12   7   14   -0.0001966063
3   13   1   13   -0.0063325417
3   13   2   13   -0.0000000029
3   13   2   14   0.0000000000
3   13   3   13   0.4082308485
3   13   3   14   0.0000000000
3   13   4   13   0.0000000007
3   13   4   14   0.0000000000
3   13   5   13   0.0097663702
3   13   6   8   0.0151142006
3   13   6   9   0.0000000070
3   13   6   10   0.0601952385
3   13   6   11   0.0000000004
3   13   6   12   0.0005666653
3   13   7   9   0.0000000000
3   13   7   11   -0.0000000000
3   14   1   14   -0.0063325417
3   14   2   13   0.0000000000
3   14   2   14   -0.0000000029
3   14   3   13   0.0000000000
3   14   3   14   0.4082308485
3   14   4   13   0.0000000000
3   14   4   14   0.0000000009
3   14   5   14   0.0097663702
3   14   6   9   0.0000000000
3   14   6   11   -0.0000000000
3   14   7   8   0.0151142006
3   14   7   9   0.0000000070
3   14   7   10   0.0601952385
3   14   7   11   0.0000000005
3   14   7   12   0.0005666653
4   8   1   8   0.0000002754
4   8   1   9   -0.2009399086
4   8   1   10   -0.0000000287
4   8   1   11   0.0320378301
4   8   1   12   0.0000000009
4   8   2   8   -0.2010030829
4   8   2   9   -0.0000000920
4   8   2   10   0.0313838324
4   8   2   11   0.0000000000
4   8   2   12   -0.0009976253
4   8   3   8   -0.0000003678
4   8   3   9   0.4023297297
4   8   3   10   0.0000000041
4   8   3   11   -0.0085869370
4   8   3   12   0.0000000006
4   8   4   8   0.5749331570
4   8   4   9   0.0000000007
4   8   4   10   -0.0088402745
4   8   4   11   0.0000000039
4   8   4   12   -0.0000243701
4   8   5   8   0.0000000319
4   8   5   9   -0.0344682496
4   8   5   10   -0.0000000003
4   8   5   11   -0.0000789784
4   8   5   12   -0.0000000063
4   8   6   13   -0.0000000063
4   8   6   14   -0.0000000000
4   8   7   13   -0.0000000000
4   8   7   14   -0.0000000063
4   9   1   8   -0.2009509850
4   9   1   9   -0.0000000920
4   9   1   10   0.0313749394
4   9   1   11   0.0000000000
4   9   1   12   -0.0009910594
4   9   2   8   -0.0000000920
4   9   2   9   -0.2010014067
4   9   2   10   0.0000000287
4   9   2   11   0.0320413545
4   9   2   12   -0.0000000009
4   9   3   8   0.4023080260
4   9   3   9   0.0000003677
4   9   3   10   -0.0089672806
4   9   3   11   -0.0000000039
4   9   3   12   -0.0012856938
4   9   4   8   0.0000000007
4   9   4   9   0.5749491493
4   9   4   10   -0.0000000041
4   9   4   11   -0.0085836195
4   9   4   12   -0.0000000000
4   9   5   8   -0.0344662832
4   9   5   9   -0.0000000311
4   9   5   10   0.0005624432
4   9   5   11   -0.0000000001
4   9   5   12   0.0135522054
4   9   6   13   0.0140028229
4   9   7   14   0.0140028229
4   10   1   8   -0.0000000270
4   10   1   9   0.0295317340
4   10   1   10   0.0000000040
4   10   1   11   -0.0085869370
4   10   1   12   0.0000000001
4   10   2   8   0.0295190077
4   10   2   9   0.0000000270
4   10   2   10   -0.0087703945
4   10   2   11   -0.0000000039
4   10   2   12   -0.0002998080
4   10   3   8   0.0000000039
4   10   3   9   -0.0086289397
4   10   3   10   -0.0000000006
4   10   3   11   0.2532406899
4   10   3   12   -0.0000000002
4   10   4   8   -0.0088402745
4   10   4   9   -0.0000000041
4   10   4   10   0.4209131352
4   10   4   11   0.0000000004
4   10   4   12   0.0035578489
4   10   5   8   -0.0000000003
4   10   5   9   0.0005304008
4   10   5   10   -0.0000000000
4   10   5   11   -0.0276898290
4   10   5   12   -0.0000000009
4   10   6   13   0.0000000004
4   10   6   14   0.0000000000
4   10   7   13   0.0000000000
4   10   7   14   0.0000000004
4   11   1   8   0.0298810011
4   11   1   9   0.0000000000
4   11   1   10   -0.0089374951
4   11   1   11   0.0000000039
4   11   1   12   -0.0000114481
4   11   2   8   0.0000000000
4   11   2   9   0.0299054012
4   11   2   10   -0.0000000041
4   11   2   11   -0.0085836195
4   11   2   12   -0.0000000000
4   11   3   8   -0.0089374951
4   11   3   9   -0.0000000041
4   11   3   10   0.2504795731
4   11   3   11   0.0000000004
4   11   3   12   -0.0271338246
4   11   4   8   0.0000000039
4   11   4   9   -0.0085836195
4   11   4   10   0.0000000004
4   11   4   11   0.4255575534
4   11   4   12   0.0000000001
4   11   5   8   -0.0000114481
4   11   5   9   -0.0000000000
4   11   5   10   -0.0271338246
4   11   5   11   0.0000000001
4   11   5   12   0.0571794258
4   11   6   13   0.0572767438
4   11   6   14   0.0000000000
4   11   7   13   0.0000000000
4   11   7   14   0.0572767438
4   12   1   8   0.0000000010
4   12   1   9   -0.0010373728
4   12   1   10   0.0000000002
4   12   1   11   -0.0000789784
4   12   1   12   0.0000000028
4   12   2   8   -0.0010417791
4   12   2   9   -0.0000000009
4   12   2   10   -0.0004022816
4   12   2   11   -0.0000000001
4   12   2   12   -0.0061249304
4   12   3   8   0.0000000006
4   12   3   9   -0.0014183518
4   12   3   10   -0.0000000001
4   12   3   11   -0.0276898290
4   12   3   12   -0.0000000025
4   12   4   8   -0.0000243701
4   12   4   9   -0.0000000000
4   12   4   10   0.0035578489
4   12   4   11   0.0000000001
4   12   4   12   0.4080933719
4   12   5   8   -0.0000000069
4   12   5   9   0.0144841819
4   12   5   10   -0.0000000011
4   12   5   11   0.0567818191
4   12   5   12   0.0000000006
4   12   6   13   -0.0000000002
4   12   7   14   -0.0000000003
4   13   1   13   0.0000000029
4   13   1   14   0.0000000000
4   13   2   13   -0.0064083835
4   13   3   13   0.0000000007
4   13   3   14   0.0000000000
4   13   4   13   0.4081979431
4   13   4   14   0.0000000000
4   13   5   13   0.0000000002
4   13   5   14   -0.0000000000
4   13   6   8   -0.0000000068
4   13   6   9   0.0150748680
4   13   6   10   0.0000000004
4   13   6   11   0.0566138537
4   13   6   12   0.0000000001
4   13   7   8   0.0000000000
4   13   7   10   -0.0000000000
4   14   1   13   0.0000000000
4   14   1   14   0.0000000029
4   14   2   14   -0.0064083835
4   14   3   13   0.0000000000
4   14   3   14   0.0000000009
4   14   4   13   0.0000000000
4   14   4   14   0.4081979431
4   14   5   13   -0.0000000000
4   14   5   14   0.0000000002
4   14   6   8   0.0000000000
4   14   6   10   -0.0000000000
4   14   7   8   -0.0000000067
4   14   7   9   0.0150748680
4   14   7   10   0.0000000005
4   14   7   11   0.0566138537
4   14   7   12   0.0000000001
5   8   1   8   0.0045554678
5   8   1   9   -0.0000000012
5   8   1   10   -0.0004731012
5   8   1   11   0.0000000009
5   8   1   12   0.0144951845
5   8   2   8   -0.0000000003
5   8   2   9   0.0025170329
5   8   2   10   -0.0000000000
5   8   2   11   -0.0009910594
5   8   2   12   -0.0000000003
5   8   3   8   0.0063533286
5   8   3   9   -0.0000000001
5   8   3   10   0.0002441847
5   8   3   11   0.0000000001
5   8   3   12   0.0148429599
5   8   4   8   0.0000000319
5   8   4   9   -0.0344662832
5   8   4   10   -0.0000000003
5   8   4   11   -0.0000114481
5   8   4   12   -0.0000000069
5   8   5   8   0.5541003651
5   8   5   9   -0.0000000040
5   8   5   10   -0.0060444321
5   8   5   11   0.0000000028
5   8   5   12   0.0007799969
5   8   6   13   -0.0002047979
5   8   7   14   -0.0002047979
5   9   1   8   -0.0000000012
5   9   1   9   0.0045498797
5   9   1   11   -0.0009976253
5   9   1   12   -0.0000000003
5   9   2   8   0.0025149326
5   9   2   9   0.0000000043
5   9   2   10   -0.0004751462
5   9   2   11   -0.0000000009
5   9   2   12   0.0144490154
5   9   3   8   -0.0000000001
5   9   3   9   0.0063481332
5   9   3   10   0.0000000001
5   9   3   11   -0.0002998080
5   9   3   12   0.0000000065
5   9   4   8   -0.0344682496
5   9   4   9   -0.0000000311
5   9   4   10   0.0005304008
5   9   4   11   -0.0000000000
5   9   4   12   0.0144841819
5   9   5   8   -0.0000000040
5   9   5   9   0.5541004405
5   9   5   10   -0.0000000027
5   9   5   11   -0.0061249304
5   9   5   12   0.0000000003
5   9   6   13   -0.0000000001
5   9   7   14   -0.0000000001
5   10   1   8   -0.0004485428
5   10   1   9   -0.0000000000
5   10   1   10   0.0013193257
5   10   1   11   0.0000000006
5   10   1   12   0.0148429599
5   10   2   8   -0.0000000000
5   10   2   9   -0.0004486889
5   10   2   10   0.0000000005
5   10   2   11   -0.0012856938
5   10   2   12   0.0000000065
5   10   3   8   0.0002629146
5   10   3   9   0.0000000001
5   10   3   10   0.0101783322
5   10   3   11   -0.0000000002
5   10   3   12   0.0619326315
5   10   4   8   -0.0000000003
5   10   4   9   0.0005624432
5   10   4   10   -0.0000000000
5   10   4   11   -0.0271338246
5   10   4   12   -0.0000000011
5   10   5   8   -0.0060444321
5   10   5   9   -0.0000000027
5   10   5   10   0.4084622727
5   10   5   11   -0.0000000025
5   10   5   12   0.0114962467
5   10   6   13   -0.0001966063
5   10   7   14   -0.0001966063
5   11   1   8   0.0000000010
5   11   1   9   -0.0010417791
5   11   1   10   0.0000000006
5   11   1   11   -0.0000243701
5   11   1   12   -0.0000000069
5   11   2   8   -0.0010373728
5   11   2   9   -0.0000000009
5   11   2   10   -0.0014183518
5   11   2   11   -0.0000000000
5   11   2   12   0.0144841819
5   11   3   8   0.0000000002
5   11   3   9   -0.0004022816
5   11   3   10   -0.0000000001
5   11   3   11   0.0035578489
5   11   3   12   -0.0000000011
5   11   4   8   -0.0000789784
5   11   4   9   -0.0000000001
5   11   4   10   -0.0276898290
5   11   4   11   0.0000000001
5   11   4   12   0.0567818191
5   11   5   8   0.0000000028
5   11   5   9   -0.0061249304
5   11   5   10   -0.0000000025
5   11   5   11   0.4080933719
5   11   5   12   0.0000000006
5   11   6   13   -0.0000000002
5   11   7   14   -0.0000000003
5   12   1   8   0.0119738228
5   12   1   9   -0.0000000001
5   12   1   10   0.0139929295
5   12   1   11   -0.0000000063
5   12   1   12   0.0007799969
5   12   2   8   -0.0000000001
5   12   2   9   0.0119232388
5   12   2   10   0.0000000062
5   12   2   11   0.0135522054
5   12   2   12   0.0000000003
5   12   3   8   0.0139929295
5   12   3   9   0.0000000062
5   12   3   10   0.0615320310
5   12   3   11   -0.0000000009
5   12   3   12   0.0114962467
5   12   4   8   -0.0000000063
5   12   4   9   0.0135522054
5   12   4   10   -0.0000000009
5   12   4   11   0.0571794258
5   12   4   12   0.0000000006
5   12   5   8   0.0007799969
5   12   5   9   0.0000000003
5   12   5   10   0.0114962467
5   12   5   11   0.0000000006
5   12   5   12   0.4110144707
5   12   6   13   0.0136186585
5   12   7   14   0.0136186585
5   13   1   13   0.0010920315
5   13   2   13   0.0000000005
5   13   3   13   0.0097663702
5   13   4   13   0.0000000002
5   13   4   14   -0.0000000000
5   13   5   13   0.3890516795
5   13   5   14   0.0000000000
5   13   6   8   -0.0003148534
5   13   6   9   -0.0000000002
5   13   6   10   0.0005666653
5   13   6   11   0.0000000001
5   13   6   12   0.0055131370
5   14   1   14   0.0010920315
5   14   2   14   0.0000000005
5   14   3   14   0.0097663702
5   14   4   13   -0.0000000000
5   14   4   14   0.0000000002
5   14   5   13   0.0000000000
5   14   5   14   0.3890516795
5   14   7   8   -0.0003148534
5   14   7   9   -0.0000000002
5   14   7   10   0.0005666653
5   14   7   11   0.0000000001
5   14   7   12   0.0055131370
6   8   1   13   0.0150705178
6   8   2   13   0.0000000001
6   8   2   14   0.0000000000
6   8   3   13   0.0151142006
6   8   4   13   -0.0000000068
6   8   4   14   0.0000000000
6   8   5   13   -0.0003148534
6   8   6   8   0.5593322274
6   8   6   9   0.0000000012
6   8   6   10   -0.0063325417
6   8   6   11   0.0000000029
6   8   6   12   0.0010920315
6   8   7   8   0.0000000000
6   8   7   9   0.0000000001
6   8   7   11   0.0000000000
6   9   1   13   0.0000000001
6   9   1   14   0.0000000000
6   9   2   13   0.0150465724
6   9   3   13   0.0000000070
6   9   3   14   0.0000000000
6   9   4   13   0.0150748680
6   9   5   13   -0.0000000002
6   9   6   8   0.0000000012
6   9   6   9   0.5593325233
6   9   6   10   -0.0000000029
6   9   6   11   -0.0064083835
6   9   6   12   0.0000000005
6   9   7   8   0.0000000001
6   9   7   9   0.0000000000
6   9   7   10   0.0000000000
6   10   1   13   0.0151142006
6   10   2   13   0.0000000070
6   10   2   14   0.0000000000
6   10   3   13   0.0601952385
6   10   4   13   0.0000000004
6   10   4   14   -0.0000000000
6   10   5   13   0.0005666653
6   10   6   8   -0.0063325417
6   10   6   9   -0.0000000029
6   10   6   10   0.4082308485
6   10   6   11   0.0000000007
6   10   6   12   0.0097663702
6   10   7   9   0.0000000000
6   10   7   10   0.0000000000
6   10   7   11   0.0000000000
6   11   1   13   -0.0000000068
6   11   1   14   0.0000000000
6   11   2   13   0.0150748680
6   11   3   13   0.0000000004
6   11   3   14   -0.0000000000
6   11   4   13   0.0566138537
6   11   5   13   0.0000000001
6   11   6   8   0.0000000029
6   11   6   9   -0.0064083835
6   11   6   10   0.0000000007
6   11   6   11   0.4081979431
6   11   6   12   0.0000000002
6   11   7   8   0.0000000000
6   11   7   10   0.0000000000
6   11   7   11   0.0000000000
6   11   7   12   -0.0000000000
6   12   1   13   -0.0003148534
6   12   2   13   -0.0000000002
6   12   3   13   0.0005666653
6   12   4   13   0.0000000001
6   12   5   13   0.0055131370
6   12   6   8   0.0010920315
6   12   6   9   0.0000000005
6   12   6   10   0.0097663702
6   12   6   11   0.0000000002
6   12   6   12   0.3890516795
6   12   7   11   -0.0000000000
6   12   7   12   0.0000000000
6   13   1   8   0.0123246941
6   13   1   9   0.0000000001
6   13   1   10   0.0141319704
6   13   1   11   -0.0000000063
6   13   1   12   -0.0002047979
6   13   2   8   0.0000000001
6   13   2   9   0.0122971516
6   13   2   10   0.0000000065
6   13   2   11   0.0140028229
6   13   2   12   -0.0000000001
6   13   3   8   0.0141319704
6   13   3   9   0.0000000065
6   13   3   10   0.0591895774
6   13   3   11   0.0000000004
6   13   3   12   -0.0001966063
6   13   4   8   -0.0000000063
6   13   4   9   0.0140028229
6   13   4   10   0.0000000004
6   13   4   11   0.0572767438
6   13   4   12   -0.0000000002
6   13   5   8   -0.0002047979
6   13   5   9   -0.0000000001
6   13   5   10   -0.0001966063
6   13   5   11   -0.0000000002
6   13   5   12   0.0136186585
6   13   6   13   0.4055929035
6   13   6   14   -0.0000000010
6   13   7   13   -0.0000000010
6   13   7   14   0.0134901269
6   14   1   9   0.0000000000
6   14   1   11   -0.0000000000
6   14   2   8   0.0000000000
6   14   2   10   -0.0000000000
6   14   3   9   -0.0000000000
6   14   3   10   0.0000000000
6   14   3   11   0.0000000000
6   14   4   8   -0.0000000000
6   14   4   10   0.0000000000
6   14   4   11   0.0000000000
6   14   6   13   -0.0000000010
6   14   6   14   0.3884012322
6   14   7   13   0.0037015446
6   14   7   14   0.0000000010
7   8   1   14   0.0150705178
7   8   2   13   0.0000000000
7   8   2   14   0.0000000002
7   8   3   14   0.0151142006
7   8   4   13   0.0000000000
7   8   4   14   -0.0000000067
7   8   5   14   -0.0003148534
7   8   6   8   0.0000000000
7   8   6   9   0.0000000001
7   8   6   11   0.0000000000
7   8   7   8   0.5593322274
7   8   7   9   0.0000000016
7   8   7   10   -0.0063325417
7   8   7   11   0.0000000029
7   8   7   12   0.0010920315
7   9   1   13   0.0000000000
7   9   1   14   0.0000000002
7   9   2   14   0.0150465724
7   9   3   13   0.0000000000
7   9   3   14   0.0000000070
7   9   4   14   0.0150748680
7   9   5   14   -0.0000000002
7   9   6   8   0.0000000001
7   9   6   9   0.0000000000
7   9   6   10   0.0000000000
7   9   7   8   0.0000000016
7   9   7   9   0.5593325233
7   9   7   10   -0.0000000029
7   9   7   11   -0.0064083835
7   9   7   12   0.0000000005
7   10   1   14   0.0151142006
7   10   2   13   0.0000000000
7   10   2   14   0.0000000070
7   10   3   14   0.0601952385
7   10   4   13   -0.0000000000
7   10   4   14   0.0000000005
7   10   5   14   0.0005666653
7   10   6   9   0.0000000000
7   10   6   10   0.0000000000
7   10   6   11   0.0000000000
7   10   7   8   -0.0063325417
7   10   7   9   -0.0000000029
7   10   7   10   0.4082308485
7   10   7   11   0.0000000009
7   10   7   12   0.0097663702
7   11   1   13   0.0000000000
7   11   1   14   -0.0000000067
7   11   2   14   0.0150748680
7   11   3   13   -0.0000000000
7   11   3   14   0.0000000005
7   11   4   14   0.0566138537
7   11   5   14   0.0000000001
7   11   6   8   0.0000000000
7   11   6   10   0.0000000000
7   11   6   11   0.0000000000
7   11   6   12   -0.0000000000
7   11   7   8   0.0000000029
7   11   7   9   -0.0064083835
7   11   7   10   0.0000000009
7   11   7   11   0.4081979431
7   11   7   12   0.0000000002
7   12   1   14   -0.0003148534
7   12   2   14   -0.0000000002
7   12   3   14   0.0005666653
7   12   4   14   0.0000000001
7   12   5   14   0.0055131370
7   12   6   11   -0.0000000000
7   12   6   12   0.0000000000
7   12   7   8   0.0010920315
7   12   7   9   0.0000000005
7   12   7   10   0.0097663702
7   12   7   11   0.0000000002
7   12   7   12   0.3890516795
7   13   1   9   0.0000000000
7   13   1   11   -0.0000000000
7   13   2   8   0.0000000000
7   13   2   10   -0.0000000000
7   13   3   9   -0.0000000000
7   13   3   10   0.0000000000
7   13   3   11   0.0000000000
7   13   4   8   -0.0000000000
7   13   4   10   0.0000000000
7   13   4   11   0.0000000000
7   13   6   13   -0.0000000010
7   13   6   14   0.0037015446
7   13   7   13   0.3884012322
7   13   7   14   0.0000000010
7   14   1   8   0.0123246941
7   14   1   9   0.0000000001
7   14   1   10   0.0141319704
7   14   1   11   -0.0000000063
7   14   1   12   -0.0002047979
7   14   2   8   0.0000000001
7   14   2   9   0.0122971516
7   14   2   10   0.0000000065
7   14   2   11   0.0140028229
7   14   2   12   -0.0000000001
7   14   3   8   0.0141319704
7   14   3   9   0.0000000065
7   14   3   10   0.0591895774
7   14   3   11   0.0000000004
7   14   3   12   -0.0001966063
7   14   4   8   -0.0000000063
7   14   4   9   0.0140028229
7   14   4   10   0.0000000004
7   14   4   11   0.0572767438
7   14   4   12   -0.0000000003
7   14   5   8   -0.0002047979
7   14   5   9   -0.0000000001
7   14   5   10   -0.0001966063
7   14   5   11   -0.0000000003
7   14   5   12   0.0136186585
7   14   6   13   0.0134901269
7   14   6   14   0.0000000010
7   14   7   13   0.0000000010
7   14   7   14   0.4055929034

End IJKL Block
Begin ABCD Block
1   4   1   4   0.4021818956
1   4   1   5   -0.0000000006
1   4   2   4   -0.0000000006
1   4   2   5   0.0155644871
1   4   3   6   0.0162324395
1   5   1   4   -0.0000000006
1   5   1   5   0.3732533239
1   5   2   4   0.0133640823
1   5   2   5   0.0000000006
1   6   1   6   0.3814447257
1   6   3   4   0.0142066965
2   4   1   4   -0.0000000006
2   4   1   5   0.0133640823
2   4   2   4   0.3732533239
2   4   2   5   0.0000000006
2   5   1   4   0.0155644871
2   5   1   5   0.0000000006
2   5   2   4   0.0000000006
2   5   2   5   0.4021818956
2   5   3   6   0.0162324395
2   6   2   6   0.3814447257
2   6   3   5   0.0142066965
3   4   1   6   0.0142066965
3   4   3   4   0.3814447257
3   5   2   6   0.0142066965
3   5   3   5   0.3814447257
3   6   1   4   0.0162324395
3   6   2   5   0.0162324395
3   6   3   6   0.4210963935

End ABCD Block
Begin AIJB Block
1   8   1   4   0.0124328394
1   8   2   4   0.0000000000
1   8   2   5   0.0000000000
1   8   3   4   0.0125962151
1   8   4   4   -0.0000000059
1   8   4   5   0.0000000000
1   8   5   4   -0.0002938150
1   8   6   6   0.0011229344
1   8   7   6   -0.0002436034
1   9   1   4   0.0000000000
1   9   1   5   0.0000000000
1   9   2   4   0.0124489018
1   9   3   4   0.0000000058
1   9   3   5   0.0000000000
1   9   4   4   0.0128825065
1   9   5   4   -0.0000000001
1   9   6   6   0.0000000005
1   9   7   6   -0.0000000001
1   10   1   4   0.0125962151
1   10   2   4   0.0000000058
1   10   2   5   0.0000000000
1   10   3   4   0.0609911298
1   10   4   4   0.0000000002
1   10   4   5   0.0000000000
1   10   5   4   -0.0031390002
1   10   6   6   -0.0058051862
1   10   7   6   0.0012593464
1   11   1   4   -0.0000000059
1   11   1   5   0.0000000000
1   11   2   4   0.0128825065
1   11   3   4   0.0000000002
1   11   3   5   0.0000000000
1   11   4   4   0.0654641801
1   11   5   4   -0.0000000006
1   11   6   6   0.0000000000
1   11   7   6   -0.0000000000
1   12   1   4   -0.0002938150
1   12   2   4   -0.0000000001
1   12   3   4   -0.0031390002
1   12   4   4   -0.0000000006
1   12   5   4   0.0277119395
1   12   5   5   -0.0000000000
1   12   6   6   -0.1934654684
1   12   7   6   0.0419693744
1   13   1   6   -0.0010449003
1   13   2   6   -0.0000000005
1   13   3   6   -0.0037243134
1   13   4   6   -0.0000000005
1   13   5   6   -0.0182252989
1   13   6   4   0.2399354027
1   13   6   5   0.0456044408
1   13   7   4   -0.0456044426
1   13   7   5   0.0091894632
1   14   1   6   0.0002266751
1   14   2   6   0.0000000001
1   14   3   6   0.0008079328
1   14   4   6   0.0000000001
1   14   5   6   0.0039536998
1   14   6   4   -0.0456044426
1   14   6   5   0.1911393228
1   14   7   4   0.0396066153
1   14   7   5   -0.0456044408
2   8   1   5   0.0124328394
2   8   2   4   0.0000000000
2   8   2   5   0.0000000000
2   8   3   5   0.0125962151
2   8   4   4   0.0000000000
2   8   4   5   -0.0000000059
2   8   5   5   -0.0002938150
2   8   6   6   0.0002436034
2   8   7   6   0.0011229344
2   9   1   4   0.0000000000
2   9   1   5   0.0000000000
2   9   2   5   0.0124489018
2   9   3   4   0.0000000000
2   9   3   5   0.0000000058
2   9   4   5   0.0128825065
2   9   5   5   -0.0000000001
2   9   6   6   0.0000000001
2   9   7   6   0.0000000005
2   10   1   5   0.0125962151
2   10   2   4   0.0000000000
2   10   2   5   0.0000000058
2   10   3   5   0.0609911298
2   10   4   4   0.0000000000
2   10   4   5   0.0000000002
2   10   5   5   -0.0031390002
2   10   6   6   -0.0012593464
2   10   7   6   -0.0058051862
2   11   1   4   0.0000000000
2   11   1   5   -0.0000000059
2   11   2   5   0.0128825065
2   11   3   4   0.0000000000
2   11   3   5   0.0000000002
2   11   4   5   0.0654641801
2   11   5   5   -0.0000000006
2   11   6   6   0.0000000000
2   11   7   6   0.0000000000
2   12   1   5   -0.0002938150
2   12   2   5   -0.0000000001
2   12   3   5   -0.0031390002
2   12   4   5   -0.0000000006
2   12   5   5   0.0277119395
2   12   6   6   -0.0419693744
2   12   7   6   -0.1934654684
2   13   1   6   -0.0002266751
2   13   2   6   -0.0000000001
2   13   3   6   -0.0008079328
2   13   4   6   -0.0000000001
2   13   5   6   -0.0039536998
2   13   6   4   0.0456044408
2   13   6   5   0.0396066153
2   13   7   4   0.1911393228
2   13   7   5   0.0456044426
2   14   1   6   -0.0010449003
2   14   2   6   -0.0000000005
2   14   3   6   -0.0037243134
2   14   4   6   -0.0000000005
2   14   5   6   -0.0182252989
2   14   6   4   0.0091894632
2   14   6   5   0.0456044426
2   14   7   4   -0.0456044408
2   14   7   5   0.2399354026
3   8   1   6   0.0132378046
3   8   2   6   -0.0000000000
3   8   3   6   0.0129693927
3   8   4   6   -0.0000000062
3   8   5   6   -0.0004800724
3   8   6   4   -0.0010449003
3   8   6   5   -0.0002266751
3   8   7   4   0.0002266751
3   8   7   5   -0.0010449003
3   9   1   6   -0.0000000000
3   9   2   6   0.0132755876
3   9   3   6   0.0000000059
3   9   4   6   0.0134482738
3   9   5   6   -0.0000000002
3   9   6   4   -0.0000000005
3   9   6   5   -0.0000000001
3   9   7   4   0.0000000001
3   9   7   5   -0.0000000005
3   10   1   6   0.0129693927
3   10   2   6   0.0000000059
3   10   3   6   0.0617592047
3   10   4   6   -0.0000000001
3   10   5   6   0.0055975591
3   10   6   4   -0.0037243134
3   10   6   5   -0.0008079328
3   10   7   4   0.0008079328
3   10   7   5   -0.0037243134
3   11   1   6   -0.0000000062
3   11   2   6   0.0134482738
3   11   3   6   -0.0000000001
3   11   4   6   0.0667287819
3   11   5   6   -0.0000000003
3   11   6   4   -0.0000000005
3   11   6   5   -0.0000000001
3   11   7   4   0.0000000001
3   11   7   5   -0.0000000005
3   12   1   6   -0.0004800724
3   12   2   6   -0.0000000002
3   12   3   6   0.0055975591
3   12   4   6   -0.0000000003
3   12   5   6   0.2404713740
3   12   6   4   -0.0182252989
3   12   6   5   -0.0039536998
3   12   7   4   0.0039536998
3   12   7   5   -0.0182252989
3   13   1   4   0.0011229344
3   13   1   5   0.0002436034
3   13   2   4   0.0000000005
3   13   2   5   0.0000000001
3   13   3   4   -0.0058051862
3   13   3   5   -0.0012593464
3   13   4   4   0.0000000000
3   13   4   5   0.0000000000
3   13   5   4   -0.1934654684
3   13   5   5   -0.0419693744
3   13   6   6   0.0292833618
3   14   1   4   -0.0002436034
3   14   1   5   0.0011229344
3   14   2   4   -0.0000000001
3   14   2   5   0.0000000005
3   14   3   4   0.0012593464
3   14   3   5   -0.0058051862
3   14   4   4   -0.0000000000
3   14   4   5   0.0000000000
3   14   5   4   0.0419693744
3   14   5   5   -0.1934654684
3   14   7   6   0.0292833618

1   8   8   1   -0.5293522680
1   8   9   1   -0.0000000008
1   8   9   2   -0.0000000000
1   8   10   1   0.0049801016
1   8   11   1   -0.0000000023
1   8   12   1   -0.0008341887
1   8   13   3   0.0011753364
1   8   14   3   -0.0002549713
1   9   8   1   -0.0000000008
1   9   8   2   -0.0000000000
1   9   9   1   -0.5293519778
1   9   10   1   0.0000000023
1   9   11   1   0.0050875070
1   9   12   1   -0.0000000004
1   9   13   3   0.0000000005
1   9   14   3   -0.0000000001
1   10   8   1   0.0049801016
1   10   9   1   0.0000000023
1   10   10   1   -0.4069338416
1   10   11   1   -0.0000000005
1   10   11   2   -0.0000000000
1   10   12   1   -0.0061835410
1   10   13   3   0.0041728312
1   10   14   3   -0.0009052319
1   11   8   1   -0.0000000023
1   11   9   1   0.0050875070
1   11   10   1   -0.0000000005
1   11   10   2   -0.0000000000
1   11   11   1   -0.4092522581
1   11   12   1   0.0000000001
1   11   12   2   0.0000000000
1   11   13   3   -0.0000000003
1   11   14   3   0.0000000001
1   12   8   1   -0.0008341887
1   12   9   1   -0.0000000004
1   12   10   1   -0.0061835410
1   12   11   1   0.0000000001
1   12   11   2   0.0000000000
1   12   12   1   -0.3944398890
1   12   12   2   0.0000000000
1   12   13   3   0.0187025463
1   12   14   3   -0.0040572314
1   13   8   3   0.0011169177
1   13   9   3   0.0000000004
1   13   10   3   0.0045739104
1   13   11   3   0.0000000001
1   13   12   3   0.0200222739
1   13   13   1   -0.4342738391
1   13   13   2   -0.0083671750
1   13   14   1   0.0083671770
1   13   14   2   -0.0188276627
1   14   8   3   -0.0002422982
1   14   9   3   -0.0000000001
1   14   10   3   -0.0009922399
1   14   11   3   -0.0000000000
1   14   12   3   -0.0043435261
1   14   13   1   0.0083671770
1   14   13   2   -0.0179272261
1   14   14   1   -0.3975189488
1   14   14   2   0.0083671750
2   8   8   2   -0.5293522680
2   8   9   1   -0.0000000000
2   8   9   2   -0.0000000004
2   8   10   2   0.0049801016
2   8   11   2   -0.0000000023
2   8   12   2   -0.0008341887
2   8   13   3   0.0002549713
2   8   14   3   0.0011753364
2   9   8   1   -0.0000000000
2   9   8   2   -0.0000000004
2   9   9   2   -0.5293519778
2   9   10   2   0.0000000023
2   9   11   2   0.0050875070
2   9   12   2   -0.0000000004
2   9   13   3   0.0000000001
2   9   14   3   0.0000000005
2   10   8   2   0.0049801016
2   10   9   2   0.0000000023
2   10   10   2   -0.4069338416
2   10   11   1   -0.0000000000
2   10   11   2   -0.0000000003
2   10   12   2   -0.0061835410
2   10   13   3   0.0009052319
2   10   14   3   0.0041728312
2   11   8   2   -0.0000000023
2   11   9   2   0.0050875070
2   11   10   1   -0.0000000000
2   11   10   2   -0.0000000003
2   11   11   2   -0.4092522581
2   11   12   1   0.0000000000
2   11   12   2   0.0000000000
2   11   13   3   -0.0000000001
2   11   14   3   -0.0000000003
2   12   8   2   -0.0008341887
2   12   9   2   -0.0000000004
2   12   10   2   -0.0061835410
2   12   11   1   0.0000000000
2   12   11   2   0.0000000000
2   12   12   1   0.0000000000
2   12   12   2   -0.3944398890
2   12   13   3   0.0040572314
2   12   14   3   0.0187025463
2   13   8   3   0.0002422982
2   13   9   3   0.0000000001
2   13   10   3   0.0009922399
2   13   11   3   0.0000000000
2   13   12   3   0.0043435261
2   13   13   1   -0.0083671750
2   13   13   2   -0.3975189488
2   13   14   1   -0.0179272261
2   13   14   2   -0.0083671770
2   14   8   3   0.0011169177
2   14   9   3   0.0000000004
2   14   10   3   0.0045739104
2   14   11   3   0.0000000001
2   14   12   3   0.0200222739
2   14   13   1   -0.0188276627
2   14   13   2   -0.0083671770
2   14   14   1   0.0083671750
2   14   14   2   -0.4342738391
3   8   8   3   -0.5448175368
3   8   9   3   0.0000000007
3   8   10   3   0.0052494573
3   8   11   3   -0.0000000025
3   8   12   3   -0.0029565175
3   8   13   1   0.0011169177
3   8   13   2   0.0002422982
3   8   14   1   -0.0002422982
3   8   14   2   0.0011169177
3   9   8   3   0.0000000007
3   9   9   3   -0.5448168968
3   9   10   3   0.0000000024
3   9   11   3   0.0054368892
3   9   12   3   -0.0000000013
3   9   13   1   0.0000000004
3   9   13   2   0.0000000001
3   9   14   1   -0.0000000001
3   9   14   2   0.0000000004
3   10   8   3   0.0052494573
3   10   9   3   0.0000000024
3   10   10   3   -0.4167514880
3   10   11   3   0.0000000004
3   10   12   3   -0.0139156723
3   10   13   1   0.0045739104
3   10   13   2   0.0009922399
3   10   14   1   -0.0009922399
3   10   14   2   0.0045739104
3   11   8   3   -0.0000000025
3   11   9   3   0.0054368892
3   11   10   3   0.0000000004
3   11   11   3   -0.4177359847
3   11   12   3   0.0000000001
3   11   13   1   0.0000000001
3   11   13   2   0.0000000000
3   11   14   1   -0.0000000000
3   11   14   2   0.0000000001
3   12   8   3   -0.0029565175
3   12   9   3   -0.0000000013
3   12   10   3   -0.0139156723
3   12   11   3   0.0000000001
3   12   12   3   -0.4418166049
3   12   13   1   0.0200222739
3   12   13   2   0.0043435261
3   12   14   1   -0.0043435261
3   12   14   2   0.0200222739
3   13   8   1   0.0011753364
3   13   8   2   0.0002549713
3   13   9   1   0.0000000005
3   13   9   2   0.0000000001
3   13   10   1   0.0041728312
3   13   10   2   0.0009052319
3   13   11   1   -0.0000000003
3   13   11   2   -0.0000000001
3   13   12   1   0.0187025463
3   13   12   2   0.0040572314
3   13   13   3   -0.4041423568
3   13   14   3   -0.0000000000
3   14   8   1   -0.0002549713
3   14   8   2   0.0011753364
3   14   9   1   -0.0000000001
3   14   9   2   0.0000000005
3   14   10   1   -0.0009052319
3   14   10   2   0.0041728312
3   14   11   1   0.0000000001
3   14   11   2   -0.0000000003
3   14   12   1   -0.0040572314
3   14   12   2   0.0187025463
3   14   13   3   -0.0000000000
3   14   14   3   -0.4041423568

End AIJB Block
Begin IJKA Block
1   8   1   6   0.0000000231
1   8   2   6   -0.0173658335
1   8   3   6   -0.0000000025
1   8   4   6   0.0021237691
1   8   5   6   -0.0000000118
1   8   6   4   0.0000000116
1   8   6   5   0.0000000025
1   8   7   4   -0.0000000025
1   8   7   5   0.0000000116
1   9   1   6   -0.0156344043
1   9   2   6   -0.0000000079
1   9   3   6   0.0026794121
1   9   4   6   -0.0000000000
1   9   5   6   0.0128934418
1   9   6   4   -0.0127315107
1   9   6   5   -0.0027619065
1   9   7   4   0.0027619065
1   9   7   5   -0.0127315107
1   10   1   6   -0.0000000178
1   10   2   6   0.0192522838
1   10   3   6   0.0000000003
1   10   4   6   -0.0012523125
1   10   5   6   -0.0000000062
1   10   6   4   0.0000000061
1   10   6   5   0.0000000013
1   10   7   4   -0.0000000013
1   10   7   5   0.0000000061
1   11   1   6   0.0206973722
1   11   2   6   -0.0000000001
1   11   3   6   -0.0004079468
1   11   4   6   0.0000000005
1   11   5   6   0.0139617717
1   11   6   4   -0.0137157565
1   11   6   5   -0.0029754236
1   11   7   4   0.0029754236
1   11   7   5   -0.0137157565
1   12   1   6   -0.0000003182
1   12   2   6   0.3465929583
1   12   3   6   0.0000000017
1   12   4   6   -0.0035781017
1   12   5   6   0.0000000002
1   12   6   4   -0.0000000002
1   12   6   5   -0.0000000000
1   12   7   4   0.0000000000
1   12   7   5   -0.0000000002
1   13   1   4   0.0000003131
1   13   1   5   0.0000000679
1   13   2   4   -0.3431251176
1   13   2   5   -0.0744357462
1   13   3   4   -0.0000000016
1   13   3   5   -0.0000000004
1   13   4   4   0.0034360808
1   13   4   5   0.0007454052
1   13   5   4   -0.0000000005
1   13   5   5   -0.0000000001
1   13   6   6   -0.0000000005
1   14   1   4   -0.0000000679
1   14   1   5   0.0000003131
1   14   2   4   0.0744357462
1   14   2   5   -0.3431251176
1   14   3   4   0.0000000003
1   14   3   5   -0.0000000016
1   14   4   4   -0.0007454052
1   14   4   5   0.0034360808
1   14   5   4   0.0000000001
1   14   5   5   -0.0000000005
1   14   7   6   -0.0000000005
2   8   1   6   -0.0173667637
2   8   2   6   -0.0000000087
2   8   3   6   0.0026731079
2   8   4   6   -0.0000000000
2   8   5   6   0.0128522971
2   8   6   4   -0.0127118278
2   8   6   5   -0.0027576366
2   8   7   4   0.0027576366
2   8   7   5   -0.0127118278
2   9   1   6   -0.0000000079
2   9   2   6   -0.0156418822
2   9   3   6   0.0000000024
2   9   4   6   0.0021215111
2   9   5   6   0.0000000117
2   9   6   4   -0.0000000116
2   9   6   5   -0.0000000025
2   9   7   4   0.0000000025
2   9   7   5   -0.0000000116
2   10   1   6   0.0192523629
2   10   2   6   0.0000000174
2   10   3   6   -0.0006529779
2   10   4   6   -0.0000000006
2   10   5   6   0.0134382053
2   10   6   4   -0.0133783800
2   10   6   5   -0.0029022349
2   10   7   4   0.0029022349
2   10   7   5   -0.0133783800
2   11   1   6   -0.0000000001
2   11   2   6   0.0206902507
2   11   3   6   -0.0000000002
2   11   4   6   -0.0010487012
2   11   5   6   0.0000000063
2   11   6   4   -0.0000000063
2   11   6   5   -0.0000000014
2   11   7   4   0.0000000014
2   11   7   5   -0.0000000063
2   12   1   6   0.3465892392
2   12   2   6   0.0000003155
2   12   3   6   -0.0035883032
2   12   4   6   -0.0000000016
2   12   5   6   -0.0004951343
2   12   6   4   0.0002850844
2   12   6   5   0.0000618447
2   12   7   4   -0.0000618447
2   12   7   5   0.0002850844
2   13   1   4   -0.3431220500
2   13   1   5   -0.0744350808
2   13   2   4   -0.0000003143
2   13   2   5   -0.0000000682
2   13   3   4   0.0034808066
2   13   3   5   0.0007551078
2   13   4   4   0.0000000016
2   13   4   5   0.0000000003
2   13   5   4   0.0011811640
2   13   5   5   0.0002562355
2   13   6   6   0.0010738059
2   14   1   4   0.0744350808
2   14   1   5   -0.3431220500
2   14   2   4   0.0000000682
2   14   2   5   -0.0000003143
2   14   3   4   -0.0007551078
2   14   3   5   0.0034808066
2   14   4   4   -0.0000000003
2   14   4   5   0.0000000016
2   14   5   4   -0.0002562355
2   14   5   5   0.0011811640
2   14   7   6   0.0010738059
3   8   1   6   -0.0000000026
3   8   2   6   0.0027961972
3   8   3   6   -0.0000000002
3   8   4   6   -0.0020725484
3   8   5   6   -0.0000000067
3   8   6   4   0.0000000063
3   8   6   5   0.0000000014
3   8   7   4   -0.0000000014
3   8   7   5   0.0000000064
3   9   1   6   0.0028027486
3   9   2   6   0.0000000025
3   9   3   6   0.0004230965
3   9   4   6   -0.0000000009
3   9   5   6   0.0144942616
3   9   6   4   -0.0139180992
3   9   6   5   -0.0030193188
3   9   7   4   0.0030193188
3   9   7   5   -0.0139180992
3   10   1   6   0.0000000003
3   10   2   6   -0.0006431983
3   10   3   6   -0.0000000002
3   10   4   6   0.0056625550
3   10   5   6   -0.0000000002
3   10   6   4   0.0000000003
3   10   6   5   0.0000000001
3   10   7   4   -0.0000000001
3   10   7   5   0.0000000003
3   11   1   6   -0.0003652898
3   11   2   6   -0.0000000002
3   11   3   6   0.0158801095
3   11   4   6   -0.0000000000
3   11   5   6   0.0618929464
3   11   6   4   -0.0598186332
3   11   6   5   -0.0129767376
3   11   7   4   0.0129767376
3   11   7   5   -0.0598186332
3   12   1   6   0.0000000019
3   12   2   6   -0.0040931549
3   12   3   6   -0.0000000012
3   12   4   6   0.2244312646
3   12   5   6   -0.0000000004
3   12   6   4   -0.0000000002
3   12   6   5   -0.0000000000
3   12   7   4   0.0000000000
3   12   7   5   -0.0000000002
3   13   1   4   -0.0000000018
3   13   1   5   -0.0000000004
3   13   2   4   0.0040440456
3   13   2   5   0.0008772938
3   13   3   4   0.0000000000
3   13   3   5   0.0000000000
3   13   4   4   -0.2226074077
3   13   4   5   -0.0482912724
3   13   5   4   0.0000000003
3   13   5   5   0.0000000001
3   13   6   6   -0.0000000002
3   14   1   4   0.0000000004
3   14   1   5   -0.0000000019
3   14   2   4   -0.0008772938
3   14   2   5   0.0040440456
3   14   3   4   0.0000000000
3   14   3   5   0.0000000000
3   14   4   4   0.0482912724
3   14   4   5   -0.2226074077
3   14   5   4   -0.0000000001
3   14   5   5   0.0000000003
3   14   7   6   -0.0000000002
4   8   1   6   0.0022349783
4   8   2   6   -0.0000000000
4   8   3   6   -0.0020871177
4   8   4   6   0.0000000005
4   8   5   6   0.0141307716
4   8   6   4   -0.0138567809
4   8   6   5   -0.0030060167
4   8   7   4   0.0030060167
4   8   7   5   -0.0138567809
4   9   1   6   -0.0000000000
4   9   2   6   0.0022332342
4   9   3   6   -0.0000000010
4   9   4   6   -0.0010450245
4   9   5   6   0.0000000064
4   9   6   4   -0.0000000064
4   9   6   5   -0.0000000014
4   9   7   4   0.0000000014
4   9   7   5   -0.0000000064
4   10   1   6   -0.0012072848
4   10   2   6   -0.0000000005
4   10   3   6   0.0051305604
4   10   4   6   -0.0000000001
4   10   5   6   0.0558810541
4   10   6   4   -0.0574572041
4   10   6   5   -0.0124644616
4   10   7   4   0.0124644616
4   10   7   5   -0.0574572041
4   11   1   6   0.0000000005
4   11   2   6   -0.0010094862
4   11   3   6   -0.0000000000
4   11   4   6   0.0090909357
4   11   5   6   0.0000000002
4   11   6   4   -0.0000000000
4   11   6   5   -0.0000000000
4   11   7   4   0.0000000000
4   11   7   5   -0.0000000000
4   12   1   6   -0.0041020018
4   12   2   6   -0.0000000019
4   12   3   6   0.2246296424
4   12   4   6   -0.0000000004
4   12   5   6   -0.0247342793
4   12   6   4   0.0019402511
4   12   6   5   0.0004209078
4   12   7   4   -0.0004209078
4   12   7   5   0.0019402511
4   13   1   4   0.0040487859
4   13   1   5   0.0008783222
4   13   2   4   0.0000000019
4   13   2   5   0.0000000004
4   13   3   4   -0.2224474271
4   13   3   5   -0.0482565670
4   13   4   4   -0.0000000009
4   13   4   5   -0.0000000002
4   13   5   4   0.0235022915
4   13   5   5   0.0050984627
4   13   6   6   0.0012675468
4   14   1   4   -0.0008783222
4   14   1   5   0.0040487859
4   14   2   4   -0.0000000004
4   14   2   5   0.0000000018
4   14   3   4   0.0482565670
4   14   3   5   -0.2224474271
4   14   4   4   0.0000000002
4   14   4   5   -0.0000000009
4   14   5   4   -0.0050984627
4   14   5   5   0.0235022915
4   14   7   6   0.0012675468
5   8   1   6   -0.0000000143
5   8   2   6   0.0155180732
5   8   3   6   -0.0000000074
5   8   4   6   0.0157284450
5   8   5   6   0.0000000001
5   8   6   4   -0.0000000001
5   8   6   5   -0.0000000000
5   8   7   4   0.0000000000
5   8   7   5   -0.0000000001
5   9   1   6   0.0155550907
5   9   2   6   0.0000000141
5   9   3   6   0.0160617826
5   9   4   6   0.0000000071
5   9   5   6   -0.0002815492
5   9   6   4   0.0002896535
5   9   6   5   0.0000628359
5   9   7   4   -0.0000628359
5   9   7   5   0.0002896535
5   10   1   6   -0.0000000063
5   10   2   6   0.0136959557
5   10   3   6   -0.0000000003
5   10   4   6   0.0576756567
5   10   5   6   -0.0000000005
5   10   6   4   0.0000000003
5   10   6   5   0.0000000001
5   10   7   4   -0.0000000001
5   10   7   5   0.0000000003
5   11   1   6   0.0141390891
5   11   2   6   0.0000000064
5   11   3   6   0.0637185861
5   11   4   6   -0.0000000001
5   11   5   6   0.0116214052
5   11   6   4   0.0012901570
5   11   6   5   0.0002798798
5   11   7   4   -0.0002798798
5   11   7   5   0.0012901570
5   12   1   6   0.0000000001
5   12   2   6   -0.0001279786
5   12   3   6   0.0000000001
5   12   4   6   -0.0250372488
5   12   5   6   -0.0000000032
5   12   6   4   -0.0000000008
5   12   6   5   -0.0000000002
5   12   7   4   0.0000000002
5   12   7   5   -0.0000000008
5   13   1   4   -0.0000000004
5   13   1   5   -0.0000000001
5   13   2   4   0.0008489248
5   13   2   5   0.0001841613
5   13   3   4   -0.0000000001
5   13   3   5   -0.0000000000
5   13   4   4   0.0231116950
5   13   4   5   0.0050137288
5   13   5   4   0.0000000024
5   13   5   5   0.0000000005
5   13   6   6   0.0000000004
5   13   7   6   0.0000000000
5   14   1   4   0.0000000001
5   14   1   5   -0.0000000004
5   14   2   4   -0.0001841613
5   14   2   5   0.0008489248
5   14   3   4   0.0000000000
5   14   3   5   -0.0000000001
5   14   4   4   -0.0050137288
5   14   4   5   0.0231116951
5   14   5   4   -0.0000000005
5   14   5   5   0.0000000024
5   14   6   6   0.0000000000
5   14   7   6   0.0000000004
6   8   1   4   0.0000000140
6   8   1   5   0.0000000030
6   8   2   4   -0.0153632139
6   8   2   5   -0.0033328143
6   8   3   4   0.0000000071
6   8   3   5   0.0000000015
6   8   4   4   -0.0154256521
6   8   4   5   -0.0033463593
6   8   5   4   -0.0000000003
6   8   5   5   -0.0000000001
6   8   6   6   -0.0000000002
6   9   1   4   -0.0153786694
6   9   1   5   -0.0033361671
6   9   2   4   -0.0000000141
6   9   2   5   -0.0000000031
6   9   3   4   -0.0154834004
6   9   3   5   -0.0033588869
6   9   4   4   -0.0000000071
6   9   4   5   -0.0000000015
6   9   5   4   0.0007146942
6   9   5   5   0.0001550420
6   9   6   6   0.0004623578
6   10   1   4   0.0000000062
6   10   1   5   0.0000000013
6   10   2   4   -0.0136054238
6   10   2   5   -0.0029514886
6   10   3   4   -0.0000000000
6   10   3   5   0.0000000000
6   10   4   4   -0.0586220794
6   10   4   5   -0.0127171635
6   10   5   4   0.0000000004
6   10   5   5   0.0000000001
6   10   6   6   -0.0000000002
6   11   1   4   -0.0138500931
6   11   1   5   -0.0030045659
6   11   2   4   -0.0000000063
6   11   2   5   -0.0000000014
6   11   3   4   -0.0607464725
6   11   3   5   -0.0131780181
6   11   4   4   -0.0000000003
6   11   4   5   -0.0000000001
6   11   5   4   0.0028779189
6   11   5   5   0.0006243205
6   11   6   6   0.0142587112
6   12   1   4   -0.0000000001
6   12   1   5   -0.0000000000
6   12   2   4   0.0000541400
6   12   2   5   0.0000117448
6   12   3   4   -0.0000000001
6   12   3   5   -0.0000000000
6   12   4   4   0.0026176520
6   12   4   5   0.0005678596
6   12   5   4   0.0000000004
6   12   5   5   0.0000000001
6   12   6   6   0.0000000006
6   12   7   6   0.0000000000
6   13   1   6   -0.0000000005
6   13   2   6   0.0009367147
6   13   3   6   0.0000000004
6   13   4   6   0.0020712024
6   13   5   6   -0.0000000017
6   13   6   4   -0.0000000009
6   13   6   5   -0.0000000002
6   13   7   4   -0.0000000001
6   14   5   6   0.0000000000
6   14   6   4   0.0000000002
6   14   6   5   -0.0000000010
6   14   7   4   0.0000000000
6   14   7   5   -0.0000000000
7   8   1   4   -0.0000000030
7   8   1   5   0.0000000140
7   8   2   4   0.0033328143
7   8   2   5   -0.0153632139
7   8   3   4   -0.0000000015
7   8   3   5   0.0000000070
7   8   4   4   0.0033463593
7   8   4   5   -0.0154256521
7   8   5   4   0.0000000001
7   8   5   5   -0.0000000003
7   8   7   6   -0.0000000002
7   9   1   4   0.0033361671
7   9   1   5   -0.0153786694
7   9   2   4   0.0000000031
7   9   2   5   -0.0000000141
7   9   3   4   0.0033588869
7   9   3   5   -0.0154834004
7   9   4   4   0.0000000015
7   9   4   5   -0.0000000071
7   9   5   4   -0.0001550420
7   9   5   5   0.0007146942
7   9   7   6   0.0004623578
7   10   1   4   -0.0000000014
7   10   1   5   0.0000000062
7   10   2   4   0.0029514886
7   10   2   5   -0.0136054238
7   10   3   4   0.0000000000
7   10   3   5   0.0000000000
7   10   4   4   0.0127171635
7   10   4   5   -0.0586220794
7   10   5   4   -0.0000000001
7   10   5   5   0.0000000004
7   10   7   6   -0.0000000002
7   11   1   4   0.0030045659
7   11   1   5   -0.0138500931
7   11   2   4   0.0000000014
7   11   2   5   -0.0000000064
7   11   3   4   0.0131780181
7   11   3   5   -0.0607464725
7   11   4   4   0.0000000001
7   11   4   5   -0.0000000003
7   11   5   4   -0.0006243205
7   11   5   5   0.0028779189
7   11   7   6   0.0142587112
7   12   1   4   0.0000000000
7   12   1   5   -0.0000000001
7   12   2   4   -0.0000117448
7   12   2   5   0.0000541400
7   12   3   4   0.0000000000
7   12   3   5   -0.0000000001
7   12   4   4   -0.0005678596
7   12   4   5   0.0026176520
7   12   5   4   -0.0000000001
7   12   5   5   0.0000000004
7   12   6   6   0.0000000000
7   12   7   6   0.0000000008
7   13   5   6   0.0000000000
7   13   6   4   -0.0000000001
7   13   6   5   0.0000000000
7   13   7   4   -0.0000000012
7   13   7   5   -0.0000000002
7   14   1   6   -0.0000000005
7   14   2   6   0.0009367147
7   14   3   6   0.0000000004
7   14   4   6   0.0020712024
7   14   5   6   -0.0000000017
7   14   6   4   0.0000000000
7   14   6   5   -0.0000000000
7   14   7   4   0.0000000003
7   14   7   5   -0.0000000012

End IJKA Block
Begin IABC Block
1   4   1   6   -0.0000000005
1   4   3   4   -0.0000000002
1   5   2   6   -0.0000000005
1   5   3   5   -0.0000000002
1   6   1   4   -0.0000000005
1   6   2   5   -0.0000000005
1   6   3   6   -0.0000000011
2   4   1   6   0.0010429790
2   4   3   4   0.0003478899
2   5   2   6   0.0010429790
2   5   3   5   0.0003478899
2   6   1   4   0.0009875408
2   6   2   5   0.0009875408
2   6   3   6   0.0022407050
3   4   1   6   0.0000000003
3   4   3   4   0.0000000000
3   5   2   6   0.0000000003
3   5   3   5   0.0000000000
3   6   1   4   0.0000000003
3   6   2   5   0.0000000003
3   6   3   6   -0.0000000002
4   4   1   6   0.0041818799
4   4   3   4   0.0140247276
4   5   2   6   0.0041818799
4   5   3   5   0.0140247276
4   6   1   4   0.0028306673
4   6   2   5   0.0028306673
4   6   3   6   0.0192387173
5   4   1   6   -0.0000000010
5   4   2   6   0.0000000000
5   4   3   4   0.0000000000
5   4   3   5   0.0000000000
5   5   1   6   0.0000000000
5   5   2   6   -0.0000000010
5   5   3   4   0.0000000000
5   5   3   5   -0.0000000002
5   6   1   4   -0.0000000014
5   6   1   5   0.0000000000
5   6   2   4   0.0000000000
5   6   2   5   -0.0000000014
5   6   3   6   -0.0000000028
6   4   1   4   -0.0000000017
6   4   1   5   -0.0000000001
6   4   2   4   -0.0000000002
6   4   2   5   -0.0000000001
6   4   3   6   -0.0000000019
6   5   1   4   -0.0000000000
6   5   1   5   -0.0000000008
6   5   2   4   -0.0000000005
6   5   2   5   -0.0000000003
6   5   3   6   -0.0000000004
6   6   1   6   0.0000000003
6   6   2   6   0.0000000001
6   6   3   4   -0.0000000002
6   6   3   5   -0.0000000000
7   4   1   4   0.0000000004
7   4   1   5   -0.0000000005
7   4   2   4   -0.0000000010
7   4   2   5   -0.0000000000
7   4   3   6   0.0000000004
7   5   1   4   -0.0000000001
7   5   1   5   0.0000000001
7   5   2   4   0.0000000001
7   5   2   5   -0.0000000014
7   5   3   6   -0.0000000018
7   6   1   6   -0.0000000001
7   6   2   6   0.0000000003
7   6   3   4   0.0000000000
7   6   3   5   -0.0000000002

End IABC Block
