0   1   5   6       0.170865012051
0   1   6   5      -0.170865012092
0   2   4   5       0.114318653561
0   2   4   6      -0.124246426929
0   2   5   4      -0.114318653475
0   2   6   4       0.124246426996
1   0   5   6      -0.170865012051
1   0   6   5       0.170865012092
1   2   4   5       0.124246426785
1   2   4   6       0.114318653604
1   2   5   4      -0.124246427038
1   2   6   4      -0.114318653586
2   0   4   5      -0.114318653561
2   0   4   6       0.124246426929
2   0   5   4       0.114318653475
2   0   6   4      -0.124246426996
2   1   4   5      -0.124246426785
2   1   4   6      -0.114318653604
2   1   5   4       0.124246427038
2   1   6   4       0.114318653586
0   53   5   12      -0.407983854783
0   53   5   13       0.387877150408
0   53   6   12       0.387877147247
0   53   6   13      -0.472661149627
0   54   5   12      -0.387877161318
0   54   5   13       0.117771165475
0   54   6   12      -0.053093850886
0   54   6   13       0.387877163882
0   55   4   12       0.310220219436
0   55   4   13      -0.337160669365
0   55   5   11       0.195901566086
0   55   6   11      -0.212914242877
1   53   5   12      -0.387877166613
1   53   5   13      -0.053093849957
1   53   6   12       0.117771164420
1   53   6   13       0.387877162408
1   54   5   12      -0.472661150044
1   54   5   13      -0.387877150540
1   54   6   12      -0.387877146379
1   54   6   13      -0.407983853591
1   55   4   12       0.337160669803
1   55   4   13       0.310220219113
1   55   5   11       0.212914242956
1   55   6   11       0.195901565770
2   53   4   12       0.195901566049
2   53   4   13      -0.212914242763
2   53   5   11       0.310220219711
2   53   6   11      -0.337160669296
2   54   4   12       0.212914242783
2   54   4   13       0.195901565868
2   54   5   11       0.337160669279
2   54   6   11       0.310220219064
2   55   4   11      -0.765228415035
0   53   12   5       0.407983854783
0   53   12   6      -0.387877147247
0   53   13   5      -0.387877150408
0   53   13   6       0.472661149627
0   54   12   5       0.387877161318
0   54   12   6       0.053093850886
0   54   13   5      -0.117771165475
0   54   13   6      -0.387877163882
0   55   11   5      -0.195901566086
0   55   11   6       0.212914242877
0   55   12   4      -0.310220219436
0   55   13   4       0.337160669365
1   53   12   5       0.387877166613
1   53   12   6      -0.117771164420
1   53   13   5       0.053093849957
1   53   13   6      -0.387877162408
1   54   12   5       0.472661150044
1   54   12   6       0.387877146379
1   54   13   5       0.387877150540
1   54   13   6       0.407983853591
1   55   11   5      -0.212914242956
1   55   11   6      -0.195901565770
1   55   12   4      -0.337160669803
1   55   13   4      -0.310220219113
2   53   11   5      -0.310220219711
2   53   11   6       0.337160669296
2   53   12   4      -0.195901566049
2   53   13   4       0.212914242763
2   54   11   5      -0.337160669279
2   54   11   6      -0.310220219064
2   54   12   4      -0.212914242783
2   54   13   4      -0.195901565868
2   55   11   4       0.765228415035
0   60   6   13       0.055264736698
1   61   5   12       0.055264736763
2   59   4   11      -0.059242715586
0   60   13   6      -0.055264736698
1   61   12   5      -0.055264736763
2   59   11   4       0.059242715586
6   55   4   11      -0.059242715586
7   53   6   13       0.055264736667
8   54   5   12       0.055264736655
6   55   11   4       0.059242715586
7   53   13   6      -0.055264736667
8   54   12   5      -0.055264736655
53   0   5   12       0.407983854783
53   0   5   13      -0.387877150408
53   0   6   12      -0.387877147247
53   0   6   13       0.472661149627
53   1   5   12       0.387877166613
53   1   5   13       0.053093849957
53   1   6   12      -0.117771164420
53   1   6   13      -0.387877162408
53   2   4   12      -0.195901566049
53   2   4   13       0.212914242763
53   2   5   11      -0.310220219711
53   2   6   11       0.337160669296
54   0   5   12       0.387877161318
54   0   5   13      -0.117771165475
54   0   6   12       0.053093850886
54   0   6   13      -0.387877163882
54   1   5   12       0.472661150044
54   1   5   13       0.387877150540
54   1   6   12       0.387877146379
54   1   6   13       0.407983853591
54   2   4   12      -0.212914242783
54   2   4   13      -0.195901565868
54   2   5   11      -0.337160669279
54   2   6   11      -0.310220219064
55   0   4   12      -0.310220219436
55   0   4   13       0.337160669365
55   0   5   11      -0.195901566086
55   0   6   11       0.212914242877
55   1   4   12      -0.337160669803
55   1   4   13      -0.310220219113
55   1   5   11      -0.212914242956
55   1   6   11      -0.195901565770
55   2   4   11       0.765228415035
53   0   12   5      -0.407983854783
53   0   12   6       0.387877147247
53   0   13   5       0.387877150408
53   0   13   6      -0.472661149627
53   1   12   5      -0.387877166613
53   1   12   6       0.117771164420
53   1   13   5      -0.053093849957
53   1   13   6       0.387877162408
53   2   11   5       0.310220219711
53   2   11   6      -0.337160669296
53   2   12   4       0.195901566049
53   2   13   4      -0.212914242763
54   0   12   5      -0.387877161318
54   0   12   6      -0.053093850886
54   0   13   5       0.117771165475
54   0   13   6       0.387877163882
54   1   12   5      -0.472661150044
54   1   12   6      -0.387877146379
54   1   13   5      -0.387877150540
54   1   13   6      -0.407983853591
54   2   11   5       0.337160669279
54   2   11   6       0.310220219064
54   2   12   4       0.212914242783
54   2   13   4       0.195901565868
55   0   11   5       0.195901566086
55   0   11   6      -0.212914242877
55   0   12   4       0.310220219436
55   0   13   4      -0.337160669365
55   1   11   5       0.212914242956
55   1   11   6       0.195901565770
55   1   12   4       0.337160669803
55   1   13   4       0.310220219113
55   2   11   4      -0.765228415035
53   7   6   13      -0.055264736667
54   8   5   12      -0.055264736655
55   6   4   11       0.059242715586
53   7   13   6       0.055264736667
54   8   12   5       0.055264736655
55   6   11   4      -0.059242715586
53   54   12   13       0.170865012051
53   54   13   12      -0.170865012092
53   55   11   12       0.114318653561
53   55   11   13      -0.124246426929
53   55   12   11      -0.114318653475
53   55   13   11       0.124246426996
54   53   12   13      -0.170865012051
54   53   13   12       0.170865012092
54   55   11   12       0.124246426785
54   55   11   13       0.114318653604
54   55   12   11      -0.124246427038
54   55   13   11      -0.114318653586
55   53   11   12      -0.114318653561
55   53   11   13       0.124246426929
55   53   12   11       0.114318653475
55   53   13   11      -0.124246426996
55   54   11   12      -0.124246426785
55   54   11   13      -0.114318653604
55   54   12   11       0.124246427038
55   54   13   11       0.114318653586
59   2   4   11       0.059242715586
60   0   6   13      -0.055264736698
61   1   5   12      -0.055264736763
59   2   11   4      -0.059242715586
60   0   13   6       0.055264736698
61   1   12   5       0.055264736763

