0   1   5   6       0.114510413270
0   1   6   5      -0.114510415018
0   2   4   6      -0.074559057509
0   2   6   4       0.074559057509
1   0   5   6      -0.114510413270
1   0   6   5       0.114510415018
1   2   4   5       0.074559057752
1   2   5   4      -0.074559057752
2   0   4   6       0.074559057509
2   0   6   4      -0.074559057509
2   1   4   5      -0.074559057752
2   1   5   4       0.074559057752
0   53   5   12      -0.105136034774
0   53   5   13      -0.161944959004
0   53   6   12      -0.161944959480
0   53   6   13      -0.550942728341
0   54   5   12       0.161944974188
0   54   5   13       0.280158541657
0   54   6   12       0.165648133851
0   54   6   13      -0.161944974220
0   55   4   12      -0.075171262141
0   55   4   13      -0.231357738610
0   55   5   11      -0.050946016036
0   55   6   11      -0.156798685265
1   53   5   12       0.161944971655
1   53   5   13       0.165648129069
1   53   6   12       0.280158543015
1   53   6   13      -0.161944973307
1   54   5   12      -0.550942729312
1   54   5   13       0.161944962172
1   54   6   12       0.161944961835
1   54   6   13      -0.105136035270
1   55   4   12       0.231357739221
1   55   4   13      -0.075171263499
1   55   5   11       0.156798685688
1   55   6   11      -0.050946016971
2   53   4   12      -0.050946016036
2   53   4   13      -0.156798685265
2   53   5   11      -0.075171262141
2   53   6   11      -0.231357738610
2   54   4   12       0.156798685688
2   54   4   13      -0.050946016971
2   54   5   11       0.231357739221
2   54   6   11      -0.075171263499
2   55   4   11      -0.377096118041
0   53   12   5       0.105136034774
0   53   12   6       0.161944959480
0   53   13   5       0.161944959004
0   53   13   6       0.550942728341
0   54   12   5      -0.161944974188
0   54   12   6      -0.165648133851
0   54   13   5      -0.280158541657
0   54   13   6       0.161944974220
0   55   11   5       0.050946016036
0   55   11   6       0.156798685265
0   55   12   4       0.075171262141
0   55   13   4       0.231357738610
1   53   12   5      -0.161944971655
1   53   12   6      -0.280158543015
1   53   13   5      -0.165648129069
1   53   13   6       0.161944973307
1   54   12   5       0.550942729312
1   54   12   6      -0.161944961835
1   54   13   5      -0.161944962172
1   54   13   6       0.105136035270
1   55   11   5      -0.156798685688
1   55   11   6       0.050946016971
1   55   12   4      -0.231357739221
1   55   13   4       0.075171263499
2   53   11   5       0.075171262141
2   53   11   6       0.231357738610
2   53   12   4       0.050946016036
2   53   13   4       0.156798685265
2   54   11   5      -0.231357739221
2   54   11   6       0.075171263499
2   54   12   4      -0.156798685688
2   54   13   4       0.050946016971
2   55   11   4       0.377096118041
0   61   6   13       0.054167970299
1   60   5   12       0.054167968609
2   56   4   11      -0.056835210548
0   61   13   6      -0.054167970299
1   60   12   5      -0.054167968609
2   56   11   4       0.056835210548
3   55   4   11      -0.056835210548
7   54   5   12       0.054167968729
8   53   6   13       0.054167970256
3   55   11   4       0.056835210548
7   54   12   5      -0.054167968729
8   53   13   6      -0.054167970256
53   0   5   12       0.105136034774
53   0   5   13       0.161944959004
53   0   6   12       0.161944959480
53   0   6   13       0.550942728341
53   1   5   12      -0.161944971655
53   1   5   13      -0.165648129069
53   1   6   12      -0.280158543015
53   1   6   13       0.161944973307
53   2   4   12       0.050946016036
53   2   4   13       0.156798685265
53   2   5   11       0.075171262141
53   2   6   11       0.231357738610
54   0   5   12      -0.161944974188
54   0   5   13      -0.280158541657
54   0   6   12      -0.165648133851
54   0   6   13       0.161944974220
54   1   5   12       0.550942729312
54   1   5   13      -0.161944962172
54   1   6   12      -0.161944961835
54   1   6   13       0.105136035270
54   2   4   12      -0.156798685688
54   2   4   13       0.050946016971
54   2   5   11      -0.231357739221
54   2   6   11       0.075171263499
55   0   4   12       0.075171262141
55   0   4   13       0.231357738610
55   0   5   11       0.050946016036
55   0   6   11       0.156798685265
55   1   4   12      -0.231357739221
55   1   4   13       0.075171263499
55   1   5   11      -0.156798685688
55   1   6   11       0.050946016971
55   2   4   11       0.377096118041
53   0   12   5      -0.105136034774
53   0   12   6      -0.161944959480
53   0   13   5      -0.161944959004
53   0   13   6      -0.550942728341
53   1   12   5       0.161944971655
53   1   12   6       0.280158543015
53   1   13   5       0.165648129069
53   1   13   6      -0.161944973307
53   2   11   5      -0.075171262141
53   2   11   6      -0.231357738610
53   2   12   4      -0.050946016036
53   2   13   4      -0.156798685265
54   0   12   5       0.161944974188
54   0   12   6       0.165648133851
54   0   13   5       0.280158541657
54   0   13   6      -0.161944974220
54   1   12   5      -0.550942729312
54   1   12   6       0.161944961835
54   1   13   5       0.161944962172
54   1   13   6      -0.105136035270
54   2   11   5       0.231357739221
54   2   11   6      -0.075171263499
54   2   12   4       0.156798685688
54   2   13   4      -0.050946016971
55   0   11   5      -0.050946016036
55   0   11   6      -0.156798685265
55   0   12   4      -0.075171262141
55   0   13   4      -0.231357738610
55   1   11   5       0.156798685688
55   1   11   6      -0.050946016971
55   1   12   4       0.231357739221
55   1   13   4      -0.075171263499
55   2   11   4      -0.377096118041
53   8   6   13      -0.054167970256
54   7   5   12      -0.054167968729
55   3   4   11       0.056835210548
53   8   13   6       0.054167970256
54   7   12   5       0.054167968729
55   3   11   4      -0.056835210548
53   54   12   13       0.114510413270
53   54   13   12      -0.114510415018
53   55   11   13      -0.074559057509
53   55   13   11       0.074559057509
54   53   12   13      -0.114510413270
54   53   13   12       0.114510415018
54   55   11   12       0.074559057752
54   55   12   11      -0.074559057752
55   53   11   13       0.074559057509
55   53   13   11      -0.074559057509
55   54   11   12      -0.074559057752
55   54   12   11       0.074559057752
56   2   4   11       0.056835210548
60   1   5   12      -0.054167968609
61   0   6   13      -0.054167970299
56   2   11   4      -0.056835210548
60   1   12   5       0.054167968609
61   0   13   6       0.054167970299

