0   1   5   6       0.163409041982
0   1   6   5      -0.163409042308
0   2   4   5      -0.140512746355
0   2   4   6       0.067193362723
0   2   5   4       0.140512746371
0   2   6   4      -0.067193362720
1   0   5   6      -0.163409041982
1   0   6   5       0.163409042308
1   2   4   5      -0.067193362725
1   2   4   6      -0.140512746362
1   2   5   4       0.067193362718
1   2   6   4       0.140512746365
2   0   4   5       0.140512746355
2   0   4   6      -0.067193362723
2   0   5   4      -0.140512746371
2   0   6   4       0.067193362720
2   1   4   5       0.067193362725
2   1   4   6       0.140512746362
2   1   5   4      -0.067193362718
2   1   6   4      -0.140512746365
0   103   5   12      -0.650033666559
0   103   5   13       0.286176737378
0   103   6   12       0.286176737380
0   103   6   13      -0.188439510585
0   104   5   12      -0.286176730042
0   104   5   13      -0.149092553074
0   104   6   12      -0.312501595212
0   104   6   13       0.286176727723
0   105   4   12      -0.375993973756
0   105   4   13       0.179800766435
0   105   5   11      -0.235481226960
0   105   6   11       0.112607403453
1   103   5   12      -0.286176728667
1   103   5   13      -0.312501595332
1   103   6   12      -0.149092553853
1   103   6   13       0.286176731137
1   104   5   12      -0.188439510418
1   104   5   13      -0.286176737203
1   104   6   12      -0.286176737189
1   104   6   13      -0.650033666259
1   105   4   12      -0.179800766353
1   105   4   13      -0.375993973701
1   105   5   11      -0.112607403399
1   105   6   11      -0.235481226864
2   103   4   12      -0.235481226903
2   103   4   13       0.112607403459
2   103   5   11      -0.375993973775
2   103   6   11       0.179800766435
2   104   4   12      -0.112607403385
2   104   4   13      -0.235481226864
2   104   5   11      -0.179800766383
2   104   6   11      -0.375993973693
2   105   4   11      -0.675457896641
0   103   12   5       0.650033666559
0   103   12   6      -0.286176737380
0   103   13   5      -0.286176737378
0   103   13   6       0.188439510585
0   104   12   5       0.286176730042
0   104   12   6       0.312501595212
0   104   13   5       0.149092553074
0   104   13   6      -0.286176727723
0   105   11   5       0.235481226960
0   105   11   6      -0.112607403453
0   105   12   4       0.375993973756
0   105   13   4      -0.179800766435
1   103   12   5       0.286176728667
1   103   12   6       0.149092553853
1   103   13   5       0.312501595332
1   103   13   6      -0.286176731137
1   104   12   5       0.188439510418
1   104   12   6       0.286176737189
1   104   13   5       0.286176737203
1   104   13   6       0.650033666259
1   105   11   5       0.112607403399
1   105   11   6       0.235481226864
1   105   12   4       0.179800766353
1   105   13   4       0.375993973701
2   103   11   5       0.375993973775
2   103   11   6      -0.179800766435
2   103   12   4       0.235481226903
2   103   13   4      -0.112607403459
2   104   11   5       0.179800766383
2   104   11   6       0.375993973693
2   104   12   4       0.112607403385
2   104   13   4       0.235481226864
2   105   11   4       0.675457896641
0   110   5   12      -0.065501151245
1   111   6   13      -0.065501151236
2   107   4   11       0.066548263578
0   110   12   5       0.065501151245
1   111   13   6       0.065501151236
2   107   11   4      -0.066548263578
4   105   4   11       0.066548263578
7   103   5   12      -0.065501151187
8   104   6   13      -0.065501151095
4   105   11   4      -0.066548263578
7   103   12   5       0.065501151187
8   104   13   6       0.065501151095
103   0   5   12       0.650033666559
103   0   5   13      -0.286176737378
103   0   6   12      -0.286176737380
103   0   6   13       0.188439510585
103   1   5   12       0.286176728667
103   1   5   13       0.312501595332
103   1   6   12       0.149092553853
103   1   6   13      -0.286176731137
103   2   4   12       0.235481226903
103   2   4   13      -0.112607403459
103   2   5   11       0.375993973775
103   2   6   11      -0.179800766435
104   0   5   12       0.286176730042
104   0   5   13       0.149092553074
104   0   6   12       0.312501595212
104   0   6   13      -0.286176727723
104   1   5   12       0.188439510418
104   1   5   13       0.286176737203
104   1   6   12       0.286176737189
104   1   6   13       0.650033666259
104   2   4   12       0.112607403385
104   2   4   13       0.235481226864
104   2   5   11       0.179800766383
104   2   6   11       0.375993973693
105   0   4   12       0.375993973756
105   0   4   13      -0.179800766435
105   0   5   11       0.235481226960
105   0   6   11      -0.112607403453
105   1   4   12       0.179800766353
105   1   4   13       0.375993973701
105   1   5   11       0.112607403399
105   1   6   11       0.235481226864
105   2   4   11       0.675457896641
103   0   12   5      -0.650033666559
103   0   12   6       0.286176737380
103   0   13   5       0.286176737378
103   0   13   6      -0.188439510585
103   1   12   5      -0.286176728667
103   1   12   6      -0.149092553853
103   1   13   5      -0.312501595332
103   1   13   6       0.286176731137
103   2   11   5      -0.375993973775
103   2   11   6       0.179800766435
103   2   12   4      -0.235481226903
103   2   13   4       0.112607403459
104   0   12   5      -0.286176730042
104   0   12   6      -0.312501595212
104   0   13   5      -0.149092553074
104   0   13   6       0.286176727723
104   1   12   5      -0.188439510418
104   1   12   6      -0.286176737189
104   1   13   5      -0.286176737203
104   1   13   6      -0.650033666259
104   2   11   5      -0.179800766383
104   2   11   6      -0.375993973693
104   2   12   4      -0.112607403385
104   2   13   4      -0.235481226864
105   0   11   5      -0.235481226960
105   0   11   6       0.112607403453
105   0   12   4      -0.375993973756
105   0   13   4       0.179800766435
105   1   11   5      -0.112607403399
105   1   11   6      -0.235481226864
105   1   12   4      -0.179800766353
105   1   13   4      -0.375993973701
105   2   11   4      -0.675457896641
103   7   5   12       0.065501151187
104   8   6   13       0.065501151095
105   4   4   11      -0.066548263578
103   7   12   5      -0.065501151187
104   8   13   6      -0.065501151095
105   4   11   4       0.066548263578
103   104   12   13       0.163409041982
103   104   13   12      -0.163409042308
103   105   11   12      -0.140512746355
103   105   11   13       0.067193362723
103   105   12   11       0.140512746371
103   105   13   11      -0.067193362720
104   103   12   13      -0.163409041982
104   103   13   12       0.163409042308
104   105   11   12      -0.067193362725
104   105   11   13      -0.140512746362
104   105   12   11       0.067193362718
104   105   13   11       0.140512746365
105   103   11   12       0.140512746355
105   103   11   13      -0.067193362723
105   103   12   11      -0.140512746371
105   103   13   11       0.067193362720
105   104   11   12       0.067193362725
105   104   11   13       0.140512746362
105   104   12   11      -0.067193362718
105   104   13   11      -0.140512746365
107   2   4   11      -0.066548263578
110   0   5   12       0.065501151245
111   1   6   13       0.065501151236
107   2   11   4       0.066548263578
110   0   12   5      -0.065501151245
111   1   13   6      -0.065501151236

