Begin IJ Block
1   1   -25.8325394020
1   2   0.0000000156
1   3   -0.4805630191
1   4   0.0000062002
1   5   0.0379898842
2   2   -25.8326731686
2   3   -0.0000060668
2   4   -0.4910035307
2   5   0.0000004810
3   3   -6.7345118092
3   4   0.0000000080
3   5   -0.1713009215
4   4   -6.7393313424
4   5   -0.0000000028
5   5   -6.2389252628
6   6   -6.2151901649
6   7   -0.0000000031
7   7   -6.2151901669

End IJ Block
Begin IA Block
1   3   -0.0000006517
2   3   0.0515022352
3   3   -0.0000000060
4   3   0.3322576195
5   3   0.0000000024
6   1   -0.0000000013
6   2   0.0000000013
7   1   0.0000000007
7   2   0.0000000020

End IA Block
Begin AB Block
1   1   -6.0335755414
1   2   0.0000000000
2   2   -6.0335755417
3   3   -6.2007166739

End AB Block
Begin IJAB Block
1   8   1   4   0.0134417874
1   8   2   5   0.0134417874
1   8   3   6   0.0152283917
1   9   1   4   -0.0000000003
1   9   1   5   0.0000000000
1   9   2   4   0.0000000000
1   9   2   5   -0.0000000003
1   9   3   6   -0.0000000007
1   10   1   4   -0.0135667904
1   10   1   5   0.0000000000
1   10   2   4   0.0000000000
1   10   2   5   -0.0135667904
1   10   3   6   -0.0141619085
1   11   1   4   0.0000001791
1   11   2   5   0.0000001791
1   11   3   6   0.0000001880
1   12   1   4   0.0010330074
1   12   1   5   0.0000000000
1   12   2   4   0.0000000000
1   12   2   5   0.0010330074
1   12   3   6   0.0004686627
1   13   1   6   -0.0020201705
1   13   2   6   0.0012086680
1   13   3   4   0.0013322010
1   13   3   5   -0.0007970558
1   14   1   6   0.0012086680
1   14   2   6   0.0020201705
1   14   3   4   -0.0007970558
1   14   3   5   -0.0013322010
2   8   1   4   -0.0000000003
2   8   1   5   0.0000000000
2   8   2   4   0.0000000000
2   8   2   5   -0.0000000003
2   8   3   6   -0.0000000007
2   9   1   4   0.0134697915
2   9   2   5   0.0134697915
2   9   3   6   0.0152943672
2   10   1   4   -0.0000001713
2   10   2   5   -0.0000001713
2   10   3   6   -0.0000001789
2   11   1   4   -0.0141896368
2   11   1   5   0.0000000000
2   11   2   5   -0.0141896368
2   11   3   6   -0.0148990265
2   12   1   4   0.0000000131
2   12   1   5   -0.0000000000
2   12   2   4   -0.0000000000
2   12   2   5   0.0000000131
2   12   3   6   0.0000000059
2   13   1   6   -0.0000000255
2   13   2   6   0.0000000153
2   13   3   4   0.0000000169
2   13   3   5   -0.0000000101
2   14   1   6   0.0000000153
2   14   2   6   0.0000000255
2   14   3   4   -0.0000000101
2   14   3   5   -0.0000000169
3   8   1   4   -0.0135667904
3   8   1   5   0.0000000000
3   8   2   4   0.0000000000
3   8   2   5   -0.0135667904
3   8   3   6   -0.0141619085
3   9   1   4   -0.0000001713
3   9   2   5   -0.0000001713
3   9   3   6   -0.0000001789
3   10   1   4   0.0583562124
3   10   1   5   -0.0000000000
3   10   2   4   -0.0000000000
3   10   2   5   0.0583562126
3   10   3   6   0.0625599185
3   11   1   4   0.0000000003
3   11   1   5   0.0000000000
3   11   2   4   0.0000000000
3   11   2   5   0.0000000000
3   11   3   6   0.0000000011
3   12   1   4   -0.0047969758
3   12   1   5   -0.0000000000
3   12   2   4   -0.0000000000
3   12   2   5   -0.0047969755
3   12   3   6   0.0169888208
3   13   1   6   0.0086739384
3   13   2   6   -0.0051896173
3   13   3   4   0.0130045595
3   13   3   5   -0.0077806279
3   14   1   6   -0.0051896172
3   14   2   6   -0.0086739385
3   14   3   4   -0.0077806277
3   14   3   5   -0.0130045597
4   8   1   4   0.0000001791
4   8   2   5   0.0000001791
4   8   3   6   0.0000001880
4   9   1   4   -0.0141896368
4   9   2   4   0.0000000000
4   9   2   5   -0.0141896368
4   9   3   6   -0.0148990265
4   10   1   4   0.0000000003
4   10   1   5   0.0000000000
4   10   2   4   0.0000000000
4   10   2   5   0.0000000000
4   10   3   6   0.0000000011
4   11   1   4   0.0634114589
4   11   2   5   0.0634114589
4   11   3   6   0.0654344711
4   12   1   4   -0.0000000006
4   12   1   5   0.0000000000
4   12   2   4   0.0000000000
4   12   2   5   -0.0000000007
4   12   3   6   0.0000000013
4   13   1   6   -0.0000000002
4   13   2   6   0.0000000000
4   13   3   4   0.0000000005
4   13   3   5   -0.0000000004
4   14   1   6   0.0000000001
4   14   2   6   0.0000000001
4   14   3   4   -0.0000000003
4   14   3   5   -0.0000000006
5   8   1   4   0.0010330074
5   8   1   5   0.0000000000
5   8   2   4   0.0000000000
5   8   2   5   0.0010330074
5   8   3   6   0.0004686627
5   9   1   4   0.0000000131
5   9   1   5   -0.0000000000
5   9   2   4   -0.0000000000
5   9   2   5   0.0000000131
5   9   3   6   0.0000000059
5   10   1   4   -0.0047969758
5   10   1   5   -0.0000000000
5   10   2   4   -0.0000000000
5   10   2   5   -0.0047969755
5   10   3   6   0.0169888208
5   11   1   4   -0.0000000006
5   11   1   5   0.0000000000
5   11   2   4   0.0000000000
5   11   2   5   -0.0000000007
5   11   3   6   0.0000000013
5   12   1   4   0.0222715889
5   12   1   5   -0.0000000000
5   12   2   4   -0.0000000000
5   12   2   5   0.0222715889
5   12   3   6   0.2166141468
5   13   1   6   0.0195791935
5   13   2   6   -0.0117142312
5   13   3   4   0.1545803112
5   13   3   5   -0.0924853976
5   14   1   6   -0.0117142311
5   14   2   6   -0.0195791936
5   14   3   4   -0.0924853973
5   14   3   5   -0.1545803115
6   8   1   6   0.0013322010
6   8   2   6   -0.0007970558
6   8   3   4   -0.0020201705
6   8   3   5   0.0012086680
6   9   1   6   0.0000000169
6   9   2   6   -0.0000000101
6   9   3   4   -0.0000000255
6   9   3   5   0.0000000153
6   10   1   6   0.0130045595
6   10   2   6   -0.0077806279
6   10   3   4   0.0086739384
6   10   3   5   -0.0051896173
6   11   1   6   0.0000000005
6   11   2   6   -0.0000000004
6   11   3   4   -0.0000000002
6   11   3   5   0.0000000000
6   12   1   6   0.1545803112
6   12   2   6   -0.0924853976
6   12   3   4   0.0195791935
6   12   3   5   -0.0117142312
6   13   1   4   0.1811777064
6   13   1   5   -0.0941177472
6   13   2   4   -0.0941177472
6   13   2   5   0.0801797273
6   13   3   6   0.0245077850
6   14   1   4   -0.0941177488
6   14   1   5   -0.1323800545
6   14   2   4   0.0313820755
6   14   2   5   0.0941177496
6   14   3   6   0.0000000001
7   8   1   6   -0.0007970558
7   8   2   6   -0.0013322010
7   8   3   4   0.0012086680
7   8   3   5   0.0020201705
7   9   1   6   -0.0000000101
7   9   2   6   -0.0000000169
7   9   3   4   0.0000000153
7   9   3   5   0.0000000255
7   10   1   6   -0.0077806277
7   10   2   6   -0.0130045597
7   10   3   4   -0.0051896172
7   10   3   5   -0.0086739385
7   11   1   6   -0.0000000003
7   11   2   6   -0.0000000006
7   11   3   4   0.0000000001
7   11   3   5   0.0000000001
7   12   1   6   -0.0924853973
7   12   2   6   -0.1545803115
7   12   3   4   -0.0117142311
7   12   3   5   -0.0195791936
7   13   1   4   -0.0941177489
7   13   1   5   0.0313820755
7   13   2   4   -0.1323800545
7   13   2   5   0.0941177496
7   13   3   6   0.0000000001
7   14   1   4   0.0801797271
7   14   1   5   0.0941177471
7   14   2   4   0.0941177471
7   14   2   5   0.1811777071
7   14   3   6   0.0245077851

End IJAB Block
Begin IJKL Block
1   8   1   8   2.1550009749
1   8   1   9   -0.0000493650
1   8   1   10   0.1976770993
1   8   1   11   -0.0000076761
1   8   1   12   -0.0115712999
1   8   2   8   -0.0000493650
1   8   2   9   1.9515682340
1   8   2   10   -0.0000025067
1   8   2   11   0.2023647487
1   8   2   12   0.0000001101
1   8   3   8   0.1976770993
1   8   3   9   -0.0000025067
1   8   3   10   0.0289400397
1   8   3   11   -0.0000007476
1   8   3   12   -0.0013254969
1   8   4   8   -0.0000076761
1   8   4   9   0.2023647487
1   8   4   10   -0.0000007476
1   8   4   11   0.0304049539
1   8   4   12   0.0000000593
1   8   5   8   -0.0115712999
1   8   5   9   0.0000001101
1   8   5   10   -0.0013254969
1   8   5   11   0.0000000593
1   8   5   12   0.0114632091
1   8   6   13   0.0121761308
1   8   6   14   0.0000000000
1   8   7   13   0.0000000000
1   8   7   14   0.0121761309
1   9   1   8   -0.0000493650
1   9   1   9   2.1550613623
1   9   1   10   -0.0000025087
1   9   1   11   0.2025408150
1   9   1   12   0.0000000742
1   9   2   8   1.9515693558
1   9   2   9   0.0000493635
1   9   2   10   0.1978419125
1   9   2   11   0.0000025635
1   9   2   12   -0.0087258344
1   9   3   8   -0.0000025068
1   9   3   9   0.1976940485
1   9   3   10   -0.0000000011
1   9   3   11   0.0295471911
1   9   3   12   0.0000000001
1   9   4   8   0.2023578734
1   9   4   9   0.0000025612
1   9   4   10   0.0295592276
1   9   4   11   0.0000000009
1   9   4   12   -0.0023406112
1   9   5   8   0.0000001101
1   9   5   9   -0.0115635505
1   9   5   10   0.0000000001
1   9   5   11   -0.0023495346
1   9   5   12   0.0000000011
1   9   6   13   0.0000000005
1   9   6   14   -0.0000000000
1   9   7   13   -0.0000000000
1   9   7   14   0.0000000005
1   10   1   8   0.1976770993
1   10   1   9   -0.0000025087
1   10   1   10   0.5849523465
1   10   1   11   -0.0000097552
1   10   1   12   0.0068131971
1   10   2   8   -0.0000025068
1   10   2   9   0.1978498473
1   10   2   10   -0.0000000164
1   10   2   11   0.3856427536
1   10   2   12   0.0000000014
1   10   3   8   0.0309271878
1   10   3   9   -0.0000000014
1   10   3   10   0.0082118175
1   10   3   11   -0.0000001104
1   10   3   12   -0.0006562826
1   10   4   8   -0.0000007955
1   10   4   9   0.0314469014
1   10   4   10   -0.0000001124
1   10   4   11   0.0089227547
1   10   4   12   -0.0000000067
1   10   5   8   -0.0013499952
1   10   5   9   0.0000000001
1   10   5   10   -0.0024699884
1   10   5   11   -0.0000000209
1   10   5   12   -0.0137299878
1   10   6   13   -0.0140699895
1   10   6   14   -0.0000000000
1   10   7   13   -0.0000000000
1   10   7   14   -0.0140699895
1   11   1   8   -0.0000076761
1   11   1   9   0.2025408150
1   11   1   10   -0.0000097552
1   11   1   11   0.5935002712
1   11   1   12   0.0000015065
1   11   2   8   0.2023578734
1   11   2   9   0.0000025634
1   11   2   10   0.3856595173
1   11   2   11   0.0000000161
1   11   2   12   -0.0595658209
1   11   3   8   -0.0000007955
1   11   3   9   0.0314515461
1   11   3   10   -0.0000001137
1   11   3   11   0.0090150686
1   11   3   12   0.0000000149
1   11   4   8   0.0325470662
1   11   4   9   0.0000000012
1   11   4   10   0.0086505544
1   11   4   11   -0.0000001109
1   11   4   12   -0.0000751702
1   11   5   8   0.0000000609
1   11   5   9   -0.0024158342
1   11   5   10   -0.0000000199
1   11   5   11   0.0001542991
1   11   5   12   0.0000001646
1   11   6   13   0.0000001756
1   11   6   14   0.0000000000
1   11   7   13   0.0000000000
1   11   7   14   0.0000001756
1   12   1   8   -0.0115712999
1   12   1   9   0.0000000742
1   12   1   10   0.0068131971
1   12   1   11   0.0000015065
1   12   1   12   0.5657706172
1   12   2   8   0.0000001101
1   12   2   9   -0.0087278738
1   12   2   10   0.0000000014
1   12   2   11   -0.0595641698
1   12   2   12   0.0000000004
1   12   3   8   -0.0013499952
1   12   3   9   0.0000000001
1   12   3   10   -0.0006700937
1   12   3   11   0.0000000150
1   12   3   12   0.0058250801
1   12   4   8   0.0000000609
1   12   4   9   -0.0024047953
1   12   4   10   -0.0000000054
1   12   4   11   -0.0001132574
1   12   4   12   -0.0000000761
1   12   5   8   0.0139590203
1   12   5   9   0.0000000011
1   12   5   10   -0.0145124826
1   12   5   11   0.0000001757
1   12   5   12   -0.0009435842
1   12   6   13   0.0005636592
1   12   6   14   -0.0000000000
1   12   7   13   -0.0000000000
1   12   7   14   0.0005636592
1   13   1   13   0.5720873674
1   13   1   14   0.0000000004
1   13   2   13   -0.0000000029
1   13   2   14   -0.0000000001
1   13   3   13   0.0062280410
1   13   3   14   0.0000000000
1   13   4   13   -0.0000000815
1   13   4   14   0.0000000000
1   13   5   13   -0.0017571393
1   13   5   14   0.0000000000
1   13   6   8   0.0148723020
1   13   6   9   0.0000000003
1   13   6   10   -0.0148984013
1   13   6   11   0.0000001876
1   13   6   12   0.0006790023
1   13   7   8   0.0000000000
1   13   7   9   -0.0000000000
1   13   7   10   -0.0000000000
1   13   7   11   0.0000000000
1   13   7   12   -0.0000000000
1   14   1   13   0.0000000004
1   14   1   14   0.5720873676
1   14   2   13   -0.0000000001
1   14   2   14   -0.0000000030
1   14   3   13   0.0000000000
1   14   3   14   0.0062280410
1   14   4   13   0.0000000000
1   14   4   14   -0.0000000815
1   14   5   13   0.0000000000
1   14   5   14   -0.0017571393
1   14   6   8   0.0000000000
1   14   6   9   -0.0000000000
1   14   6   10   -0.0000000000
1   14   6   11   0.0000000000
1   14   6   12   -0.0000000000
1   14   7   8   0.0148723020
1   14   7   9   0.0000000003
1   14   7   10   -0.0148984013
1   14   7   11   0.0000001876
1   14   7   12   0.0006790023
2   8   1   8   -0.0000493650
2   8   1   9   1.9515693558
2   8   1   10   -0.0000025068
2   8   1   11   0.2023578734
2   8   1   12   0.0000001101
2   8   2   8   2.1550613623
2   8   2   9   0.0000493635
2   8   2   10   0.1976940485
2   8   2   11   0.0000025612
2   8   2   12   -0.0115635505
2   8   3   8   -0.0000025087
2   8   3   9   0.1978419125
2   8   3   10   -0.0000000011
2   8   3   11   0.0295592276
2   8   3   12   0.0000000001
2   8   4   8   0.2025408150
2   8   4   9   0.0000025635
2   8   4   10   0.0295471911
2   8   4   11   0.0000000009
2   8   4   12   -0.0023495346
2   8   5   8   0.0000000742
2   8   5   9   -0.0087258344
2   8   5   10   0.0000000001
2   8   5   11   -0.0023406112
2   8   5   12   0.0000000011
2   8   6   13   0.0000000005
2   8   6   14   -0.0000000000
2   8   7   13   -0.0000000000
2   8   7   14   0.0000000005
2   9   1   8   1.9515682340
2   9   1   9   0.0000493635
2   9   1   10   0.1978498473
2   9   1   11   0.0000025634
2   9   1   12   -0.0087278738
2   9   2   8   0.0000493635
2   9   2   9   2.1551226821
2   9   2   10   0.0000075004
2   9   2   11   0.2025415633
2   9   2   12   -0.0000003672
2   9   3   8   0.1978498473
2   9   3   9   0.0000075004
2   9   3   10   0.0289224784
2   9   3   11   0.0000007474
2   9   3   12   -0.0013280401
2   9   4   8   0.0000025634
2   9   4   9   0.2025415633
2   9   4   10   0.0000007474
2   9   4   11   0.0304279852
2   9   4   12   -0.0000000594
2   9   5   8   -0.0087278738
2   9   5   9   -0.0000003672
2   9   5   10   -0.0013280401
2   9   5   11   -0.0000000594
2   9   5   12   0.0113804519
2   9   6   13   0.0121295470
2   9   6   14   0.0000000000
2   9   7   13   0.0000000000
2   9   7   14   0.0121295470
2   10   1   8   -0.0000025067
2   10   1   9   0.1978419125
2   10   1   10   -0.0000000164
2   10   1   11   0.3856595173
2   10   1   12   0.0000000014
2   10   2   8   0.1976940485
2   10   2   9   0.0000075004
2   10   2   10   0.5849399955
2   10   2   11   0.0000097546
2   10   2   12   0.0068050890
2   10   3   8   -0.0000000014
2   10   3   9   0.0309277924
2   10   3   10   0.0000001033
2   10   3   11   0.0087139217
2   10   3   12   -0.0000000083
2   10   4   8   0.0314515461
2   10   4   9   0.0000007955
2   10   4   10   0.0088739675
2   10   4   11   0.0000001130
2   10   4   12   0.0005240223
2   10   5   8   0.0000000001
2   10   5   9   -0.0013540716
2   10   5   10   -0.0000000314
2   10   5   11   0.0016462542
2   10   5   12   -0.0000001735
2   10   6   13   -0.0000001775
2   10   6   14   0.0000000000
2   10   7   13   0.0000000000
2   10   7   14   -0.0000001775
2   11   1   8   0.2023647487
2   11   1   9   0.0000025635
2   11   1   10   0.3856427536
2   11   1   11   0.0000000161
2   11   1   12   -0.0595641698
2   11   2   8   0.0000025612
2   11   2   9   0.2025415633
2   11   2   10   0.0000097546
2   11   2   11   0.5935191706
2   11   2   12   -0.0000015068
2   11   3   8   0.0314469014
2   11   3   9   0.0000007955
2   11   3   10   0.0089766772
2   11   3   11   0.0000001142
2   11   3   12   -0.0011825053
2   11   4   8   0.0000000012
2   11   4   9   0.0325546154
2   11   4   10   0.0000001096
2   11   4   11   0.0088160471
2   11   4   12   -0.0000000010
2   11   5   8   -0.0024047953
2   11   5   9   -0.0000000610
2   11   5   10   0.0015688927
2   11   5   11   0.0000000020
2   11   5   12   -0.0130493750
2   11   6   13   -0.0139001814
2   11   6   14   -0.0000000000
2   11   7   13   -0.0000000000
2   11   7   14   -0.0139001815
2   12   1   8   0.0000001101
2   12   1   9   -0.0087258344
2   12   1   10   0.0000000014
2   12   1   11   -0.0595658209
2   12   1   12   0.0000000004
2   12   2   8   -0.0115635505
2   12   2   9   -0.0000003672
2   12   2   10   0.0068050890
2   12   2   11   -0.0000015068
2   12   2   12   0.5657703510
2   12   3   8   0.0000000001
2   12   3   9   -0.0013540716
2   12   3   10   -0.0000000085
2   12   3   11   -0.0011916636
2   12   3   12   0.0000000735
2   12   4   8   -0.0024158342
2   12   4   9   -0.0000000610
2   12   4   10   0.0004250771
2   12   4   11   -0.0000000015
2   12   4   12   0.0060239445
2   12   5   8   0.0000000011
2   12   5   9   0.0138826936
2   12   5   10   -0.0000001833
2   12   5   11   -0.0139235172
2   12   5   12   -0.0000000119
2   12   6   13   0.0000000071
2   12   6   14   0.0000000000
2   12   7   13   0.0000000000
2   12   7   14   0.0000000071
2   13   1   13   -0.0000000029
2   13   1   14   -0.0000000001
2   13   2   13   0.5720876751
2   13   2   14   0.0000000004
2   13   3   13   0.0000000785
2   13   3   14   0.0000000000
2   13   4   13   0.0064470427
2   13   4   14   0.0000000000
2   13   5   13   -0.0000000222
2   13   5   14   -0.0000000000
2   13   6   8   0.0000000003
2   13   6   9   0.0148317186
2   13   6   10   -0.0000001880
2   13   6   11   -0.0148488803
2   13   6   12   0.0000000086
2   13   7   8   -0.0000000000
2   13   7   9   0.0000000000
2   13   7   10   0.0000000000
2   13   7   11   -0.0000000000
2   13   7   12   0.0000000000
2   14   1   13   -0.0000000001
2   14   1   14   -0.0000000030
2   14   2   13   0.0000000004
2   14   2   14   0.5720876754
2   14   3   13   0.0000000000
2   14   3   14   0.0000000786
2   14   4   13   0.0000000000
2   14   4   14   0.0064470427
2   14   5   13   -0.0000000000
2   14   5   14   -0.0000000222
2   14   6   8   -0.0000000000
2   14   6   9   0.0000000000
2   14   6   10   0.0000000000
2   14   6   11   -0.0000000000
2   14   6   12   0.0000000000
2   14   7   8   0.0000000003
2   14   7   9   0.0148317186
2   14   7   10   -0.0000001879
2   14   7   11   -0.0148488803
2   14   7   12   0.0000000086
3   8   1   8   0.1976770993
3   8   1   9   -0.0000025068
3   8   1   10   0.0309271878
3   8   1   11   -0.0000007955
3   8   1   12   -0.0013499952
3   8   2   8   -0.0000025087
3   8   2   9   0.1978498473
3   8   2   10   -0.0000000014
3   8   2   11   0.0314469014
3   8   2   12   0.0000000001
3   8   3   8   0.5849523465
3   8   3   9   -0.0000000164
3   8   3   10   0.0082118175
3   8   3   11   -0.0000001124
3   8   3   12   -0.0024699884
3   8   4   8   -0.0000097552
3   8   4   9   0.3856427536
3   8   4   10   -0.0000001104
3   8   4   11   0.0089227547
3   8   4   12   -0.0000000209
3   8   5   8   0.0068131971
3   8   5   9   0.0000000014
3   8   5   10   -0.0006562826
3   8   5   11   -0.0000000067
3   8   5   12   -0.0137299878
3   8   6   13   -0.0140699895
3   8   6   14   -0.0000000000
3   8   7   13   -0.0000000000
3   8   7   14   -0.0140699895
3   9   1   8   -0.0000025067
3   9   1   9   0.1976940485
3   9   1   10   -0.0000000014
3   9   1   11   0.0314515461
3   9   1   12   0.0000000001
3   9   2   8   0.1978419125
3   9   2   9   0.0000075004
3   9   2   10   0.0309277924
3   9   2   11   0.0000007955
3   9   2   12   -0.0013540716
3   9   3   8   -0.0000000164
3   9   3   9   0.5849399955
3   9   3   10   0.0000001033
3   9   3   11   0.0088739675
3   9   3   12   -0.0000000314
3   9   4   8   0.3856595173
3   9   4   9   0.0000097546
3   9   4   10   0.0087139217
3   9   4   11   0.0000001130
3   9   4   12   0.0016462542
3   9   5   8   0.0000000014
3   9   5   9   0.0068050890
3   9   5   10   -0.0000000083
3   9   5   11   0.0005240223
3   9   5   12   -0.0000001735
3   9   6   13   -0.0000001775
3   9   6   14   0.0000000000
3   9   7   13   0.0000000000
3   9   7   14   -0.0000001775
3   10   1   8   0.0289400397
3   10   1   9   -0.0000000011
3   10   1   10   0.0082118175
3   10   1   11   -0.0000001137
3   10   1   12   -0.0006700937
3   10   2   8   -0.0000000011
3   10   2   9   0.0289224784
3   10   2   10   0.0000001033
3   10   2   11   0.0089766772
3   10   2   12   -0.0000000085
3   10   3   8   0.0082118175
3   10   3   9   0.0000001033
3   10   3   10   0.4388903158
3   10   3   11   -0.0000000102
3   10   3   12   0.0163882522
3   10   4   8   -0.0000001137
3   10   4   9   0.0089766772
3   10   4   10   -0.0000000102
3   10   4   11   0.2339321908
3   10   4   12   0.0000000015
3   10   5   8   -0.0006700937
3   10   5   9   -0.0000000085
3   10   5   10   0.0163882522
3   10   5   11   0.0000000015
3   10   5   12   0.0645417042
3   10   6   13   0.0600235356
3   10   6   14   0.0000000002
3   10   7   13   0.0000000002
3   10   7   14   0.0600235357
3   11   1   8   -0.0000007476
3   11   1   9   0.0295471911
3   11   1   10   -0.0000001104
3   11   1   11   0.0090150686
3   11   1   12   0.0000000150
3   11   2   8   0.0295592276
3   11   2   9   0.0000007474
3   11   2   10   0.0087139217
3   11   2   11   0.0000001142
3   11   2   12   -0.0011916636
3   11   3   8   -0.0000001124
3   11   3   9   0.0088739675
3   11   3   10   -0.0000000102
3   11   3   11   0.4364876216
3   11   3   12   0.0000000023
3   11   4   8   0.0086505544
3   11   4   9   0.0000001096
3   11   4   10   0.2362352238
3   11   4   11   0.0000000098
3   11   4   12   -0.0444444450
3   11   5   8   -0.0000000054
3   11   5   9   0.0004250771
3   11   5   10   0.0000000015
3   11   5   11   0.0023102159
3   11   5   12   0.0000000007
3   11   6   13   -0.0000000005
3   11   6   14   -0.0000000002
3   11   7   13   -0.0000000002
3   11   7   14   -0.0000000006
3   12   1   8   -0.0013254969
3   12   1   9   0.0000000001
3   12   1   10   -0.0006562826
3   12   1   11   0.0000000149
3   12   1   12   0.0058250801
3   12   2   8   0.0000000001
3   12   2   9   -0.0013280401
3   12   2   10   -0.0000000083
3   12   2   11   -0.0011825053
3   12   2   12   0.0000000735
3   12   3   8   -0.0024699884
3   12   3   9   -0.0000000314
3   12   3   10   0.0163882522
3   12   3   11   0.0000000023
3   12   3   12   0.4253120635
3   12   4   8   -0.0000000199
3   12   4   9   0.0015688927
3   12   4   10   0.0000000015
3   12   4   11   -0.0441912256
3   12   4   12   0.0000000004
3   12   5   8   -0.0145124826
3   12   5   9   -0.0000001833
3   12   5   10   0.0657495572
3   12   5   11   0.0000000005
3   12   5   12   0.0152657253
3   12   6   13   -0.0008378608
3   12   6   14   0.0000000001
3   12   7   13   0.0000000001
3   12   7   14   -0.0008378608
3   13   1   13   0.0062280410
3   13   1   14   0.0000000000
3   13   2   13   0.0000000785
3   13   2   14   0.0000000000
3   13   3   13   0.4231666187
3   13   3   14   0.0000000003
3   13   4   13   -0.0000000016
3   13   4   14   -0.0000000001
3   13   5   13   0.0132051010
3   13   5   14   0.0000000000
3   13   6   8   -0.0148984013
3   13   6   9   -0.0000001880
3   13   6   10   0.0615869350
3   13   6   11   -0.0000000005
3   13   6   12   0.0000657027
3   13   7   8   -0.0000000000
3   13   7   9   0.0000000000
3   13   7   10   0.0000000001
3   13   7   11   -0.0000000000
3   13   7   12   0.0000000001
3   14   1   13   0.0000000000
3   14   1   14   0.0062280410
3   14   2   13   0.0000000000
3   14   2   14   0.0000000786
3   14   3   13   0.0000000003
3   14   3   14   0.4231666189
3   14   4   13   -0.0000000001
3   14   4   14   -0.0000000017
3   14   5   13   0.0000000000
3   14   5   14   0.0132051011
3   14   6   8   -0.0000000000
3   14   6   9   0.0000000000
3   14   6   10   0.0000000001
3   14   6   11   -0.0000000000
3   14   6   12   0.0000000001
3   14   7   8   -0.0148984013
3   14   7   9   -0.0000001879
3   14   7   10   0.0615869351
3   14   7   11   -0.0000000006
3   14   7   12   0.0000657028
4   8   1   8   -0.0000076761
4   8   1   9   0.2023578734
4   8   1   10   -0.0000007955
4   8   1   11   0.0325470662
4   8   1   12   0.0000000609
4   8   2   8   0.2025408150
4   8   2   9   0.0000025634
4   8   2   10   0.0314515461
4   8   2   11   0.0000000012
4   8   2   12   -0.0024158342
4   8   3   8   -0.0000097552
4   8   3   9   0.3856595173
4   8   3   10   -0.0000001137
4   8   3   11   0.0086505544
4   8   3   12   -0.0000000199
4   8   4   8   0.5935002712
4   8   4   9   0.0000000161
4   8   4   10   0.0090150686
4   8   4   11   -0.0000001109
4   8   4   12   0.0001542991
4   8   5   8   0.0000015065
4   8   5   9   -0.0595658209
4   8   5   10   0.0000000149
4   8   5   11   -0.0000751702
4   8   5   12   0.0000001646
4   8   6   13   0.0000001756
4   8   6   14   0.0000000000
4   8   7   13   0.0000000000
4   8   7   14   0.0000001756
4   9   1   8   0.2023647487
4   9   1   9   0.0000025612
4   9   1   10   0.0314469014
4   9   1   11   0.0000000012
4   9   1   12   -0.0024047953
4   9   2   8   0.0000025635
4   9   2   9   0.2025415633
4   9   2   10   0.0000007955
4   9   2   11   0.0325546154
4   9   2   12   -0.0000000610
4   9   3   8   0.3856427536
4   9   3   9   0.0000097546
4   9   3   10   0.0089766772
4   9   3   11   0.0000001096
4   9   3   12   0.0015688927
4   9   4   8   0.0000000161
4   9   4   9   0.5935191706
4   9   4   10   0.0000001142
4   9   4   11   0.0088160471
4   9   4   12   0.0000000020
4   9   5   8   -0.0595641698
4   9   5   9   -0.0000015068
4   9   5   10   -0.0011825053
4   9   5   11   -0.0000000010
4   9   5   12   -0.0130493750
4   9   6   13   -0.0139001814
4   9   6   14   -0.0000000000
4   9   7   13   -0.0000000000
4   9   7   14   -0.0139001815
4   10   1   8   -0.0000007476
4   10   1   9   0.0295592276
4   10   1   10   -0.0000001124
4   10   1   11   0.0086505544
4   10   1   12   -0.0000000054
4   10   2   8   0.0295471911
4   10   2   9   0.0000007474
4   10   2   10   0.0088739675
4   10   2   11   0.0000001096
4   10   2   12   0.0004250771
4   10   3   8   -0.0000001104
4   10   3   9   0.0087139217
4   10   3   10   -0.0000000102
4   10   3   11   0.2362352238
4   10   3   12   0.0000000015
4   10   4   8   0.0090150686
4   10   4   9   0.0000001142
4   10   4   10   0.4364876216
4   10   4   11   0.0000000098
4   10   4   12   0.0023102159
4   10   5   8   0.0000000150
4   10   5   9   -0.0011916636
4   10   5   10   0.0000000023
4   10   5   11   -0.0444444450
4   10   5   12   0.0000000007
4   10   6   13   -0.0000000005
4   10   6   14   -0.0000000002
4   10   7   13   -0.0000000002
4   10   7   14   -0.0000000006
4   11   1   8   0.0304049539
4   11   1   9   0.0000000009
4   11   1   10   0.0089227547
4   11   1   11   -0.0000001109
4   11   1   12   -0.0001132574
4   11   2   8   0.0000000009
4   11   2   9   0.0304279852
4   11   2   10   0.0000001130
4   11   2   11   0.0088160471
4   11   2   12   -0.0000000015
4   11   3   8   0.0089227547
4   11   3   9   0.0000001130
4   11   3   10   0.2339321908
4   11   3   11   0.0000000098
4   11   3   12   -0.0441912256
4   11   4   8   -0.0000001109
4   11   4   9   0.0088160471
4   11   4   10   0.0000000098
4   11   4   11   0.4425807509
4   11   4   12   -0.0000000020
4   11   5   8   -0.0001132574
4   11   5   9   -0.0000000015
4   11   5   10   -0.0441912256
4   11   5   11   -0.0000000020
4   11   5   12   0.0593493687
4   11   6   13   0.0568815897
4   11   6   14   0.0000000002
4   11   7   13   0.0000000002
4   11   7   14   0.0568815898
4   12   1   8   0.0000000593
4   12   1   9   -0.0023406112
4   12   1   10   -0.0000000067
4   12   1   11   -0.0000751702
4   12   1   12   -0.0000000761
4   12   2   8   -0.0023495346
4   12   2   9   -0.0000000594
4   12   2   10   0.0005240223
4   12   2   11   -0.0000000010
4   12   2   12   0.0060239445
4   12   3   8   -0.0000000209
4   12   3   9   0.0016462542
4   12   3   10   0.0000000015
4   12   3   11   -0.0444444450
4   12   3   12   0.0000000004
4   12   4   8   0.0001542991
4   12   4   9   0.0000000020
4   12   4   10   0.0023102159
4   12   4   11   -0.0000000020
4   12   4   12   0.4233374528
4   12   5   8   0.0000001757
4   12   5   9   -0.0139235172
4   12   5   10   0.0000000005
4   12   5   11   0.0598857957
4   12   5   12   -0.0000000006
4   12   6   13   -0.0000000002
4   12   6   14   -0.0000000000
4   12   7   13   -0.0000000000
4   12   7   14   -0.0000000002
4   13   1   13   -0.0000000815
4   13   1   14   0.0000000000
4   13   2   13   0.0064470427
4   13   2   14   0.0000000000
4   13   3   13   -0.0000000016
4   13   3   14   -0.0000000001
4   13   4   13   0.4223137957
4   13   4   14   0.0000000003
4   13   5   13   0.0000000004
4   13   5   14   0.0000000000
4   13   6   8   0.0000001876
4   13   6   9   -0.0148488803
4   13   6   10   -0.0000000005
4   13   6   11   0.0561625068
4   13   6   12   -0.0000000002
4   13   7   8   0.0000000000
4   13   7   9   -0.0000000000
4   13   7   10   -0.0000000000
4   13   7   11   0.0000000001
4   13   7   12   -0.0000000000
4   14   1   13   0.0000000000
4   14   1   14   -0.0000000815
4   14   2   13   0.0000000000
4   14   2   14   0.0064470427
4   14   3   13   -0.0000000001
4   14   3   14   -0.0000000017
4   14   4   13   0.0000000003
4   14   4   14   0.4223137959
4   14   5   13   0.0000000000
4   14   5   14   0.0000000005
4   14   6   8   0.0000000000
4   14   6   9   -0.0000000000
4   14   6   10   -0.0000000000
4   14   6   11   0.0000000001
4   14   6   12   -0.0000000000
4   14   7   8   0.0000001876
4   14   7   9   -0.0148488803
4   14   7   10   -0.0000000006
4   14   7   11   0.0561625069
4   14   7   12   -0.0000000002
5   8   1   8   -0.0115712999
5   8   1   9   0.0000001101
5   8   1   10   -0.0013499952
5   8   1   11   0.0000000609
5   8   1   12   0.0139590203
5   8   2   8   0.0000000742
5   8   2   9   -0.0087278738
5   8   2   10   0.0000000001
5   8   2   11   -0.0024047953
5   8   2   12   0.0000000011
5   8   3   8   0.0068131971
5   8   3   9   0.0000000014
5   8   3   10   -0.0006700937
5   8   3   11   -0.0000000054
5   8   3   12   -0.0145124826
5   8   4   8   0.0000015065
5   8   4   9   -0.0595641698
5   8   4   10   0.0000000150
5   8   4   11   -0.0001132574
5   8   4   12   0.0000001757
5   8   5   8   0.5657706172
5   8   5   9   0.0000000004
5   8   5   10   0.0058250801
5   8   5   11   -0.0000000761
5   8   5   12   -0.0009435842
5   8   6   13   0.0005636592
5   8   6   14   -0.0000000000
5   8   7   13   -0.0000000000
5   8   7   14   0.0005636592
5   9   1   8   0.0000001101
5   9   1   9   -0.0115635505
5   9   1   10   0.0000000001
5   9   1   11   -0.0024158342
5   9   1   12   0.0000000011
5   9   2   8   -0.0087258344
5   9   2   9   -0.0000003672
5   9   2   10   -0.0013540716
5   9   2   11   -0.0000000610
5   9   2   12   0.0138826936
5   9   3   8   0.0000000014
5   9   3   9   0.0068050890
5   9   3   10   -0.0000000085
5   9   3   11   0.0004250771
5   9   3   12   -0.0000001833
5   9   4   8   -0.0595658209
5   9   4   9   -0.0000015068
5   9   4   10   -0.0011916636
5   9   4   11   -0.0000000015
5   9   4   12   -0.0139235172
5   9   5   8   0.0000000004
5   9   5   9   0.5657703510
5   9   5   10   0.0000000735
5   9   5   11   0.0060239445
5   9   5   12   -0.0000000119
5   9   6   13   0.0000000071
5   9   6   14   0.0000000000
5   9   7   13   0.0000000000
5   9   7   14   0.0000000071
5   10   1   8   -0.0013254969
5   10   1   9   0.0000000001
5   10   1   10   -0.0024699884
5   10   1   11   -0.0000000199
5   10   1   12   -0.0145124826
5   10   2   8   0.0000000001
5   10   2   9   -0.0013280401
5   10   2   10   -0.0000000314
5   10   2   11   0.0015688927
5   10   2   12   -0.0000001833
5   10   3   8   -0.0006562826
5   10   3   9   -0.0000000083
5   10   3   10   0.0163882522
5   10   3   11   0.0000000015
5   10   3   12   0.0657495572
5   10   4   8   0.0000000149
5   10   4   9   -0.0011825053
5   10   4   10   0.0000000023
5   10   4   11   -0.0441912256
5   10   4   12   0.0000000005
5   10   5   8   0.0058250801
5   10   5   9   0.0000000735
5   10   5   10   0.4253120635
5   10   5   11   0.0000000004
5   10   5   12   0.0152657253
5   10   6   13   -0.0008378608
5   10   6   14   0.0000000001
5   10   7   13   0.0000000001
5   10   7   14   -0.0008378608
5   11   1   8   0.0000000593
5   11   1   9   -0.0023495346
5   11   1   10   -0.0000000209
5   11   1   11   0.0001542991
5   11   1   12   0.0000001757
5   11   2   8   -0.0023406112
5   11   2   9   -0.0000000594
5   11   2   10   0.0016462542
5   11   2   11   0.0000000020
5   11   2   12   -0.0139235172
5   11   3   8   -0.0000000067
5   11   3   9   0.0005240223
5   11   3   10   0.0000000015
5   11   3   11   0.0023102159
5   11   3   12   0.0000000005
5   11   4   8   -0.0000751702
5   11   4   9   -0.0000000010
5   11   4   10   -0.0444444450
5   11   4   11   -0.0000000020
5   11   4   12   0.0598857957
5   11   5   8   -0.0000000761
5   11   5   9   0.0060239445
5   11   5   10   0.0000000004
5   11   5   11   0.4233374528
5   11   5   12   -0.0000000006
5   11   6   13   -0.0000000002
5   11   6   14   -0.0000000000
5   11   7   13   -0.0000000000
5   11   7   14   -0.0000000002
5   12   1   8   0.0114632091
5   12   1   9   0.0000000011
5   12   1   10   -0.0137299878
5   12   1   11   0.0000001646
5   12   1   12   -0.0009435842
5   12   2   8   0.0000000011
5   12   2   9   0.0113804519
5   12   2   10   -0.0000001735
5   12   2   11   -0.0130493750
5   12   2   12   -0.0000000119
5   12   3   8   -0.0137299878
5   12   3   9   -0.0000001735
5   12   3   10   0.0645417042
5   12   3   11   0.0000000007
5   12   3   12   0.0152657253
5   12   4   8   0.0000001646
5   12   4   9   -0.0130493750
5   12   4   10   0.0000000007
5   12   4   11   0.0593493687
5   12   4   12   -0.0000000006
5   12   5   8   -0.0009435842
5   12   5   9   -0.0000000119
5   12   5   10   0.0152657253
5   12   5   11   -0.0000000006
5   12   5   12   0.4295823208
5   12   6   13   0.0134208130
5   12   6   14   0.0000000002
5   12   7   13   0.0000000002
5   12   7   14   0.0134208131
5   13   1   13   -0.0017571393
5   13   1   14   0.0000000000
5   13   2   13   -0.0000000222
5   13   2   14   -0.0000000000
5   13   3   13   0.0132051010
5   13   3   14   0.0000000000
5   13   4   13   0.0000000004
5   13   4   14   0.0000000000
5   13   5   13   0.4037000290
5   13   5   14   0.0000000004
5   13   6   8   0.0006790023
5   13   6   9   0.0000000086
5   13   6   10   0.0000657027
5   13   6   11   -0.0000000002
5   13   6   12   0.0086496803
5   13   7   8   -0.0000000000
5   13   7   9   0.0000000000
5   13   7   10   0.0000000001
5   13   7   11   -0.0000000000
5   13   7   12   0.0000000002
5   14   1   13   0.0000000000
5   14   1   14   -0.0017571393
5   14   2   13   -0.0000000000
5   14   2   14   -0.0000000222
5   14   3   13   0.0000000000
5   14   3   14   0.0132051011
5   14   4   13   0.0000000000
5   14   4   14   0.0000000005
5   14   5   13   0.0000000004
5   14   5   14   0.4037000293
5   14   6   8   -0.0000000000
5   14   6   9   0.0000000000
5   14   6   10   0.0000000001
5   14   6   11   -0.0000000000
5   14   6   12   0.0000000002
5   14   7   8   0.0006790023
5   14   7   9   0.0000000086
5   14   7   10   0.0000657028
5   14   7   11   -0.0000000002
5   14   7   12   0.0086496804
6   8   1   13   0.0148723020
6   8   1   14   0.0000000000
6   8   2   13   0.0000000003
6   8   2   14   -0.0000000000
6   8   3   13   -0.0148984013
6   8   3   14   -0.0000000000
6   8   4   13   0.0000001876
6   8   4   14   0.0000000000
6   8   5   13   0.0006790023
6   8   5   14   -0.0000000000
6   8   6   8   0.5720873674
6   8   6   9   -0.0000000029
6   8   6   10   0.0062280410
6   8   6   11   -0.0000000815
6   8   6   12   -0.0017571393
6   8   7   8   0.0000000004
6   8   7   9   -0.0000000001
6   8   7   10   0.0000000000
6   8   7   11   0.0000000000
6   8   7   12   0.0000000000
6   9   1   13   0.0000000003
6   9   1   14   -0.0000000000
6   9   2   13   0.0148317186
6   9   2   14   0.0000000000
6   9   3   13   -0.0000001880
6   9   3   14   0.0000000000
6   9   4   13   -0.0148488803
6   9   4   14   -0.0000000000
6   9   5   13   0.0000000086
6   9   5   14   0.0000000000
6   9   6   8   -0.0000000029
6   9   6   9   0.5720876751
6   9   6   10   0.0000000785
6   9   6   11   0.0064470427
6   9   6   12   -0.0000000222
6   9   7   8   -0.0000000001
6   9   7   9   0.0000000004
6   9   7   10   0.0000000000
6   9   7   11   0.0000000000
6   9   7   12   -0.0000000000
6   10   1   13   -0.0148984013
6   10   1   14   -0.0000000000
6   10   2   13   -0.0000001880
6   10   2   14   0.0000000000
6   10   3   13   0.0615869350
6   10   3   14   0.0000000001
6   10   4   13   -0.0000000005
6   10   4   14   -0.0000000000
6   10   5   13   0.0000657027
6   10   5   14   0.0000000001
6   10   6   8   0.0062280410
6   10   6   9   0.0000000785
6   10   6   10   0.4231666187
6   10   6   11   -0.0000000016
6   10   6   12   0.0132051010
6   10   7   8   0.0000000000
6   10   7   9   0.0000000000
6   10   7   10   0.0000000003
6   10   7   11   -0.0000000001
6   10   7   12   0.0000000000
6   11   1   13   0.0000001876
6   11   1   14   0.0000000000
6   11   2   13   -0.0148488803
6   11   2   14   -0.0000000000
6   11   3   13   -0.0000000005
6   11   3   14   -0.0000000000
6   11   4   13   0.0561625068
6   11   4   14   0.0000000001
6   11   5   13   -0.0000000002
6   11   5   14   -0.0000000000
6   11   6   8   -0.0000000815
6   11   6   9   0.0064470427
6   11   6   10   -0.0000000016
6   11   6   11   0.4223137957
6   11   6   12   0.0000000004
6   11   7   8   0.0000000000
6   11   7   9   0.0000000000
6   11   7   10   -0.0000000001
6   11   7   11   0.0000000003
6   11   7   12   0.0000000000
6   12   1   13   0.0006790023
6   12   1   14   -0.0000000000
6   12   2   13   0.0000000086
6   12   2   14   0.0000000000
6   12   3   13   0.0000657027
6   12   3   14   0.0000000001
6   12   4   13   -0.0000000002
6   12   4   14   -0.0000000000
6   12   5   13   0.0086496803
6   12   5   14   0.0000000002
6   12   6   8   -0.0017571393
6   12   6   9   -0.0000000222
6   12   6   10   0.0132051010
6   12   6   11   0.0000000004
6   12   6   12   0.4037000290
6   12   7   8   0.0000000000
6   12   7   9   -0.0000000000
6   12   7   10   0.0000000000
6   12   7   11   0.0000000000
6   12   7   12   0.0000000004
6   13   1   8   0.0121761308
6   13   1   9   0.0000000005
6   13   1   10   -0.0140699895
6   13   1   11   0.0000001756
6   13   1   12   0.0005636592
6   13   2   8   0.0000000005
6   13   2   9   0.0121295470
6   13   2   10   -0.0000001775
6   13   2   11   -0.0139001814
6   13   2   12   0.0000000071
6   13   3   8   -0.0140699895
6   13   3   9   -0.0000001775
6   13   3   10   0.0600235356
6   13   3   11   -0.0000000005
6   13   3   12   -0.0008378608
6   13   4   8   0.0000001756
6   13   4   9   -0.0139001814
6   13   4   10   -0.0000000005
6   13   4   11   0.0568815897
6   13   4   12   -0.0000000002
6   13   5   8   0.0005636592
6   13   5   9   0.0000000071
6   13   5   10   -0.0008378608
6   13   5   11   -0.0000000002
6   13   5   12   0.0134208130
6   13   6   13   0.4226111906
6   13   6   14   -0.0000000000
6   13   7   13   -0.0000000001
6   13   7   14   0.0133681677
6   14   1   8   0.0000000000
6   14   1   9   -0.0000000000
6   14   1   10   -0.0000000000
6   14   1   11   0.0000000000
6   14   1   12   -0.0000000000
6   14   2   8   -0.0000000000
6   14   2   9   0.0000000000
6   14   2   10   0.0000000000
6   14   2   11   -0.0000000000
6   14   2   12   0.0000000000
6   14   3   8   -0.0000000000
6   14   3   9   0.0000000000
6   14   3   10   0.0000000002
6   14   3   11   -0.0000000002
6   14   3   12   0.0000000001
6   14   4   8   0.0000000000
6   14   4   9   -0.0000000000
6   14   4   10   -0.0000000002
6   14   4   11   0.0000000002
6   14   4   12   -0.0000000000
6   14   5   8   -0.0000000000
6   14   5   9   0.0000000000
6   14   5   10   0.0000000001
6   14   5   11   -0.0000000000
6   14   5   12   0.0000000002
6   14   6   13   -0.0000000000
6   14   6   14   0.4023932902
6   14   7   13   0.0068497355
6   14   7   14   0.0000000009
7   8   1   13   0.0000000000
7   8   1   14   0.0148723020
7   8   2   13   -0.0000000000
7   8   2   14   0.0000000003
7   8   3   13   -0.0000000000
7   8   3   14   -0.0148984013
7   8   4   13   0.0000000000
7   8   4   14   0.0000001876
7   8   5   13   -0.0000000000
7   8   5   14   0.0006790023
7   8   6   8   0.0000000004
7   8   6   9   -0.0000000001
7   8   6   10   0.0000000000
7   8   6   11   0.0000000000
7   8   6   12   0.0000000000
7   8   7   8   0.5720873676
7   8   7   9   -0.0000000030
7   8   7   10   0.0062280410
7   8   7   11   -0.0000000815
7   8   7   12   -0.0017571393
7   9   1   13   -0.0000000000
7   9   1   14   0.0000000003
7   9   2   13   0.0000000000
7   9   2   14   0.0148317186
7   9   3   13   0.0000000000
7   9   3   14   -0.0000001879
7   9   4   13   -0.0000000000
7   9   4   14   -0.0148488803
7   9   5   13   0.0000000000
7   9   5   14   0.0000000086
7   9   6   8   -0.0000000001
7   9   6   9   0.0000000004
7   9   6   10   0.0000000000
7   9   6   11   0.0000000000
7   9   6   12   -0.0000000000
7   9   7   8   -0.0000000030
7   9   7   9   0.5720876754
7   9   7   10   0.0000000786
7   9   7   11   0.0064470427
7   9   7   12   -0.0000000222
7   10   1   13   -0.0000000000
7   10   1   14   -0.0148984013
7   10   2   13   0.0000000000
7   10   2   14   -0.0000001879
7   10   3   13   0.0000000001
7   10   3   14   0.0615869351
7   10   4   13   -0.0000000000
7   10   4   14   -0.0000000006
7   10   5   13   0.0000000001
7   10   5   14   0.0000657028
7   10   6   8   0.0000000000
7   10   6   9   0.0000000000
7   10   6   10   0.0000000003
7   10   6   11   -0.0000000001
7   10   6   12   0.0000000000
7   10   7   8   0.0062280410
7   10   7   9   0.0000000786
7   10   7   10   0.4231666189
7   10   7   11   -0.0000000017
7   10   7   12   0.0132051011
7   11   1   13   0.0000000000
7   11   1   14   0.0000001876
7   11   2   13   -0.0000000000
7   11   2   14   -0.0148488803
7   11   3   13   -0.0000000000
7   11   3   14   -0.0000000006
7   11   4   13   0.0000000001
7   11   4   14   0.0561625069
7   11   5   13   -0.0000000000
7   11   5   14   -0.0000000002
7   11   6   8   0.0000000000
7   11   6   9   0.0000000000
7   11   6   10   -0.0000000001
7   11   6   11   0.0000000003
7   11   6   12   0.0000000000
7   11   7   8   -0.0000000815
7   11   7   9   0.0064470427
7   11   7   10   -0.0000000017
7   11   7   11   0.4223137959
7   11   7   12   0.0000000005
7   12   1   13   -0.0000000000
7   12   1   14   0.0006790023
7   12   2   13   0.0000000000
7   12   2   14   0.0000000086
7   12   3   13   0.0000000001
7   12   3   14   0.0000657028
7   12   4   13   -0.0000000000
7   12   4   14   -0.0000000002
7   12   5   13   0.0000000002
7   12   5   14   0.0086496804
7   12   6   8   0.0000000000
7   12   6   9   -0.0000000000
7   12   6   10   0.0000000000
7   12   6   11   0.0000000000
7   12   6   12   0.0000000004
7   12   7   8   -0.0017571393
7   12   7   9   -0.0000000222
7   12   7   10   0.0132051011
7   12   7   11   0.0000000005
7   12   7   12   0.4037000293
7   13   1   8   0.0000000000
7   13   1   9   -0.0000000000
7   13   1   10   -0.0000000000
7   13   1   11   0.0000000000
7   13   1   12   -0.0000000000
7   13   2   8   -0.0000000000
7   13   2   9   0.0000000000
7   13   2   10   0.0000000000
7   13   2   11   -0.0000000000
7   13   2   12   0.0000000000
7   13   3   8   -0.0000000000
7   13   3   9   0.0000000000
7   13   3   10   0.0000000002
7   13   3   11   -0.0000000002
7   13   3   12   0.0000000001
7   13   4   8   0.0000000000
7   13   4   9   -0.0000000000
7   13   4   10   -0.0000000002
7   13   4   11   0.0000000002
7   13   4   12   -0.0000000000
7   13   5   8   -0.0000000000
7   13   5   9   0.0000000000
7   13   5   10   0.0000000001
7   13   5   11   -0.0000000000
7   13   5   12   0.0000000002
7   13   6   13   -0.0000000001
7   13   6   14   0.0068497355
7   13   7   13   0.4023932902
7   13   7   14   0.0000000009
7   14   1   8   0.0121761309
7   14   1   9   0.0000000005
7   14   1   10   -0.0140699895
7   14   1   11   0.0000001756
7   14   1   12   0.0005636592
7   14   2   8   0.0000000005
7   14   2   9   0.0121295470
7   14   2   10   -0.0000001775
7   14   2   11   -0.0139001815
7   14   2   12   0.0000000071
7   14   3   8   -0.0140699895
7   14   3   9   -0.0000001775
7   14   3   10   0.0600235357
7   14   3   11   -0.0000000006
7   14   3   12   -0.0008378608
7   14   4   8   0.0000001756
7   14   4   9   -0.0139001815
7   14   4   10   -0.0000000006
7   14   4   11   0.0568815898
7   14   4   12   -0.0000000002
7   14   5   8   0.0005636592
7   14   5   9   0.0000000071
7   14   5   10   -0.0008378608
7   14   5   11   -0.0000000002
7   14   5   12   0.0134208131
7   14   6   13   0.0133681677
7   14   6   14   0.0000000009
7   14   7   13   0.0000000009
7   14   7   14   0.4226111911

End IJKL Block
Begin ABCD Block
1   4   1   4   0.4199747686
1   4   1   5   0.0000000003
1   4   2   4   0.0000000003
1   4   2   5   0.0160440915
1   4   3   6   0.0171807426
1   5   1   4   0.0000000003
1   5   1   5   0.3896662670
1   5   2   4   0.0142644068
1   5   2   5   -0.0000000003
1   5   3   6   0.0000000000
1   6   1   6   0.4010778902
1   6   2   6   -0.0000000000
1   6   3   4   0.0156863896
1   6   3   5   -0.0000000000
2   4   1   4   0.0000000003
2   4   1   5   0.0142644068
2   4   2   4   0.3896662670
2   4   2   5   -0.0000000003
2   4   3   6   0.0000000000
2   5   1   4   0.0160440915
2   5   1   5   -0.0000000003
2   5   2   4   -0.0000000003
2   5   2   5   0.4199747686
2   5   3   6   0.0171807426
2   6   1   6   -0.0000000000
2   6   2   6   0.4010778902
2   6   3   5   0.0156863896
3   4   1   6   0.0156863896
3   4   3   4   0.4010778902
3   4   3   5   -0.0000000000
3   5   1   6   -0.0000000000
3   5   2   6   0.0156863896
3   5   3   4   -0.0000000000
3   5   3   5   0.4010778902
3   6   1   4   0.0171807426
3   6   1   5   0.0000000000
3   6   2   4   0.0000000000
3   6   2   5   0.0171807426
3   6   3   6   0.4468746605

End ABCD Block
Begin AIJB Block
1   8   1   4   0.0126352337
1   8   2   4   -0.0000000003
1   8   3   4   -0.0126809776
1   8   4   4   0.0000001669
1   8   5   4   0.0008015845
1   8   6   6   0.0014558925
1   8   7   6   -0.0008710605
1   9   1   4   -0.0000000003
1   9   2   4   0.0126619370
1   9   3   4   -0.0000001602
1   9   4   4   -0.0132208353
1   9   5   4   0.0000000101
1   9   5   5   -0.0000000000
1   9   6   6   0.0000000184
1   9   7   6   -0.0000000110
1   10   1   4   -0.0126809776
1   10   2   4   -0.0000001602
1   10   3   4   0.0591986847
1   10   3   5   -0.0000000000
1   10   4   4   0.0000000000
1   10   4   5   0.0000000000
1   10   5   4   -0.0054589036
1   10   5   5   -0.0000000000
1   10   6   6   0.0117270770
1   10   7   6   -0.0070163099
1   11   1   4   0.0000001669
1   11   2   4   -0.0132208353
1   11   3   4   0.0000000000
1   11   3   5   0.0000000000
1   11   4   4   0.0664695357
1   11   4   5   -0.0000000000
1   11   5   4   -0.0000000002
1   11   5   5   0.0000000000
1   11   6   6   0.0000000003
1   11   7   6   -0.0000000002
1   12   1   4   0.0008015845
1   12   2   4   0.0000000101
1   12   2   5   -0.0000000000
1   12   3   4   -0.0054589036
1   12   3   5   -0.0000000000
1   12   4   4   -0.0000000002
1   12   4   5   0.0000000000
1   12   5   4   0.0252604305
1   12   5   5   0.0000000000
1   12   6   6   0.1545181637
1   12   7   6   -0.0924482145
1   13   1   6   -0.0016008646
1   13   2   6   -0.0000000202
1   13   3   6   0.0059120912
1   13   4   6   -0.0000000008
1   13   5   6   0.0153498816
1   13   6   4   0.1789404653
1   13   6   5   -0.0909093233
1   13   7   4   -0.0909093252
1   13   7   5   0.0354385961
1   14   1   6   0.0009577972
1   14   2   6   0.0000000121
1   14   3   6   -0.0035372040
1   14   4   6   0.0000000005
1   14   5   6   -0.0091838339
1   14   6   4   -0.0909093252
1   14   6   5   -0.1329936078
1   14   7   4   0.0813854533
1   14   7   5   0.0909093232
2   8   1   5   0.0126352337
2   8   2   5   -0.0000000003
2   8   3   5   -0.0126809776
2   8   4   5   0.0000001669
2   8   5   5   0.0008015845
2   8   6   6   -0.0008710605
2   8   7   6   -0.0014558925
2   9   1   5   -0.0000000003
2   9   2   5   0.0126619370
2   9   3   5   -0.0000001601
2   9   4   5   -0.0132208353
2   9   5   4   -0.0000000000
2   9   5   5   0.0000000102
2   9   6   6   -0.0000000110
2   9   7   6   -0.0000000184
2   10   1   5   -0.0126809776
2   10   2   5   -0.0000001601
2   10   3   4   -0.0000000000
2   10   3   5   0.0591986847
2   10   4   4   0.0000000000
2   10   4   5   -0.0000000000
2   10   5   4   -0.0000000000
2   10   5   5   -0.0054589036
2   10   6   6   -0.0070163100
2   10   7   6   -0.0117270770
2   11   1   5   0.0000001669
2   11   2   5   -0.0132208353
2   11   3   4   0.0000000000
2   11   3   5   -0.0000000000
2   11   4   4   -0.0000000000
2   11   4   5   0.0664695358
2   11   5   4   0.0000000000
2   11   5   5   -0.0000000003
2   11   6   6   -0.0000000002
2   11   7   6   -0.0000000003
2   12   1   5   0.0008015845
2   12   2   4   -0.0000000000
2   12   2   5   0.0000000102
2   12   3   4   -0.0000000000
2   12   3   5   -0.0054589036
2   12   4   4   0.0000000000
2   12   4   5   -0.0000000003
2   12   5   4   0.0000000000
2   12   5   5   0.0252604305
2   12   6   6   -0.0924482146
2   12   7   6   -0.1545181638
2   13   1   6   0.0009577973
2   13   2   6   0.0000000121
2   13   3   6   -0.0035372041
2   13   4   6   0.0000000004
2   13   5   6   -0.0091838339
2   13   6   4   -0.0909093233
2   13   6   5   0.0813854535
2   13   7   4   -0.1329936078
2   13   7   5   0.0909093254
2   14   1   6   0.0016008646
2   14   2   6   0.0000000202
2   14   3   6   -0.0059120912
2   14   4   6   0.0000000007
2   14   5   6   -0.0153498816
2   14   6   4   0.0354385961
2   14   6   5   0.0909093254
2   14   7   4   0.0909093232
2   14   7   5   0.1789404657
3   8   1   6   0.0142269637
3   8   2   6   -0.0000000008
3   8   3   6   -0.0131102619
3   8   4   6   0.0000001753
3   8   5   6   0.0008146666
3   8   6   4   -0.0016008646
3   8   6   5   0.0009577973
3   8   7   4   0.0009577972
3   8   7   5   0.0016008646
3   9   1   6   -0.0000000008
3   9   2   6   0.0142930108
3   9   3   6   -0.0000001656
3   9   4   6   -0.0138892062
3   9   5   6   0.0000000103
3   9   6   4   -0.0000000202
3   9   6   5   0.0000000121
3   9   7   4   0.0000000121
3   9   7   5   0.0000000202
3   10   1   6   -0.0131102619
3   10   2   6   -0.0000001656
3   10   3   6   0.0608958457
3   10   4   6   0.0000000002
3   10   5   6   0.0127742426
3   10   6   4   0.0059120912
3   10   6   5   -0.0035372041
3   10   7   4   -0.0035372040
3   10   7   5   -0.0059120912
3   11   1   6   0.0000001753
3   11   2   6   -0.0138892062
3   11   3   6   0.0000000002
3   11   4   6   0.0665574376
3   11   5   6   0.0000000005
3   11   6   4   -0.0000000008
3   11   6   5   0.0000000004
3   11   7   4   0.0000000005
3   11   7   5   0.0000000007
3   12   1   6   0.0008146666
3   12   2   6   0.0000000103
3   12   3   6   0.0127742426
3   12   4   6   0.0000000005
3   12   5   6   0.2150643106
3   12   6   4   0.0153498816
3   12   6   5   -0.0091838339
3   12   7   4   -0.0091838339
3   12   7   5   -0.0153498816
3   13   1   4   0.0014558925
3   13   1   5   -0.0008710605
3   13   2   4   0.0000000184
3   13   2   5   -0.0000000110
3   13   3   4   0.0117270770
3   13   3   5   -0.0070163100
3   13   4   4   0.0000000003
3   13   4   5   -0.0000000002
3   13   5   4   0.1545181637
3   13   5   5   -0.0924482146
3   13   6   6   0.0266627033
3   13   7   6   -0.0000000000
3   14   1   4   -0.0008710605
3   14   1   5   -0.0014558925
3   14   2   4   -0.0000000110
3   14   2   5   -0.0000000184
3   14   3   4   -0.0070163099
3   14   3   5   -0.0117270770
3   14   4   4   -0.0000000002
3   14   4   5   -0.0000000003
3   14   5   4   -0.0924482145
3   14   5   5   -0.1545181638
3   14   6   6   -0.0000000000
3   14   7   6   0.0266627033

1   8   8   1   -0.5471986559
1   8   8   2   0.0000000000
1   8   9   1   -0.0000000015
1   8   10   1   -0.0049998884
1   8   10   2   -0.0000000000
1   8   11   1   0.0000000658
1   8   12   1   0.0011627000
1   8   12   2   -0.0000000000
1   8   13   3   0.0017545317
1   8   14   3   -0.0010497363
1   9   8   1   -0.0000000015
1   9   9   1   -0.5471985017
1   9   9   2   0.0000000000
1   9   10   1   -0.0000000631
1   9   11   1   -0.0052145658
1   9   11   2   -0.0000000000
1   9   12   1   0.0000000147
1   9   12   2   0.0000000000
1   9   13   3   0.0000000222
1   9   14   3   -0.0000000133
1   10   8   1   -0.0049998884
1   10   8   2   -0.0000000000
1   10   9   1   -0.0000000631
1   10   10   1   -0.4223346834
1   10   10   2   0.0000000000
1   10   11   1   -0.0000000009
1   10   11   2   -0.0000000000
1   10   12   1   -0.0073020777
1   10   12   2   0.0000000000
1   10   13   3   -0.0067906008
1   10   14   3   0.0040628163
1   11   8   1   0.0000000658
1   11   9   1   -0.0052145658
1   11   9   2   -0.0000000000
1   11   10   1   -0.0000000009
1   11   10   2   -0.0000000000
1   11   11   1   -0.4257149170
1   11   11   2   0.0000000000
1   11   12   1   0.0000000001
1   11   12   2   -0.0000000000
1   11   13   3   -0.0000000002
1   11   14   3   0.0000000001
1   12   8   1   0.0011627000
1   12   8   2   -0.0000000000
1   12   9   1   0.0000000147
1   12   9   2   0.0000000000
1   12   10   1   -0.0073020777
1   12   10   2   0.0000000000
1   12   11   1   0.0000000001
1   12   11   2   -0.0000000000
1   12   12   1   -0.4081302093
1   12   13   3   -0.0154254102
1   12   14   3   0.0092290226
1   13   8   3   0.0016970996
1   13   9   3   0.0000000215
1   13   10   3   -0.0072142901
1   13   11   3   -0.0000000001
1   13   12   3   -0.0172664734
1   13   13   1   -0.4373783405
1   13   13   2   0.0172660915
1   13   14   1   0.0172660933
1   13   14   2   0.0102156738
1   14   8   3   -0.0010153747
1   14   9   3   -0.0000000129
1   14   10   3   0.0043163096
1   14   11   3   0.0000000001
1   14   12   3   0.0103305307
1   14   13   1   0.0172660933
1   14   13   2   0.0083126108
1   14   14   1   -0.4188500555
1   14   14   2   -0.0172660914
2   8   8   1   0.0000000000
2   8   8   2   -0.5471986559
2   8   9   2   -0.0000000015
2   8   10   1   -0.0000000000
2   8   10   2   -0.0049998884
2   8   11   2   0.0000000658
2   8   12   1   -0.0000000000
2   8   12   2   0.0011627000
2   8   13   3   -0.0010497363
2   8   14   3   -0.0017545317
2   9   8   2   -0.0000000015
2   9   9   1   0.0000000000
2   9   9   2   -0.5471985017
2   9   10   2   -0.0000000631
2   9   11   1   -0.0000000000
2   9   11   2   -0.0052145658
2   9   12   1   0.0000000000
2   9   12   2   0.0000000147
2   9   13   3   -0.0000000133
2   9   14   3   -0.0000000222
2   10   8   1   -0.0000000000
2   10   8   2   -0.0049998884
2   10   9   2   -0.0000000631
2   10   10   1   0.0000000000
2   10   10   2   -0.4223346835
2   10   11   1   -0.0000000000
2   10   11   2   -0.0000000009
2   10   12   1   0.0000000000
2   10   12   2   -0.0073020778
2   10   13   3   0.0040628164
2   10   14   3   0.0067906008
2   11   8   2   0.0000000658
2   11   9   1   -0.0000000000
2   11   9   2   -0.0052145658
2   11   10   1   -0.0000000000
2   11   10   2   -0.0000000009
2   11   11   1   0.0000000000
2   11   11   2   -0.4257149170
2   11   12   1   -0.0000000000
2   11   12   2   0.0000000002
2   11   13   3   0.0000000002
2   11   14   3   0.0000000003
2   12   8   1   -0.0000000000
2   12   8   2   0.0011627000
2   12   9   1   0.0000000000
2   12   9   2   0.0000000147
2   12   10   1   0.0000000000
2   12   10   2   -0.0073020778
2   12   11   1   -0.0000000000
2   12   11   2   0.0000000002
2   12   12   2   -0.4081302093
2   12   13   3   0.0092290226
2   12   14   3   0.0154254101
2   13   8   3   -0.0010153747
2   13   9   3   -0.0000000129
2   13   10   3   0.0043163096
2   13   11   3   0.0000000001
2   13   12   3   0.0103305307
2   13   13   1   0.0172660915
2   13   13   2   -0.4188500555
2   13   14   1   0.0083126108
2   13   14   2   -0.0172660937
2   14   8   3   -0.0016970996
2   14   9   3   -0.0000000215
2   14   10   3   0.0072142901
2   14   11   3   0.0000000001
2   14   12   3   0.0172664733
2   14   13   1   0.0102156738
2   14   13   2   -0.0172660937
2   14   14   1   -0.0172660914
2   14   14   2   -0.4373783407
3   8   8   3   -0.5709706579
3   8   9   3   -0.0000000019
3   8   10   3   -0.0054544789
3   8   11   3   0.0000000752
3   8   12   3   0.0047024576
3   8   13   1   0.0016970996
3   8   13   2   -0.0010153747
3   8   14   1   -0.0010153747
3   8   14   2   -0.0016970996
3   9   8   3   -0.0000000019
3   9   9   3   -0.5709691179
3   9   10   3   -0.0000000689
3   9   11   3   -0.0059549322
3   9   12   3   0.0000000595
3   9   13   1   0.0000000215
3   9   13   2   -0.0000000129
3   9   14   1   -0.0000000129
3   9   14   2   -0.0000000215
3   10   8   3   -0.0054544789
3   10   9   3   -0.0000000689
3   10   10   3   -0.4369003459
3   10   11   3   -0.0000000011
3   10   12   3   -0.0210487140
3   10   13   1   -0.0072142901
3   10   13   2   0.0043163096
3   10   14   1   0.0043163096
3   10   14   2   0.0072142901
3   11   8   3   0.0000000752
3   11   9   3   -0.0059549322
3   11   10   3   -0.0000000011
3   11   11   3   -0.4365079505
3   11   12   3   -0.0000000002
3   11   13   1   -0.0000000001
3   11   13   2   0.0000000001
3   11   14   1   0.0000000001
3   11   14   2   0.0000000001
3   12   8   3   0.0047024576
3   12   9   3   0.0000000595
3   12   10   3   -0.0210487140
3   12   11   3   -0.0000000002
3   12   12   3   -0.4572355416
3   12   13   1   -0.0172664734
3   12   13   2   0.0103305307
3   12   14   1   0.0103305307
3   12   14   2   0.0172664733
3   13   8   1   0.0017545317
3   13   8   2   -0.0010497363
3   13   9   1   0.0000000222
3   13   9   2   -0.0000000133
3   13   10   1   -0.0067906008
3   13   10   2   0.0040628164
3   13   11   1   -0.0000000002
3   13   11   2   0.0000000002
3   13   12   1   -0.0154254102
3   13   12   2   0.0092290226
3   13   13   3   -0.4205404180
3   13   14   3   -0.0000000002
3   14   8   1   -0.0010497363
3   14   8   2   -0.0017545317
3   14   9   1   -0.0000000133
3   14   9   2   -0.0000000222
3   14   10   1   0.0040628163
3   14   10   2   0.0067906008
3   14   11   1   0.0000000001
3   14   11   2   0.0000000003
3   14   12   1   0.0092290226
3   14   12   2   0.0154254101
3   14   13   3   -0.0000000002
3   14   14   3   -0.4205404181

End AIJB Block
Begin IJKA Block
1   8   1   6   0.0000011076
1   8   2   6   -0.0300315704
1   8   3   6   0.0000001215
1   8   4   6   -0.0038082807
1   8   5   6   0.0000003219
1   8   6   4   0.0000002827
1   8   6   5   -0.0000001691
1   8   7   4   -0.0000001691
1   8   7   5   -0.0000002827
1   9   1   6   -0.0275084122
1   9   2   6   -0.0000003796
1   9   3   6   -0.0048071015
1   9   4   6   -0.0000000002
1   9   5   6   -0.0127603623
1   9   6   4   -0.0111888878
1   9   6   5   0.0066943113
1   9   7   4   0.0066943113
1   9   7   5   0.0111888878
1   10   1   6   0.0000009104
1   10   2   6   -0.0359792044
1   10   3   6   0.0000000122
1   10   4   6   -0.0020936584
1   10   5   6   -0.0000001676
1   10   6   4   -0.0000001471
1   10   6   5   0.0000000880
1   10   7   4   0.0000000880
1   10   7   5   0.0000001471
1   11   1   6   -0.0323328180
1   11   2   6   -0.0000000012
1   11   3   6   -0.0006372970
1   11   4   6   0.0000000235
1   11   5   6   0.0140561896
1   11   6   4   0.0121661888
1   11   6   5   -0.0072790305
1   11   7   4   -0.0072790305
1   11   7   5   -0.0121661888
1   12   1   6   0.0000081278
1   12   2   6   -0.3213815831
1   12   3   6   0.0000000441
1   12   4   6   -0.0034642299
1   12   5   6   0.0000000065
1   12   6   4   0.0000000088
1   12   6   5   -0.0000000053
1   12   7   4   -0.0000000053
1   12   7   5   -0.0000000088
1   13   1   4   0.0000072561
1   13   1   5   -0.0000043414
1   13   2   4   -0.2868780550
1   13   2   5   0.1716391354
1   13   3   4   0.0000000394
1   13   3   5   -0.0000000235
1   13   4   4   -0.0030144201
1   13   4   5   0.0018035275
1   13   5   4   0.0000000154
1   13   5   5   -0.0000000092
1   13   6   6   -0.0000000235
1   14   1   4   -0.0000043413
1   14   1   5   -0.0000072562
1   14   2   4   0.1716391350
1   14   2   5   0.2868780555
1   14   3   4   -0.0000000236
1   14   3   5   -0.0000000393
1   14   4   4   0.0018035275
1   14   4   5   0.0030144201
1   14   5   4   -0.0000000092
1   14   5   5   -0.0000000154
1   14   7   6   -0.0000000235
2   8   1   6   -0.0300331415
2   8   2   6   -0.0000004116
2   8   3   6   -0.0047971292
2   8   4   6   -0.0000000002
2   8   5   6   -0.0126902765
2   8   6   4   -0.0111597319
2   8   6   5   0.0066768674
2   8   7   4   0.0066768674
2   8   7   5   0.0111597319
2   9   1   6   -0.0000003796
2   9   2   6   -0.0275203931
2   9   3   6   -0.0000001214
2   9   4   6   -0.0038025276
2   9   5   6   -0.0000003219
2   9   6   4   -0.0000002826
2   9   6   5   0.0000001691
2   9   7   4   0.0000001691
2   9   7   5   0.0000002826
2   10   1   6   -0.0359789662
2   10   2   6   -0.0000009098
2   10   3   6   -0.0009636487
2   10   4   6   -0.0000000265
2   10   5   6   0.0132307097
2   10   6   4   0.0116119366
2   10   6   5   -0.0069474215
2   10   7   4   -0.0069474215
2   10   7   5   -0.0116119367
2   11   1   6   -0.0000000012
2   11   2   6   -0.0323223167
2   11   3   6   -0.0000000080
2   11   4   6   -0.0018643658
2   11   5   6   0.0000001781
2   11   6   4   0.0000001541
2   11   6   5   -0.0000000922
2   11   7   4   -0.0000000922
2   11   7   5   -0.0000001541
2   12   1   6   -0.3213754420
2   12   2   6   -0.0000081305
2   12   3   6   -0.0034835020
2   12   4   6   -0.0000000439
2   12   5   6   -0.0005109384
2   12   6   4   -0.0006993351
2   12   6   5   0.0004184122
2   12   7   4   0.0004184122
2   12   7   5   0.0006993351
2   13   1   4   -0.2868732918
2   13   1   5   0.1716362855
2   13   2   4   -0.0000072568
2   13   2   5   0.0000043416
2   13   3   4   -0.0031102375
2   13   3   5   0.0018608550
2   13   4   4   -0.0000000382
2   13   4   5   0.0000000229
2   13   5   4   -0.0012162813
2   13   5   5   0.0007277011
2   13   6   6   0.0018612936
2   13   7   6   0.0000000000
2   14   1   4   0.1716362851
2   14   1   5   0.2868732923
2   14   2   4   0.0000043418
2   14   2   5   0.0000072566
2   14   3   4   0.0018608550
2   14   3   5   0.0031102375
2   14   4   4   0.0000000229
2   14   4   5   0.0000000382
2   14   5   4   0.0007277011
2   14   5   5   0.0012162813
2   14   6   6   0.0000000000
2   14   7   6   0.0018612936
3   8   1   6   0.0000001271
3   8   2   6   -0.0050153946
3   8   3   6   -0.0000000108
3   8   4   6   -0.0031555988
3   8   5   6   -0.0000001884
3   8   6   4   -0.0000001550
3   8   6   5   0.0000000928
3   8   7   4   0.0000000928
3   8   7   5   0.0000001550
3   9   1   6   -0.0050254503
3   9   2   6   -0.0000001269
3   9   3   6   0.0008665223
3   9   4   6   -0.0000000398
3   9   5   6   0.0148782545
3   9   6   4   0.0122356365
3   9   6   5   -0.0073205811
3   9   7   4   -0.0073205811
3   9   7   5   -0.0122356365
3   10   1   6   0.0000000115
3   10   2   6   -0.0009100161
3   10   3   6   0.0000000007
3   10   4   6   -0.0132755476
3   10   5   6   0.0000000030
3   10   6   4   0.0000000024
3   10   6   5   -0.0000000016
3   10   7   4   -0.0000000014
3   10   7   5   -0.0000000026
3   11   1   6   -0.0005432431
3   11   2   6   -0.0000000069
3   11   3   6   -0.0250221090
3   11   4   6   -0.0000000009
3   11   5   6   -0.0625248489
3   11   6   4   -0.0529732405
3   11   6   5   0.0316938890
3   11   7   4   0.0316938888
3   11   7   5   0.0529732407
3   12   1   6   0.0000000480
3   12   2   6   -0.0037926994
3   12   3   6   0.0000000081
3   12   4   6   -0.2043390424
3   12   5   6   -0.0000000012
3   12   6   4   -0.0000000001
3   12   6   5   0.0000000000
3   12   7   4   0.0000000001
3   12   7   5   0.0000000000
3   13   1   4   0.0000000442
3   13   1   5   -0.0000000264
3   13   2   4   -0.0034946398
3   13   2   5   0.0020908429
3   13   3   4   0.0000000078
3   13   3   5   -0.0000000047
3   13   4   4   -0.1825601297
3   13   4   5   0.1092257224
3   13   5   4   -0.0000000009
3   13   5   5   0.0000000005
3   13   6   6   -0.0000000003
3   13   7   6   -0.0000000000
3   14   1   4   -0.0000000265
3   14   1   5   -0.0000000442
3   14   2   4   0.0020908429
3   14   2   5   0.0034946398
3   14   3   4   -0.0000000047
3   14   3   5   -0.0000000078
3   14   4   4   0.1092257222
3   14   4   5   0.1825601299
3   14   5   4   0.0000000005
3   14   5   5   0.0000000009
3   14   6   6   -0.0000000000
3   14   7   6   -0.0000000003
4   8   1   6   -0.0039944848
4   8   2   6   -0.0000000001
4   8   3   6   -0.0032026456
4   8   4   6   0.0000000268
4   8   5   6   0.0143651655
4   8   6   4   0.0121896600
4   8   6   5   -0.0072930733
4   8   7   4   -0.0072930733
4   8   7   5   -0.0121896600
4   9   1   6   -0.0000000001
4   9   2   6   -0.0039896953
4   9   3   6   -0.0000000404
4   9   4   6   -0.0021299167
4   9   5   6   0.0000001820
4   9   6   4   0.0000001544
4   9   6   5   -0.0000000924
4   9   7   4   -0.0000000924
4   9   7   5   -0.0000001544
4   10   1   6   -0.0019784826
4   10   2   6   -0.0000000250
4   10   3   6   -0.0126237575
4   10   4   6   -0.0000000007
4   10   5   6   -0.0518947208
4   10   6   4   -0.0495372158
4   10   6   5   0.0296381155
4   10   7   4   0.0296381152
4   10   7   5   0.0495372160
4   11   1   6   0.0000000223
4   11   2   6   -0.0017670415
4   11   3   6   -0.0000000007
4   11   4   6   -0.0117127533
4   11   5   6   -0.0000000021
4   11   6   4   -0.0000000019
4   11   6   5   0.0000000010
4   11   7   4   0.0000000012
4   11   7   5   0.0000000017
4   12   1   6   -0.0038105952
4   12   2   6   -0.0000000484
4   12   3   6   -0.2046192219
4   12   4   6   -0.0000000096
4   12   5   6   0.0394439218
4   12   6   4   0.0038500002
4   12   6   5   -0.0023034550
4   12   7   4   -0.0023034550
4   12   7   5   -0.0038500002
4   13   1   4   -0.0034792006
4   13   1   5   0.0020816057
4   13   2   4   -0.0000000441
4   13   2   5   0.0000000264
4   13   3   4   -0.1823128711
4   13   3   5   0.1090777876
4   13   4   4   -0.0000000078
4   13   4   5   0.0000000046
4   13   5   4   0.0332797237
4   13   5   5   -0.0199112582
4   13   6   6   -0.0033008038
4   13   7   6   -0.0000000000
4   14   1   4   0.0020816057
4   14   1   5   0.0034792007
4   14   2   4   0.0000000264
4   14   2   5   0.0000000441
4   14   3   4   0.1090777874
4   14   3   5   0.1823128714
4   14   4   4   0.0000000047
4   14   4   5   0.0000000077
4   14   5   4   -0.0199112581
4   14   5   5   -0.0332797238
4   14   6   6   -0.0000000000
4   14   7   6   -0.0033008038
5   8   1   6   0.0000003775
5   8   2   6   -0.0148886266
5   8   3   6   -0.0000002040
5   8   4   6   0.0156307536
5   8   5   6   0.0000000091
5   8   6   4   0.0000000074
5   8   6   5   -0.0000000044
5   8   7   4   -0.0000000044
5   8   7   5   -0.0000000074
5   9   1   6   -0.0149519889
5   9   2   6   -0.0000003773
5   9   3   6   0.0161035283
5   9   4   6   0.0000001980
5   9   5   6   -0.0007154571
5   9   6   4   -0.0005866767
5   9   6   5   0.0003510087
5   9   7   4   0.0003510087
5   9   7   5   0.0005866767
5   10   1   6   -0.0000001676
5   10   2   6   0.0132199649
5   10   3   6   0.0000000025
5   10   4   6   -0.0530822140
5   10   5   6   -0.0000000002
5   10   6   4   -0.0000000001
5   10   6   5   0.0000000000
5   10   7   4   0.0000000001
5   10   7   5   0.0000000001
5   11   1   6   0.0138823367
5   11   2   6   0.0000001758
5   11   3   6   -0.0636740171
5   11   4   6   -0.0000000027
5   11   5   6   -0.0155899085
5   11   6   4   0.0023986283
5   11   6   5   -0.0014350992
5   11   7   4   -0.0014350993
5   11   7   5   -0.0023986282
5   12   1   6   0.0000000012
5   12   2   6   -0.0000902772
5   12   3   6   -0.0000000007
5   12   4   6   0.0397798029
5   12   5   6   -0.0000000026
5   12   6   4   -0.0000000000
5   12   6   5   -0.0000000000
5   12   7   4   0.0000000000
5   12   7   5   -0.0000000000
5   13   1   4   0.0000000113
5   13   1   5   -0.0000000068
5   13   2   4   -0.0008925783
5   13   2   5   0.0005340296
5   13   3   4   -0.0000000007
5   13   3   5   0.0000000004
5   13   4   4   0.0328618232
5   13   4   5   -0.0196612284
5   13   5   4   -0.0000000011
5   13   5   5   0.0000000006
5   13   6   6   -0.0000000008
5   13   7   6   0.0000000001
5   14   1   4   -0.0000000068
5   14   1   5   -0.0000000113
5   14   2   4   0.0005340296
5   14   2   5   0.0008925783
5   14   3   4   0.0000000004
5   14   3   5   0.0000000007
5   14   4   4   -0.0196612282
5   14   4   5   -0.0328618234
5   14   5   4   0.0000000007
5   14   5   5   0.0000000010
5   14   6   6   0.0000000001
5   14   7   6   -0.0000000007
6   8   1   4   0.0000003355
6   8   1   5   -0.0000002007
6   8   2   4   -0.0132478065
6   8   2   5   0.0079261624
6   8   3   4   -0.0000001704
6   8   3   5   0.0000001020
6   8   4   4   0.0134064207
6   8   4   5   -0.0080210613
6   8   5   4   0.0000000120
6   8   5   5   -0.0000000072
6   8   6   6   -0.0000000078
6   8   7   6   0.0000000000
6   9   1   4   -0.0132711744
6   9   1   5   0.0079401434
6   9   2   4   -0.0000003353
6   9   2   5   0.0000002006
6   9   3   4   0.0134450940
6   9   3   5   -0.0080441995
6   9   4   4   0.0000001698
6   9   4   5   -0.0000001016
6   9   5   4   -0.0009489377
6   9   5   5   0.0005677494
6   9   6   6   0.0006211966
6   9   7   6   -0.0000000000
6   10   1   4   -0.0000001486
6   10   1   5   0.0000000889
6   10   2   4   0.0117220242
6   10   2   5   -0.0070132868
6   10   3   4   0.0000000024
6   10   3   5   -0.0000000015
6   10   4   4   -0.0502454128
6   10   4   5   0.0300618296
6   10   5   4   -0.0000000003
6   10   5   5   0.0000000001
6   10   6   6   0.0000000003
6   10   7   6   -0.0000000000
6   11   1   4   0.0121249738
6   11   1   5   -0.0072543716
6   11   2   4   0.0000001536
6   11   2   5   -0.0000000919
6   11   3   4   -0.0532433659
6   11   3   5   0.0318555049
6   11   4   4   -0.0000000019
6   11   4   5   0.0000000011
6   11   5   4   0.0040929662
6   11   5   5   -0.0024488217
6   11   6   6   -0.0213015522
6   11   7   6   0.0000000000
6   12   1   4   0.0000000054
6   12   1   5   -0.0000000032
6   12   2   4   -0.0004278958
6   12   2   5   0.0002560101
6   12   3   4   -0.0000000003
6   12   3   5   0.0000000002
6   12   4   4   0.0047659560
6   12   4   5   -0.0028514715
6   12   5   4   -0.0000000011
6   12   5   5   0.0000000005
6   12   6   6   0.0000000009
6   12   7   6   0.0000000001
6   13   1   6   -0.0000000210
6   13   2   6   0.0016614639
6   13   3   6   0.0000000003
6   13   4   6   -0.0040269468
6   13   5   6   -0.0000000021
6   13   6   4   0.0000000010
6   13   6   5   -0.0000000008
6   13   7   4   -0.0000000001
6   13   7   5   -0.0000000004
6   14   1   6   0.0000000000
6   14   2   6   0.0000000000
6   14   3   6   -0.0000000000
6   14   4   6   -0.0000000000
6   14   5   6   0.0000000001
6   14   6   4   -0.0000000003
6   14   6   5   -0.0000000009
6   14   7   4   -0.0000000001
6   14   7   5   -0.0000000003
7   8   1   4   -0.0000002007
7   8   1   5   -0.0000003355
7   8   2   4   0.0079261624
7   8   2   5   0.0132478065
7   8   3   4   0.0000001019
7   8   3   5   0.0000001704
7   8   4   4   -0.0080210613
7   8   4   5   -0.0134064207
7   8   5   4   -0.0000000072
7   8   5   5   -0.0000000120
7   8   6   6   0.0000000000
7   8   7   6   -0.0000000078
7   9   1   4   0.0079401434
7   9   1   5   0.0132711744
7   9   2   4   0.0000002006
7   9   2   5   0.0000003353
7   9   3   4   -0.0080441995
7   9   3   5   -0.0134450940
7   9   4   4   -0.0000001016
7   9   4   5   -0.0000001698
7   9   5   4   0.0005677494
7   9   5   5   0.0009489377
7   9   6   6   -0.0000000000
7   9   7   6   0.0006211966
7   10   1   4   0.0000000889
7   10   1   5   0.0000001486
7   10   2   4   -0.0070132868
7   10   2   5   -0.0117220242
7   10   3   4   -0.0000000014
7   10   3   5   -0.0000000024
7   10   4   4   0.0300618295
7   10   4   5   0.0502454129
7   10   5   4   0.0000000002
7   10   5   5   0.0000000002
7   10   6   6   -0.0000000000
7   10   7   6   0.0000000003
7   11   1   4   -0.0072543716
7   11   1   5   -0.0121249738
7   11   2   4   -0.0000000919
7   11   2   5   -0.0000001535
7   11   3   4   0.0318555048
7   11   3   5   0.0532433660
7   11   4   4   0.0000000012
7   11   4   5   0.0000000019
7   11   5   4   -0.0024488216
7   11   5   5   -0.0040929663
7   11   6   6   0.0000000000
7   11   7   6   -0.0213015522
7   12   1   4   -0.0000000032
7   12   1   5   -0.0000000054
7   12   2   4   0.0002560101
7   12   2   5   0.0004278958
7   12   3   4   0.0000000002
7   12   3   5   0.0000000003
7   12   4   4   -0.0028514714
7   12   4   5   -0.0047659562
7   12   5   4   0.0000000007
7   12   5   5   0.0000000009
7   12   6   6   0.0000000001
7   12   7   6   0.0000000010
7   13   1   6   0.0000000000
7   13   2   6   0.0000000000
7   13   3   6   -0.0000000000
7   13   4   6   -0.0000000000
7   13   5   6   0.0000000001
7   13   6   4   0.0000000002
7   13   6   5   -0.0000000002
7   13   7   4   0.0000000007
7   13   7   5   -0.0000000007
7   14   1   6   -0.0000000210
7   14   2   6   0.0016614639
7   14   3   6   0.0000000003
7   14   4   6   -0.0040269468
7   14   5   6   -0.0000000020
7   14   6   4   0.0000000003
7   14   6   5   -0.0000000003
7   14   7   4   -0.0000000007
7   14   7   5   -0.0000000014

End IJKA Block
Begin IABC Block
1   4   1   6   -0.0000000229
1   4   3   4   -0.0000000038
1   4   3   5   0.0000000000
1   5   2   6   -0.0000000229
1   5   3   4   0.0000000000
1   5   3   5   -0.0000000038
1   6   1   4   -0.0000000219
1   6   2   5   -0.0000000219
1   6   3   6   -0.0000000447
2   4   1   6   0.0018152042
2   4   3   4   0.0003023681
2   4   3   5   -0.0000000000
2   5   2   6   0.0018152042
2   5   3   4   -0.0000000000
2   5   3   5   0.0003023681
2   6   1   4   0.0017349086
2   6   2   5   0.0017349086
2   6   3   6   0.0035320776
3   4   1   6   0.0000000007
3   4   2   6   0.0000000000
3   4   3   4   0.0000000003
3   4   3   5   0.0000000000
3   5   1   6   0.0000000000
3   5   2   6   0.0000000006
3   5   3   4   0.0000000000
3   5   3   5   0.0000000003
3   6   1   4   0.0000000003
3   6   1   5   -0.0000000000
3   6   2   4   -0.0000000000
3   6   2   5   0.0000000004
3   6   3   6   0.0000000004
4   4   1   6   -0.0067131818
4   4   2   6   0.0000000000
4   4   3   4   -0.0199685568
4   4   3   5   0.0000000000
4   5   1   6   0.0000000000
4   5   2   6   -0.0067131819
4   5   3   4   0.0000000000
4   5   3   5   -0.0199685569
4   6   1   4   -0.0049061310
4   6   1   5   0.0000000000
4   6   2   4   0.0000000000
4   6   2   5   -0.0049061310
4   6   3   6   -0.0280310594
5   4   1   6   -0.0000000004
5   4   2   6   0.0000000000
5   4   3   4   -0.0000000009
5   5   1   6   0.0000000000
5   5   2   6   -0.0000000004
5   5   3   5   -0.0000000010
5   6   1   4   -0.0000000011
5   6   1   5   0.0000000000
5   6   2   4   0.0000000000
5   6   2   5   -0.0000000011
5   6   3   6   -0.0000000022
6   4   1   4   -0.0000000003
6   4   1   5   -0.0000000002
6   4   2   4   0.0000000004
6   4   2   5   -0.0000000001
6   4   3   6   0.0000000016
6   5   1   4   0.0000000001
6   5   1   5   -0.0000000006
6   5   2   4   0.0000000003
6   5   2   5   0.0000000003
6   5   3   6   -0.0000000009
6   6   1   6   -0.0000000011
6   6   2   6   0.0000000007
6   6   3   4   0.0000000008
6   6   3   5   -0.0000000004
7   4   1   4   0.0000000002
7   4   1   5   -0.0000000003
7   4   2   4   0.0000000006
7   4   2   5   0.0000000001
7   4   3   6   -0.0000000010
7   5   1   4   0.0000000001
7   5   1   5   0.0000000004
7   5   2   4   -0.0000000002
7   5   2   5   0.0000000004
7   5   3   6   -0.0000000016
7   6   1   6   0.0000000006
7   6   2   6   0.0000000011
7   6   3   4   -0.0000000005
7   6   3   5   -0.0000000008

End IABC Block
