0   103   5   12      -0.210767719113
0   104   5   13      -0.101111874722
0   104   6   12      -0.071190710463
0   105   5   11       0.051998327768
1   103   5   13      -0.071190710463
1   103   6   12      -0.101111874721
1   104   6   13      -0.210767717288
1   105   6   11       0.051998328747
2   103   4   12       0.051998327768
2   104   4   13       0.051998328747
2   105   4   11      -0.059268659805
0   103   12   5       0.210767719113
0   104   12   6       0.071190710463
0   104   13   5       0.101111874722
0   105   11   5      -0.051998327768
1   103   12   6       0.101111874721
1   103   13   5       0.071190710463
1   104   13   6       0.210767717288
1   105   11   6      -0.051998328747
2   103   12   4      -0.051998327768
2   104   13   4      -0.051998328747
2   105   11   4       0.059268659805
103   0   5   12       0.210767719113
103   1   5   13       0.071190710463
103   1   6   12       0.101111874721
103   2   4   12      -0.051998327768
104   0   5   13       0.101111874722
104   0   6   12       0.071190710463
104   1   6   13       0.210767717288
104   2   4   13      -0.051998328747
105   0   5   11      -0.051998327768
105   1   6   11      -0.051998328747
105   2   4   11       0.059268659805
103   0   12   5      -0.210767719113
103   1   12   6      -0.101111874721
103   1   13   5      -0.071190710463
103   2   12   4       0.051998327768
104   0   12   6      -0.071190710463
104   0   13   5      -0.101111874722
104   1   13   6      -0.210767717288
104   2   13   4       0.051998328747
105   0   11   5       0.051998327768
105   1   11   6       0.051998328747
105   2   11   4      -0.059268659805

