0   1   5   6      -0.169862642296
0   1   6   5       0.169862642321
0   2   4   5      -0.099618770870
0   2   4   6      -0.133654922708
0   2   5   4       0.099618770827
0   2   6   4       0.133654922669
1   0   5   6       0.169862642296
1   0   6   5      -0.169862642321
1   2   4   5      -0.133654922696
1   2   4   6       0.099618770869
1   2   5   4       0.133654922679
1   2   6   4      -0.099618770846
2   0   4   5       0.099618770870
2   0   4   6       0.133654922708
2   0   5   4      -0.099618770827
2   0   6   4      -0.133654922669
2   1   4   5       0.133654922696
2   1   4   6      -0.099618770869
2   1   5   4      -0.133654922679
2   1   6   4       0.099618770846
0   53   5   12      -0.326946433033
0   53   5   13      -0.369806597760
0   53   6   12      -0.369806597807
0   53   6   13      -0.547469858794
0   54   5   12      -0.369806613752
0   54   5   13      -0.195193041498
0   54   6   13       0.369806614038
0   55   4   12      -0.269072196012
0   55   4   13      -0.361004489881
0   55   5   11      -0.169453425338
0   55   6   11      -0.227349567410
1   53   5   12      -0.369806614187
1   53   6   12      -0.195193041585
1   53   6   13       0.369806613745
1   54   5   12      -0.547469858805
1   54   5   13       0.369806597999
1   54   6   12       0.369806597434
1   54   6   13      -0.326946432923
1   55   4   12      -0.361004489887
1   55   4   13       0.269072196002
1   55   5   11      -0.227349567440
1   55   6   11       0.169453425296
2   53   4   12      -0.169453425341
2   53   4   13      -0.227349567422
2   53   5   11      -0.269072196124
2   53   6   11      -0.361004489972
2   54   4   12      -0.227349567394
2   54   4   13       0.169453425329
2   54   5   11      -0.361004489977
2   54   6   11       0.269072196030
2   55   4   11      -0.745798717350
2   59   4   11      -0.060092066376
6   55   4   11      -0.060092066376
0   53   12   5       0.326946433033
0   53   12   6       0.369806597807
0   53   13   5       0.369806597760
0   53   13   6       0.547469858794
0   54   12   5       0.369806613752
0   54   13   5       0.195193041498
0   54   13   6      -0.369806614038
0   55   11   5       0.169453425338
0   55   11   6       0.227349567410
0   55   12   4       0.269072196012
0   55   13   4       0.361004489881
1   53   12   5       0.369806614187
1   53   12   6       0.195193041585
1   53   13   6      -0.369806613745
1   54   12   5       0.547469858805
1   54   12   6      -0.369806597434
1   54   13   5      -0.369806597999
1   54   13   6       0.326946432923
1   55   11   5       0.227349567440
1   55   11   6      -0.169453425296
1   55   12   4       0.361004489887
1   55   13   4      -0.269072196002
2   53   11   5       0.269072196124
2   53   11   6       0.361004489972
2   53   12   4       0.169453425341
2   53   13   4       0.227349567422
2   54   11   5       0.361004489977
2   54   11   6      -0.269072196030
2   54   12   4       0.227349567394
2   54   13   4      -0.169453425329
2   55   11   4       0.745798717350
2   59   11   4       0.060092066376
6   55   11   4       0.060092066376
53   0   5   12       0.326946433033
53   0   5   13       0.369806597760
53   0   6   12       0.369806597807
53   0   6   13       0.547469858794
53   1   5   12       0.369806614187
53   1   6   12       0.195193041585
53   1   6   13      -0.369806613745
53   2   4   12       0.169453425341
53   2   4   13       0.227349567422
53   2   5   11       0.269072196124
53   2   6   11       0.361004489972
54   0   5   12       0.369806613752
54   0   5   13       0.195193041498
54   0   6   13      -0.369806614038
54   1   5   12       0.547469858805
54   1   5   13      -0.369806597999
54   1   6   12      -0.369806597434
54   1   6   13       0.326946432923
54   2   4   12       0.227349567394
54   2   4   13      -0.169453425329
54   2   5   11       0.361004489977
54   2   6   11      -0.269072196030
55   0   4   12       0.269072196012
55   0   4   13       0.361004489881
55   0   5   11       0.169453425338
55   0   6   11       0.227349567410
55   1   4   12       0.361004489887
55   1   4   13      -0.269072196002
55   1   5   11       0.227349567440
55   1   6   11      -0.169453425296
55   2   4   11       0.745798717350
55   6   4   11       0.060092066376
59   2   4   11       0.060092066376
53   0   12   5      -0.326946433033
53   0   12   6      -0.369806597807
53   0   13   5      -0.369806597760
53   0   13   6      -0.547469858794
53   1   12   5      -0.369806614187
53   1   12   6      -0.195193041585
53   1   13   6       0.369806613745
53   2   11   5      -0.269072196124
53   2   11   6      -0.361004489972
53   2   12   4      -0.169453425341
53   2   13   4      -0.227349567422
54   0   12   5      -0.369806613752
54   0   13   5      -0.195193041498
54   0   13   6       0.369806614038
54   1   12   5      -0.547469858805
54   1   12   6       0.369806597434
54   1   13   5       0.369806597999
54   1   13   6      -0.326946432923
54   2   11   5      -0.361004489977
54   2   11   6       0.269072196030
54   2   12   4      -0.227349567394
54   2   13   4       0.169453425329
55   0   11   5      -0.169453425338
55   0   11   6      -0.227349567410
55   0   12   4      -0.269072196012
55   0   13   4      -0.361004489881
55   1   11   5      -0.227349567440
55   1   11   6       0.169453425296
55   1   12   4      -0.361004489887
55   1   13   4       0.269072196002
55   2   11   4      -0.745798717350
55   6   11   4      -0.060092066376
59   2   11   4      -0.060092066376
53   54   12   13      -0.169862642296
53   54   13   12       0.169862642321
53   55   11   12      -0.099618770870
53   55   11   13      -0.133654922708
53   55   12   11       0.099618770827
53   55   13   11       0.133654922669
54   53   12   13       0.169862642296
54   53   13   12      -0.169862642321
54   55   11   12      -0.133654922696
54   55   11   13       0.099618770869
54   55   12   11       0.133654922679
54   55   13   11      -0.099618770846
55   53   11   12       0.099618770870
55   53   11   13       0.133654922708
55   53   12   11      -0.099618770827
55   53   13   11      -0.133654922669
55   54   11   12       0.133654922696
55   54   11   13      -0.099618770869
55   54   12   11      -0.133654922679
55   54   13   11       0.099618770846

