Begin IJ Block
1   1   -26.0990720531
1   2   0.0000000608
1   3   0.4768543522
1   4   -0.0000199852
1   5   0.0698138666
2   2   -26.0993020211
2   3   0.0000192195
2   4   0.4957338361
2   5   0.0000028197
3   3   -7.0332625858
3   4   0.0000000265
3   5   0.2487871490
4   4   -6.9665674127
4   5   0.0000000209
5   5   -6.5376414036
6   6   -6.4301136589
6   7   -0.0000000002
7   7   -6.4301136587

End IJ Block
Begin IA Block
1   3   -0.0000034678
2   3   0.0858828315
3   3   0.0000000297
4   3   -0.4478524092
5   3   -0.0000000417
6   1   -0.0000000219
6   2   0.0000000063
7   1   0.0000000083
7   2   0.0000000222

End IA Block
Begin AB Block
1   1   -6.2527056204
1   2   -0.0000000007
2   2   -6.2527056202
3   3   -6.4399281242

End AB Block
Begin IJAB Block
1   8   1   4   0.0137463706
1   8   1   5   0.0000000000
1   8   2   4   0.0000000000
1   8   2   5   0.0137463706
1   8   3   6   0.0169072332
1   9   1   4   -0.0000000016
1   9   1   5   0.0000000000
1   9   2   4   0.0000000000
1   9   2   5   -0.0000000017
1   9   3   6   -0.0000000042
1   10   1   4   0.0135701796
1   10   1   5   -0.0000000000
1   10   2   4   -0.0000000000
1   10   2   5   0.0135701796
1   10   3   6   0.0138294662
1   11   1   4   -0.0000005911
1   11   1   5   0.0000000000
1   11   2   4   0.0000000000
1   11   2   5   -0.0000005911
1   11   3   6   -0.0000005973
1   12   1   4   0.0020230834
1   12   1   5   -0.0000000000
1   12   2   4   -0.0000000000
1   12   2   5   0.0020230834
1   12   3   6   0.0011094933
1   13   1   6   -0.0033865931
1   13   2   6   0.0011228174
1   13   3   4   0.0020762381
1   13   3   5   -0.0006883721
1   14   1   6   0.0011228174
1   14   2   6   0.0033865931
1   14   3   4   -0.0006883721
1   14   3   5   -0.0020762381
2   8   1   4   -0.0000000016
2   8   1   5   0.0000000000
2   8   2   4   0.0000000000
2   8   2   5   -0.0000000017
2   8   3   6   -0.0000000042
2   9   1   4   0.0137925646
2   9   1   5   0.0000000000
2   9   2   4   0.0000000000
2   9   2   5   0.0137925646
2   9   3   6   0.0170167516
2   10   1   4   0.0000005472
2   10   1   5   0.0000000000
2   10   2   4   0.0000000000
2   10   2   5   0.0000005472
2   10   3   6   0.0000005581
2   11   1   4   0.0146685342
2   11   1   5   -0.0000000000
2   11   2   4   -0.0000000000
2   11   2   5   0.0146685342
2   11   3   6   0.0148310345
2   12   1   4   0.0000000817
2   12   1   5   0.0000000000
2   12   2   4   0.0000000000
2   12   2   5   0.0000000817
2   12   3   6   0.0000000448
2   13   1   6   -0.0000001367
2   13   2   6   0.0000000453
2   13   3   4   0.0000000837
2   13   3   5   -0.0000000277
2   14   1   6   0.0000000453
2   14   2   6   0.0000001367
2   14   3   4   -0.0000000278
2   14   3   5   -0.0000000837
3   8   1   4   0.0135701796
3   8   1   5   -0.0000000000
3   8   2   4   -0.0000000000
3   8   2   5   0.0135701796
3   8   3   6   0.0138294662
3   9   1   4   0.0000005472
3   9   1   5   0.0000000000
3   9   2   4   0.0000000000
3   9   2   5   0.0000005472
3   9   3   6   0.0000005581
3   10   1   4   0.0579098753
3   10   1   5   -0.0000000000
3   10   2   4   -0.0000000000
3   10   2   5   0.0579098753
3   10   3   6   0.0646918555
3   11   1   4   0.0000000009
3   11   1   5   0.0000000001
3   11   2   4   0.0000000001
3   11   2   5   0.0000000009
3   11   3   6   0.0000000021
3   12   1   4   0.0091612384
3   12   1   5   -0.0000000001
3   12   2   4   -0.0000000001
3   12   2   5   0.0091612384
3   12   3   6   -0.0261650776
3   13   1   6   -0.0137180792
3   13   2   6   0.0045481984
3   13   3   4   -0.0261250678
3   13   3   5   0.0086617077
3   14   1   6   0.0045481985
3   14   2   6   0.0137180793
3   14   3   4   0.0086617077
3   14   3   5   0.0261250678
4   8   1   4   -0.0000005911
4   8   1   5   0.0000000000
4   8   2   4   0.0000000000
4   8   2   5   -0.0000005911
4   8   3   6   -0.0000005973
4   9   1   4   0.0146685342
4   9   1   5   -0.0000000000
4   9   2   4   -0.0000000000
4   9   2   5   0.0146685342
4   9   3   6   0.0148310345
4   10   1   4   0.0000000009
4   10   1   5   0.0000000001
4   10   2   4   0.0000000001
4   10   2   5   0.0000000009
4   10   3   6   0.0000000021
4   11   1   4   0.0669532263
4   11   1   5   -0.0000000000
4   11   2   4   -0.0000000000
4   11   2   5   0.0669532263
4   11   3   6   0.0647986328
4   12   1   4   0.0000000006
4   12   1   5   -0.0000000001
4   12   2   4   -0.0000000001
4   12   2   5   0.0000000006
4   12   3   6   -0.0000000010
4   13   1   6   -0.0000000011
4   13   2   6   0.0000000002
4   13   3   4   -0.0000000017
4   13   3   5   0.0000000005
4   14   1   6   0.0000000006
4   14   2   6   0.0000000011
4   14   3   4   0.0000000006
4   14   3   5   0.0000000017
5   8   1   4   0.0020230834
5   8   1   5   -0.0000000000
5   8   2   4   -0.0000000000
5   8   2   5   0.0020230834
5   8   3   6   0.0011094933
5   9   1   4   0.0000000817
5   9   1   5   0.0000000000
5   9   2   4   0.0000000000
5   9   2   5   0.0000000817
5   9   3   6   0.0000000448
5   10   1   4   0.0091612384
5   10   1   5   -0.0000000001
5   10   2   4   -0.0000000001
5   10   2   5   0.0091612384
5   10   3   6   -0.0261650776
5   11   1   4   0.0000000006
5   11   1   5   -0.0000000001
5   11   2   4   -0.0000000001
5   11   2   5   0.0000000006
5   11   3   6   -0.0000000010
5   12   1   4   0.0222990886
5   12   1   5   -0.0000000000
5   12   2   4   -0.0000000000
5   12   2   5   0.0222990886
5   12   3   6   0.1843824952
5   13   1   6   0.0168523290
5   13   2   6   -0.0055873519
5   13   3   4   0.1488118121
5   13   3   5   -0.0493382229
5   14   1   6   -0.0055873519
5   14   2   6   -0.0168523290
5   14   3   4   -0.0493382230
5   14   3   5   -0.1488118121
6   8   1   6   0.0020762381
6   8   2   6   -0.0006883721
6   8   3   4   -0.0033865931
6   8   3   5   0.0011228174
6   9   1   6   0.0000000837
6   9   2   6   -0.0000000277
6   9   3   4   -0.0000001367
6   9   3   5   0.0000000453
6   10   1   6   -0.0261250678
6   10   2   6   0.0086617077
6   10   3   4   -0.0137180792
6   10   3   5   0.0045481984
6   11   1   6   -0.0000000017
6   11   2   6   0.0000000005
6   11   3   4   -0.0000000011
6   11   3   5   0.0000000002
6   12   1   6   0.1488118121
6   12   2   6   -0.0493382229
6   12   3   4   0.0168523290
6   12   3   5   -0.0055873519
6   13   1   4   0.1957168139
6   13   1   5   -0.0572360007
6   13   2   4   -0.0572360007
6   13   2   5   0.0420605369
6   13   3   6   0.0242058988
6   14   1   4   -0.0572360003
6   14   1   5   -0.1510195704
6   14   2   4   -0.0026367108
6   14   2   5   0.0572360001
6   14   3   6   -0.0000000001
7   8   1   6   -0.0006883721
7   8   2   6   -0.0020762381
7   8   3   4   0.0011228174
7   8   3   5   0.0033865931
7   9   1   6   -0.0000000278
7   9   2   6   -0.0000000837
7   9   3   4   0.0000000453
7   9   3   5   0.0000001367
7   10   1   6   0.0086617077
7   10   2   6   0.0261250678
7   10   3   4   0.0045481985
7   10   3   5   0.0137180793
7   11   1   6   0.0000000006
7   11   2   6   0.0000000017
7   11   3   4   0.0000000006
7   11   3   5   0.0000000011
7   12   1   6   -0.0493382230
7   12   2   6   -0.1488118121
7   12   3   4   -0.0055873519
7   12   3   5   -0.0168523290
7   13   1   4   -0.0572360003
7   13   1   5   -0.0026367108
7   13   2   4   -0.1510195704
7   13   2   5   0.0572360001
7   13   3   6   -0.0000000001
7   14   1   4   0.0420605370
7   14   1   5   0.0572360009
7   14   2   4   0.0572360009
7   14   2   5   0.1957168139
7   14   3   6   0.0242058988

End IJAB Block
Begin IJKL Block
1   8   1   8   2.1736156293
1   8   1   9   -0.0001560580
1   8   1   10   -0.1958928972
1   8   1   11   0.0000246841
1   8   1   12   -0.0232999948
1   8   2   8   -0.0001560580
1   8   2   9   1.9332040217
1   8   2   10   0.0000079334
1   8   2   11   -0.2037919972
1   8   2   12   0.0000007811
1   8   3   8   -0.1958928972
1   8   3   9   0.0000079334
1   8   3   10   0.0284914788
1   8   3   11   -0.0000023770
1   8   3   12   0.0026723670
1   8   4   8   0.0000246841
1   8   4   9   -0.2037919972
1   8   4   10   -0.0000023770
1   8   4   11   0.0310320235
1   8   4   12   -0.0000003626
1   8   5   8   -0.0232999948
1   8   5   9   0.0000007811
1   8   5   10   0.0026723670
1   8   5   11   -0.0000003626
1   8   5   12   0.0111408958
1   8   6   13   0.0116074902
1   8   6   14   -0.0000000000
1   8   7   13   -0.0000000000
1   8   7   14   0.0116074902
1   9   1   8   -0.0001560580
1   9   1   9   2.1737172762
1   9   1   10   0.0000079475
1   9   1   11   -0.2042337294
1   9   1   12   0.0000006235
1   9   2   8   1.9332028616
1   9   2   9   0.0001560493
1   9   2   10   -0.1962630756
1   9   2   11   -0.0000082349
1   9   2   12   -0.0193826527
1   9   3   8   0.0000079336
1   9   3   9   -0.1959192011
1   9   3   10   -0.0000000027
1   9   3   11   0.0294371897
1   9   3   12   -0.0000000006
1   9   4   8   -0.2037913140
1   9   4   9   -0.0000082170
1   9   4   10   0.0294487423
1   9   4   11   0.0000000021
1   9   4   12   0.0044830491
1   9   5   8   0.0000007811
1   9   5   9   -0.0232908893
1   9   5   10   -0.0000000006
1   9   5   11   0.0045023395
1   9   5   12   0.0000000050
1   9   6   13   0.0000000027
1   9   6   14   0.0000000000
1   9   7   13   0.0000000000
1   9   7   14   0.0000000027
1   10   1   8   -0.1958928972
1   10   1   9   0.0000079475
1   10   1   10   0.6031416571
1   10   1   11   -0.0000294095
1   10   1   12   -0.0101026043
1   10   2   8   0.0000079336
1   10   2   9   -0.1962661776
1   10   2   10   -0.0000000377
1   10   2   11   0.3643114494
1   10   2   12   -0.0000000036
1   10   3   8   0.0303931343
1   10   3   9   -0.0000000034
1   10   3   10   -0.0078989708
1   10   3   11   0.0000003564
1   10   3   12   -0.0014028504
1   10   4   8   -0.0000025347
1   10   4   9   0.0313972448
1   10   4   10   0.0000003689
1   10   4   11   -0.0087968701
1   10   4   12   -0.0000000333
1   10   5   8   0.0026563634
1   10   5   9   -0.0000000006
1   10   5   10   -0.0046529826
1   10   5   11   -0.0000000665
1   10   5   12   0.0137054663
1   10   6   13   0.0137827512
1   10   6   14   -0.0000000000
1   10   7   13   -0.0000000000
1   10   7   14   0.0137827512
1   11   1   8   0.0000246841
1   11   1   9   -0.2042337294
1   11   1   10   -0.0000294095
1   11   1   11   0.6128103428
1   11   1   12   -0.0000078256
1   11   2   8   -0.2037913140
1   11   2   9   -0.0000082349
1   11   2   10   0.3643223043
1   11   2   11   0.0000000361
1   11   2   12   0.0969353583
1   11   3   8   -0.0000025347
1   11   3   9   0.0313961776
1   11   3   10   0.0000003638
1   11   3   11   -0.0092782996
1   11   3   12   0.0000000946
1   11   4   8   0.0331554440
1   11   4   9   0.0000000025
1   11   4   10   -0.0086315325
1   11   4   11   0.0000003645
1   11   4   12   -0.0003323259
1   11   5   8   -0.0000003899
1   11   5   9   0.0048417568
1   11   5   10   -0.0000000694
1   11   5   11   0.0004498569
1   11   5   12   -0.0000005129
1   11   6   13   -0.0000005434
1   11   6   14   0.0000000000
1   11   7   13   0.0000000000
1   11   7   14   -0.0000005434
1   12   1   8   -0.0232999948
1   12   1   9   0.0000006235
1   12   1   10   -0.0101026043
1   12   1   11   -0.0000078256
1   12   1   12   0.5844853781
1   12   2   8   0.0000007811
1   12   2   9   -0.0193828095
1   12   2   10   -0.0000000036
1   12   2   11   0.0969356593
1   12   2   12   -0.0000000088
1   12   3   8   0.0026563634
1   12   3   9   -0.0000000006
1   12   3   10   -0.0014842729
1   12   3   11   0.0000000984
1   12   3   12   -0.0057453431
1   12   4   8   -0.0000003899
1   12   4   9   0.0048218738
1   12   4   10   -0.0000000313
1   12   4   11   -0.0002999488
1   12   4   12   0.0000002463
1   12   5   8   0.0137281221
1   12   5   9   0.0000000047
1   12   5   10   0.0143573580
1   12   5   11   -0.0000005405
1   12   5   12   -0.0009920937
1   12   6   13   0.0010934204
1   12   6   14   -0.0000000000
1   12   7   13   -0.0000000000
1   12   7   14   0.0010934204
1   13   1   13   0.5820153936
1   13   1   14   -0.0000000000
1   13   2   13   -0.0000000080
1   13   2   14   0.0000000002
1   13   3   13   -0.0059114515
1   13   3   14   0.0000000000
1   13   4   13   0.0000002613
1   13   4   14   -0.0000000000
1   13   5   13   -0.0027962594
1   13   5   14   0.0000000000
1   13   6   8   0.0142776122
1   13   6   9   0.0000000024
1   13   6   10   0.0144105066
1   13   6   11   -0.0000005718
1   13   6   12   0.0011882312
1   13   7   8   -0.0000000000
1   13   7   9   0.0000000000
1   13   7   11   0.0000000000
1   13   7   12   -0.0000000000
1   14   1   13   -0.0000000000
1   14   1   14   0.5820153936
1   14   2   13   0.0000000002
1   14   2   14   -0.0000000082
1   14   3   13   0.0000000000
1   14   3   14   -0.0059114516
1   14   4   13   -0.0000000000
1   14   4   14   0.0000002613
1   14   5   13   0.0000000000
1   14   5   14   -0.0027962594
1   14   6   8   -0.0000000000
1   14   6   9   0.0000000000
1   14   6   11   0.0000000000
1   14   6   12   -0.0000000000
1   14   7   8   0.0142776122
1   14   7   9   0.0000000024
1   14   7   10   0.0144105066
1   14   7   11   -0.0000005718
1   14   7   12   0.0011882312
2   8   1   8   -0.0001560580
2   8   1   9   1.9332028616
2   8   1   10   0.0000079336
2   8   1   11   -0.2037913140
2   8   1   12   0.0000007811
2   8   2   8   2.1737172762
2   8   2   9   0.0001560493
2   8   2   10   -0.1959192011
2   8   2   11   -0.0000082170
2   8   2   12   -0.0232908893
2   8   3   8   0.0000079475
2   8   3   9   -0.1962630756
2   8   3   10   -0.0000000027
2   8   3   11   0.0294487423
2   8   3   12   -0.0000000006
2   8   4   8   -0.2042337294
2   8   4   9   -0.0000082349
2   8   4   10   0.0294371897
2   8   4   11   0.0000000021
2   8   4   12   0.0045023395
2   8   5   8   0.0000006235
2   8   5   9   -0.0193826527
2   8   5   10   -0.0000000006
2   8   5   11   0.0044830491
2   8   5   12   0.0000000050
2   8   6   13   0.0000000027
2   8   6   14   0.0000000000
2   8   7   13   0.0000000000
2   8   7   14   0.0000000027
2   9   1   8   1.9332040217
2   9   1   9   0.0001560493
2   9   1   10   -0.1962661776
2   9   1   11   -0.0000082349
2   9   1   12   -0.0193828095
2   9   2   8   0.0001560493
2   9   2   9   2.1738238481
2   9   2   10   -0.0000237397
2   9   2   11   -0.2042382113
2   9   2   12   -0.0000025054
2   9   3   8   -0.1962661776
2   9   3   9   -0.0000237397
2   9   3   10   0.0284790092
2   9   3   11   0.0000023765
2   9   3   12   0.0026828280
2   9   4   8   -0.0000082349
2   9   4   9   -0.2042382113
2   9   4   10   0.0000023765
2   9   4   11   0.0310531463
2   9   4   12   0.0000003628
2   9   5   8   -0.0193828095
2   9   5   9   -0.0000025054
2   9   5   10   0.0026828280
2   9   5   11   0.0000003628
2   9   5   12   0.0110083910
2   9   6   13   0.0115327248
2   9   6   14   -0.0000000000
2   9   7   13   -0.0000000000
2   9   7   14   0.0115327248
2   10   1   8   0.0000079334
2   10   1   9   -0.1962630756
2   10   1   10   -0.0000000377
2   10   1   11   0.3643223043
2   10   1   12   -0.0000000036
2   10   2   8   -0.1959192011
2   10   2   9   -0.0000237397
2   10   2   10   0.6031294883
2   10   2   11   0.0000294080
2   10   2   12   -0.0100904957
2   10   3   8   -0.0000000034
2   10   3   9   0.0303942242
2   10   3   10   -0.0000003175
2   10   3   11   -0.0088175428
2   10   3   12   -0.0000000567
2   10   4   8   0.0313961776
2   10   4   9   0.0000025341
2   10   4   10   -0.0091294685
2   10   4   11   -0.0000003556
2   10   4   12   0.0008191316
2   10   5   8   -0.0000000006
2   10   5   9   0.0026663283
2   10   5   10   -0.0000001880
2   10   5   11   0.0016331902
2   10   5   12   0.0000005523
2   10   6   13   0.0000005552
2   10   6   14   0.0000000000
2   10   7   13   0.0000000000
2   10   7   14   0.0000005552
2   11   1   8   -0.2037919972
2   11   1   9   -0.0000082349
2   11   1   10   0.3643114494
2   11   1   11   0.0000000361
2   11   1   12   0.0969356593
2   11   2   8   -0.0000082170
2   11   2   9   -0.2042382113
2   11   2   10   0.0000294080
2   11   2   11   0.6128318830
2   11   2   12   0.0000078242
2   11   3   8   0.0313972448
2   11   3   9   0.0000025341
2   11   3   10   -0.0090023866
2   11   3   11   -0.0000003750
2   11   3   12   -0.0023454491
2   11   4   8   0.0000000025
2   11   4   9   0.0331685397
2   11   4   10   -0.0000003489
2   11   4   11   -0.0090667562
2   11   4   12   -0.0000000136
2   11   5   8   0.0048218738
2   11   5   9   0.0000003902
2   11   5   10   0.0017062220
2   11   5   11   0.0000000181
2   11   5   12   0.0127231236
2   11   6   13   0.0134705995
2   11   6   14   -0.0000000000
2   11   7   13   -0.0000000000
2   11   7   14   0.0134705995
2   12   1   8   0.0000007811
2   12   1   9   -0.0193826527
2   12   1   10   -0.0000000036
2   12   1   11   0.0969353583
2   12   1   12   -0.0000000088
2   12   2   8   -0.0232908893
2   12   2   9   -0.0000025054
2   12   2   10   -0.0100904957
2   12   2   11   0.0000078242
2   12   2   12   0.5844841353
2   12   3   8   -0.0000000006
2   12   3   9   0.0026663283
2   12   3   10   -0.0000000599
2   12   3   11   -0.0024394261
2   12   3   12   -0.0000002315
2   12   4   8   0.0048417568
2   12   4   9   0.0000003902
2   12   4   10   0.0007701563
2   12   4   11   -0.0000000123
2   12   4   12   -0.0061086071
2   12   5   8   0.0000000047
2   12   5   9   0.0136025903
2   12   5   10   0.0000005786
2   12   5   11   0.0134087859
2   12   5   12   -0.0000000400
2   12   6   13   0.0000000441
2   12   6   14   -0.0000000000
2   12   7   13   -0.0000000000
2   12   7   14   0.0000000441
2   13   1   13   -0.0000000080
2   13   1   14   0.0000000002
2   13   2   13   0.5820133703
2   13   2   14   -0.0000000000
2   13   3   13   -0.0000002382
2   13   3   14   -0.0000000000
2   13   4   13   -0.0064786669
2   13   4   14   0.0000000000
2   13   5   13   -0.0000001130
2   13   5   14   -0.0000000000
2   13   6   8   0.0000000024
2   13   6   9   0.0142095366
2   13   6   10   0.0000005805
2   13   6   11   0.0141761000
2   13   6   12   0.0000000480
2   13   7   8   0.0000000000
2   13   7   9   -0.0000000000
2   13   7   10   0.0000000000
2   13   7   11   -0.0000000000
2   13   7   12   -0.0000000000
2   14   1   13   0.0000000002
2   14   1   14   -0.0000000082
2   14   2   13   -0.0000000000
2   14   2   14   0.5820133703
2   14   3   13   -0.0000000000
2   14   3   14   -0.0000002382
2   14   4   13   0.0000000000
2   14   4   14   -0.0064786669
2   14   5   13   -0.0000000000
2   14   5   14   -0.0000001129
2   14   6   8   0.0000000000
2   14   6   9   -0.0000000000
2   14   6   10   0.0000000000
2   14   6   11   -0.0000000000
2   14   6   12   -0.0000000000
2   14   7   8   0.0000000024
2   14   7   9   0.0142095366
2   14   7   10   0.0000005805
2   14   7   11   0.0141761000
2   14   7   12   0.0000000480
3   8   1   8   -0.1958928972
3   8   1   9   0.0000079336
3   8   1   10   0.0303931343
3   8   1   11   -0.0000025347
3   8   1   12   0.0026563634
3   8   2   8   0.0000079475
3   8   2   9   -0.1962661776
3   8   2   10   -0.0000000034
3   8   2   11   0.0313972448
3   8   2   12   -0.0000000006
3   8   3   8   0.6031416571
3   8   3   9   -0.0000000377
3   8   3   10   -0.0078989708
3   8   3   11   0.0000003689
3   8   3   12   -0.0046529826
3   8   4   8   -0.0000294095
3   8   4   9   0.3643114494
3   8   4   10   0.0000003564
3   8   4   11   -0.0087968701
3   8   4   12   -0.0000000665
3   8   5   8   -0.0101026043
3   8   5   9   -0.0000000036
3   8   5   10   -0.0014028504
3   8   5   11   -0.0000000333
3   8   5   12   0.0137054663
3   8   6   13   0.0137827512
3   8   6   14   -0.0000000000
3   8   7   13   -0.0000000000
3   8   7   14   0.0137827512
3   9   1   8   0.0000079334
3   9   1   9   -0.1959192011
3   9   1   10   -0.0000000034
3   9   1   11   0.0313961776
3   9   1   12   -0.0000000006
3   9   2   8   -0.1962630756
3   9   2   9   -0.0000237397
3   9   2   10   0.0303942242
3   9   2   11   0.0000025341
3   9   2   12   0.0026663283
3   9   3   8   -0.0000000377
3   9   3   9   0.6031294883
3   9   3   10   -0.0000003175
3   9   3   11   -0.0091294685
3   9   3   12   -0.0000001880
3   9   4   8   0.3643223043
3   9   4   9   0.0000294080
3   9   4   10   -0.0088175428
3   9   4   11   -0.0000003556
3   9   4   12   0.0016331902
3   9   5   8   -0.0000000036
3   9   5   9   -0.0100904957
3   9   5   10   -0.0000000567
3   9   5   11   0.0008191316
3   9   5   12   0.0000005523
3   9   6   13   0.0000005552
3   9   6   14   0.0000000000
3   9   7   13   0.0000000000
3   9   7   14   0.0000005552
3   10   1   8   0.0284914788
3   10   1   9   -0.0000000027
3   10   1   10   -0.0078989708
3   10   1   11   0.0000003638
3   10   1   12   -0.0014842729
3   10   2   8   -0.0000000027
3   10   2   9   0.0284790092
3   10   2   10   -0.0000003175
3   10   2   11   -0.0090023866
3   10   2   12   -0.0000000599
3   10   3   8   -0.0078989708
3   10   3   9   -0.0000003175
3   10   3   10   0.4625615477
3   10   3   11   -0.0000000220
3   10   3   12   -0.0294322259
3   10   4   8   0.0000003638
3   10   4   9   -0.0090023866
3   10   4   10   -0.0000000220
3   10   4   11   0.2125249764
3   10   4   12   -0.0000000043
3   10   5   8   -0.0014842729
3   10   5   9   -0.0000000599
3   10   5   10   -0.0294322259
3   10   5   11   -0.0000000043
3   10   5   12   0.0698169695
3   10   6   13   0.0613948975
3   10   6   14   0.0000000000
3   10   7   13   0.0000000000
3   10   7   14   0.0613948975
3   11   1   8   -0.0000023770
3   11   1   9   0.0294371897
3   11   1   10   0.0000003564
3   11   1   11   -0.0092782996
3   11   1   12   0.0000000984
3   11   2   8   0.0294487423
3   11   2   9   0.0000023765
3   11   2   10   -0.0088175428
3   11   2   11   -0.0000003750
3   11   2   12   -0.0024394261
3   11   3   8   0.0000003689
3   11   3   9   -0.0091294685
3   11   3   10   -0.0000000220
3   11   3   11   0.4526495724
3   11   3   12   -0.0000000086
3   11   4   8   -0.0086315325
3   11   4   9   -0.0000003489
3   11   4   10   0.2142985089
3   11   4   11   0.0000000211
3   11   4   12   0.0666567852
3   11   5   8   -0.0000000313
3   11   5   9   0.0007701563
3   11   5   10   -0.0000000043
3   11   5   11   -0.0003851644
3   11   5   12   -0.0000000002
3   11   6   13   -0.0000000011
3   11   6   14   0.0000000001
3   11   7   13   0.0000000001
3   11   7   14   -0.0000000011
3   12   1   8   0.0026723670
3   12   1   9   -0.0000000006
3   12   1   10   -0.0014028504
3   12   1   11   0.0000000946
3   12   1   12   -0.0057453431
3   12   2   8   -0.0000000006
3   12   2   9   0.0026828280
3   12   2   10   -0.0000000567
3   12   2   11   -0.0023454491
3   12   2   12   -0.0000002315
3   12   3   8   -0.0046529826
3   12   3   9   -0.0000001880
3   12   3   10   -0.0294322259
3   12   3   11   -0.0000000086
3   12   3   12   0.4484431258
3   12   4   8   -0.0000000694
3   12   4   9   0.0017062220
3   12   4   10   -0.0000000043
3   12   4   11   0.0671734633
3   12   4   12   -0.0000000048
3   12   5   8   0.0143573580
3   12   5   9   0.0000005786
3   12   5   10   0.0715348596
3   12   5   11   -0.0000000001
3   12   5   12   -0.0192745863
3   12   6   13   0.0014121688
3   12   6   14   0.0000000000
3   12   7   13   0.0000000000
3   12   7   14   0.0014121688
3   13   1   13   -0.0059114515
3   13   1   14   0.0000000000
3   13   2   13   -0.0000002382
3   13   2   14   -0.0000000000
3   13   3   13   0.4403043472
3   13   3   14   0.0000000000
3   13   4   13   -0.0000000045
3   13   4   14   0.0000000001
3   13   5   13   -0.0195302313
3   13   5   14   0.0000000000
3   13   6   8   0.0144105066
3   13   6   9   0.0000005805
3   13   6   10   0.0633884408
3   13   6   11   -0.0000000010
3   13   6   12   0.0007544084
3   13   7   9   0.0000000000
3   13   7   10   0.0000000000
3   13   7   11   -0.0000000000
3   13   7   12   0.0000000000
3   14   1   13   0.0000000000
3   14   1   14   -0.0059114516
3   14   2   13   -0.0000000000
3   14   2   14   -0.0000002382
3   14   3   13   0.0000000000
3   14   3   14   0.4403043471
3   14   4   13   0.0000000001
3   14   4   14   -0.0000000046
3   14   5   13   0.0000000000
3   14   5   14   -0.0195302313
3   14   6   9   0.0000000000
3   14   6   10   0.0000000000
3   14   6   11   -0.0000000000
3   14   6   12   0.0000000000
3   14   7   8   0.0144105066
3   14   7   9   0.0000005805
3   14   7   10   0.0633884408
3   14   7   11   -0.0000000009
3   14   7   12   0.0007544084
4   8   1   8   0.0000246841
4   8   1   9   -0.2037913140
4   8   1   10   -0.0000025347
4   8   1   11   0.0331554440
4   8   1   12   -0.0000003899
4   8   2   8   -0.2042337294
4   8   2   9   -0.0000082349
4   8   2   10   0.0313961776
4   8   2   11   0.0000000025
4   8   2   12   0.0048417568
4   8   3   8   -0.0000294095
4   8   3   9   0.3643223043
4   8   3   10   0.0000003638
4   8   3   11   -0.0086315325
4   8   3   12   -0.0000000694
4   8   4   8   0.6128103428
4   8   4   9   0.0000000361
4   8   4   10   -0.0092782996
4   8   4   11   0.0000003645
4   8   4   12   0.0004498569
4   8   5   8   -0.0000078256
4   8   5   9   0.0969353583
4   8   5   10   0.0000000946
4   8   5   11   -0.0003323259
4   8   5   12   -0.0000005129
4   8   6   13   -0.0000005434
4   8   6   14   0.0000000000
4   8   7   13   0.0000000000
4   8   7   14   -0.0000005434
4   9   1   8   -0.2037919972
4   9   1   9   -0.0000082170
4   9   1   10   0.0313972448
4   9   1   11   0.0000000025
4   9   1   12   0.0048218738
4   9   2   8   -0.0000082349
4   9   2   9   -0.2042382113
4   9   2   10   0.0000025341
4   9   2   11   0.0331685397
4   9   2   12   0.0000003902
4   9   3   8   0.3643114494
4   9   3   9   0.0000294080
4   9   3   10   -0.0090023866
4   9   3   11   -0.0000003489
4   9   3   12   0.0017062220
4   9   4   8   0.0000000361
4   9   4   9   0.6128318830
4   9   4   10   -0.0000003750
4   9   4   11   -0.0090667562
4   9   4   12   0.0000000181
4   9   5   8   0.0969356593
4   9   5   9   0.0000078242
4   9   5   10   -0.0023454491
4   9   5   11   -0.0000000136
4   9   5   12   0.0127231236
4   9   6   13   0.0134705995
4   9   6   14   -0.0000000000
4   9   7   13   -0.0000000000
4   9   7   14   0.0134705995
4   10   1   8   -0.0000023770
4   10   1   9   0.0294487423
4   10   1   10   0.0000003689
4   10   1   11   -0.0086315325
4   10   1   12   -0.0000000313
4   10   2   8   0.0294371897
4   10   2   9   0.0000023765
4   10   2   10   -0.0091294685
4   10   2   11   -0.0000003489
4   10   2   12   0.0007701563
4   10   3   8   0.0000003564
4   10   3   9   -0.0088175428
4   10   3   10   -0.0000000220
4   10   3   11   0.2142985089
4   10   3   12   -0.0000000043
4   10   4   8   -0.0092782996
4   10   4   9   -0.0000003750
4   10   4   10   0.4526495724
4   10   4   11   0.0000000211
4   10   4   12   -0.0003851644
4   10   5   8   0.0000000984
4   10   5   9   -0.0024394261
4   10   5   10   -0.0000000086
4   10   5   11   0.0666567852
4   10   5   12   -0.0000000002
4   10   6   13   -0.0000000011
4   10   6   14   0.0000000001
4   10   7   13   0.0000000001
4   10   7   14   -0.0000000011
4   11   1   8   0.0310320235
4   11   1   9   0.0000000021
4   11   1   10   -0.0087968701
4   11   1   11   0.0000003645
4   11   1   12   -0.0002999488
4   11   2   8   0.0000000021
4   11   2   9   0.0310531463
4   11   2   10   -0.0000003556
4   11   2   11   -0.0090667562
4   11   2   12   -0.0000000123
4   11   3   8   -0.0087968701
4   11   3   9   -0.0000003556
4   11   3   10   0.2125249764
4   11   3   11   0.0000000211
4   11   3   12   0.0671734633
4   11   4   8   0.0000003645
4   11   4   9   -0.0090667562
4   11   4   10   0.0000000211
4   11   4   11   0.4598995501
4   11   4   12   0.0000000061
4   11   5   8   -0.0002999488
4   11   5   9   -0.0000000123
4   11   5   10   0.0671734633
4   11   5   11   0.0000000061
4   11   5   12   0.0686064562
4   11   6   13   0.0553249238
4   11   6   14   -0.0000000000
4   11   7   13   -0.0000000000
4   11   7   14   0.0553249238
4   12   1   8   -0.0000003626
4   12   1   9   0.0044830491
4   12   1   10   -0.0000000333
4   12   1   11   -0.0003323259
4   12   1   12   0.0000002463
4   12   2   8   0.0045023395
4   12   2   9   0.0000003628
4   12   2   10   0.0008191316
4   12   2   11   -0.0000000136
4   12   2   12   -0.0061086071
4   12   3   8   -0.0000000665
4   12   3   9   0.0016331902
4   12   3   10   -0.0000000043
4   12   3   11   0.0666567852
4   12   3   12   -0.0000000048
4   12   4   8   0.0004498569
4   12   4   9   0.0000000181
4   12   4   10   -0.0003851644
4   12   4   11   0.0000000061
4   12   4   12   0.4421726735
4   12   5   8   -0.0000005405
4   12   5   9   0.0134087859
4   12   5   10   -0.0000000001
4   12   5   11   0.0699414413
4   12   5   12   -0.0000000027
4   12   6   13   0.0000000002
4   12   6   14   -0.0000000001
4   12   7   13   -0.0000000001
4   12   7   14   0.0000000002
4   13   1   13   0.0000002613
4   13   1   14   -0.0000000000
4   13   2   13   -0.0064786669
4   13   2   14   0.0000000000
4   13   3   13   -0.0000000045
4   13   3   14   0.0000000001
4   13   4   13   0.4348880129
4   13   4   14   0.0000000001
4   13   5   13   -0.0000000023
4   13   5   14   -0.0000000000
4   13   6   8   -0.0000005718
4   13   6   9   0.0141761000
4   13   6   10   -0.0000000010
4   13   6   11   0.0551786337
4   13   6   12   -0.0000000001
4   13   7   8   0.0000000000
4   13   7   9   -0.0000000000
4   13   7   10   -0.0000000000
4   13   7   11   0.0000000000
4   13   7   12   -0.0000000001
4   14   1   13   -0.0000000000
4   14   1   14   0.0000002613
4   14   2   13   0.0000000000
4   14   2   14   -0.0064786669
4   14   3   13   0.0000000001
4   14   3   14   -0.0000000046
4   14   4   13   0.0000000001
4   14   4   14   0.4348880128
4   14   5   13   -0.0000000000
4   14   5   14   -0.0000000023
4   14   6   8   0.0000000000
4   14   6   9   -0.0000000000
4   14   6   10   -0.0000000000
4   14   6   11   0.0000000000
4   14   6   12   -0.0000000001
4   14   7   8   -0.0000005718
4   14   7   9   0.0141761000
4   14   7   10   -0.0000000009
4   14   7   11   0.0551786337
4   14   7   12   -0.0000000001
5   8   1   8   -0.0232999948
5   8   1   9   0.0000007811
5   8   1   10   0.0026563634
5   8   1   11   -0.0000003899
5   8   1   12   0.0137281221
5   8   2   8   0.0000006235
5   8   2   9   -0.0193828095
5   8   2   10   -0.0000000006
5   8   2   11   0.0048218738
5   8   2   12   0.0000000047
5   8   3   8   -0.0101026043
5   8   3   9   -0.0000000036
5   8   3   10   -0.0014842729
5   8   3   11   -0.0000000313
5   8   3   12   0.0143573580
5   8   4   8   -0.0000078256
5   8   4   9   0.0969356593
5   8   4   10   0.0000000984
5   8   4   11   -0.0002999488
5   8   4   12   -0.0000005405
5   8   5   8   0.5844853781
5   8   5   9   -0.0000000088
5   8   5   10   -0.0057453431
5   8   5   11   0.0000002463
5   8   5   12   -0.0009920937
5   8   6   13   0.0010934204
5   8   6   14   -0.0000000000
5   8   7   13   -0.0000000000
5   8   7   14   0.0010934204
5   9   1   8   0.0000007811
5   9   1   9   -0.0232908893
5   9   1   10   -0.0000000006
5   9   1   11   0.0048417568
5   9   1   12   0.0000000047
5   9   2   8   -0.0193826527
5   9   2   9   -0.0000025054
5   9   2   10   0.0026663283
5   9   2   11   0.0000003902
5   9   2   12   0.0136025903
5   9   3   8   -0.0000000036
5   9   3   9   -0.0100904957
5   9   3   10   -0.0000000599
5   9   3   11   0.0007701563
5   9   3   12   0.0000005786
5   9   4   8   0.0969353583
5   9   4   9   0.0000078242
5   9   4   10   -0.0024394261
5   9   4   11   -0.0000000123
5   9   4   12   0.0134087859
5   9   5   8   -0.0000000088
5   9   5   9   0.5844841353
5   9   5   10   -0.0000002315
5   9   5   11   -0.0061086071
5   9   5   12   -0.0000000400
5   9   6   13   0.0000000441
5   9   6   14   -0.0000000000
5   9   7   13   -0.0000000000
5   9   7   14   0.0000000441
5   10   1   8   0.0026723670
5   10   1   9   -0.0000000006
5   10   1   10   -0.0046529826
5   10   1   11   -0.0000000694
5   10   1   12   0.0143573580
5   10   2   8   -0.0000000006
5   10   2   9   0.0026828280
5   10   2   10   -0.0000001880
5   10   2   11   0.0017062220
5   10   2   12   0.0000005786
5   10   3   8   -0.0014028504
5   10   3   9   -0.0000000567
5   10   3   10   -0.0294322259
5   10   3   11   -0.0000000043
5   10   3   12   0.0715348596
5   10   4   8   0.0000000946
5   10   4   9   -0.0023454491
5   10   4   10   -0.0000000086
5   10   4   11   0.0671734633
5   10   4   12   -0.0000000001
5   10   5   8   -0.0057453431
5   10   5   9   -0.0000002315
5   10   5   10   0.4484431258
5   10   5   11   -0.0000000048
5   10   5   12   -0.0192745863
5   10   6   13   0.0014121688
5   10   6   14   0.0000000000
5   10   7   13   0.0000000000
5   10   7   14   0.0014121688
5   11   1   8   -0.0000003626
5   11   1   9   0.0045023395
5   11   1   10   -0.0000000665
5   11   1   11   0.0004498569
5   11   1   12   -0.0000005405
5   11   2   8   0.0044830491
5   11   2   9   0.0000003628
5   11   2   10   0.0016331902
5   11   2   11   0.0000000181
5   11   2   12   0.0134087859
5   11   3   8   -0.0000000333
5   11   3   9   0.0008191316
5   11   3   10   -0.0000000043
5   11   3   11   -0.0003851644
5   11   3   12   -0.0000000001
5   11   4   8   -0.0003323259
5   11   4   9   -0.0000000136
5   11   4   10   0.0666567852
5   11   4   11   0.0000000061
5   11   4   12   0.0699414413
5   11   5   8   0.0000002463
5   11   5   9   -0.0061086071
5   11   5   10   -0.0000000048
5   11   5   11   0.4421726735
5   11   5   12   -0.0000000027
5   11   6   13   0.0000000002
5   11   6   14   -0.0000000001
5   11   7   13   -0.0000000001
5   11   7   14   0.0000000002
5   12   1   8   0.0111408958
5   12   1   9   0.0000000050
5   12   1   10   0.0137054663
5   12   1   11   -0.0000005129
5   12   1   12   -0.0009920937
5   12   2   8   0.0000000050
5   12   2   9   0.0110083910
5   12   2   10   0.0000005523
5   12   2   11   0.0127231236
5   12   2   12   -0.0000000400
5   12   3   8   0.0137054663
5   12   3   9   0.0000005523
5   12   3   10   0.0698169695
5   12   3   11   -0.0000000002
5   12   3   12   -0.0192745863
5   12   4   8   -0.0000005129
5   12   4   9   0.0127231236
5   12   4   10   -0.0000000002
5   12   4   11   0.0686064562
5   12   4   12   -0.0000000027
5   12   5   8   -0.0009920937
5   12   5   9   -0.0000000400
5   12   5   10   -0.0192745863
5   12   5   11   -0.0000000027
5   12   5   12   0.4540238836
5   12   6   13   0.0133010770
5   12   6   14   0.0000000000
5   12   7   13   0.0000000000
5   12   7   14   0.0133010770
5   13   1   13   -0.0027962594
5   13   1   14   0.0000000000
5   13   2   13   -0.0000001130
5   13   2   14   -0.0000000000
5   13   3   13   -0.0195302313
5   13   3   14   0.0000000000
5   13   4   13   -0.0000000023
5   13   4   14   -0.0000000000
5   13   5   13   0.4206542397
5   13   5   14   0.0000000000
5   13   6   8   0.0011882312
5   13   6   9   0.0000000480
5   13   6   10   0.0007544084
5   13   6   11   -0.0000000001
5   13   6   12   0.0122972555
5   13   7   8   -0.0000000000
5   13   7   9   -0.0000000000
5   13   7   10   0.0000000000
5   13   7   11   -0.0000000001
5   13   7   12   -0.0000000000
5   14   1   13   0.0000000000
5   14   1   14   -0.0027962594
5   14   2   13   -0.0000000000
5   14   2   14   -0.0000001129
5   14   3   13   0.0000000000
5   14   3   14   -0.0195302313
5   14   4   13   -0.0000000000
5   14   4   14   -0.0000000023
5   14   5   13   0.0000000000
5   14   5   14   0.4206542396
5   14   6   8   -0.0000000000
5   14   6   9   -0.0000000000
5   14   6   10   0.0000000000
5   14   6   11   -0.0000000001
5   14   6   12   -0.0000000000
5   14   7   8   0.0011882312
5   14   7   9   0.0000000480
5   14   7   10   0.0007544084
5   14   7   11   -0.0000000001
5   14   7   12   0.0122972555
6   8   1   13   0.0142776122
6   8   1   14   -0.0000000000
6   8   2   13   0.0000000024
6   8   2   14   0.0000000000
6   8   3   13   0.0144105066
6   8   4   13   -0.0000005718
6   8   4   14   0.0000000000
6   8   5   13   0.0011882312
6   8   5   14   -0.0000000000
6   8   6   8   0.5820153936
6   8   6   9   -0.0000000080
6   8   6   10   -0.0059114515
6   8   6   11   0.0000002613
6   8   6   12   -0.0027962594
6   8   7   8   -0.0000000000
6   8   7   9   0.0000000002
6   8   7   10   0.0000000000
6   8   7   11   -0.0000000000
6   8   7   12   0.0000000000
6   9   1   13   0.0000000024
6   9   1   14   0.0000000000
6   9   2   13   0.0142095366
6   9   2   14   -0.0000000000
6   9   3   13   0.0000005805
6   9   3   14   0.0000000000
6   9   4   13   0.0141761000
6   9   4   14   -0.0000000000
6   9   5   13   0.0000000480
6   9   5   14   -0.0000000000
6   9   6   8   -0.0000000080
6   9   6   9   0.5820133703
6   9   6   10   -0.0000002382
6   9   6   11   -0.0064786669
6   9   6   12   -0.0000001130
6   9   7   8   0.0000000002
6   9   7   9   -0.0000000000
6   9   7   10   -0.0000000000
6   9   7   11   0.0000000000
6   9   7   12   -0.0000000000
6   10   1   13   0.0144105066
6   10   2   13   0.0000005805
6   10   2   14   0.0000000000
6   10   3   13   0.0633884408
6   10   3   14   0.0000000000
6   10   4   13   -0.0000000010
6   10   4   14   -0.0000000000
6   10   5   13   0.0007544084
6   10   5   14   0.0000000000
6   10   6   8   -0.0059114515
6   10   6   9   -0.0000002382
6   10   6   10   0.4403043472
6   10   6   11   -0.0000000045
6   10   6   12   -0.0195302313
6   10   7   8   0.0000000000
6   10   7   9   -0.0000000000
6   10   7   10   0.0000000000
6   10   7   11   0.0000000001
6   10   7   12   0.0000000000
6   11   1   13   -0.0000005718
6   11   1   14   0.0000000000
6   11   2   13   0.0141761000
6   11   2   14   -0.0000000000
6   11   3   13   -0.0000000010
6   11   3   14   -0.0000000000
6   11   4   13   0.0551786337
6   11   4   14   0.0000000000
6   11   5   13   -0.0000000001
6   11   5   14   -0.0000000001
6   11   6   8   0.0000002613
6   11   6   9   -0.0064786669
6   11   6   10   -0.0000000045
6   11   6   11   0.4348880129
6   11   6   12   -0.0000000023
6   11   7   8   -0.0000000000
6   11   7   9   0.0000000000
6   11   7   10   0.0000000001
6   11   7   11   0.0000000001
6   11   7   12   -0.0000000000
6   12   1   13   0.0011882312
6   12   1   14   -0.0000000000
6   12   2   13   0.0000000480
6   12   2   14   -0.0000000000
6   12   3   13   0.0007544084
6   12   3   14   0.0000000000
6   12   4   13   -0.0000000001
6   12   4   14   -0.0000000001
6   12   5   13   0.0122972555
6   12   5   14   -0.0000000000
6   12   6   8   -0.0027962594
6   12   6   9   -0.0000001130
6   12   6   10   -0.0195302313
6   12   6   11   -0.0000000023
6   12   6   12   0.4206542397
6   12   7   8   0.0000000000
6   12   7   9   -0.0000000000
6   12   7   10   0.0000000000
6   12   7   11   -0.0000000000
6   12   7   12   0.0000000000
6   13   1   8   0.0116074902
6   13   1   9   0.0000000027
6   13   1   10   0.0137827512
6   13   1   11   -0.0000005434
6   13   1   12   0.0010934204
6   13   2   8   0.0000000027
6   13   2   9   0.0115327248
6   13   2   10   0.0000005552
6   13   2   11   0.0134705995
6   13   2   12   0.0000000441
6   13   3   8   0.0137827512
6   13   3   9   0.0000005552
6   13   3   10   0.0613948975
6   13   3   11   -0.0000000011
6   13   3   12   0.0014121688
6   13   4   8   -0.0000005434
6   13   4   9   0.0134705995
6   13   4   10   -0.0000000011
6   13   4   11   0.0553249238
6   13   4   12   0.0000000002
6   13   5   8   0.0010934204
6   13   5   9   0.0000000441
6   13   5   10   0.0014121688
6   13   5   11   0.0000000002
6   13   5   12   0.0133010770
6   13   6   13   0.4378851569
6   13   6   14   0.0000000005
6   13   7   13   0.0000000005
6   13   7   14   0.0125049882
6   14   1   8   -0.0000000000
6   14   1   9   0.0000000000
6   14   1   10   -0.0000000000
6   14   1   11   0.0000000000
6   14   1   12   -0.0000000000
6   14   2   8   0.0000000000
6   14   2   9   -0.0000000000
6   14   2   10   0.0000000000
6   14   2   11   -0.0000000000
6   14   2   12   -0.0000000000
6   14   3   8   -0.0000000000
6   14   3   9   0.0000000000
6   14   3   10   0.0000000000
6   14   3   11   0.0000000001
6   14   3   12   0.0000000000
6   14   4   8   0.0000000000
6   14   4   9   -0.0000000000
6   14   4   10   0.0000000001
6   14   4   11   -0.0000000000
6   14   4   12   -0.0000000001
6   14   5   8   -0.0000000000
6   14   5   9   -0.0000000000
6   14   5   10   0.0000000000
6   14   5   11   -0.0000000001
6   14   5   12   0.0000000000
6   14   6   13   0.0000000005
6   14   6   14   0.4149803450
6   14   7   13   0.0103998254
6   14   7   14   -0.0000000006
7   8   1   13   -0.0000000000
7   8   1   14   0.0142776122
7   8   2   13   0.0000000000
7   8   2   14   0.0000000024
7   8   3   14   0.0144105066
7   8   4   13   0.0000000000
7   8   4   14   -0.0000005718
7   8   5   13   -0.0000000000
7   8   5   14   0.0011882312
7   8   6   8   -0.0000000000
7   8   6   9   0.0000000002
7   8   6   10   0.0000000000
7   8   6   11   -0.0000000000
7   8   6   12   0.0000000000
7   8   7   8   0.5820153936
7   8   7   9   -0.0000000082
7   8   7   10   -0.0059114516
7   8   7   11   0.0000002613
7   8   7   12   -0.0027962594
7   9   1   13   0.0000000000
7   9   1   14   0.0000000024
7   9   2   13   -0.0000000000
7   9   2   14   0.0142095366
7   9   3   13   0.0000000000
7   9   3   14   0.0000005805
7   9   4   13   -0.0000000000
7   9   4   14   0.0141761000
7   9   5   13   -0.0000000000
7   9   5   14   0.0000000480
7   9   6   8   0.0000000002
7   9   6   9   -0.0000000000
7   9   6   10   -0.0000000000
7   9   6   11   0.0000000000
7   9   6   12   -0.0000000000
7   9   7   8   -0.0000000082
7   9   7   9   0.5820133703
7   9   7   10   -0.0000002382
7   9   7   11   -0.0064786669
7   9   7   12   -0.0000001129
7   10   1   14   0.0144105066
7   10   2   13   0.0000000000
7   10   2   14   0.0000005805
7   10   3   13   0.0000000000
7   10   3   14   0.0633884408
7   10   4   13   -0.0000000000
7   10   4   14   -0.0000000009
7   10   5   13   0.0000000000
7   10   5   14   0.0007544084
7   10   6   8   0.0000000000
7   10   6   9   -0.0000000000
7   10   6   10   0.0000000000
7   10   6   11   0.0000000001
7   10   6   12   0.0000000000
7   10   7   8   -0.0059114516
7   10   7   9   -0.0000002382
7   10   7   10   0.4403043471
7   10   7   11   -0.0000000046
7   10   7   12   -0.0195302313
7   11   1   13   0.0000000000
7   11   1   14   -0.0000005718
7   11   2   13   -0.0000000000
7   11   2   14   0.0141761000
7   11   3   13   -0.0000000000
7   11   3   14   -0.0000000009
7   11   4   13   0.0000000000
7   11   4   14   0.0551786337
7   11   5   13   -0.0000000001
7   11   5   14   -0.0000000001
7   11   6   8   -0.0000000000
7   11   6   9   0.0000000000
7   11   6   10   0.0000000001
7   11   6   11   0.0000000001
7   11   6   12   -0.0000000000
7   11   7   8   0.0000002613
7   11   7   9   -0.0064786669
7   11   7   10   -0.0000000046
7   11   7   11   0.4348880128
7   11   7   12   -0.0000000023
7   12   1   13   -0.0000000000
7   12   1   14   0.0011882312
7   12   2   13   -0.0000000000
7   12   2   14   0.0000000480
7   12   3   13   0.0000000000
7   12   3   14   0.0007544084
7   12   4   13   -0.0000000001
7   12   4   14   -0.0000000001
7   12   5   13   -0.0000000000
7   12   5   14   0.0122972555
7   12   6   8   0.0000000000
7   12   6   9   -0.0000000000
7   12   6   10   0.0000000000
7   12   6   11   -0.0000000000
7   12   6   12   0.0000000000
7   12   7   8   -0.0027962594
7   12   7   9   -0.0000001129
7   12   7   10   -0.0195302313
7   12   7   11   -0.0000000023
7   12   7   12   0.4206542396
7   13   1   8   -0.0000000000
7   13   1   9   0.0000000000
7   13   1   10   -0.0000000000
7   13   1   11   0.0000000000
7   13   1   12   -0.0000000000
7   13   2   8   0.0000000000
7   13   2   9   -0.0000000000
7   13   2   10   0.0000000000
7   13   2   11   -0.0000000000
7   13   2   12   -0.0000000000
7   13   3   8   -0.0000000000
7   13   3   9   0.0000000000
7   13   3   10   0.0000000000
7   13   3   11   0.0000000001
7   13   3   12   0.0000000000
7   13   4   8   0.0000000000
7   13   4   9   -0.0000000000
7   13   4   10   0.0000000001
7   13   4   11   -0.0000000000
7   13   4   12   -0.0000000001
7   13   5   8   -0.0000000000
7   13   5   9   -0.0000000000
7   13   5   10   0.0000000000
7   13   5   11   -0.0000000001
7   13   5   12   0.0000000000
7   13   6   13   0.0000000005
7   13   6   14   0.0103998254
7   13   7   13   0.4149803450
7   13   7   14   -0.0000000006
7   14   1   8   0.0116074902
7   14   1   9   0.0000000027
7   14   1   10   0.0137827512
7   14   1   11   -0.0000005434
7   14   1   12   0.0010934204
7   14   2   8   0.0000000027
7   14   2   9   0.0115327248
7   14   2   10   0.0000005552
7   14   2   11   0.0134705995
7   14   2   12   0.0000000441
7   14   3   8   0.0137827512
7   14   3   9   0.0000005552
7   14   3   10   0.0613948975
7   14   3   11   -0.0000000011
7   14   3   12   0.0014121688
7   14   4   8   -0.0000005434
7   14   4   9   0.0134705995
7   14   4   10   -0.0000000011
7   14   4   11   0.0553249238
7   14   4   12   0.0000000002
7   14   5   8   0.0010934204
7   14   5   9   0.0000000441
7   14   5   10   0.0014121688
7   14   5   11   0.0000000002
7   14   5   12   0.0133010770
7   14   6   13   0.0125049882
7   14   6   14   -0.0000000006
7   14   7   13   -0.0000000006
7   14   7   14   0.4378851570

End IJKL Block
Begin ABCD Block
1   4   1   4   0.4377198179
1   4   1   5   0.0000000003
1   4   2   4   0.0000000003
1   4   2   5   0.0166410354
1   4   3   6   0.0185473549
1   5   1   4   0.0000000003
1   5   1   5   0.4053967528
1   5   2   4   0.0156820334
1   5   2   5   -0.0000000004
1   5   3   6   0.0000000000
1   6   1   6   0.4186908634
1   6   2   6   -0.0000000003
1   6   3   4   0.0179125574
1   6   3   5   0.0000000000
2   4   1   4   0.0000000003
2   4   1   5   0.0156820334
2   4   2   4   0.4053967528
2   4   2   5   -0.0000000004
2   4   3   6   0.0000000000
2   5   1   4   0.0166410354
2   5   1   5   -0.0000000004
2   5   2   4   -0.0000000004
2   5   2   5   0.4377198179
2   5   3   6   0.0185473549
2   6   1   6   -0.0000000003
2   6   2   6   0.4186908635
2   6   3   4   0.0000000000
2   6   3   5   0.0179125574
3   4   1   6   0.0179125574
3   4   2   6   0.0000000000
3   4   3   4   0.4186908634
3   4   3   5   -0.0000000003
3   5   1   6   0.0000000000
3   5   2   6   0.0179125574
3   5   3   4   -0.0000000003
3   5   3   5   0.4186908635
3   6   1   4   0.0185473549
3   6   1   5   0.0000000000
3   6   2   4   0.0000000000
3   6   2   5   0.0185473549
3   6   3   6   0.4695513904

End ABCD Block
Begin AIJB Block
1   8   1   4   0.0128282085
1   8   2   4   -0.0000000016
1   8   2   5   0.0000000000
1   8   3   4   0.0127023147
1   8   3   5   -0.0000000000
1   8   4   4   -0.0000005501
1   8   4   5   0.0000000000
1   8   5   4   0.0017453012
1   8   6   6   0.0022305568
1   8   7   6   -0.0007395361
1   9   1   4   -0.0000000016
1   9   1   5   0.0000000000
1   9   2   4   0.0128729255
1   9   3   4   0.0000005122
1   9   4   4   0.0136513280
1   9   4   5   -0.0000000000
1   9   5   4   0.0000000705
1   9   5   5   0.0000000000
1   9   6   6   0.0000000900
1   9   7   6   -0.0000000299
1   10   1   4   0.0127023147
1   10   1   5   -0.0000000000
1   10   2   4   0.0000005122
1   10   3   4   0.0564015600
1   10   3   5   -0.0000000000
1   10   4   4   0.0000000008
1   10   4   5   -0.0000000000
1   10   5   4   0.0087670578
1   10   5   5   -0.0000000000
1   10   6   6   -0.0253900709
1   10   7   6   0.0084180211
1   11   1   4   -0.0000005501
1   11   1   5   0.0000000000
1   11   2   4   0.0136513280
1   11   2   5   -0.0000000000
1   11   3   4   0.0000000008
1   11   3   5   -0.0000000000
1   11   4   4   0.0669169748
1   11   4   5   -0.0000000000
1   11   5   4   0.0000000012
1   11   5   5   0.0000000000
1   11   6   6   -0.0000000018
1   11   7   6   0.0000000005
1   12   1   4   0.0017453012
1   12   2   4   0.0000000705
1   12   2   5   0.0000000000
1   12   3   4   0.0087670578
1   12   3   5   -0.0000000000
1   12   4   4   0.0000000012
1   12   4   5   0.0000000000
1   12   5   4   0.0221989389
1   12   5   5   0.0000000000
1   12   6   6   0.1513478806
1   12   7   6   -0.0501790508
1   13   1   6   -0.0028645184
1   13   2   6   -0.0000001156
1   13   3   6   -0.0109455274
1   13   4   6   -0.0000000015
1   13   5   6   0.0153212466
1   13   6   4   0.1930988604
1   13   6   5   -0.0565877815
1   13   7   4   -0.0565877810
1   13   7   5   0.0001975731
1   14   1   6   0.0009497246
1   14   2   6   0.0000000383
1   14   3   6   0.0036289651
1   14   4   6   0.0000000005
1   14   5   6   -0.0050797250
1   14   6   4   -0.0565877810
1   14   6   5   -0.1521136391
1   14   7   4   0.0411827986
1   14   7   5   0.0565877816
2   8   1   5   0.0128282085
2   8   2   4   0.0000000000
2   8   2   5   -0.0000000016
2   8   3   4   -0.0000000000
2   8   3   5   0.0127023147
2   8   4   4   0.0000000000
2   8   4   5   -0.0000005501
2   8   5   5   0.0017453012
2   8   6   6   -0.0007395361
2   8   7   6   -0.0022305569
2   9   1   4   0.0000000000
2   9   1   5   -0.0000000016
2   9   2   5   0.0128729255
2   9   3   5   0.0000005122
2   9   4   4   -0.0000000000
2   9   4   5   0.0136513280
2   9   5   4   0.0000000000
2   9   5   5   0.0000000705
2   9   6   6   -0.0000000298
2   9   7   6   -0.0000000900
2   10   1   4   -0.0000000000
2   10   1   5   0.0127023147
2   10   2   5   0.0000005122
2   10   3   4   -0.0000000000
2   10   3   5   0.0564015600
2   10   4   4   -0.0000000000
2   10   4   5   0.0000000008
2   10   5   4   -0.0000000000
2   10   5   5   0.0087670578
2   10   6   6   0.0084180212
2   10   7   6   0.0253900709
2   11   1   4   0.0000000000
2   11   1   5   -0.0000005501
2   11   2   4   -0.0000000000
2   11   2   5   0.0136513280
2   11   3   4   -0.0000000000
2   11   3   5   0.0000000008
2   11   4   4   -0.0000000000
2   11   4   5   0.0669169748
2   11   5   4   0.0000000000
2   11   5   5   0.0000000012
2   11   6   6   0.0000000007
2   11   7   6   0.0000000018
2   12   1   5   0.0017453012
2   12   2   4   0.0000000000
2   12   2   5   0.0000000705
2   12   3   4   -0.0000000000
2   12   3   5   0.0087670578
2   12   4   4   0.0000000000
2   12   4   5   0.0000000012
2   12   5   4   0.0000000000
2   12   5   5   0.0221989389
2   12   6   6   -0.0501790508
2   12   7   6   -0.1513478806
2   13   1   6   0.0009497246
2   13   2   6   0.0000000383
2   13   3   6   0.0036289651
2   13   4   6   0.0000000005
2   13   5   6   -0.0050797250
2   13   6   4   -0.0565877815
2   13   6   5   0.0411827985
2   13   7   4   -0.1521136391
2   13   7   5   0.0565877809
2   14   1   6   0.0028645184
2   14   2   6   0.0000001156
2   14   3   6   0.0109455274
2   14   4   6   0.0000000015
2   14   5   6   -0.0153212466
2   14   6   4   0.0001975731
2   14   6   5   0.0565877809
2   14   7   4   0.0565877816
2   14   7   5   0.1930988604
3   8   1   6   0.0156793748
3   8   2   6   -0.0000000042
3   8   3   6   0.0127862767
3   8   4   6   -0.0000005597
3   8   5   6   0.0013893200
3   8   6   4   -0.0028645184
3   8   6   5   0.0009497246
3   8   7   4   0.0009497246
3   8   7   5   0.0028645184
3   9   1   6   -0.0000000042
3   9   2   6   0.0157904686
3   9   3   6   0.0000005160
3   9   4   6   0.0138995341
3   9   5   6   0.0000000560
3   9   6   4   -0.0000001156
3   9   6   5   0.0000000383
3   9   7   4   0.0000000383
3   9   7   5   0.0000001156
3   10   1   6   0.0127862767
3   10   2   6   0.0000005160
3   10   3   6   0.0610544560
3   10   4   6   0.0000000027
3   10   5   6   -0.0243942158
3   10   6   4   -0.0109455274
3   10   6   5   0.0036289651
3   10   7   4   0.0036289651
3   10   7   5   0.0109455274
3   11   1   6   -0.0000005597
3   11   2   6   0.0138995341
3   11   3   6   0.0000000027
3   11   4   6   0.0640909391
3   11   5   6   -0.0000000016
3   11   6   4   -0.0000000015
3   11   6   5   0.0000000005
3   11   7   4   0.0000000005
3   11   7   5   0.0000000015
3   12   1   6   0.0013893200
3   12   2   6   0.0000000560
3   12   3   6   -0.0243942158
3   12   4   6   -0.0000000016
3   12   5   6   0.1860916666
3   12   6   4   0.0153212466
3   12   6   5   -0.0050797250
3   12   7   4   -0.0050797250
3   12   7   5   -0.0153212466
3   13   1   4   0.0022305568
3   13   1   5   -0.0007395361
3   13   2   4   0.0000000900
3   13   2   5   -0.0000000298
3   13   3   4   -0.0253900709
3   13   3   5   0.0084180212
3   13   4   4   -0.0000000018
3   13   4   5   0.0000000007
3   13   5   4   0.1513478806
3   13   5   5   -0.0501790508
3   13   6   6   0.0232724325
3   13   7   6   -0.0000000000
3   14   1   4   -0.0007395361
3   14   1   5   -0.0022305569
3   14   2   4   -0.0000000299
3   14   2   5   -0.0000000900
3   14   3   4   0.0084180211
3   14   3   5   0.0253900709
3   14   4   4   0.0000000005
3   14   4   5   0.0000000018
3   14   5   4   -0.0501790508
3   14   5   5   -0.1513478806
3   14   6   6   -0.0000000000
3   14   7   6   0.0232724326

1   8   8   1   -0.5648720194
1   8   8   2   -0.0000000000
1   8   9   1   -0.0000000064
1   8   9   2   -0.0000000000
1   8   10   1   0.0049329229
1   8   10   2   -0.0000000000
1   8   11   1   -0.0000002132
1   8   11   2   0.0000000000
1   8   12   1   0.0015584591
1   8   12   2   -0.0000000000
1   8   13   3   0.0030409517
1   8   14   3   -0.0010082207
1   9   8   1   -0.0000000064
1   9   8   2   -0.0000000000
1   9   9   1   -0.5648732895
1   9   9   2   -0.0000000000
1   9   10   1   0.0000001989
1   9   10   2   0.0000000000
1   9   11   1   0.0052915519
1   9   11   2   -0.0000000000
1   9   12   1   0.0000000629
1   9   12   2   0.0000000000
1   9   13   3   0.0000001227
1   9   14   3   -0.0000000407
1   10   8   1   0.0049329229
1   10   8   2   -0.0000000000
1   10   9   1   0.0000001989
1   10   9   2   0.0000000000
1   10   10   1   -0.4388128947
1   10   10   2   -0.0000000001
1   10   11   1   -0.0000000041
1   10   11   2   -0.0000000002
1   10   12   1   0.0093414570
1   10   12   2   -0.0000000000
1   10   13   3   0.0131465868
1   10   14   3   -0.0043587214
1   11   8   1   -0.0000002132
1   11   8   2   0.0000000000
1   11   9   1   0.0052915519
1   11   9   2   -0.0000000000
1   11   10   1   -0.0000000041
1   11   10   2   -0.0000000002
1   11   11   1   -0.4411369457
1   11   11   2   -0.0000000001
1   11   12   1   -0.0000000002
1   11   12   2   0.0000000000
1   11   13   3   0.0000000002
1   11   14   3   -0.0000000001
1   12   8   1   0.0015584591
1   12   8   2   -0.0000000000
1   12   9   1   0.0000000629
1   12   9   2   0.0000000000
1   12   10   1   0.0093414570
1   12   10   2   -0.0000000000
1   12   11   1   -0.0000000002
1   12   11   2   0.0000000000
1   12   12   1   -0.4235503817
1   12   12   2   -0.0000000001
1   12   13   3   -0.0159808637
1   12   14   3   0.0052984196
1   13   8   3   0.0029862821
1   13   9   3   0.0000001204
1   13   10   3   0.0135111865
1   13   11   3   0.0000000005
1   13   12   3   -0.0181866430
1   13   13   1   -0.4531022219
1   13   13   2   0.0113504778
1   13   14   1   0.0113504772
1   13   14   2   0.0165000250
1   14   8   3   -0.0009900951
1   14   9   3   -0.0000000399
1   14   10   3   -0.0044796036
1   14   11   3   -0.0000000002
1   14   12   3   0.0060297407
1   14   13   1   0.0113504772
1   14   13   2   0.0139715706
1   14   14   1   -0.4226306306
1   14   14   2   -0.0113504779
2   8   8   1   -0.0000000000
2   8   8   2   -0.5648720194
2   8   9   1   -0.0000000000
2   8   9   2   -0.0000000063
2   8   10   1   -0.0000000000
2   8   10   2   0.0049329229
2   8   11   1   0.0000000000
2   8   11   2   -0.0000002132
2   8   12   1   -0.0000000000
2   8   12   2   0.0015584591
2   8   13   3   -0.0010082207
2   8   14   3   -0.0030409517
2   9   8   1   -0.0000000000
2   9   8   2   -0.0000000063
2   9   9   1   -0.0000000000
2   9   9   2   -0.5648732895
2   9   10   1   0.0000000000
2   9   10   2   0.0000001989
2   9   11   1   -0.0000000000
2   9   11   2   0.0052915519
2   9   12   1   0.0000000000
2   9   12   2   0.0000000629
2   9   13   3   -0.0000000407
2   9   14   3   -0.0000001227
2   10   8   1   -0.0000000000
2   10   8   2   0.0049329229
2   10   9   1   0.0000000000
2   10   9   2   0.0000001989
2   10   10   1   -0.0000000001
2   10   10   2   -0.4388128946
2   10   11   1   -0.0000000002
2   10   11   2   -0.0000000040
2   10   12   1   -0.0000000000
2   10   12   2   0.0093414571
2   10   13   3   -0.0043587214
2   10   14   3   -0.0131465868
2   11   8   1   0.0000000000
2   11   8   2   -0.0000002132
2   11   9   1   -0.0000000000
2   11   9   2   0.0052915519
2   11   10   1   -0.0000000002
2   11   10   2   -0.0000000040
2   11   11   1   -0.0000000001
2   11   11   2   -0.4411369457
2   11   12   1   0.0000000000
2   11   12   2   -0.0000000002
2   11   13   3   -0.0000000001
2   11   14   3   -0.0000000002
2   12   8   1   -0.0000000000
2   12   8   2   0.0015584591
2   12   9   1   0.0000000000
2   12   9   2   0.0000000629
2   12   10   1   -0.0000000000
2   12   10   2   0.0093414571
2   12   11   1   0.0000000000
2   12   11   2   -0.0000000002
2   12   12   1   -0.0000000001
2   12   12   2   -0.4235503817
2   12   13   3   0.0052984196
2   12   14   3   0.0159808637
2   13   8   3   -0.0009900951
2   13   9   3   -0.0000000399
2   13   10   3   -0.0044796036
2   13   11   3   -0.0000000001
2   13   12   3   0.0060297407
2   13   13   1   0.0113504778
2   13   13   2   -0.4226306305
2   13   14   1   0.0139715706
2   13   14   2   -0.0113504772
2   14   8   3   -0.0029862821
2   14   9   3   -0.0000001204
2   14   10   3   -0.0135111865
2   14   11   3   -0.0000000005
2   14   12   3   0.0181866430
2   14   13   1   0.0165000250
2   14   13   2   -0.0113504772
2   14   14   1   -0.0113504779
2   14   14   2   -0.4531022219
3   8   8   3   -0.5961803563
3   8   9   3   -0.0000000035
3   8   10   3   0.0054887214
3   8   11   3   -0.0000002727
3   8   12   3   0.0070499770
3   8   13   1   0.0029862821
3   8   13   2   -0.0009900951
3   8   14   1   -0.0009900951
3   8   14   2   -0.0029862821
3   9   8   3   -0.0000000035
3   9   9   3   -0.5961774476
3   9   10   3   0.0000002210
3   9   11   3   0.0067604436
3   9   12   3   0.0000002852
3   9   13   1   0.0000001204
3   9   13   2   -0.0000000399
3   9   14   1   -0.0000000399
3   9   14   2   -0.0000001204
3   10   8   3   0.0054887214
3   10   9   3   0.0000002210
3   10   10   3   -0.4587075852
3   10   11   3   -0.0000000033
3   10   12   3   0.0322188091
3   10   13   1   0.0135111865
3   10   13   2   -0.0044796036
3   10   14   1   -0.0044796036
3   10   14   2   -0.0135111865
3   11   8   3   -0.0000002727
3   11   9   3   0.0067604436
3   11   10   3   -0.0000000033
3   11   11   3   -0.4512161063
3   11   12   3   0.0000000041
3   11   13   1   0.0000000005
3   11   13   2   -0.0000000001
3   11   14   1   -0.0000000002
3   11   14   2   -0.0000000005
3   12   8   3   0.0070499770
3   12   9   3   0.0000002852
3   12   10   3   0.0322188091
3   12   11   3   0.0000000041
3   12   12   3   -0.4723977901
3   12   13   1   -0.0181866430
3   12   13   2   0.0060297407
3   12   14   1   0.0060297407
3   12   14   2   0.0181866430
3   13   8   1   0.0030409517
3   13   8   2   -0.0010082207
3   13   9   1   0.0000001227
3   13   9   2   -0.0000000407
3   13   10   1   0.0131465868
3   13   10   2   -0.0043587214
3   13   11   1   0.0000000002
3   13   11   2   -0.0000000001
3   13   12   1   -0.0159808637
3   13   12   2   0.0052984196
3   13   13   3   -0.4337863729
3   13   14   3   0.0000000003
3   14   8   1   -0.0010082207
3   14   8   2   -0.0030409517
3   14   9   1   -0.0000000407
3   14   9   2   -0.0000001227
3   14   10   1   -0.0043587214
3   14   10   2   -0.0131465868
3   14   11   1   -0.0000000001
3   14   11   2   -0.0000000002
3   14   12   1   0.0052984196
3   14   12   2   0.0159808637
3   14   13   3   0.0000000003
3   14   14   3   -0.4337863731

End AIJB Block
Begin IJKA Block
1   8   1   6   0.0000057074
1   8   2   6   -0.0483391088
1   8   3   6   -0.0000006512
1   8   4   6   0.0062392815
1   8   5   6   0.0000009867
1   8   6   4   0.0000009875
1   8   6   5   -0.0000003274
1   8   7   4   -0.0000003274
1   8   7   5   -0.0000009875
1   9   1   6   -0.0447144001
1   9   2   6   -0.0000019499
1   9   3   6   0.0080719817
1   9   4   6   0.0000000011
1   9   5   6   -0.0122811716
1   9   6   4   -0.0122589899
1   9   6   5   0.0040644406
1   9   7   4   0.0040644406
1   9   7   5   0.0122589899
1   10   1   6   -0.0000050873
1   10   2   6   0.0629856970
1   10   3   6   0.0000000507
1   10   4   6   -0.0033876618
1   10   5   6   0.0000005243
1   10   6   4   0.0000005032
1   10   6   5   -0.0000001668
1   10   7   4   -0.0000001668
1   10   7   5   -0.0000005032
1   11   1   6   0.0463471418
1   11   2   6   0.0000000039
1   11   3   6   -0.0007233473
1   11   4   6   0.0000001245
1   11   5   6   -0.0140893898
1   11   6   4   -0.0135052722
1   11   6   5   0.0044776427
1   11   7   4   0.0044776427
1   11   7   5   0.0135052722
1   12   1   6   0.0000235588
1   12   2   6   -0.2918189115
1   12   3   6   -0.0000001397
1   12   4   6   0.0033720358
1   12   5   6   0.0000000210
1   12   6   4   0.0000000665
1   12   6   5   -0.0000000220
1   12   7   4   -0.0000000220
1   12   7   5   -0.0000000665
1   13   1   4   0.0000239180
1   13   1   5   -0.0000079298
1   13   2   4   -0.2962955692
1   13   2   5   0.0982361322
1   13   3   4   -0.0000001447
1   13   3   5   0.0000000480
1   13   4   4   0.0033022300
1   13   4   5   -0.0010948470
1   13   5   4   0.0000000566
1   13   5   5   -0.0000000188
1   13   6   6   -0.0000001200
1   14   1   4   -0.0000079302
1   14   1   5   -0.0000239180
1   14   2   4   0.0982361323
1   14   2   5   0.2962955692
1   14   3   4   0.0000000479
1   14   3   5   0.0000001447
1   14   4   4   -0.0010948470
1   14   4   5   -0.0033022300
1   14   5   4   -0.0000000188
1   14   5   5   -0.0000000566
1   14   7   6   -0.0000001200
2   8   1   6   -0.0483417813
2   8   2   6   -0.0000020963
2   8   3   6   0.0080555096
2   8   4   6   0.0000000011
2   8   5   6   -0.0121639801
2   8   6   4   -0.0122052624
2   8   6   5   0.0040466274
2   8   7   4   0.0040466274
2   8   7   5   0.0122052624
2   9   1   6   -0.0000019500
2   9   2   6   -0.0447326250
2   9   3   6   0.0000006506
2   9   4   6   0.0062233673
2   9   5   6   -0.0000009866
2   9   6   4   -0.0000009873
2   9   6   5   0.0000003274
2   9   7   4   0.0000003273
2   9   7   5   0.0000009873
2   10   1   6   0.0629837345
2   10   2   6   0.0000050813
2   10   3   6   -0.0012485361
2   10   4   6   -0.0000001366
2   10   5   6   -0.0129805707
2   10   6   4   -0.0124490196
2   10   6   5   0.0041274446
2   10   7   4   0.0041274446
2   10   7   5   0.0124490196
2   11   1   6   0.0000000039
2   11   2   6   0.0463332614
2   11   3   6   -0.0000000290
2   11   4   6   -0.0030865199
2   11   5   6   -0.0000005696
2   11   6   4   -0.0000005457
2   11   6   5   0.0000001809
2   11   7   4   0.0000001809
2   11   7   5   0.0000005457
2   12   1   6   -0.2918104422
2   12   2   6   -0.0000235535
2   12   3   6   0.0034536910
2   12   4   6   0.0000001362
2   12   5   6   -0.0005178120
2   12   6   4   -0.0016476312
2   12   6   5   0.0005462684
2   12   7   4   0.0005462684
2   12   7   5   0.0016476312
2   13   1   4   -0.2962871052
2   13   1   5   0.0982333259
2   13   2   4   -0.0000239170
2   13   2   5   0.0000079298
2   13   3   4   0.0035806988
2   13   3   5   -0.0011871727
2   13   4   4   0.0000001335
2   13   4   5   -0.0000000442
2   13   5   4   -0.0013996366
2   13   5   5   0.0004640464
2   13   6   6   0.0029716785
2   13   7   6   -0.0000000000
2   14   1   4   0.0982333261
2   14   1   5   0.2962871052
2   14   2   4   0.0000079294
2   14   2   5   0.0000239170
2   14   3   4   -0.0011871726
2   14   3   5   -0.0035806988
2   14   4   4   -0.0000000443
2   14   4   5   -0.0000001335
2   14   5   4   0.0004640464
2   14   5   5   0.0013996366
2   14   6   6   -0.0000000000
2   14   7   6   0.0029716785
3   8   1   6   -0.0000006773
3   8   2   6   0.0083779535
3   8   3   6   -0.0000000823
3   8   4   6   -0.0044726601
3   8   5   6   0.0000006227
3   8   6   4   0.0000005441
3   8   6   5   -0.0000001804
3   8   7   4   -0.0000001804
3   8   7   5   -0.0000005441
3   9   1   6   0.0083929782
3   9   2   6   0.0000006765
3   9   3   6   0.0020541159
3   9   4   6   -0.0000001800
3   9   5   6   -0.0154136019
3   9   6   4   -0.0134612082
3   9   6   5   0.0044630334
3   9   7   4   0.0044630334
3   9   7   5   0.0134612082
3   10   1   6   0.0000000455
3   10   2   6   -0.0011206697
3   10   3   6   -0.0000000045
3   10   4   6   0.0261683594
3   10   5   6   0.0000000054
3   10   6   4   0.0000000058
3   10   6   5   -0.0000000019
3   10   7   4   -0.0000000020
3   10   7   5   -0.0000000058
3   11   1   6   -0.0005965042
3   11   2   6   -0.0000000239
3   11   3   6   0.0379278998
3   11   4   6   0.0000000032
3   11   5   6   -0.0622764498
3   11   6   4   -0.0589610452
3   11   6   5   0.0195484025
3   11   7   4   0.0195484024
3   11   7   5   0.0589610452
3   12   1   6   -0.0000001432
3   12   2   6   0.0035409817
3   12   3   6   0.0000000201
3   12   4   6   -0.1796792576
3   12   5   6   0.0000000018
3   12   6   4   0.0000000010
3   12   6   5   -0.0000000004
3   12   7   4   -0.0000000003
3   12   7   5   -0.0000000010
3   13   1   4   -0.0000001530
3   13   1   5   0.0000000508
3   13   2   4   0.0037880947
3   13   2   5   -0.0012559343
3   13   3   4   0.0000000193
3   13   3   5   -0.0000000064
3   13   4   4   -0.1834884096
3   13   4   5   0.0608351711
3   13   5   4   0.0000000021
3   13   5   5   -0.0000000007
3   13   6   6   -0.0000000010
3   13   7   6   0.0000000001
3   14   1   4   0.0000000507
3   14   1   5   0.0000001530
3   14   2   4   -0.0012559343
3   14   2   5   -0.0037880947
3   14   3   4   -0.0000000064
3   14   3   5   -0.0000000193
3   14   4   4   0.0608351712
3   14   4   5   0.1834884096
3   14   5   4   -0.0000000007
3   14   5   5   -0.0000000021
3   14   6   6   0.0000000001
3   14   7   6   -0.0000000011
4   8   1   6   0.0065144327
4   8   2   6   0.0000000009
4   8   3   6   -0.0045526716
4   8   4   6   0.0000001593
4   8   5   6   -0.0148619007
4   8   6   4   -0.0133449876
4   8   6   5   0.0044245008
4   8   7   4   0.0044245008
4   8   7   5   0.0133449876
4   9   1   6   0.0000000009
4   9   2   6   0.0065005697
4   9   3   6   -0.0000001833
4   9   4   6   -0.0039543619
4   9   5   6   -0.0000006010
4   9   6   4   -0.0000005392
4   9   6   5   0.0000001788
4   9   7   4   0.0000001788
4   9   7   5   0.0000005392
4   10   1   6   -0.0031520009
4   10   2   6   -0.0000001271
4   10   3   6   0.0257158224
4   10   4   6   0.0000000022
4   10   5   6   -0.0436555435
4   10   6   4   -0.0527486229
4   10   6   5   0.0174886878
4   10   7   4   0.0174886878
4   10   7   5   0.0527486229
4   11   1   6   0.0000001159
4   11   2   6   -0.0028761569
4   11   3   6   0.0000000031
4   11   4   6   0.0132074146
4   11   5   6   -0.0000000064
4   11   6   4   -0.0000000054
4   11   6   5   0.0000000018
4   11   7   4   0.0000000018
4   11   7   5   0.0000000054
4   12   1   6   0.0035196271
4   12   2   6   0.0000001421
4   12   3   6   -0.1800216973
4   12   4   6   -0.0000000169
4   12   5   6   -0.0583945276
4   12   6   4   -0.0083384215
4   12   6   5   0.0027645850
4   12   7   4   0.0027645850
4   12   7   5   0.0083384215
4   13   1   4   0.0036461142
4   13   1   5   -0.0012088610
4   13   2   4   0.0000001474
4   13   2   5   -0.0000000488
4   13   3   4   -0.1831501430
4   13   3   5   0.0607230196
4   13   4   4   -0.0000000183
4   13   4   5   0.0000000061
4   13   5   4   -0.0556764699
4   13   5   5   0.0184594088
4   13   6   6   0.0072255658
4   13   7   6   0.0000000000
4   14   1   4   -0.0012088610
4   14   1   5   -0.0036461142
4   14   2   4   -0.0000000489
4   14   2   5   -0.0000001474
4   14   3   4   0.0607230197
4   14   3   5   0.1831501430
4   14   4   4   0.0000000060
4   14   4   5   0.0000000183
4   14   5   4   0.0184594089
4   14   5   5   0.0556764699
4   14   6   6   0.0000000000
4   14   7   6   0.0072255658
5   8   1   6   0.0000010989
5   8   2   6   -0.0135589520
5   8   3   6   0.0000006496
5   8   4   6   -0.0155616596
5   8   5   6   0.0000000611
5   8   6   4   0.0000000487
5   8   6   5   -0.0000000162
5   8   7   4   -0.0000000162
5   8   7   5   -0.0000000487
5   9   1   6   -0.0136660014
5   9   2   6   -0.0000010987
5   9   3   6   -0.0160786394
5   9   4   6   -0.0000006292
5   9   5   6   -0.0015146079
5   9   6   4   -0.0012076828
5   9   6   5   0.0004004045
5   9   7   4   0.0004004045
5   9   7   5   0.0012076828
5   10   1   6   0.0000005051
5   10   2   6   -0.0125068424
5   10   3   6   0.0000000043
5   10   4   6   -0.0432345152
5   10   5   6   -0.0000000026
5   10   6   4   0.0000000005
5   10   6   5   -0.0000000002
5   10   7   4   -0.0000000001
5   10   7   5   -0.0000000005
5   11   1   6   -0.0133384053
5   11   2   6   -0.0000005393
5   11   3   6   -0.0616528255
5   11   4   6   -0.0000000066
5   11   5   6   0.0179636267
5   11   6   4   -0.0051077063
5   11   6   5   0.0016934486
5   11   7   4   0.0016934486
5   11   7   5   0.0051077063
5   12   1   6   0.0000000077
5   12   2   6   -0.0001892758
5   12   3   6   0.0000000032
5   12   4   6   -0.0591279631
5   12   5   6   0.0000000067
5   12   6   4   -0.0000000010
5   12   6   5   0.0000000003
5   12   7   4   0.0000000004
5   12   7   5   0.0000000011
5   13   1   4   0.0000000454
5   13   1   5   -0.0000000151
5   13   2   4   -0.0011228979
5   13   2   5   0.0003722943
5   13   3   4   0.0000000026
5   13   3   5   -0.0000000009
5   13   4   4   -0.0553603271
5   13   4   5   0.0183545924
5   13   5   4   0.0000000048
5   13   5   5   -0.0000000016
5   13   6   6   0.0000000004
5   13   7   6   -0.0000000001
5   14   1   4   -0.0000000150
5   14   1   5   -0.0000000454
5   14   2   4   0.0003722943
5   14   2   5   0.0011228979
5   14   3   4   -0.0000000008
5   14   3   5   -0.0000000026
5   14   4   4   0.0183545925
5   14   4   5   0.0553603271
5   14   5   4   -0.0000000016
5   14   5   5   -0.0000000048
5   14   6   6   -0.0000000001
5   14   7   6   0.0000000005
6   8   1   4   0.0000011249
6   8   1   5   -0.0000003729
6   8   2   4   -0.0139106392
6   8   2   5   0.0046120413
6   8   3   4   0.0000005822
6   8   3   5   -0.0000001930
6   8   4   4   -0.0142889817
6   8   4   5   0.0047374799
6   8   5   4   0.0000000586
6   8   5   5   -0.0000000194
6   8   6   6   -0.0000000391
6   9   1   4   -0.0139558183
6   9   1   5   0.0046270203
6   9   2   4   -0.0000011246
6   9   2   5   0.0000003729
6   9   3   4   -0.0144047565
6   9   3   5   0.0047758647
6   9   4   4   -0.0000005774
6   9   4   5   0.0000001914
6   9   5   4   -0.0014525973
6   9   5   5   0.0004816054
6   9   6   6   0.0009740284
6   9   7   6   -0.0000000000
6   10   1   4   0.0000004986
6   10   1   5   -0.0000001653
6   10   2   4   -0.0123339791
6   10   2   5   0.0040893032
6   10   3   4   0.0000000057
6   10   3   5   -0.0000000019
6   10   4   4   -0.0525166320
6   10   4   5   0.0174117717
6   10   5   4   0.0000000001
6   10   5   5   -0.0000000001
6   10   6   6   -0.0000000028
6   10   7   6   0.0000000001
6   11   1   4   -0.0131078295
6   11   1   5   0.0043458715
6   11   2   4   -0.0000005296
6   11   2   5   0.0000001756
6   11   3   4   -0.0579299684
6   11   3   5   0.0192065513
6   11   4   4   -0.0000000054
6   11   4   5   0.0000000017
6   11   5   4   -0.0070051244
6   11   5   5   0.0023225333
6   11   6   6   0.0301111995
6   11   7   6   -0.0000000001
6   12   1   4   0.0000000551
6   12   1   5   -0.0000000183
6   12   2   4   -0.0013661833
6   12   2   5   0.0004529550
6   12   3   4   0.0000000008
6   12   3   5   -0.0000000003
6   12   4   4   -0.0095434152
6   12   4   5   0.0031640979
6   12   5   4   0.0000000004
6   12   5   5   -0.0000000002
6   12   6   6   0.0000000048
6   12   7   6   -0.0000000002
6   13   1   6   -0.0000001101
6   13   2   6   0.0027237465
6   13   3   6   -0.0000000005
6   13   4   6   0.0073754352
6   13   5   6   0.0000000027
6   13   6   4   0.0000000051
6   13   6   5   -0.0000000012
6   13   7   4   -0.0000000004
6   13   7   5   0.0000000001
6   14   1   6   0.0000000000
6   14   3   6   0.0000000001
6   14   4   6   0.0000000000
6   14   5   6   0.0000000000
6   14   6   4   -0.0000000018
6   14   6   5   -0.0000000042
6   14   7   4   0.0000000003
6   14   7   5   -0.0000000001
7   8   1   4   -0.0000003730
7   8   1   5   -0.0000011249
7   8   2   4   0.0046120413
7   8   2   5   0.0139106392
7   8   3   4   -0.0000001930
7   8   3   5   -0.0000005822
7   8   4   4   0.0047374799
7   8   4   5   0.0142889817
7   8   5   4   -0.0000000194
7   8   5   5   -0.0000000586
7   8   7   6   -0.0000000392
7   9   1   4   0.0046270203
7   9   1   5   0.0139558183
7   9   2   4   0.0000003728
7   9   2   5   0.0000011246
7   9   3   4   0.0047758647
7   9   3   5   0.0144047565
7   9   4   4   0.0000001914
7   9   4   5   0.0000005774
7   9   5   4   0.0004816054
7   9   5   5   0.0014525973
7   9   6   6   -0.0000000000
7   9   7   6   0.0009740285
7   10   1   4   -0.0000001653
7   10   1   5   -0.0000004986
7   10   2   4   0.0040893032
7   10   2   5   0.0123339791
7   10   3   4   -0.0000000019
7   10   3   5   -0.0000000057
7   10   4   4   0.0174117717
7   10   4   5   0.0525166320
7   10   5   4   0.0000000000
7   10   5   5   -0.0000000001
7   10   6   6   0.0000000001
7   10   7   6   -0.0000000029
7   11   1   4   0.0043458715
7   11   1   5   0.0131078295
7   11   2   4   0.0000001756
7   11   2   5   0.0000005295
7   11   3   4   0.0192065512
7   11   3   5   0.0579299684
7   11   4   4   0.0000000019
7   11   4   5   0.0000000054
7   11   5   4   0.0023225333
7   11   5   5   0.0070051244
7   11   6   6   -0.0000000001
7   11   7   6   0.0301111996
7   12   1   4   -0.0000000183
7   12   1   5   -0.0000000551
7   12   2   4   0.0004529550
7   12   2   5   0.0013661833
7   12   3   4   -0.0000000002
7   12   3   5   -0.0000000008
7   12   4   4   0.0031640979
7   12   4   5   0.0095434151
7   12   5   4   -0.0000000000
7   12   5   5   -0.0000000004
7   12   6   6   -0.0000000002
7   12   7   6   0.0000000050
7   13   1   6   0.0000000000
7   13   3   6   0.0000000001
7   13   4   6   0.0000000000
7   13   5   6   0.0000000000
7   13   6   4   -0.0000000005
7   13   6   5   -0.0000000002
7   13   7   4   0.0000000043
7   13   7   5   -0.0000000014
7   14   1   6   -0.0000001101
7   14   2   6   0.0027237465
7   14   3   6   -0.0000000006
7   14   4   6   0.0073754352
7   14   5   6   0.0000000027
7   14   6   4   -0.0000000000
7   14   6   5   0.0000000000
7   14   7   4   -0.0000000019
7   14   7   5   -0.0000000054

End IJKA Block
Begin IABC Block
1   4   1   6   -0.0000001184
1   4   2   6   0.0000000000
1   4   3   4   -0.0000000053
1   4   3   5   0.0000000000
1   5   1   6   0.0000000000
1   5   2   6   -0.0000001184
1   5   3   4   0.0000000000
1   5   3   5   -0.0000000053
1   6   1   4   -0.0000001150
1   6   2   5   -0.0000001150
1   6   3   6   -0.0000002063
2   4   1   6   0.0029325924
2   4   3   4   0.0001320635
2   4   3   5   -0.0000000000
2   5   2   6   0.0029325924
2   5   3   4   -0.0000000000
2   5   3   5   0.0001320635
2   6   1   4   0.0028487280
2   6   2   5   0.0028487280
2   6   3   6   0.0051305562
3   4   1   6   0.0000000000
3   4   2   6   0.0000000001
3   4   3   4   -0.0000000002
3   4   3   5   -0.0000000000
3   5   1   6   0.0000000001
3   5   2   6   -0.0000000000
3   5   3   4   -0.0000000000
3   5   3   5   -0.0000000002
3   6   1   4   -0.0000000001
3   6   1   5   0.0000000000
3   6   2   4   0.0000000000
3   6   2   5   -0.0000000001
3   6   3   6   0.0000000031
4   4   1   6   0.0098737643
4   4   2   6   0.0000000000
4   4   3   4   0.0262012453
4   4   3   5   -0.0000000001
4   5   1   6   0.0000000000
4   5   2   6   0.0098737643
4   5   3   4   -0.0000000001
4   5   3   5   0.0262012453
4   6   1   4   0.0079202952
4   6   1   5   0.0000000000
4   6   2   4   0.0000000000
4   6   2   5   0.0079202952
4   6   3   6   0.0369746250
5   4   1   6   0.0000000019
5   4   2   6   -0.0000000002
5   4   3   4   -0.0000000028
5   4   3   5   -0.0000000002
5   5   1   6   -0.0000000002
5   5   2   6   0.0000000020
5   5   3   4   -0.0000000002
5   5   3   5   -0.0000000027
5   6   1   4   0.0000000026
5   6   1   5   0.0000000000
5   6   2   4   0.0000000000
5   6   2   5   0.0000000026
5   6   3   6   -0.0000000006
6   4   1   4   -0.0000000043
6   4   1   5   0.0000000000
6   4   2   4   0.0000000012
6   4   2   5   -0.0000000002
6   4   3   6   -0.0000000043
6   5   1   4   0.0000000001
6   5   1   5   -0.0000000034
6   5   2   4   -0.0000000002
6   5   2   5   0.0000000014
6   5   3   6   0.0000000013
6   6   1   6   -0.0000000016
6   6   2   6   0.0000000018
6   6   3   4   -0.0000000019
6   6   3   5   0.0000000006
7   4   1   4   0.0000000013
7   4   1   5   0.0000000003
7   4   2   4   0.0000000034
7   4   2   5   0.0000000002
7   4   3   6   0.0000000015
7   5   1   4   0.0000000002
7   5   1   5   0.0000000011
7   5   2   4   0.0000000002
7   5   2   5   0.0000000042
7   5   3   6   0.0000000043
7   6   1   6   -0.0000000009
7   6   2   6   0.0000000013
7   6   3   4   0.0000000007
7   6   3   5   0.0000000020

End IABC Block
