0   53   5   12      -0.081604274311
0   53   5   13      -0.092134973478
0   53   6   12      -0.092134973051
0   53   6   13      -0.306699001860
0   54   5   12      -0.092134979560
0   54   5   13      -0.121041685169
0   54   6   12      -0.104052978649
0   54   6   13       0.092134982115
0   55   4   13      -0.069339614554
0   55   6   11      -0.087478953594
1   53   5   12      -0.092134978950
1   53   5   13      -0.104052973426
1   53   6   12      -0.121041684866
1   53   6   13       0.092134982288
1   54   5   12      -0.306699002455
1   54   5   13       0.092134977237
1   54   6   12       0.092134977494
1   54   6   13      -0.081604276936
1   55   4   12      -0.069339614745
1   55   5   11      -0.087478953772
2   53   4   13      -0.087478953594
2   53   6   11      -0.069339614554
2   54   4   12      -0.087478953772
2   54   5   11      -0.069339614745
2   55   4   11      -0.154320389097
0   53   12   5       0.081604274311
0   53   12   6       0.092134973051
0   53   13   5       0.092134973478
0   53   13   6       0.306699001860
0   54   12   5       0.092134979560
0   54   12   6       0.104052978649
0   54   13   5       0.121041685169
0   54   13   6      -0.092134982115
0   55   11   6       0.087478953594
0   55   13   4       0.069339614554
1   53   12   5       0.092134978950
1   53   12   6       0.121041684866
1   53   13   5       0.104052973426
1   53   13   6      -0.092134982288
1   54   12   5       0.306699002455
1   54   12   6      -0.092134977494
1   54   13   5      -0.092134977237
1   54   13   6       0.081604276936
1   55   11   5       0.087478953772
1   55   12   4       0.069339614745
2   53   11   6       0.069339614554
2   53   13   4       0.087478953594
2   54   11   5       0.069339614745
2   54   12   4       0.087478953772
2   55   11   4       0.154320389097
53   0   5   12       0.081604274311
53   0   5   13       0.092134973478
53   0   6   12       0.092134973051
53   0   6   13       0.306699001860
53   1   5   12       0.092134978950
53   1   5   13       0.104052973426
53   1   6   12       0.121041684866
53   1   6   13      -0.092134982288
53   2   4   13       0.087478953594
53   2   6   11       0.069339614554
54   0   5   12       0.092134979560
54   0   5   13       0.121041685169
54   0   6   12       0.104052978649
54   0   6   13      -0.092134982115
54   1   5   12       0.306699002455
54   1   5   13      -0.092134977237
54   1   6   12      -0.092134977494
54   1   6   13       0.081604276936
54   2   4   12       0.087478953772
54   2   5   11       0.069339614745
55   0   4   13       0.069339614554
55   0   6   11       0.087478953594
55   1   4   12       0.069339614745
55   1   5   11       0.087478953772
55   2   4   11       0.154320389097
53   0   12   5      -0.081604274311
53   0   12   6      -0.092134973051
53   0   13   5      -0.092134973478
53   0   13   6      -0.306699001860
53   1   12   5      -0.092134978950
53   1   12   6      -0.121041684866
53   1   13   5      -0.104052973426
53   1   13   6       0.092134982288
53   2   11   6      -0.069339614554
53   2   13   4      -0.087478953594
54   0   12   5      -0.092134979560
54   0   12   6      -0.104052978649
54   0   13   5      -0.121041685169
54   0   13   6       0.092134982115
54   1   12   5      -0.306699002455
54   1   12   6       0.092134977494
54   1   13   5       0.092134977237
54   1   13   6      -0.081604276936
54   2   11   5      -0.069339614745
54   2   12   4      -0.087478953772
55   0   11   6      -0.087478953594
55   0   13   4      -0.069339614554
55   1   11   5      -0.087478953772
55   1   12   4      -0.069339614745
55   2   11   4      -0.154320389097

