0   1   5   6      -0.170865014424
0   1   6   5       0.170865014378
0   2   4   5      -0.140448797836
0   2   4   6      -0.093701998148
0   2   5   4       0.140448797806
0   2   6   4       0.093701998155
1   0   5   6       0.170865014424
1   0   6   5      -0.170865014378
1   2   4   5      -0.093701998158
1   2   4   6       0.140448797819
1   2   5   4       0.093701998134
1   2   6   4      -0.140448797834
2   0   4   5       0.140448797836
2   0   4   6       0.093701998148
2   0   5   4      -0.140448797806
2   0   6   4      -0.093701998155
2   1   4   5       0.093701998158
2   1   4   6      -0.140448797819
2   1   5   4      -0.093701998134
2   1   6   4       0.140448797834
0   53   5   12      -0.589777599329
0   53   5   13      -0.359385095305
0   53   6   12      -0.359385094801
0   53   6   13      -0.290867406041
0   54   5   12      -0.359385111406
0   54   5   13       0.064022583096
0   54   6   12       0.234887596895
0   54   6   13       0.359385111261
0   55   4   12      -0.381128148180
0   55   4   13      -0.254273938913
0   55   5   11      -0.240679350755
0   55   6   11      -0.160571940961
0   60   5   12       0.050955649133
1   53   5   12      -0.359385111420
1   53   5   13       0.234887596697
1   53   6   12       0.064022583151
1   53   6   13       0.359385111455
1   54   5   12      -0.290867406090
1   54   5   13       0.359385095157
1   54   6   12       0.359385094982
1   54   6   13      -0.589777599258
1   55   4   12      -0.254273938946
1   55   4   13       0.381128148247
1   55   5   11      -0.160571940923
1   55   6   11       0.240679350714
1   61   6   13      -0.050955649127
2   53   4   12      -0.240679350645
2   53   4   13      -0.160571940951
2   53   5   11      -0.381128148372
2   53   6   11      -0.254273938905
2   54   4   12      -0.160571941008
2   54   4   13       0.240679350666
2   54   5   11      -0.254273938928
2   54   6   11       0.381128148254
2   55   4   11      -0.765228411787
2   59   4   11      -0.059242715081
6   55   4   11      -0.059242715081
7   53   5   12       0.050955649133
8   54   6   13      -0.050955649128
0   53   12   5       0.589777599329
0   53   12   6       0.359385094801
0   53   13   5       0.359385095305
0   53   13   6       0.290867406041
0   54   12   5       0.359385111406
0   54   12   6      -0.234887596895
0   54   13   5      -0.064022583096
0   54   13   6      -0.359385111261
0   55   11   5       0.240679350755
0   55   11   6       0.160571940961
0   55   12   4       0.381128148180
0   55   13   4       0.254273938913
0   60   12   5      -0.050955649133
1   53   12   5       0.359385111420
1   53   12   6      -0.064022583151
1   53   13   5      -0.234887596697
1   53   13   6      -0.359385111455
1   54   12   5       0.290867406090
1   54   12   6      -0.359385094982
1   54   13   5      -0.359385095157
1   54   13   6       0.589777599258
1   55   11   5       0.160571940923
1   55   11   6      -0.240679350714
1   55   12   4       0.254273938946
1   55   13   4      -0.381128148247
1   61   13   6       0.050955649127
2   53   11   5       0.381128148372
2   53   11   6       0.254273938905
2   53   12   4       0.240679350645
2   53   13   4       0.160571940951
2   54   11   5       0.254273938928
2   54   11   6      -0.381128148254
2   54   12   4       0.160571941008
2   54   13   4      -0.240679350666
2   55   11   4       0.765228411787
2   59   11   4       0.059242715081
6   55   11   4       0.059242715081
7   53   12   5      -0.050955649133
8   54   13   6       0.050955649128
53   0   5   12       0.589777599329
53   0   5   13       0.359385095305
53   0   6   12       0.359385094801
53   0   6   13       0.290867406041
53   1   5   12       0.359385111420
53   1   5   13      -0.234887596697
53   1   6   12      -0.064022583151
53   1   6   13      -0.359385111455
53   2   4   12       0.240679350645
53   2   4   13       0.160571940951
53   2   5   11       0.381128148372
53   2   6   11       0.254273938905
53   7   5   12      -0.050955649133
54   0   5   12       0.359385111406
54   0   5   13      -0.064022583096
54   0   6   12      -0.234887596895
54   0   6   13      -0.359385111261
54   1   5   12       0.290867406090
54   1   5   13      -0.359385095157
54   1   6   12      -0.359385094982
54   1   6   13       0.589777599258
54   2   4   12       0.160571941008
54   2   4   13      -0.240679350666
54   2   5   11       0.254273938928
54   2   6   11      -0.381128148254
54   8   6   13       0.050955649128
55   0   4   12       0.381128148180
55   0   4   13       0.254273938913
55   0   5   11       0.240679350755
55   0   6   11       0.160571940961
55   1   4   12       0.254273938946
55   1   4   13      -0.381128148247
55   1   5   11       0.160571940923
55   1   6   11      -0.240679350714
55   2   4   11       0.765228411787
55   6   4   11       0.059242715081
59   2   4   11       0.059242715081
60   0   5   12      -0.050955649133
61   1   6   13       0.050955649127
53   0   12   5      -0.589777599329
53   0   12   6      -0.359385094801
53   0   13   5      -0.359385095305
53   0   13   6      -0.290867406041
53   1   12   5      -0.359385111420
53   1   12   6       0.064022583151
53   1   13   5       0.234887596697
53   1   13   6       0.359385111455
53   2   11   5      -0.381128148372
53   2   11   6      -0.254273938905
53   2   12   4      -0.240679350645
53   2   13   4      -0.160571940951
53   7   12   5       0.050955649133
54   0   12   5      -0.359385111406
54   0   12   6       0.234887596895
54   0   13   5       0.064022583096
54   0   13   6       0.359385111261
54   1   12   5      -0.290867406090
54   1   12   6       0.359385094982
54   1   13   5       0.359385095157
54   1   13   6      -0.589777599258
54   2   11   5      -0.254273938928
54   2   11   6       0.381128148254
54   2   12   4      -0.160571941008
54   2   13   4       0.240679350666
54   8   13   6      -0.050955649128
55   0   11   5      -0.240679350755
55   0   11   6      -0.160571940961
55   0   12   4      -0.381128148180
55   0   13   4      -0.254273938913
55   1   11   5      -0.160571940923
55   1   11   6       0.240679350714
55   1   12   4      -0.254273938946
55   1   13   4       0.381128148247
55   2   11   4      -0.765228411787
55   6   11   4      -0.059242715081
59   2   11   4      -0.059242715081
60   0   12   5       0.050955649133
61   1   13   6      -0.050955649127
53   54   12   13      -0.170865014424
53   54   13   12       0.170865014378
53   55   11   12      -0.140448797836
53   55   11   13      -0.093701998148
53   55   12   11       0.140448797806
53   55   13   11       0.093701998155
54   53   12   13       0.170865014424
54   53   13   12      -0.170865014378
54   55   11   12      -0.093701998158
54   55   11   13       0.140448797819
54   55   12   11       0.093701998134
54   55   13   11      -0.140448797834
55   53   11   12       0.140448797836
55   53   11   13       0.093701998148
55   53   12   11      -0.140448797806
55   53   13   11      -0.093701998155
55   54   11   12       0.093701998158
55   54   11   13      -0.140448797819
55   54   12   11      -0.093701998134
55   54   13   11       0.140448797834

