0   53   5   12      -0.111158275070
0   53   5   13      -0.130647149645
0   53   6   12      -0.130647149753
0   53   6   13      -0.334091990111
0   54   5   12       0.130647181982
0   54   5   13       0.131075242907
0   54   6   12       0.091858514399
0   54   6   13      -0.130647181947
0   55   4   13       0.092705604841
0   55   6   11       0.095555345694
1   53   5   12       0.130647182058
1   53   5   13       0.091858514449
1   53   6   12       0.131075242794
1   53   6   13      -0.130647182005
1   54   5   12      -0.334091988717
1   54   5   13       0.130647148818
1   54   6   12       0.130647148992
1   54   6   13      -0.111158274894
1   55   4   12      -0.092705604715
1   55   5   11      -0.095555345820
2   53   4   13       0.095555345694
2   53   6   11       0.092705604841
2   54   4   12      -0.095555345820
2   54   5   11      -0.092705604715
2   55   4   11      -0.191634926184
0   53   12   5       0.111158275070
0   53   12   6       0.130647149753
0   53   13   5       0.130647149645
0   53   13   6       0.334091990111
0   54   12   5      -0.130647181982
0   54   12   6      -0.091858514399
0   54   13   5      -0.131075242907
0   54   13   6       0.130647181947
0   55   11   6      -0.095555345694
0   55   13   4      -0.092705604841
1   53   12   5      -0.130647182058
1   53   12   6      -0.131075242794
1   53   13   5      -0.091858514449
1   53   13   6       0.130647182005
1   54   12   5       0.334091988717
1   54   12   6      -0.130647148992
1   54   13   5      -0.130647148818
1   54   13   6       0.111158274894
1   55   11   5       0.095555345820
1   55   12   4       0.092705604715
2   53   11   6      -0.092705604841
2   53   13   4      -0.095555345694
2   54   11   5       0.092705604715
2   54   12   4       0.095555345820
2   55   11   4       0.191634926184
53   0   5   12       0.111158275070
53   0   5   13       0.130647149645
53   0   6   12       0.130647149753
53   0   6   13       0.334091990111
53   1   5   12      -0.130647182058
53   1   5   13      -0.091858514449
53   1   6   12      -0.131075242794
53   1   6   13       0.130647182005
53   2   4   13      -0.095555345694
53   2   6   11      -0.092705604841
54   0   5   12      -0.130647181982
54   0   5   13      -0.131075242907
54   0   6   12      -0.091858514399
54   0   6   13       0.130647181947
54   1   5   12       0.334091988717
54   1   5   13      -0.130647148818
54   1   6   12      -0.130647148992
54   1   6   13       0.111158274894
54   2   4   12       0.095555345820
54   2   5   11       0.092705604715
55   0   4   13      -0.092705604841
55   0   6   11      -0.095555345694
55   1   4   12       0.092705604715
55   1   5   11       0.095555345820
55   2   4   11       0.191634926184
53   0   12   5      -0.111158275070
53   0   12   6      -0.130647149753
53   0   13   5      -0.130647149645
53   0   13   6      -0.334091990111
53   1   12   5       0.130647182058
53   1   12   6       0.131075242794
53   1   13   5       0.091858514449
53   1   13   6      -0.130647182005
53   2   11   6       0.092705604841
53   2   13   4       0.095555345694
54   0   12   5       0.130647181982
54   0   12   6       0.091858514399
54   0   13   5       0.131075242907
54   0   13   6      -0.130647181947
54   1   12   5      -0.334091988717
54   1   12   6       0.130647148992
54   1   13   5       0.130647148818
54   1   13   6      -0.111158274894
54   2   11   5      -0.092705604715
54   2   12   4      -0.095555345820
55   0   11   6       0.095555345694
55   0   13   4       0.092705604841
55   1   11   5      -0.095555345820
55   1   12   4      -0.092705604715
55   2   11   4      -0.191634926184

