0   1   5   6      -0.155273973959
0   1   6   5       0.155273973839
0   2   4   5      -0.140829697742
0   2   5   4       0.140829697742
1   0   5   6       0.155273973959
1   0   6   5      -0.155273973839
1   2   4   6       0.140829697763
1   2   6   4      -0.140829697762
2   0   4   5       0.140829697742
2   0   5   4      -0.140829697742
2   1   4   6      -0.140829697763
2   1   6   4       0.140829697762
0   103   5   12      -0.743647374126
0   103   5   13      -0.065108705749
0   103   6   12      -0.065108705818
0   103   6   13      -0.058083962185
0   104   5   12      -0.065108710502
0   104   5   13       0.265144716354
0   104   6   12       0.420418690211
0   104   6   13       0.065108710558
0   105   4   12      -0.376806809862
0   105   5   11      -0.235977111595
0   111   5   12       0.064668639147
1   103   5   12      -0.065108710507
1   103   5   13       0.420418690457
1   103   6   12       0.265144715805
1   103   6   13       0.065108710571
1   104   5   12      -0.058083962229
1   104   5   13       0.065108705703
1   104   6   12       0.065108705789
1   104   6   13      -0.743647374088
1   105   4   13       0.376806809771
1   105   6   11       0.235977111496
1   110   6   13       0.064668638888
2   103   4   12      -0.235977111594
2   103   5   11      -0.376806809862
2   104   4   13       0.235977111497
2   104   6   11       0.376806809773
2   105   4   11      -0.598676829951
2   107   4   11      -0.067981483954
4   105   4   11      -0.067981483954
7   104   6   13       0.064668638888
8   103   5   12       0.064668639147
0   103   12   5       0.743647374126
0   103   12   6       0.065108705818
0   103   13   5       0.065108705749
0   103   13   6       0.058083962185
0   104   12   5       0.065108710502
0   104   12   6      -0.420418690211
0   104   13   5      -0.265144716354
0   104   13   6      -0.065108710558
0   105   11   5       0.235977111595
0   105   12   4       0.376806809862
0   111   12   5      -0.064668639147
1   103   12   5       0.065108710507
1   103   12   6      -0.265144715805
1   103   13   5      -0.420418690457
1   103   13   6      -0.065108710571
1   104   12   5       0.058083962229
1   104   12   6      -0.065108705789
1   104   13   5      -0.065108705703
1   104   13   6       0.743647374088
1   105   11   6      -0.235977111496
1   105   13   4      -0.376806809771
1   110   13   6      -0.064668638888
2   103   11   5       0.376806809862
2   103   12   4       0.235977111594
2   104   11   6      -0.376806809773
2   104   13   4      -0.235977111497
2   105   11   4       0.598676829951
2   107   11   4       0.067981483954
4   105   11   4       0.067981483954
7   104   13   6      -0.064668638888
8   103   12   5      -0.064668639147
103   0   5   12       0.743647374126
103   0   5   13       0.065108705749
103   0   6   12       0.065108705818
103   0   6   13       0.058083962185
103   1   5   12       0.065108710507
103   1   5   13      -0.420418690457
103   1   6   12      -0.265144715805
103   1   6   13      -0.065108710571
103   2   4   12       0.235977111594
103   2   5   11       0.376806809862
103   8   5   12      -0.064668639147
104   0   5   12       0.065108710502
104   0   5   13      -0.265144716354
104   0   6   12      -0.420418690211
104   0   6   13      -0.065108710558
104   1   5   12       0.058083962229
104   1   5   13      -0.065108705703
104   1   6   12      -0.065108705789
104   1   6   13       0.743647374088
104   2   4   13      -0.235977111497
104   2   6   11      -0.376806809773
104   7   6   13      -0.064668638888
105   0   4   12       0.376806809862
105   0   5   11       0.235977111595
105   1   4   13      -0.376806809771
105   1   6   11      -0.235977111496
105   2   4   11       0.598676829951
105   4   4   11       0.067981483954
107   2   4   11       0.067981483954
110   1   6   13      -0.064668638888
111   0   5   12      -0.064668639147
103   0   12   5      -0.743647374126
103   0   12   6      -0.065108705818
103   0   13   5      -0.065108705749
103   0   13   6      -0.058083962185
103   1   12   5      -0.065108710507
103   1   12   6       0.265144715805
103   1   13   5       0.420418690457
103   1   13   6       0.065108710571
103   2   11   5      -0.376806809862
103   2   12   4      -0.235977111594
103   8   12   5       0.064668639147
104   0   12   5      -0.065108710502
104   0   12   6       0.420418690211
104   0   13   5       0.265144716354
104   0   13   6       0.065108710558
104   1   12   5      -0.058083962229
104   1   12   6       0.065108705789
104   1   13   5       0.065108705703
104   1   13   6      -0.743647374088
104   2   11   6       0.376806809773
104   2   13   4       0.235977111497
104   7   13   6       0.064668638888
105   0   11   5      -0.235977111595
105   0   12   4      -0.376806809862
105   1   11   6       0.235977111496
105   1   13   4       0.376806809771
105   2   11   4      -0.598676829951
105   4   11   4      -0.067981483954
107   2   11   4      -0.067981483954
110   1   13   6       0.064668638888
111   0   12   5       0.064668639147
103   104   12   13      -0.155273973959
103   104   13   12       0.155273973839
103   105   11   12      -0.140829697742
103   105   12   11       0.140829697742
104   103   12   13       0.155273973959
104   103   13   12      -0.155273973839
104   105   11   13       0.140829697763
104   105   13   11      -0.140829697762
105   103   11   12       0.140829697742
105   103   12   11      -0.140829697742
105   104   11   13      -0.140829697763
105   104   13   11       0.140829697762

