Begin IJ Block
1   1   -25.4962623227
1   2   -0.0000000013
1   3   -0.4845299210
1   4   -0.0000001076
1   5   0.0143126923
2   2   -25.4962753421
2   3   0.0000001070
2   4   -0.4872736884
2   5   -0.0000000029
3   3   -6.3962315599
3   4   -0.0000000004
3   5   -0.1091237514
4   4   -6.4083063360
4   5   -0.0000000028
5   5   -5.9171201577
6   6   -5.9129306519
6   7   0.0000000000
7   7   -5.9129306519

End IJ Block
Begin IA Block
1   3   0.0000000035
2   3   0.0171556335
3   3   0.0000000051
4   3   0.1785111721
5   2   -0.0000000000
5   3   -0.0000000052
6   1   -0.0000000001
6   2   -0.0000000008
7   1   -0.0000000000
7   2   0.0000000000

End IA Block
Begin AB Block
1   1   -5.7137229079
1   2   0.0000000000
2   2   -5.7137229079
3   3   -5.8098372118

End AB Block
Begin IJAB Block
1   8   1   4   0.0128744197
1   8   2   5   0.0128744197
1   8   3   6   0.0134758621
1   9   1   4   0.0000000000
1   9   1   5   0.0000000000
1   9   2   4   0.0000000000
1   9   2   5   0.0000000000
1   9   3   6   -0.0000000000
1   10   1   4   -0.0135832979
1   10   2   5   -0.0135832979
1   10   3   6   -0.0139730580
1   11   1   4   -0.0000000030
1   11   1   5   -0.0000000000
1   11   2   4   -0.0000000000
1   11   2   5   -0.0000000031
1   11   3   6   -0.0000000031
1   12   1   4   0.0003097714
1   12   2   5   0.0003097714
1   12   3   6   0.0002579932
1   13   1   6   0.0001562687
1   13   2   6   0.0009458633
1   13   3   4   -0.0001381397
1   13   3   5   -0.0008361320
1   14   1   6   -0.0009458633
1   14   2   6   0.0001562687
1   14   3   4   0.0008361320
1   14   3   5   -0.0001381397
2   8   1   4   0.0000000000
2   8   1   5   0.0000000000
2   8   2   4   0.0000000000
2   8   2   5   0.0000000000
2   8   3   6   -0.0000000000
2   9   1   4   0.0128875961
2   9   2   5   0.0128875961
2   9   3   6   0.0135046834
2   10   1   4   0.0000000030
2   10   1   5   -0.0000000000
2   10   2   4   -0.0000000000
2   10   2   5   0.0000000029
2   10   3   6   0.0000000031
2   11   1   4   -0.0138126483
2   11   2   5   -0.0138126483
2   11   3   6   -0.0143349364
2   12   1   4   -0.0000000001
2   12   2   5   -0.0000000001
2   12   3   6   -0.0000000001
2   13   1   6   -0.0000000000
2   13   2   6   -0.0000000002
2   13   3   4   0.0000000000
2   13   3   5   0.0000000002
2   14   1   6   0.0000000002
2   14   2   6   -0.0000000000
2   14   3   4   -0.0000000002
2   14   3   5   0.0000000000
3   8   1   4   -0.0135832979
3   8   2   5   -0.0135832979
3   8   3   6   -0.0139730580
3   9   1   4   0.0000000030
3   9   1   5   -0.0000000000
3   9   2   4   -0.0000000000
3   9   2   5   0.0000000029
3   9   3   6   0.0000000031
3   10   1   4   0.0592266325
3   10   2   5   0.0592266325
3   10   3   6   0.0610685654
3   11   1   4   0.0000000001
3   11   1   5   0.0000000000
3   11   2   4   0.0000000000
3   11   2   5   0.0000000003
3   11   3   6   -0.0000000006
3   12   1   4   -0.0014733108
3   12   2   5   -0.0014733108
3   12   3   6   0.0060641326
3   13   1   6   -0.0006912628
3   13   2   6   -0.0041840767
3   13   3   4   -0.0007040684
3   13   3   5   -0.0042615868
3   14   1   6   0.0041840767
3   14   2   6   -0.0006912628
3   14   3   4   0.0042615868
3   14   3   5   -0.0007040684
4   8   1   4   -0.0000000030
4   8   1   5   -0.0000000000
4   8   2   4   -0.0000000000
4   8   2   5   -0.0000000031
4   8   3   6   -0.0000000031
4   9   1   4   -0.0138126483
4   9   2   5   -0.0138126483
4   9   3   6   -0.0143349364
4   10   1   4   0.0000000001
4   10   1   5   0.0000000000
4   10   2   4   0.0000000000
4   10   2   5   0.0000000003
4   10   3   6   -0.0000000006
4   11   1   4   0.0611507535
4   11   2   5   0.0611507535
4   11   3   6   0.0637374169
4   12   1   4   -0.0000000001
4   12   2   5   -0.0000000001
4   12   3   6   -0.0000000006
4   13   1   6   -0.0000000000
4   13   2   6   -0.0000000001
4   13   3   4   0.0000000000
4   13   3   5   0.0000000003
4   14   1   6   0.0000000001
4   14   2   6   -0.0000000000
4   14   3   4   -0.0000000003
4   14   3   5   0.0000000000
5   8   1   4   0.0003097714
5   8   2   5   0.0003097714
5   8   3   6   0.0002579932
5   9   1   4   -0.0000000001
5   9   2   5   -0.0000000001
5   9   3   6   -0.0000000001
5   10   1   4   -0.0014733108
5   10   2   5   -0.0014733108
5   10   3   6   0.0060641326
5   11   1   4   -0.0000000001
5   11   2   5   -0.0000000001
5   11   3   6   -0.0000000006
5   12   1   4   0.0235361800
5   12   2   5   0.0235361800
5   12   3   6   0.2570559413
5   13   1   6   -0.0040967481
5   13   2   6   -0.0247968057
5   13   3   4   -0.0343112405
5   13   3   5   -0.2076791499
5   14   1   6   0.0247968057
5   14   2   6   -0.0040967481
5   14   3   4   0.2076791499
5   14   3   5   -0.0343112405
6   8   1   6   -0.0001381397
6   8   2   6   -0.0008361320
6   8   3   4   0.0001562687
6   8   3   5   0.0009458633
6   9   1   6   0.0000000000
6   9   2   6   0.0000000002
6   9   3   4   -0.0000000000
6   9   3   5   -0.0000000002
6   10   1   6   -0.0007040684
6   10   2   6   -0.0042615868
6   10   3   4   -0.0006912628
6   10   3   5   -0.0041840767
6   11   1   6   0.0000000000
6   11   2   6   0.0000000003
6   11   3   4   -0.0000000000
6   11   3   5   -0.0000000001
6   12   1   6   -0.0343112405
6   12   2   6   -0.2076791499
6   12   3   4   -0.0040967481
6   12   3   5   -0.0247968057
6   13   1   4   0.0303709245
6   13   1   5   0.0382920533
6   13   2   4   0.0382920533
6   13   2   5   0.2558188101
6   13   3   6   0.0244402926
6   14   1   4   -0.0382920530
6   14   1   5   -0.0194433097
6   14   2   4   -0.2060045776
6   14   2   5   0.0382920530
6   14   3   6   0.0000000000
7   8   1   6   0.0008361320
7   8   2   6   -0.0001381397
7   8   3   4   -0.0009458633
7   8   3   5   0.0001562687
7   9   1   6   -0.0000000002
7   9   2   6   0.0000000000
7   9   3   4   0.0000000002
7   9   3   5   -0.0000000000
7   10   1   6   0.0042615868
7   10   2   6   -0.0007040684
7   10   3   4   0.0041840767
7   10   3   5   -0.0006912628
7   11   1   6   -0.0000000003
7   11   2   6   0.0000000000
7   11   3   4   0.0000000001
7   11   3   5   -0.0000000000
7   12   1   6   0.2076791499
7   12   2   6   -0.0343112405
7   12   3   4   0.0247968057
7   12   3   5   -0.0040967481
7   13   1   4   -0.0382920530
7   13   1   5   -0.2060045776
7   13   2   4   -0.0194433097
7   13   2   5   0.0382920530
7   13   3   6   -0.0000000000
7   14   1   4   0.2558188101
7   14   1   5   -0.0382920533
7   14   2   4   -0.0382920533
7   14   2   5   0.0303709245
7   14   3   6   0.0244402926

End IJAB Block
Begin IJKL Block
1   8   1   8   2.1373241258
1   8   1   9   0.0000008769
1   8   1   10   0.2000598969
1   8   1   11   0.0000001336
1   8   1   12   -0.0031640281
1   8   2   8   0.0000008769
1   8   2   9   1.9817165259
1   8   2   10   0.0000000443
1   8   2   11   0.2014636577
1   8   2   12   -0.0000000005
1   8   3   8   0.2000598969
1   8   3   9   0.0000000443
1   8   3   10   0.0292443597
1   8   3   11   0.0000000130
1   8   3   12   -0.0002689875
1   8   4   8   0.0000001336
1   8   4   9   0.2014636577
1   8   4   10   0.0000000130
1   8   4   11   0.0296512781
1   8   4   12   -0.0000000003
1   8   5   8   -0.0031640281
1   8   5   9   -0.0000000005
1   8   5   10   -0.0002689875
1   8   5   11   -0.0000000003
1   8   5   12   0.0123996987
1   8   6   13   0.0125893117
1   8   7   13   -0.0000000000
1   8   7   14   0.0125893117
1   9   1   8   0.0000008769
1   9   1   9   2.1373316855
1   9   1   10   0.0000000443
1   9   1   11   0.2014835530
1   9   1   12   -0.0000000001
1   9   2   8   1.9817215412
1   9   2   9   -0.0000008769
1   9   2   10   0.2001284066
1   9   2   11   -0.0000000447
1   9   2   12   -0.0014593420
1   9   3   8   0.0000000443
1   9   3   9   0.2000643602
1   9   3   10   0.0000000000
1   9   3   11   0.0294419618
1   9   3   12   -0.0000000000
1   9   4   8   0.2014512999
1   9   4   9   -0.0000000447
1   9   4   10   0.0294544198
1   9   4   11   -0.0000000000
1   9   4   12   -0.0007304499
1   9   5   8   -0.0000000005
1   9   5   9   -0.0031619005
1   9   5   10   -0.0000000000
1   9   5   11   -0.0007333475
1   9   5   12   -0.0000000001
1   9   6   13   0.0000000000
1   9   7   14   0.0000000001
1   10   1   8   0.2000598969
1   10   1   9   0.0000000443
1   10   1   10   0.5635240380
1   10   1   11   0.0000001814
1   10   1   12   0.0061505810
1   10   2   8   0.0000000443
1   10   2   9   0.2001411763
1   10   2   10   0.0000000003
1   10   2   11   0.4098990145
1   10   2   12   -0.0000000007
1   10   3   8   0.0316127307
1   10   3   9   0.0000000000
1   10   3   10   0.0084139878
1   10   3   11   0.0000000019
1   10   3   12   -0.0001959399
1   10   4   8   0.0000000140
1   10   4   9   0.0315768510
1   10   4   10   0.0000000019
1   10   4   11   0.0089694623
1   10   4   12   0.0000000000
1   10   5   8   -0.0002828257
1   10   5   9   -0.0000000000
1   10   5   10   -0.0010781985
1   10   5   11   0.0000000003
1   10   5   12   -0.0141671277
1   10   6   13   -0.0141962954
1   10   7   14   -0.0141962954
1   11   1   8   0.0000001336
1   11   1   9   0.2014835530
1   11   1   10   0.0000001814
1   11   1   11   0.5667434923
1   11   1   12   -0.0000000112
1   11   2   8   0.2014512999
1   11   2   9   -0.0000000447
1   11   2   10   0.4099224812
1   11   2   11   -0.0000000003
1   11   2   12   -0.0262650471
1   11   3   8   0.0000000140
1   11   3   9   0.0315871984
1   11   3   10   0.0000000020
1   11   3   11   0.0088272389
1   11   3   12   -0.0000000001
1   11   4   8   0.0320851825
1   11   4   9   -0.0000000000
1   11   4   10   0.0086187989
1   11   4   11   0.0000000019
1   11   4   12   0.0000796228
1   11   5   8   -0.0000000003
1   11   5   9   -0.0006923825
1   11   5   10   0.0000000002
1   11   5   11   -0.0000682187
1   11   5   12   -0.0000000029
1   11   6   13   -0.0000000032
1   11   7   14   -0.0000000032
1   12   1   8   -0.0031640281
1   12   1   9   -0.0000000001
1   12   1   10   0.0061505810
1   12   1   11   -0.0000000112
1   12   1   12   0.5500817034
1   12   2   8   -0.0000000005
1   12   2   9   -0.0014610280
1   12   2   10   -0.0000000007
1   12   2   11   -0.0262633517
1   12   2   12   -0.0000000049
1   12   2   13   -0.0000000000
1   12   3   8   -0.0002828257
1   12   3   9   -0.0000000000
1   12   3   10   -0.0001822826
1   12   3   11   -0.0000000001
1   12   3   12   0.0061312729
1   12   4   8   -0.0000000003
1   12   4   9   -0.0006877586
1   12   4   10   0.0000000000
1   12   4   11   0.0000302924
1   12   4   12   0.0000000013
1   12   5   8   0.0146767333
1   12   5   9   -0.0000000004
1   12   5   10   -0.0150416471
1   12   5   11   -0.0000000029
1   12   5   12   -0.0006629802
1   12   6   13   0.0001363372
1   12   7   14   0.0001363372
1   13   1   13   0.5535736505
1   13   1   14   -0.0000000000
1   13   2   12   -0.0000000000
1   13   2   13   0.0000000028
1   13   2   14   0.0000000000
1   13   3   13   0.0063370229
1   13   4   13   0.0000000014
1   13   5   13   -0.0008876267
1   13   6   8   0.0150669505
1   13   6   9   0.0000000002
1   13   6   10   -0.0152286399
1   13   6   11   -0.0000000036
1   13   6   12   0.0002230291
1   14   1   13   -0.0000000000
1   14   1   14   0.5535736505
1   14   2   13   0.0000000000
1   14   2   14   0.0000000040
1   14   3   14   0.0063370229
1   14   4   14   0.0000000015
1   14   5   14   -0.0008876267
1   14   7   8   0.0150669505
1   14   7   9   0.0000000002
1   14   7   10   -0.0152286399
1   14   7   11   -0.0000000036
1   14   7   12   0.0002230291
2   8   1   8   0.0000008769
2   8   1   9   1.9817215412
2   8   1   10   0.0000000443
2   8   1   11   0.2014512999
2   8   1   12   -0.0000000005
2   8   2   8   2.1373316855
2   8   2   9   -0.0000008769
2   8   2   10   0.2000643602
2   8   2   11   -0.0000000447
2   8   2   12   -0.0031619005
2   8   3   8   0.0000000443
2   8   3   9   0.2001284066
2   8   3   10   0.0000000000
2   8   3   11   0.0294544198
2   8   3   12   -0.0000000000
2   8   4   8   0.2014835530
2   8   4   9   -0.0000000447
2   8   4   10   0.0294419618
2   8   4   11   -0.0000000000
2   8   4   12   -0.0007333475
2   8   5   8   -0.0000000001
2   8   5   9   -0.0014593420
2   8   5   10   -0.0000000000
2   8   5   11   -0.0007304499
2   8   5   12   -0.0000000001
2   8   6   13   0.0000000000
2   8   7   14   0.0000000001
2   9   1   8   1.9817165259
2   9   1   9   -0.0000008769
2   9   1   10   0.2001411763
2   9   1   11   -0.0000000447
2   9   1   12   -0.0014610280
2   9   2   8   -0.0000008769
2   9   2   9   2.1373320700
2   9   2   10   -0.0000001328
2   9   2   11   0.2014782081
2   9   2   12   0.0000000012
2   9   3   8   0.2001411763
2   9   3   9   -0.0000001328
2   9   3   10   0.0292205765
2   9   3   11   -0.0000000130
2   9   3   12   -0.0002695504
2   9   4   8   -0.0000000447
2   9   4   9   0.2014782081
2   9   4   10   -0.0000000130
2   9   4   11   0.0296749550
2   9   4   12   0.0000000003
2   9   5   8   -0.0014610280
2   9   5   9   0.0000000012
2   9   5   10   -0.0002695504
2   9   5   11   0.0000000003
2   9   5   12   0.0123606543
2   9   6   13   0.0125686891
2   9   7   13   -0.0000000000
2   9   7   14   0.0125686891
2   10   1   8   0.0000000443
2   10   1   9   0.2001284066
2   10   1   10   0.0000000003
2   10   1   11   0.4099224812
2   10   1   12   -0.0000000007
2   10   2   8   0.2000643602
2   10   2   9   -0.0000001328
2   10   2   10   0.5635115907
2   10   2   11   -0.0000001814
2   10   2   12   0.0061478588
2   10   3   8   0.0000000000
2   10   3   9   0.0316123383
2   10   3   10   -0.0000000019
2   10   3   11   0.0086439973
2   10   3   12   0.0000000000
2   10   4   8   0.0315871984
2   10   4   9   -0.0000000140
2   10   4   10   0.0087839522
2   10   4   11   -0.0000000020
2   10   4   12   0.0003176459
2   10   5   8   -0.0000000000
2   10   5   9   -0.0002849218
2   10   5   10   0.0000000003
2   10   5   11   0.0011584606
2   10   5   12   0.0000000033
2   10   6   13   0.0000000030
2   10   7   14   0.0000000030
2   11   1   8   0.2014636577
2   11   1   9   -0.0000000447
2   11   1   10   0.4098990145
2   11   1   11   -0.0000000003
2   11   1   12   -0.0262633517
2   11   2   8   -0.0000000447
2   11   2   9   0.2014782081
2   11   2   10   -0.0000001814
2   11   2   11   0.5667573247
2   11   2   12   0.0000000120
2   11   3   8   0.0315768510
2   11   3   9   -0.0000000140
2   11   3   10   0.0089974776
2   11   3   11   -0.0000000020
2   11   3   12   -0.0004169722
2   11   4   8   -0.0000000000
2   11   4   9   0.0320868276
2   11   4   10   -0.0000000019
2   11   4   11   0.0085725938
2   11   4   12   -0.0000000000
2   11   5   8   -0.0006877586
2   11   5   9   0.0000000003
2   11   5   10   0.0010590820
2   11   5   11   -0.0000000000
2   11   5   12   -0.0138238483
2   11   6   13   -0.0140812857
2   11   7   14   -0.0140812857
2   12   1   8   -0.0000000005
2   12   1   9   -0.0014593420
2   12   1   10   -0.0000000007
2   12   1   11   -0.0262650471
2   12   1   12   -0.0000000049
2   12   1   13   -0.0000000000
2   12   2   8   -0.0031619005
2   12   2   9   0.0000000012
2   12   2   10   0.0061478588
2   12   2   11   0.0000000120
2   12   2   12   0.5500817907
2   12   3   8   -0.0000000000
2   12   3   9   -0.0002849218
2   12   3   10   0.0000000000
2   12   3   11   -0.0003909356
2   12   3   12   -0.0000000014
2   12   4   8   -0.0006923825
2   12   4   9   0.0000000003
2   12   4   10   0.0002441205
2   12   4   11   -0.0000000000
2   12   4   12   0.0061803295
2   12   5   8   -0.0000000004
2   12   5   9   0.0146411335
2   12   5   10   0.0000000037
2   12   5   11   -0.0147594099
2   12   5   12   0.0000000002
2   12   6   13   -0.0000000001
2   12   7   14   -0.0000000001
2   13   1   12   -0.0000000000
2   13   1   13   0.0000000028
2   13   1   14   0.0000000000
2   13   2   13   0.5535741654
2   13   2   14   -0.0000000000
2   13   3   13   -0.0000000014
2   13   4   13   0.0063849762
2   13   5   13   0.0000000002
2   13   6   8   0.0000000002
2   13   6   9   0.0150489880
2   13   6   10   0.0000000031
2   13   6   11   -0.0151794700
2   13   6   12   -0.0000000000
2   14   1   13   0.0000000000
2   14   1   14   0.0000000040
2   14   2   13   -0.0000000000
2   14   2   14   0.5535741654
2   14   3   14   -0.0000000014
2   14   4   14   0.0063849762
2   14   5   14   0.0000000002
2   14   7   8   0.0000000002
2   14   7   9   0.0150489880
2   14   7   10   0.0000000031
2   14   7   11   -0.0151794700
2   14   7   12   -0.0000000000
3   8   1   8   0.2000598969
3   8   1   9   0.0000000443
3   8   1   10   0.0316127307
3   8   1   11   0.0000000140
3   8   1   12   -0.0002828257
3   8   2   8   0.0000000443
3   8   2   9   0.2001411763
3   8   2   10   0.0000000000
3   8   2   11   0.0315768510
3   8   2   12   -0.0000000000
3   8   3   8   0.5635240380
3   8   3   9   0.0000000003
3   8   3   10   0.0084139878
3   8   3   11   0.0000000019
3   8   3   12   -0.0010781985
3   8   4   8   0.0000001814
3   8   4   9   0.4098990145
3   8   4   10   0.0000000019
3   8   4   11   0.0089694623
3   8   4   12   0.0000000003
3   8   5   8   0.0061505810
3   8   5   9   -0.0000000007
3   8   5   10   -0.0001959399
3   8   5   11   0.0000000000
3   8   5   12   -0.0141671277
3   8   6   13   -0.0141962954
3   8   7   14   -0.0141962954
3   9   1   8   0.0000000443
3   9   1   9   0.2000643602
3   9   1   10   0.0000000000
3   9   1   11   0.0315871984
3   9   1   12   -0.0000000000
3   9   2   8   0.2001284066
3   9   2   9   -0.0000001328
3   9   2   10   0.0316123383
3   9   2   11   -0.0000000140
3   9   2   12   -0.0002849218
3   9   3   8   0.0000000003
3   9   3   9   0.5635115907
3   9   3   10   -0.0000000019
3   9   3   11   0.0087839522
3   9   3   12   0.0000000003
3   9   4   8   0.4099224812
3   9   4   9   -0.0000001814
3   9   4   10   0.0086439973
3   9   4   11   -0.0000000020
3   9   4   12   0.0011584606
3   9   5   8   -0.0000000007
3   9   5   9   0.0061478588
3   9   5   10   0.0000000000
3   9   5   11   0.0003176459
3   9   5   12   0.0000000033
3   9   6   13   0.0000000030
3   9   7   14   0.0000000030
3   10   1   8   0.0292443597
3   10   1   9   0.0000000000
3   10   1   10   0.0084139878
3   10   1   11   0.0000000020
3   10   1   12   -0.0001822826
3   10   2   8   0.0000000000
3   10   2   9   0.0292205765
3   10   2   10   -0.0000000019
3   10   2   11   0.0089974776
3   10   2   12   0.0000000000
3   10   3   8   0.0084139878
3   10   3   9   -0.0000000019
3   10   3   10   0.4158001941
3   10   3   11   0.0000000003
3   10   3   12   0.0086171934
3   10   4   8   0.0000000020
3   10   4   9   0.0089974776
3   10   4   10   0.0000000003
3   10   4   11   0.2584482641
3   10   4   12   -0.0000000004
3   10   5   8   -0.0001822826
3   10   5   9   0.0000000000
3   10   5   10   0.0086171934
3   10   5   11   -0.0000000004
3   10   5   12   0.0614850991
3   10   6   13   0.0596826988
3   10   7   13   -0.0000000000
3   10   7   14   0.0596826988
3   11   1   8   0.0000000130
3   11   1   9   0.0294419618
3   11   1   10   0.0000000019
3   11   1   11   0.0088272389
3   11   1   12   -0.0000000001
3   11   2   8   0.0294544198
3   11   2   9   -0.0000000130
3   11   2   10   0.0086439973
3   11   2   11   -0.0000000020
3   11   2   12   -0.0003909356
3   11   3   8   0.0000000019
3   11   3   9   0.0087839522
3   11   3   10   0.0000000003
3   11   3   11   0.4142646290
3   11   3   12   0.0000000001
3   11   4   8   0.0086187989
3   11   4   9   -0.0000000019
3   11   4   10   0.2612087353
3   11   4   11   -0.0000000002
3   11   4   12   -0.0215840217
3   11   5   8   0.0000000000
3   11   5   9   0.0002441205
3   11   5   10   -0.0000000003
3   11   5   11   0.0038291250
3   11   5   12   -0.0000000010
3   11   6   13   0.0000000005
3   11   6   14   0.0000000000
3   11   7   13   0.0000000000
3   11   7   14   0.0000000007
3   12   1   8   -0.0002689875
3   12   1   9   -0.0000000000
3   12   1   10   -0.0001959399
3   12   1   11   -0.0000000001
3   12   1   12   0.0061312729
3   12   2   8   -0.0000000000
3   12   2   9   -0.0002695504
3   12   2   10   0.0000000000
3   12   2   11   -0.0004169722
3   12   2   12   -0.0000000014
3   12   3   8   -0.0010781985
3   12   3   9   0.0000000003
3   12   3   10   0.0086171934
3   12   3   11   0.0000000001
3   12   3   12   0.4028147468
3   12   4   8   0.0000000002
3   12   4   9   0.0010590820
3   12   4   10   -0.0000000003
3   12   4   11   -0.0211548833
3   12   4   12   -0.0000000026
3   12   4   13   -0.0000000000
3   12   5   8   -0.0150416471
3   12   5   9   0.0000000037
3   12   5   10   0.0612547250
3   12   5   11   -0.0000000014
3   12   5   12   0.0094016095
3   12   6   13   -0.0000861856
3   12   7   14   -0.0000861856
3   13   1   13   0.0063370229
3   13   2   13   -0.0000000014
3   13   3   13   0.4024948653
3   13   3   14   -0.0000000000
3   13   4   12   -0.0000000000
3   13   4   13   0.0000000016
3   13   4   14   0.0000000000
3   13   5   13   0.0082935726
3   13   6   8   -0.0152286399
3   13   6   9   0.0000000031
3   13   6   10   0.0601360036
3   13   6   11   0.0000000009
3   13   6   12   0.0002722980
3   13   7   11   0.0000000000
3   14   1   14   0.0063370229
3   14   2   14   -0.0000000014
3   14   3   13   -0.0000000000
3   14   3   14   0.4024948653
3   14   4   13   0.0000000000
3   14   4   14   0.0000000024
3   14   5   14   0.0082935726
3   14   6   11   0.0000000000
3   14   7   8   -0.0152286399
3   14   7   9   0.0000000031
3   14   7   10   0.0601360036
3   14   7   11   0.0000000011
3   14   7   12   0.0002722980
4   8   1   8   0.0000001336
4   8   1   9   0.2014512999
4   8   1   10   0.0000000140
4   8   1   11   0.0320851825
4   8   1   12   -0.0000000003
4   8   2   8   0.2014835530
4   8   2   9   -0.0000000447
4   8   2   10   0.0315871984
4   8   2   11   -0.0000000000
4   8   2   12   -0.0006923825
4   8   3   8   0.0000001814
4   8   3   9   0.4099224812
4   8   3   10   0.0000000020
4   8   3   11   0.0086187989
4   8   3   12   0.0000000002
4   8   4   8   0.5667434923
4   8   4   9   -0.0000000003
4   8   4   10   0.0088272389
4   8   4   11   0.0000000019
4   8   4   12   -0.0000682187
4   8   5   8   -0.0000000112
4   8   5   9   -0.0262650471
4   8   5   10   -0.0000000001
4   8   5   11   0.0000796228
4   8   5   12   -0.0000000029
4   8   6   13   -0.0000000032
4   8   7   14   -0.0000000032
4   9   1   8   0.2014636577
4   9   1   9   -0.0000000447
4   9   1   10   0.0315768510
4   9   1   11   -0.0000000000
4   9   1   12   -0.0006877586
4   9   2   8   -0.0000000447
4   9   2   9   0.2014782081
4   9   2   10   -0.0000000140
4   9   2   11   0.0320868276
4   9   2   12   0.0000000003
4   9   3   8   0.4098990145
4   9   3   9   -0.0000001814
4   9   3   10   0.0089974776
4   9   3   11   -0.0000000019
4   9   3   12   0.0010590820
4   9   4   8   -0.0000000003
4   9   4   9   0.5667573247
4   9   4   10   -0.0000000020
4   9   4   11   0.0085725938
4   9   4   12   -0.0000000000
4   9   5   8   -0.0262633517
4   9   5   9   0.0000000120
4   9   5   10   -0.0004169722
4   9   5   11   -0.0000000000
4   9   5   12   -0.0138238483
4   9   6   13   -0.0140812857
4   9   7   14   -0.0140812857
4   10   1   8   0.0000000130
4   10   1   9   0.0294544198
4   10   1   10   0.0000000019
4   10   1   11   0.0086187989
4   10   1   12   0.0000000000
4   10   2   8   0.0294419618
4   10   2   9   -0.0000000130
4   10   2   10   0.0087839522
4   10   2   11   -0.0000000019
4   10   2   12   0.0002441205
4   10   3   8   0.0000000019
4   10   3   9   0.0086439973
4   10   3   10   0.0000000003
4   10   3   11   0.2612087353
4   10   3   12   -0.0000000003
4   10   4   8   0.0088272389
4   10   4   9   -0.0000000020
4   10   4   10   0.4142646290
4   10   4   11   -0.0000000002
4   10   4   12   0.0038291250
4   10   5   8   -0.0000000001
4   10   5   9   -0.0003909356
4   10   5   10   0.0000000001
4   10   5   11   -0.0215840217
4   10   5   12   -0.0000000010
4   10   6   13   0.0000000005
4   10   6   14   0.0000000000
4   10   7   13   0.0000000000
4   10   7   14   0.0000000007
4   11   1   8   0.0296512781
4   11   1   9   -0.0000000000
4   11   1   10   0.0089694623
4   11   1   11   0.0000000019
4   11   1   12   0.0000302924
4   11   2   8   -0.0000000000
4   11   2   9   0.0296749550
4   11   2   10   -0.0000000020
4   11   2   11   0.0085725938
4   11   2   12   -0.0000000000
4   11   3   8   0.0089694623
4   11   3   9   -0.0000000020
4   11   3   10   0.2584482641
4   11   3   11   -0.0000000002
4   11   3   12   -0.0211548833
4   11   4   8   0.0000000019
4   11   4   9   0.0085725938
4   11   4   10   -0.0000000002
4   11   4   11   0.4180635237
4   11   4   12   0.0000000004
4   11   5   8   0.0000302924
4   11   5   9   -0.0000000000
4   11   5   10   -0.0211548833
4   11   5   11   0.0000000004
4   11   5   12   0.0579778553
4   11   6   13   0.0581326783
4   11   7   13   -0.0000000000
4   11   7   14   0.0581326783
4   12   1   8   -0.0000000003
4   12   1   9   -0.0007304499
4   12   1   10   0.0000000000
4   12   1   11   0.0000796228
4   12   1   12   0.0000000013
4   12   2   8   -0.0007333475
4   12   2   9   0.0000000003
4   12   2   10   0.0003176459
4   12   2   11   -0.0000000000
4   12   2   12   0.0061803295
4   12   3   8   0.0000000003
4   12   3   9   0.0011584606
4   12   3   10   -0.0000000004
4   12   3   11   -0.0215840217
4   12   3   12   -0.0000000026
4   12   3   13   -0.0000000000
4   12   4   8   -0.0000682187
4   12   4   9   -0.0000000000
4   12   4   10   0.0038291250
4   12   4   11   0.0000000004
4   12   4   12   0.4026822916
4   12   5   8   -0.0000000029
4   12   5   9   -0.0147594099
4   12   5   10   -0.0000000014
4   12   5   11   0.0570705195
4   12   5   12   0.0000000008
4   12   6   13   -0.0000000001
4   12   7   14   -0.0000000001
4   13   1   13   0.0000000014
4   13   2   13   0.0063849762
4   13   3   12   -0.0000000000
4   13   3   13   0.0000000016
4   13   3   14   0.0000000000
4   13   4   13   0.4025314707
4   13   4   14   -0.0000000000
4   13   5   13   0.0000000006
4   13   6   8   -0.0000000036
4   13   6   9   -0.0151794700
4   13   6   10   0.0000000009
4   13   6   11   0.0574275511
4   13   6   12   0.0000000007
4   13   7   10   0.0000000000
4   14   1   14   0.0000000015
4   14   2   14   0.0063849762
4   14   3   13   0.0000000000
4   14   3   14   0.0000000024
4   14   4   13   -0.0000000000
4   14   4   14   0.4025314707
4   14   5   14   0.0000000005
4   14   6   10   0.0000000000
4   14   7   8   -0.0000000036
4   14   7   9   -0.0151794700
4   14   7   10   0.0000000011
4   14   7   11   0.0574275511
4   14   7   12   0.0000000007
5   8   1   8   -0.0031640281
5   8   1   9   -0.0000000005
5   8   1   10   -0.0002828257
5   8   1   11   -0.0000000003
5   8   1   12   0.0146767333
5   8   2   8   -0.0000000001
5   8   2   9   -0.0014610280
5   8   2   10   -0.0000000000
5   8   2   11   -0.0006877586
5   8   2   12   -0.0000000004
5   8   3   8   0.0061505810
5   8   3   9   -0.0000000007
5   8   3   10   -0.0001822826
5   8   3   11   0.0000000000
5   8   3   12   -0.0150416471
5   8   4   8   -0.0000000112
5   8   4   9   -0.0262633517
5   8   4   10   -0.0000000001
5   8   4   11   0.0000302924
5   8   4   12   -0.0000000029
5   8   5   8   0.5500817034
5   8   5   9   -0.0000000049
5   8   5   10   0.0061312729
5   8   5   11   0.0000000013
5   8   5   12   -0.0006629802
5   8   6   9   -0.0000000000
5   8   6   13   0.0001363372
5   8   7   14   0.0001363372
5   9   1   8   -0.0000000005
5   9   1   9   -0.0031619005
5   9   1   10   -0.0000000000
5   9   1   11   -0.0006923825
5   9   1   12   -0.0000000004
5   9   2   8   -0.0014593420
5   9   2   9   0.0000000012
5   9   2   10   -0.0002849218
5   9   2   11   0.0000000003
5   9   2   12   0.0146411335
5   9   3   8   -0.0000000007
5   9   3   9   0.0061478588
5   9   3   10   0.0000000000
5   9   3   11   0.0002441205
5   9   3   12   0.0000000037
5   9   4   8   -0.0262650471
5   9   4   9   0.0000000120
5   9   4   10   -0.0003909356
5   9   4   11   -0.0000000000
5   9   4   12   -0.0147594099
5   9   5   8   -0.0000000049
5   9   5   9   0.5500817907
5   9   5   10   -0.0000000014
5   9   5   11   0.0061803295
5   9   5   12   0.0000000002
5   9   6   8   -0.0000000000
5   9   6   13   -0.0000000001
5   9   7   14   -0.0000000001
5   10   1   8   -0.0002689875
5   10   1   9   -0.0000000000
5   10   1   10   -0.0010781985
5   10   1   11   0.0000000002
5   10   1   12   -0.0150416471
5   10   2   8   -0.0000000000
5   10   2   9   -0.0002695504
5   10   2   10   0.0000000003
5   10   2   11   0.0010590820
5   10   2   12   0.0000000037
5   10   3   8   -0.0001959399
5   10   3   9   0.0000000000
5   10   3   10   0.0086171934
5   10   3   11   -0.0000000003
5   10   3   12   0.0612547250
5   10   4   8   -0.0000000001
5   10   4   9   -0.0004169722
5   10   4   10   0.0000000001
5   10   4   11   -0.0211548833
5   10   4   12   -0.0000000014
5   10   5   8   0.0061312729
5   10   5   9   -0.0000000014
5   10   5   10   0.4028147468
5   10   5   11   -0.0000000026
5   10   5   12   0.0094016095
5   10   6   11   -0.0000000000
5   10   6   13   -0.0000861856
5   10   7   14   -0.0000861856
5   11   1   8   -0.0000000003
5   11   1   9   -0.0007333475
5   11   1   10   0.0000000003
5   11   1   11   -0.0000682187
5   11   1   12   -0.0000000029
5   11   2   8   -0.0007304499
5   11   2   9   0.0000000003
5   11   2   10   0.0011584606
5   11   2   11   -0.0000000000
5   11   2   12   -0.0147594099
5   11   3   8   0.0000000000
5   11   3   9   0.0003176459
5   11   3   10   -0.0000000004
5   11   3   11   0.0038291250
5   11   3   12   -0.0000000014
5   11   4   8   0.0000796228
5   11   4   9   -0.0000000000
5   11   4   10   -0.0215840217
5   11   4   11   0.0000000004
5   11   4   12   0.0570705195
5   11   5   8   0.0000000013
5   11   5   9   0.0061803295
5   11   5   10   -0.0000000026
5   11   5   11   0.4026822916
5   11   5   12   0.0000000008
5   11   6   10   -0.0000000000
5   11   6   13   -0.0000000001
5   11   7   14   -0.0000000001
5   12   1   8   0.0123996987
5   12   1   9   -0.0000000001
5   12   1   10   -0.0141671277
5   12   1   11   -0.0000000029
5   12   1   12   -0.0006629802
5   12   2   8   -0.0000000001
5   12   2   9   0.0123606543
5   12   2   10   0.0000000033
5   12   2   11   -0.0138238483
5   12   2   12   0.0000000002
5   12   3   8   -0.0141671277
5   12   3   9   0.0000000033
5   12   3   10   0.0614850991
5   12   3   11   -0.0000000010
5   12   3   12   0.0094016095
5   12   4   8   -0.0000000029
5   12   4   9   -0.0138238483
5   12   4   10   -0.0000000010
5   12   4   11   0.0579778553
5   12   4   12   0.0000000008
5   12   5   8   -0.0006629802
5   12   5   9   0.0000000002
5   12   5   10   0.0094016095
5   12   5   11   0.0000000008
5   12   5   12   0.4061845308
5   12   6   13   0.0139490604
5   12   6   14   0.0000000000
5   12   7   13   -0.0000000000
5   12   7   14   0.0139490604
5   13   1   13   -0.0008876267
5   13   2   13   0.0000000002
5   13   3   13   0.0082935726
5   13   4   13   0.0000000006
5   13   5   13   0.3842764174
5   13   6   8   0.0002230291
5   13   6   9   -0.0000000000
5   13   6   10   0.0002722980
5   13   6   11   0.0000000007
5   13   6   12   0.0050625162
5   13   7   12   0.0000000000
5   14   1   14   -0.0008876267
5   14   2   14   0.0000000002
5   14   3   14   0.0082935726
5   14   4   14   0.0000000005
5   14   5   14   0.3842764174
5   14   6   12   -0.0000000000
5   14   7   8   0.0002230291
5   14   7   9   -0.0000000000
5   14   7   10   0.0002722980
5   14   7   11   0.0000000007
5   14   7   12   0.0050625162
6   8   1   13   0.0150669505
6   8   2   13   0.0000000002
6   8   3   13   -0.0152286399
6   8   4   13   -0.0000000036
6   8   5   9   -0.0000000000
6   8   5   13   0.0002230291
6   8   6   8   0.5535736505
6   8   6   9   0.0000000028
6   8   6   10   0.0063370229
6   8   6   11   0.0000000014
6   8   6   12   -0.0008876267
6   8   7   8   -0.0000000000
6   8   7   9   0.0000000000
6   9   1   13   0.0000000002
6   9   2   13   0.0150489880
6   9   3   13   0.0000000031
6   9   4   13   -0.0151794700
6   9   5   8   -0.0000000000
6   9   5   13   -0.0000000000
6   9   6   8   0.0000000028
6   9   6   9   0.5535741654
6   9   6   10   -0.0000000014
6   9   6   11   0.0063849762
6   9   6   12   0.0000000002
6   9   7   8   0.0000000000
6   9   7   9   -0.0000000000
6   10   1   13   -0.0152286399
6   10   2   13   0.0000000031
6   10   3   13   0.0601360036
6   10   4   13   0.0000000009
6   10   4   14   0.0000000000
6   10   5   11   -0.0000000000
6   10   5   13   0.0002722980
6   10   6   8   0.0063370229
6   10   6   9   -0.0000000014
6   10   6   10   0.4024948653
6   10   6   11   0.0000000016
6   10   6   12   0.0082935726
6   10   7   10   -0.0000000000
6   10   7   11   0.0000000000
6   11   1   13   -0.0000000036
6   11   2   13   -0.0151794700
6   11   3   13   0.0000000009
6   11   3   14   0.0000000000
6   11   4   13   0.0574275511
6   11   5   10   -0.0000000000
6   11   5   13   0.0000000007
6   11   6   8   0.0000000014
6   11   6   9   0.0063849762
6   11   6   10   0.0000000016
6   11   6   11   0.4025314707
6   11   6   12   0.0000000006
6   11   7   10   0.0000000000
6   11   7   11   -0.0000000000
6   12   1   13   0.0002230291
6   12   2   13   -0.0000000000
6   12   3   13   0.0002722980
6   12   4   13   0.0000000007
6   12   5   13   0.0050625162
6   12   6   8   -0.0008876267
6   12   6   9   0.0000000002
6   12   6   10   0.0082935726
6   12   6   11   0.0000000006
6   12   6   12   0.3842764174
6   12   7   12   -0.0000000000
6   13   1   8   0.0125893117
6   13   1   9   0.0000000000
6   13   1   10   -0.0141962954
6   13   1   11   -0.0000000032
6   13   1   12   0.0001363372
6   13   2   8   0.0000000000
6   13   2   9   0.0125686891
6   13   2   10   0.0000000030
6   13   2   11   -0.0140812857
6   13   2   12   -0.0000000001
6   13   3   8   -0.0141962954
6   13   3   9   0.0000000030
6   13   3   10   0.0596826988
6   13   3   11   0.0000000005
6   13   3   12   -0.0000861856
6   13   4   8   -0.0000000032
6   13   4   9   -0.0140812857
6   13   4   10   0.0000000005
6   13   4   11   0.0581326783
6   13   4   12   -0.0000000001
6   13   5   8   0.0001363372
6   13   5   9   -0.0000000001
6   13   5   10   -0.0000861856
6   13   5   11   -0.0000000001
6   13   5   12   0.0139490604
6   13   6   13   0.4006142755
6   13   6   14   -0.0000000002
6   13   7   13   -0.0000000002
6   13   7   14   0.0137508066
6   14   3   11   0.0000000000
6   14   4   10   0.0000000000
6   14   5   12   0.0000000000
6   14   6   13   -0.0000000002
6   14   6   14   0.3833535500
6   14   7   13   0.0035099201
6   14   7   14   0.0000000002
7   8   1   14   0.0150669505
7   8   2   14   0.0000000002
7   8   3   14   -0.0152286399
7   8   4   14   -0.0000000036
7   8   5   14   0.0002230291
7   8   6   8   -0.0000000000
7   8   6   9   0.0000000000
7   8   7   8   0.5535736505
7   8   7   9   0.0000000040
7   8   7   10   0.0063370229
7   8   7   11   0.0000000015
7   8   7   12   -0.0008876267
7   9   1   14   0.0000000002
7   9   2   14   0.0150489880
7   9   3   14   0.0000000031
7   9   4   14   -0.0151794700
7   9   5   14   -0.0000000000
7   9   6   8   0.0000000000
7   9   6   9   -0.0000000000
7   9   7   8   0.0000000040
7   9   7   9   0.5535741654
7   9   7   10   -0.0000000014
7   9   7   11   0.0063849762
7   9   7   12   0.0000000002
7   10   1   14   -0.0152286399
7   10   2   14   0.0000000031
7   10   3   14   0.0601360036
7   10   4   13   0.0000000000
7   10   4   14   0.0000000011
7   10   5   14   0.0002722980
7   10   6   10   -0.0000000000
7   10   6   11   0.0000000000
7   10   7   8   0.0063370229
7   10   7   9   -0.0000000014
7   10   7   10   0.4024948653
7   10   7   11   0.0000000024
7   10   7   12   0.0082935726
7   11   1   14   -0.0000000036
7   11   2   14   -0.0151794700
7   11   3   13   0.0000000000
7   11   3   14   0.0000000011
7   11   4   14   0.0574275511
7   11   5   14   0.0000000007
7   11   6   10   0.0000000000
7   11   6   11   -0.0000000000
7   11   7   8   0.0000000015
7   11   7   9   0.0063849762
7   11   7   10   0.0000000024
7   11   7   11   0.4025314707
7   11   7   12   0.0000000005
7   12   1   14   0.0002230291
7   12   2   14   -0.0000000000
7   12   3   14   0.0002722980
7   12   4   14   0.0000000007
7   12   5   14   0.0050625162
7   12   6   12   -0.0000000000
7   12   7   8   -0.0008876267
7   12   7   9   0.0000000002
7   12   7   10   0.0082935726
7   12   7   11   0.0000000005
7   12   7   12   0.3842764174
7   13   1   8   -0.0000000000
7   13   2   9   -0.0000000000
7   13   3   10   -0.0000000000
7   13   3   11   0.0000000000
7   13   4   10   0.0000000000
7   13   4   11   -0.0000000000
7   13   5   12   -0.0000000000
7   13   6   13   -0.0000000002
7   13   6   14   0.0035099201
7   13   7   13   0.3833535500
7   13   7   14   0.0000000002
7   14   1   8   0.0125893117
7   14   1   9   0.0000000001
7   14   1   10   -0.0141962954
7   14   1   11   -0.0000000032
7   14   1   12   0.0001363372
7   14   2   8   0.0000000001
7   14   2   9   0.0125686891
7   14   2   10   0.0000000030
7   14   2   11   -0.0140812857
7   14   2   12   -0.0000000001
7   14   3   8   -0.0141962954
7   14   3   9   0.0000000030
7   14   3   10   0.0596826988
7   14   3   11   0.0000000007
7   14   3   12   -0.0000861856
7   14   4   8   -0.0000000032
7   14   4   9   -0.0140812857
7   14   4   10   0.0000000007
7   14   4   11   0.0581326783
7   14   4   12   -0.0000000001
7   14   5   8   0.0001363372
7   14   5   9   -0.0000000001
7   14   5   10   -0.0000861856
7   14   5   11   -0.0000000001
7   14   5   12   0.0139490604
7   14   6   13   0.0137508066
7   14   6   14   0.0000000002
7   14   7   13   0.0000000002
7   14   7   14   0.4006142755

End IJKL Block
Begin ABCD Block
1   4   1   4   0.3962082510
1   4   1   5   0.0000000000
1   4   2   4   0.0000000000
1   4   2   5   0.0155741159
1   4   3   6   0.0160994453
1   5   1   4   0.0000000000
1   5   1   5   0.3669182515
1   5   2   4   0.0137158855
1   5   2   5   -0.0000000000
1   6   1   6   0.3735424688
1   6   3   4   0.0143501635
2   4   1   4   0.0000000000
2   4   1   5   0.0137158855
2   4   2   4   0.3669182515
2   4   2   5   -0.0000000000
2   5   1   4   0.0155741159
2   5   1   5   -0.0000000000
2   5   2   4   -0.0000000000
2   5   2   5   0.3962082510
2   5   3   6   0.0160994453
2   6   2   6   0.3735424688
2   6   3   5   0.0143501635
3   4   1   6   0.0143501635
3   4   3   4   0.3735424688
3   5   2   6   0.0143501635
3   5   3   5   0.3735424688
3   6   1   4   0.0160994453
3   6   2   5   0.0160994453
3   6   3   6   0.4112228118

End ABCD Block
Begin AIJB Block
1   8   1   4   0.0123919401
1   8   2   4   0.0000000000
1   8   2   5   0.0000000000
1   8   3   4   -0.0127066018
1   8   4   4   -0.0000000028
1   8   4   5   -0.0000000000
1   8   5   4   0.0001947379
1   8   6   6   -0.0001506858
1   8   7   6   0.0009120716
1   9   1   4   0.0000000000
1   9   1   5   0.0000000000
1   9   2   4   0.0124047599
1   9   3   4   0.0000000028
1   9   3   5   -0.0000000000
1   9   4   4   -0.0129187860
1   9   5   4   -0.0000000001
1   9   6   6   0.0000000000
1   9   7   6   -0.0000000002
1   10   1   4   -0.0127066018
1   10   2   4   0.0000000028
1   10   2   5   -0.0000000000
1   10   3   4   0.0620600017
1   10   4   4   -0.0000000000
1   10   4   5   0.0000000000
1   10   5   4   -0.0021181303
1   10   6   6   -0.0005609412
1   10   7   6   0.0033952663
1   11   1   4   -0.0000000028
1   11   1   5   -0.0000000000
1   11   2   4   -0.0129187860
1   11   3   4   -0.0000000000
1   11   3   5   0.0000000000
1   11   4   4   0.0653533345
1   11   5   4   -0.0000000010
1   11   6   6   0.0000000001
1   11   7   6   -0.0000000005
1   12   1   4   0.0001947379
1   12   2   4   -0.0000000001
1   12   3   4   -0.0021181303
1   12   4   4   -0.0000000010
1   12   5   4   0.0279874720
1   12   6   6   -0.0339609443
1   12   7   6   0.2055588762
1   13   1   6   0.0001209932
1   13   2   6   -0.0000000000
1   13   3   6   -0.0004282642
1   13   4   6   -0.0000000002
1   13   5   6   -0.0030797009
1   13   6   4   0.0358683633
1   13   6   5   0.0368595612
1   13   7   4   -0.0368595610
1   13   7   5   -0.2039415226
1   14   1   6   -0.0007323478
1   14   2   6   0.0000000002
1   14   3   6   0.0025921986
1   14   4   6   0.0000000010
1   14   5   6   0.0186408203
1   14   6   4   -0.0368595610
1   14   6   5   -0.0130724400
1   14   7   4   0.2528823238
1   14   7   5   -0.0368595613
2   8   1   5   0.0123919401
2   8   2   4   0.0000000000
2   8   2   5   0.0000000001
2   8   3   5   -0.0127066018
2   8   4   4   -0.0000000000
2   8   4   5   -0.0000000029
2   8   5   5   0.0001947379
2   8   6   6   -0.0009120716
2   8   7   6   -0.0001506858
2   9   1   4   0.0000000000
2   9   1   5   0.0000000001
2   9   2   5   0.0124047599
2   9   3   4   -0.0000000000
2   9   3   5   0.0000000028
2   9   4   5   -0.0129187860
2   9   5   5   -0.0000000001
2   9   6   6   0.0000000002
2   9   7   6   0.0000000000
2   10   1   5   -0.0127066018
2   10   2   4   -0.0000000000
2   10   2   5   0.0000000028
2   10   3   5   0.0620600017
2   10   4   4   0.0000000000
2   10   4   5   0.0000000002
2   10   5   5   -0.0021181303
2   10   6   6   -0.0033952663
2   10   7   6   -0.0005609412
2   11   1   4   -0.0000000000
2   11   1   5   -0.0000000029
2   11   2   5   -0.0129187860
2   11   3   4   0.0000000000
2   11   3   5   0.0000000002
2   11   4   5   0.0653533345
2   11   5   5   -0.0000000010
2   11   6   6   0.0000000005
2   11   7   6   0.0000000001
2   12   1   5   0.0001947379
2   12   2   5   -0.0000000001
2   12   3   5   -0.0021181303
2   12   4   5   -0.0000000010
2   12   5   5   0.0279874720
2   12   6   6   -0.2055588762
2   12   7   6   -0.0339609443
2   13   1   6   0.0007323478
2   13   2   6   -0.0000000002
2   13   3   6   -0.0025921986
2   13   4   6   -0.0000000010
2   13   5   6   -0.0186408203
2   13   6   4   0.0368595613
2   13   6   5   0.2528823238
2   13   7   4   -0.0130724400
2   13   7   5   0.0368595610
2   14   1   6   0.0001209932
2   14   2   6   -0.0000000000
2   14   3   6   -0.0004282642
2   14   4   6   -0.0000000002
2   14   5   6   -0.0030797009
2   14   6   4   -0.2039415226
2   14   6   5   0.0368595610
2   14   7   4   -0.0368595613
2   14   7   5   0.0358683633
3   8   1   6   0.0129270586
3   8   2   6   -0.0000000000
3   8   3   6   -0.0130083872
3   8   4   6   -0.0000000029
3   8   5   6   0.0004553184
3   8   6   4   0.0001209932
3   8   6   5   0.0007323478
3   8   7   4   -0.0007323478
3   8   7   5   0.0001209932
3   9   1   6   -0.0000000000
3   9   2   6   0.0129554238
3   9   3   6   0.0000000029
3   9   4   6   -0.0133804382
3   9   5   6   -0.0000000001
3   9   6   4   -0.0000000000
3   9   6   5   -0.0000000002
3   9   7   4   0.0000000002
3   9   7   5   -0.0000000000
3   10   1   6   -0.0130083872
3   10   2   6   0.0000000029
3   10   3   6   0.0625599557
3   10   4   6   -0.0000000002
3   10   5   6   0.0032371149
3   10   6   4   -0.0004282642
3   10   6   5   -0.0025921986
3   10   7   4   0.0025921986
3   10   7   5   -0.0004282642
3   11   1   6   -0.0000000029
3   11   2   6   -0.0133804382
3   11   3   6   -0.0000000002
3   11   4   6   0.0667273774
3   11   5   6   -0.0000000005
3   11   6   4   -0.0000000002
3   11   6   5   -0.0000000010
3   11   7   4   0.0000000010
3   11   7   5   -0.0000000002
3   12   1   6   0.0004553184
3   12   2   6   -0.0000000001
3   12   3   6   0.0032371149
3   12   4   6   -0.0000000005
3   12   5   6   0.2528594396
3   12   6   4   -0.0030797009
3   12   6   5   -0.0186408203
3   12   7   4   0.0186408203
3   12   7   5   -0.0030797009
3   13   1   4   -0.0001506858
3   13   1   5   -0.0009120716
3   13   2   4   0.0000000000
3   13   2   5   0.0000000002
3   13   3   4   -0.0005609412
3   13   3   5   -0.0033952663
3   13   4   4   0.0000000001
3   13   4   5   0.0000000005
3   13   5   4   -0.0339609443
3   13   5   5   -0.2055588762
3   13   6   6   0.0293868153
3   14   1   4   0.0009120716
3   14   1   5   -0.0001506858
3   14   2   4   -0.0000000002
3   14   2   5   0.0000000000
3   14   3   4   0.0033952663
3   14   3   5   -0.0005609412
3   14   4   4   -0.0000000005
3   14   4   5   0.0000000001
3   14   5   4   0.2055588762
3   14   5   5   -0.0339609443
3   14   7   6   0.0293868153

1   8   8   1   -0.5216271602
1   8   9   1   -0.0000000000
1   8   9   2   -0.0000000002
1   8   10   1   -0.0048986311
1   8   11   1   -0.0000000011
1   8   11   2   -0.0000000000
1   8   12   1   0.0007353709
1   8   13   3   -0.0001380280
1   8   14   3   0.0008354563
1   9   8   1   -0.0000000000
1   9   8   2   -0.0000000002
1   9   9   1   -0.5216271099
1   9   10   1   0.0000000011
1   9   10   2   -0.0000000000
1   9   11   1   -0.0049679525
1   9   12   1   -0.0000000002
1   9   13   3   0.0000000000
1   9   14   3   -0.0000000003
1   10   8   1   -0.0048986311
1   10   9   1   0.0000000011
1   10   9   2   -0.0000000000
1   10   10   1   -0.4004203871
1   10   11   1   -0.0000000000
1   10   11   2   -0.0000000002
1   10   12   1   -0.0060152300
1   10   13   3   0.0005097421
1   10   14   3   -0.0030853681
1   11   8   1   -0.0000000011
1   11   8   2   -0.0000000000
1   11   9   1   -0.0049679525
1   11   10   1   -0.0000000000
1   11   10   2   -0.0000000002
1   11   11   1   -0.4019737069
1   11   12   1   0.0000000001
1   11   12   2   0.0000000000
1   11   13   3   -0.0000000002
1   11   14   3   0.0000000014
1   12   8   1   0.0007353709
1   12   9   1   -0.0000000002
1   12   10   1   -0.0060152300
1   12   11   1   0.0000000001
1   12   11   2   0.0000000000
1   12   12   1   -0.3887310731
1   12   13   3   0.0031338898
1   12   14   3   -0.0189688146
1   13   8   3   -0.0001303659
1   13   9   3   0.0000000001
1   13   10   3   0.0005448759
1   13   11   3   -0.0000000001
1   13   12   3   0.0033477855
1   13   13   1   -0.3906906625
1   13   13   2   -0.0064817925
1   13   14   1   0.0064817922
1   13   14   2   0.0186143596
1   14   8   3   0.0007890789
1   14   9   3   -0.0000000003
1   14   10   3   -0.0032980260
1   14   11   3   0.0000000004
1   14   12   3   -0.0202634833
1   14   13   1   0.0064817922
1   14   13   2   0.0195477735
1   14   14   1   -0.4288527933
1   14   14   2   0.0064817925
2   8   8   2   -0.5216271602
2   8   9   1   -0.0000000002
2   8   9   2   -0.0000000013
2   8   9   3   0.0000000000
2   8   10   2   -0.0048986311
2   8   11   1   -0.0000000000
2   8   11   2   -0.0000000011
2   8   12   2   0.0007353709
2   8   13   3   -0.0008354563
2   8   14   3   -0.0001380280
2   9   8   1   -0.0000000002
2   9   8   2   -0.0000000013
2   9   8   3   0.0000000000
2   9   9   2   -0.5216271099
2   9   10   1   -0.0000000000
2   9   10   2   0.0000000011
2   9   11   2   -0.0049679525
2   9   12   2   -0.0000000002
2   9   13   3   0.0000000003
2   9   14   3   0.0000000000
2   10   8   2   -0.0048986311
2   10   9   1   -0.0000000000
2   10   9   2   0.0000000011
2   10   10   2   -0.4004203871
2   10   11   1   -0.0000000002
2   10   11   2   -0.0000000009
2   10   11   3   0.0000000000
2   10   12   2   -0.0060152300
2   10   13   3   0.0030853681
2   10   14   3   0.0005097421
2   11   8   1   -0.0000000000
2   11   8   2   -0.0000000011
2   11   9   2   -0.0049679525
2   11   10   1   -0.0000000002
2   11   10   2   -0.0000000009
2   11   10   3   0.0000000000
2   11   11   2   -0.4019737069
2   11   12   1   0.0000000000
2   11   12   2   0.0000000002
2   11   13   3   -0.0000000014
2   11   14   3   -0.0000000002
2   12   8   2   0.0007353709
2   12   9   2   -0.0000000002
2   12   10   2   -0.0060152300
2   12   11   1   0.0000000000
2   12   11   2   0.0000000002
2   12   12   2   -0.3887310731
2   12   13   3   0.0189688146
2   12   14   3   0.0031338898
2   13   8   3   -0.0007890789
2   13   9   3   0.0000000003
2   13   10   3   0.0032980260
2   13   11   3   -0.0000000004
2   13   12   3   0.0202634833
2   13   13   1   -0.0064817925
2   13   13   2   -0.4288527933
2   13   14   1   0.0195477735
2   13   14   2   -0.0064817922
2   14   8   3   -0.0001303659
2   14   9   3   0.0000000001
2   14   10   3   0.0005448759
2   14   11   3   -0.0000000001
2   14   12   3   0.0033477855
2   14   13   1   0.0186143596
2   14   13   2   -0.0064817922
2   14   14   1   0.0064817925
2   14   14   2   -0.3906906625
3   8   8   3   -0.5333839414
3   8   9   2   0.0000000000
3   8   9   3   0.0000000018
3   8   10   3   -0.0050795682
3   8   11   3   -0.0000000011
3   8   12   3   0.0022356717
3   8   13   1   -0.0001303659
3   8   13   2   -0.0007890789
3   8   14   1   0.0007890789
3   8   14   2   -0.0001303659
3   9   8   2   0.0000000000
3   9   8   3   0.0000000018
3   9   9   3   -0.5333835786
3   9   10   3   0.0000000012
3   9   11   3   -0.0051888798
3   9   12   3   -0.0000000005
3   9   13   1   0.0000000001
3   9   13   2   0.0000000003
3   9   14   1   -0.0000000003
3   9   14   2   0.0000000001
3   10   8   3   -0.0050795682
3   10   9   3   0.0000000012
3   10   10   3   -0.4081665470
3   10   11   2   0.0000000000
3   10   11   3   0.0000000012
3   10   12   3   -0.0116242095
3   10   13   1   0.0005448759
3   10   13   2   0.0032980260
3   10   14   1   -0.0032980260
3   10   14   2   0.0005448759
3   11   8   3   -0.0000000011
3   11   9   3   -0.0051888798
3   11   10   2   0.0000000000
3   11   10   3   0.0000000012
3   11   11   3   -0.4089795308
3   11   12   3   0.0000000002
3   11   13   1   -0.0000000001
3   11   13   2   -0.0000000004
3   11   14   1   0.0000000004
3   11   14   2   -0.0000000001
3   12   8   3   0.0022356717
3   12   9   3   -0.0000000005
3   12   10   3   -0.0116242095
3   12   11   3   0.0000000002
3   12   12   3   -0.4347310942
3   12   13   1   0.0033477855
3   12   13   2   0.0202634833
3   12   14   1   -0.0202634833
3   12   14   2   0.0033477855
3   13   8   1   -0.0001380280
3   13   8   2   -0.0008354563
3   13   9   1   0.0000000000
3   13   9   2   0.0000000003
3   13   10   1   0.0005097421
3   13   10   2   0.0030853681
3   13   11   1   -0.0000000002
3   13   11   2   -0.0000000014
3   13   12   1   0.0031338898
3   13   12   2   0.0189688146
3   13   13   3   -0.3963501395
3   14   8   1   0.0008354563
3   14   8   2   -0.0001380280
3   14   9   1   -0.0000000003
3   14   9   2   0.0000000000
3   14   10   1   -0.0030853681
3   14   10   2   0.0005097421
3   14   11   1   0.0000000014
3   14   11   2   -0.0000000002
3   14   12   1   -0.0189688146
3   14   12   2   0.0031338898
3   14   13   3   0.0000000000
3   14   14   3   -0.3963501395

End AIJB Block
Begin IJKA Block
1   8   1   6   -0.0000000076
1   8   2   6   -0.0119964223
1   8   3   6   -0.0000000008
1   8   4   6   -0.0014065838
1   8   5   6   -0.0000000056
1   8   6   4   0.0000000009
1   8   6   5   0.0000000057
1   8   7   4   -0.0000000057
1   8   7   5   0.0000000009
1   9   1   6   -0.0105489017
1   9   2   6   0.0000000027
1   9   3   6   -0.0018298395
1   9   5   6   -0.0128843487
1   9   6   4   0.0021168318
1   9   6   5   0.0128127640
1   9   7   4   -0.0128127640
1   9   7   5   0.0021168318
1   10   1   6   -0.0000000060
1   10   2   6   -0.0130185261
1   10   3   6   -0.0000000001
1   10   4   6   -0.0008939339
1   10   5   6   0.0000000029
1   10   6   4   -0.0000000005
1   10   6   5   -0.0000000031
1   10   7   4   0.0000000031
1   10   7   5   -0.0000000005
1   11   1   6   -0.0154502915
1   11   2   6   0.0000000004
1   11   3   6   -0.0002389951
1   11   4   6   -0.0000000001
1   11   5   6   0.0139877462
1   11   6   4   -0.0022880538
1   11   6   5   -0.0138491366
1   11   7   4   0.0138491366
1   11   7   5   -0.0022880538
1   12   1   6   -0.0000001579
1   12   2   6   -0.3596003154
1   12   3   6   -0.0000000008
1   12   4   6   -0.0036188676
1   12   5   6   -0.0000000001
1   12   6   4   0.0000000000
1   12   6   5   0.0000000000
1   12   7   4   -0.0000000000
1   12   7   5   0.0000000000
1   13   1   4   0.0000000261
1   13   1   5   0.0000001581
1   13   2   4   0.0589205065
1   13   2   5   0.3566341678
1   13   3   4   0.0000000001
1   13   3   5   0.0000000008
1   13   4   4   0.0005759212
1   13   4   5   0.0034859372
1   13   5   4   0.0000000000
1   13   5   5   0.0000000002
1   13   6   6   0.0000000002
1   14   1   4   -0.0000001581
1   14   1   5   0.0000000261
1   14   2   4   -0.3566341678
1   14   2   5   0.0589205065
1   14   3   4   -0.0000000008
1   14   3   5   0.0000000001
1   14   4   4   -0.0034859372
1   14   4   5   0.0005759212
1   14   5   4   -0.0000000002
1   14   5   5   0.0000000000
1   14   7   6   0.0000000002
2   8   1   6   -0.0119972289
2   8   2   6   0.0000000030
2   8   3   6   -0.0018253158
2   8   5   6   -0.0128529348
2   8   6   4   0.0021142990
2   8   6   5   0.0127974337
2   8   7   4   -0.0127974337
2   8   7   5   0.0021142990
2   9   1   6   0.0000000027
2   9   2   6   -0.0105520776
2   9   3   6   0.0000000008
2   9   4   6   -0.0014044280
2   9   5   6   0.0000000058
2   9   6   4   -0.0000000009
2   9   6   5   -0.0000000056
2   9   7   4   0.0000000056
2   9   7   5   -0.0000000009
2   10   1   6   -0.0130184399
2   10   2   6   0.0000000055
2   10   3   6   -0.0004449679
2   10   4   6   0.0000000002
2   10   5   6   0.0135755757
2   10   6   4   -0.0022465550
2   10   6   5   -0.0135979528
2   10   7   4   0.0135979528
2   10   7   5   -0.0022465550
2   11   1   6   0.0000000004
2   11   2   6   -0.0154460442
2   11   3   6   0.0000000001
2   11   4   6   -0.0007199453
2   11   5   6   -0.0000000032
2   11   6   4   0.0000000005
2   11   6   5   0.0000000030
2   11   7   4   -0.0000000030
2   11   7   5   0.0000000005
2   12   1   6   -0.3595974922
2   12   2   6   0.0000001603
2   12   3   6   -0.0036313931
2   12   4   6   0.0000000008
2   12   5   6   -0.0005146942
2   12   6   4   0.0000313039
2   12   6   5   0.0001894766
2   12   7   4   -0.0001894766
2   12   7   5   0.0000313039
2   13   1   4   0.0589201389
2   13   1   5   0.3566319429
2   13   2   4   -0.0000000260
2   13   2   5   -0.0000001575
2   13   3   4   0.0005812371
2   13   3   5   0.0035181131
2   13   4   4   -0.0000000001
2   13   4   5   -0.0000000008
2   13   5   4   0.0001655774
2   13   5   5   0.0010022075
2   13   6   6   0.0007436659
2   14   1   4   -0.3566319429
2   14   1   5   0.0589201389
2   14   2   4   0.0000001575
2   14   2   5   -0.0000000260
2   14   3   4   -0.0035181131
2   14   3   5   0.0005812371
2   14   4   4   0.0000000008
2   14   4   5   -0.0000000001
2   14   5   4   -0.0010022075
2   14   5   5   0.0001655774
2   14   7   6   0.0007436659
3   8   1   6   -0.0000000008
3   8   2   6   -0.0019165503
3   8   3   6   0.0000000001
3   8   4   6   -0.0015582044
3   8   5   6   0.0000000031
3   8   6   4   -0.0000000005
3   8   6   5   -0.0000000032
3   8   7   4   0.0000000032
3   8   7   5   -0.0000000005
3   9   1   6   -0.0019211303
3   9   2   6   0.0000000009
3   9   3   6   0.0004469800
3   9   4   6   0.0000000004
3   9   5   6   0.0145198400
3   9   6   4   -0.0023428831
3   9   6   5   -0.0141810076
3   9   7   4   0.0141810076
3   9   7   5   -0.0023428831
3   10   1   6   -0.0000000001
3   10   2   6   -0.0004475891
3   10   3   6   -0.0000000002
3   10   4   6   -0.0031896649
3   10   5   6   -0.0000000001
3   10   6   4   0.0000000001
3   10   6   5   0.0000000004
3   10   7   4   -0.0000000003
3   10   7   5   0.0000000001
3   11   1   6   -0.0002164584
3   11   2   6   0.0000000001
3   11   3   6   -0.0124398626
3   11   4   6   0.0000000001
3   11   5   6   -0.0622969584
3   11   6   4   0.0100617028
3   11   6   5   0.0609014965
3   11   7   4   -0.0609014965
3   11   7   5   0.0100617028
3   12   1   6   -0.0000000009
3   12   2   6   -0.0042201623
3   12   3   6   0.0000000003
3   12   4   6   -0.2348720351
3   12   5   6   0.0000000001
3   12   6   4   0.0000000001
3   12   6   5   0.0000000008
3   12   7   4   -0.0000000008
3   12   7   5   0.0000000001
3   13   1   4   0.0000000002
3   13   1   5   0.0000000009
3   13   2   4   0.0006849348
3   13   2   5   0.0041457748
3   13   3   4   0.0000000001
3   13   3   5   0.0000000004
3   13   4   4   0.0385649426
3   13   4   5   0.2334259668
3   13   5   4   -0.0000000001
3   13   5   5   -0.0000000004
3   13   6   6   0.0000000004
3   14   1   4   -0.0000000009
3   14   1   5   0.0000000002
3   14   2   4   -0.0041457748
3   14   2   5   0.0006849348
3   14   3   4   -0.0000000004
3   14   3   5   0.0000000001
3   14   4   4   -0.2334259668
3   14   4   5   0.0385649426
3   14   5   4   0.0000000004
3   14   5   5   -0.0000000001
3   14   7   6   0.0000000003
4   8   1   6   -0.0014833163
4   8   2   6   -0.0000000000
4   8   3   6   -0.0015696706
4   8   4   6   -0.0000000001
4   8   5   6   0.0142339440
4   8   6   4   -0.0023322436
4   8   6   5   -0.0141166090
4   8   7   4   0.0141166090
4   8   7   5   -0.0023322436
4   9   1   6   -0.0000000000
4   9   2   6   -0.0014815326
4   9   3   6   0.0000000003
4   9   4   6   -0.0006218483
4   9   5   6   -0.0000000033
4   9   6   4   0.0000000005
4   9   6   5   0.0000000031
4   9   7   4   -0.0000000031
4   9   7   5   0.0000000005
4   10   1   6   -0.0008771584
4   10   2   6   0.0000000002
4   10   3   6   -0.0027806342
4   10   4   6   -0.0000000002
4   10   5   6   -0.0577810213
4   10   6   4   0.0097527627
4   10   6   5   0.0590315430
4   10   7   4   -0.0590315430
4   10   7   5   0.0097527627
4   11   1   6   -0.0000000001
4   11   2   6   -0.0007008610
4   11   3   6   0.0000000002
4   11   4   6   -0.0075017089
4   11   5   6   0.0000000001
4   11   6   4   -0.0000000000
4   11   6   5   -0.0000000001
4   11   7   4   0.0000000001
4   11   7   5   -0.0000000000
4   12   1   6   -0.0042176252
4   12   2   6   0.0000000010
4   12   3   6   -0.2350466470
4   12   4   6   0.0000000007
4   12   5   6   0.0195154608
4   12   6   4   -0.0002320823
4   12   6   5   -0.0014047480
4   12   7   4   0.0014047480
4   12   7   5   -0.0002320823
4   13   1   4   0.0006847737
4   13   1   5   0.0041447995
4   13   2   4   -0.0000000002
4   13   2   5   -0.0000000009
4   13   3   4   0.0385541426
4   13   3   5   0.2333605967
4   13   4   4   0.0000000000
4   13   4   5   0.0000000001
4   13   5   4   -0.0030712407
4   13   5   5   -0.0185896124
4   13   6   6   -0.0007633750
4   14   1   4   -0.0041447995
4   14   1   5   0.0006847737
4   14   2   4   0.0000000009
4   14   2   5   -0.0000000002
4   14   3   4   -0.2333605967
4   14   3   5   0.0385541426
4   14   4   4   -0.0000000001
4   14   4   5   0.0000000000
4   14   5   4   0.0185896124
4   14   5   5   -0.0030712407
4   14   7   6   -0.0007633750
5   8   1   6   -0.0000000068
5   8   2   6   -0.0156377124
5   8   3   6   0.0000000035
5   8   4   6   0.0159338392
5   8   5   6   -0.0000000000
5   8   6   4   0.0000000000
5   8   6   5   0.0000000000
5   8   7   4   -0.0000000000
5   8   7   5   0.0000000000
5   9   1   6   -0.0156659375
5   9   2   6   0.0000000070
5   9   3   6   0.0162014065
5   9   4   6   -0.0000000036
5   9   5   6   -0.0001246274
5   9   6   4   0.0000345048
5   9   6   5   0.0002088506
5   9   7   4   -0.0002088506
5   9   7   5   0.0000345048
5   10   1   6   0.0000000030
5   10   2   6   0.0140605481
5   10   3   6   -0.0000000000
5   10   4   6   -0.0593217622
5   10   5   6   -0.0000000006
5   10   6   4   0.0000000000
5   10   6   5   0.0000000001
5   10   7   4   -0.0000000001
5   10   7   5   0.0000000000
5   11   1   6   0.0144166637
5   11   2   6   -0.0000000033
5   11   3   6   -0.0638895982
5   11   4   6   0.0000000001
5   11   5   6   -0.0094491879
5   11   6   4   -0.0001648152
5   11   6   5   -0.0009975938
5   11   7   4   0.0009975938
5   11   7   5   -0.0001648152
5   12   1   6   -0.0000000001
5   12   2   6   -0.0002397794
5   12   3   6   0.0000000006
5   12   4   6   0.0199699166
5   12   5   6   0.0000000022
5   12   6   4   0.0000000004
5   12   6   5   0.0000000022
5   12   6   6   0.0000000000
5   12   7   4   -0.0000000022
5   12   7   5   0.0000000004
5   13   1   4   0.0000000000
5   13   1   5   0.0000000002
5   13   2   4   0.0001236334
5   13   2   5   0.0007483288
5   13   3   4   -0.0000000001
5   13   3   5   -0.0000000005
5   13   4   4   -0.0030388922
5   13   4   5   -0.0183938131
5   13   5   4   -0.0000000005
5   13   5   5   -0.0000000033
5   13   6   5   -0.0000000000
5   13   6   6   -0.0000000006
5   14   1   4   -0.0000000002
5   14   1   5   0.0000000000
5   14   2   4   -0.0007483288
5   14   2   5   0.0001236334
5   14   3   4   0.0000000005
5   14   3   5   -0.0000000001
5   14   4   4   0.0183938131
5   14   4   5   -0.0030388922
5   14   5   4   0.0000000033
5   14   5   5   -0.0000000005
5   14   6   4   0.0000000000
5   14   7   6   -0.0000000007
6   8   1   4   0.0000000011
6   8   1   5   0.0000000069
6   8   2   4   0.0025676975
6   8   2   5   0.0155417651
6   8   3   4   -0.0000000006
6   8   3   5   -0.0000000036
6   8   4   4   -0.0026041470
6   8   4   5   -0.0157623867
6   8   5   4   0.0000000000
6   8   5   5   0.0000000001
6   8   6   6   0.0000000001
6   9   1   4   0.0025696925
6   9   1   5   0.0155538405
6   9   2   4   -0.0000000011
6   9   2   5   -0.0000000068
6   9   3   4   -0.0026146432
6   9   3   5   -0.0158259177
6   9   4   4   0.0000000006
6   9   4   5   0.0000000034
6   9   5   4   0.0000904165
6   9   5   5   0.0005472734
6   9   6   6   0.0004400047
6   10   1   4   -0.0000000005
6   10   1   5   -0.0000000031
6   10   2   4   -0.0023149337
6   10   2   5   -0.0140118357
6   10   3   4   0.0000000001
6   10   3   5   0.0000000004
6   10   4   4   0.0099088107
6   10   4   5   0.0599760705
6   10   5   4   0.0000000001
6   10   5   5   0.0000000005
6   10   6   6   -0.0000000003
6   11   1   4   -0.0023460450
6   11   1   5   -0.0142001463
6   11   2   4   0.0000000005
6   11   2   5   0.0000000031
6   11   3   4   0.0101969592
6   11   3   5   0.0617201762
6   11   4   4   0.0000000000
6   11   4   5   0.0000000001
6   11   5   4   -0.0003465402
6   11   5   5   -0.0020975391
6   11   6   6   -0.0112345975
6   12   2   4   0.0000036892
6   12   2   5   0.0000223298
6   12   3   4   0.0000000000
6   12   3   5   0.0000000000
6   12   4   4   -0.0003086929
6   12   4   5   -0.0018684571
6   12   5   4   -0.0000000001
6   12   5   5   -0.0000000006
6   12   5   6   0.0000000000
6   12   6   6   -0.0000000022
6   12   7   6   -0.0000000000
6   13   1   6   0.0000000001
6   13   2   6   0.0006524017
6   13   3   6   0.0000000005
6   13   4   6   -0.0014324155
6   13   5   5   -0.0000000000
6   13   5   6   0.0000000028
6   13   6   4   0.0000000001
6   13   6   5   0.0000000009
6   13   7   4   -0.0000000001
6   13   7   5   0.0000000000
6   14   5   4   0.0000000000
6   14   6   4   -0.0000000010
6   14   6   5   0.0000000002
6   14   7   4   -0.0000000000
6   14   7   5   -0.0000000000
7   8   1   4   -0.0000000069
7   8   1   5   0.0000000011
7   8   2   4   -0.0155417651
7   8   2   5   0.0025676975
7   8   3   4   0.0000000036
7   8   3   5   -0.0000000006
7   8   4   4   0.0157623867
7   8   4   5   -0.0026041470
7   8   5   4   -0.0000000001
7   8   5   5   0.0000000000
7   8   7   6   0.0000000001
7   9   1   4   -0.0155538405
7   9   1   5   0.0025696925
7   9   2   4   0.0000000068
7   9   2   5   -0.0000000011
7   9   3   4   0.0158259177
7   9   3   5   -0.0026146432
7   9   4   4   -0.0000000034
7   9   4   5   0.0000000006
7   9   5   4   -0.0005472734
7   9   5   5   0.0000904165
7   9   7   6   0.0004400047
7   10   1   4   0.0000000031
7   10   1   5   -0.0000000005
7   10   2   4   0.0140118357
7   10   2   5   -0.0023149337
7   10   3   4   -0.0000000004
7   10   3   5   0.0000000001
7   10   4   4   -0.0599760705
7   10   4   5   0.0099088107
7   10   5   4   -0.0000000004
7   10   5   5   0.0000000001
7   10   7   6   -0.0000000003
7   11   1   4   0.0142001463
7   11   1   5   -0.0023460450
7   11   2   4   -0.0000000031
7   11   2   5   0.0000000005
7   11   3   4   -0.0617201762
7   11   3   5   0.0101969592
7   11   4   4   -0.0000000001
7   11   4   5   0.0000000000
7   11   5   4   0.0020975391
7   11   5   5   -0.0003465402
7   11   7   6   -0.0112345975
7   12   2   4   -0.0000223298
7   12   2   5   0.0000036892
7   12   3   4   -0.0000000000
7   12   3   5   0.0000000000
7   12   4   4   0.0018684571
7   12   4   5   -0.0003086929
7   12   5   4   0.0000000005
7   12   5   5   -0.0000000001
7   12   6   6   -0.0000000000
7   12   7   6   -0.0000000029
7   13   6   4   0.0000000001
7   13   6   5   -0.0000000000
7   13   7   4   0.0000000003
7   13   7   5   0.0000000017
7   14   1   6   0.0000000001
7   14   2   6   0.0006524017
7   14   3   6   0.0000000005
7   14   4   6   -0.0014324155
7   14   5   6   0.0000000028
7   14   6   4   0.0000000000
7   14   6   5   0.0000000002
7   14   7   4   -0.0000000019
7   14   7   5   0.0000000003

End IJKA Block
Begin IABC Block
1   4   1   6   0.0000000000
1   4   3   4   0.0000000001
1   5   2   6   0.0000000000
1   5   3   5   0.0000000001
1   6   1   4   0.0000000000
1   6   2   5   0.0000000000
1   6   3   6   0.0000000004
2   4   1   6   0.0007374154
2   4   3   4   0.0003883261
2   5   2   6   0.0007374154
2   5   3   5   0.0003883261
2   6   1   4   0.0006975348
2   6   2   5   0.0006975348
2   6   3   6   0.0017275911
3   4   1   6   0.0000000005
3   4   2   6   -0.0000000000
3   4   3   4   -0.0000000002
3   4   3   5   -0.0000000000
3   5   1   6   -0.0000000000
3   5   2   6   0.0000000005
3   5   3   4   -0.0000000000
3   5   3   5   -0.0000000002
3   6   1   4   0.0000000006
3   6   1   5   -0.0000000000
3   6   2   4   -0.0000000000
3   6   2   5   0.0000000006
3   6   3   6   0.0000000001
4   4   1   6   -0.0030345665
4   4   3   4   -0.0111916207
4   5   2   6   -0.0030345665
4   5   3   5   -0.0111916207
4   6   1   4   -0.0020426065
4   6   2   5   -0.0020426065
4   6   3   6   -0.0149372710
5   4   1   6   0.0000000018
5   4   2   6   -0.0000000000
5   4   3   4   0.0000000004
5   4   3   5   -0.0000000001
5   5   1   6   -0.0000000000
5   5   2   6   0.0000000017
5   5   3   4   -0.0000000001
5   5   3   5   -0.0000000004
5   5   3   6   0.0000000000
5   6   1   4   0.0000000031
5   6   1   5   -0.0000000000
5   6   2   4   -0.0000000000
5   6   2   5   0.0000000030
5   6   3   5   0.0000000000
5   6   3   6   0.0000000050
6   4   1   4   0.0000000003
6   4   1   5   0.0000000009
6   4   2   4   0.0000000007
6   4   2   5   0.0000000002
6   4   3   6   0.0000000005
6   5   1   4   0.0000000001
6   5   1   5   0.0000000003
6   5   2   4   0.0000000003
6   5   2   5   0.0000000025
6   5   2   6   -0.0000000000
6   5   3   6   0.0000000031
6   6   1   6   -0.0000000003
6   6   2   5   -0.0000000000
6   6   2   6   -0.0000000019
6   6   3   4   0.0000000001
6   6   3   5   0.0000000004
7   4   1   4   -0.0000000016
7   4   1   5   -0.0000000000
7   4   2   4   0.0000000001
7   4   2   5   -0.0000000001
7   4   3   6   -0.0000000031
7   5   1   4   -0.0000000001
7   5   1   5   -0.0000000014
7   5   1   6   0.0000000000
7   5   2   4   -0.0000000009
7   5   2   5   0.0000000004
7   5   3   6   0.0000000005
7   6   1   5   0.0000000000
7   6   1   6   0.0000000020
7   6   2   6   -0.0000000003
7   6   3   4   -0.0000000003
7   6   3   5   0.0000000001

End IABC Block
