0   53   6   13      -0.212036355720
0   54   5   13       0.069131986853
0   54   6   12       0.097311947349
0   55   6   11      -0.057865299804
1   53   5   13       0.097311947350
1   53   6   12       0.069131986853
1   54   5   12      -0.212036355875
1   55   5   11       0.057865299967
2   53   4   13      -0.057865299804
2   54   4   12       0.057865299967
2   55   4   11      -0.073751389893
0   53   13   6       0.212036355720
0   54   12   6      -0.097311947349
0   54   13   5      -0.069131986853
0   55   11   6       0.057865299804
1   53   12   6      -0.069131986853
1   53   13   5      -0.097311947350
1   54   12   5       0.212036355875
1   55   11   5      -0.057865299967
2   53   13   4       0.057865299804
2   54   12   4      -0.057865299967
2   55   11   4       0.073751389893
53   0   6   13       0.212036355720
53   1   5   13      -0.097311947350
53   1   6   12      -0.069131986853
53   2   4   13       0.057865299804
54   0   5   13      -0.069131986853
54   0   6   12      -0.097311947349
54   1   5   12       0.212036355875
54   2   4   12      -0.057865299967
55   0   6   11       0.057865299804
55   1   5   11      -0.057865299967
55   2   4   11       0.073751389893
53   0   13   6      -0.212036355720
53   1   12   6       0.069131986853
53   1   13   5       0.097311947350
53   2   13   4      -0.057865299804
54   0   12   6       0.097311947349
54   0   13   5       0.069131986853
54   1   12   5      -0.212036355875
54   2   12   4       0.057865299967
55   0   11   6      -0.057865299804
55   1   11   5       0.057865299967
55   2   11   4      -0.073751389893

