0   103   6   13      -0.147073398427
0   104   6   12      -0.075218007890
1   103   5   13      -0.075218007890
1   104   5   12      -0.147073398763
0   103   13   6       0.147073398427
0   104   12   6       0.075218007890
1   103   13   5       0.075218007890
1   104   12   5       0.147073398763
7   110   4   11      -0.051884823666
7   110   11   4       0.051884823666
103   0   6   13       0.147073398427
103   1   5   13       0.075218007890
104   0   6   12       0.075218007890
104   1   5   12       0.147073398763
103   0   13   6      -0.147073398427
103   1   13   5      -0.075218007890
104   0   12   6      -0.075218007890
104   1   12   5      -0.147073398763
110   7   4   11       0.051884823666
110   7   11   4      -0.051884823666

