Begin IJ Block
1   1   -26.6009607443
1   2   0.0000000021
1   3   -0.4662190695
1   4   0.0000005655
1   5   0.1361185607
2   2   -26.6014476874
2   3   -0.0000005283
2   4   -0.4982206837
2   5   0.0000001552
3   3   -7.7527938895
3   4   0.0000000021
3   5   -0.4923842933
4   4   -7.2619502420
4   5   0.0000000006
5   5   -7.0935538326
6   6   -6.8633576539
6   7   0.0000000003
7   7   -6.8633576523

End IJ Block
Begin IA Block
1   3   -0.0000001875
2   3   0.1649636393
3   3   -0.0000000022
4   3   0.6595611545
5   3   -0.0000000004
6   1   0.0000000006
6   2   0.0000000001
7   1   0.0000000009
7   2   0.0000000018

End IA Block
Begin AB Block
1   1   -6.5693508321
1   2   0.0000000000
2   2   -6.5693508321
3   3   -6.2888506991

End AB Block
Begin IJAB Block
1   8   1   4   0.0139606271
1   8   1   5   0.0000000000
1   8   2   4   0.0000000000
1   8   2   5   0.0139606271
1   8   3   6   0.0189720101
1   9   1   4   -0.0000000001
1   9   1   5   -0.0000000000
1   9   2   4   -0.0000000000
1   9   2   5   -0.0000000001
1   9   3   6   -0.0000000004
1   10   1   4   -0.0128258967
1   10   1   5   -0.0000000000
1   10   2   4   -0.0000000000
1   10   2   5   -0.0128258967
1   10   3   6   -0.0093672271
1   11   1   4   0.0000000169
1   11   1   5   -0.0000000001
1   11   2   4   -0.0000000001
1   11   2   5   0.0000000169
1   11   3   6   0.0000000117
1   12   1   4   0.0040591792
1   12   1   5   -0.0000000000
1   12   2   4   -0.0000000000
1   12   2   5   0.0040591792
1   12   3   6   0.0014175344
1   13   1   6   0.0058167408
1   13   2   6   -0.0018957543
1   13   3   4   -0.0028410058
1   13   3   5   0.0009259221
1   14   1   6   0.0018957543
1   14   2   6   0.0058167408
1   14   3   4   -0.0009259221
1   14   3   5   -0.0028410058
2   8   1   4   -0.0000000001
2   8   1   5   -0.0000000000
2   8   2   4   -0.0000000000
2   8   2   5   -0.0000000001
2   8   3   6   -0.0000000004
2   9   1   4   0.0140608430
2   9   1   5   0.0000000000
2   9   2   4   0.0000000000
2   9   2   5   0.0140608430
2   9   3   6   0.0191523266
2   10   1   4   -0.0000000145
2   10   1   5   -0.0000000000
2   10   2   4   -0.0000000000
2   10   2   5   -0.0000000146
2   10   3   6   -0.0000000105
2   11   1   4   -0.0148965037
2   11   1   5   0.0000000000
2   11   2   4   0.0000000000
2   11   2   5   -0.0148965037
2   11   3   6   -0.0101632891
2   12   1   4   0.0000000046
2   12   1   5   0.0000000001
2   12   2   4   0.0000000001
2   12   2   5   0.0000000047
2   12   3   6   0.0000000015
2   13   1   6   0.0000000066
2   13   2   6   -0.0000000022
2   13   3   4   -0.0000000032
2   13   3   5   0.0000000010
2   14   1   6   0.0000000021
2   14   2   6   0.0000000066
2   14   3   4   -0.0000000010
2   14   3   5   -0.0000000032
3   8   1   4   -0.0128258967
3   8   1   5   -0.0000000000
3   8   2   4   -0.0000000000
3   8   2   5   -0.0128258967
3   8   3   6   -0.0093672271
3   9   1   4   -0.0000000145
3   9   1   5   -0.0000000000
3   9   2   4   -0.0000000000
3   9   2   5   -0.0000000146
3   9   3   6   -0.0000000105
3   10   1   4   0.0517304405
3   10   1   5   0.0000000001
3   10   2   4   0.0000000001
3   10   2   5   0.0517304406
3   10   3   6   0.0684585252
3   11   1   4   -0.0000000001
3   11   1   5   -0.0000000000
3   11   2   4   -0.0000000000
3   11   2   5   -0.0000000001
3   11   3   6   0.0000000005
3   12   1   4   -0.0165648531
3   12   1   5   0.0000000001
3   12   2   4   0.0000000001
3   12   2   5   -0.0165648530
3   12   3   6   0.0431649954
3   13   1   6   -0.0223868453
3   13   2   6   0.0072961747
3   13   3   4   -0.0515274323
3   13   3   5   0.0167934850
3   14   1   6   -0.0072961748
3   14   2   6   -0.0223868454
3   14   3   4   -0.0167934847
3   14   3   5   -0.0515274320
4   8   1   4   0.0000000169
4   8   1   5   -0.0000000001
4   8   2   4   -0.0000000001
4   8   2   5   0.0000000169
4   8   3   6   0.0000000117
4   9   1   4   -0.0148965037
4   9   1   5   0.0000000000
4   9   2   4   0.0000000000
4   9   2   5   -0.0148965037
4   9   3   6   -0.0101632891
4   10   1   4   -0.0000000001
4   10   1   5   -0.0000000000
4   10   2   4   -0.0000000000
4   10   2   5   -0.0000000001
4   10   3   6   0.0000000005
4   11   1   4   0.0702140911
4   11   1   5   -0.0000000001
4   11   2   4   -0.0000000001
4   11   2   5   0.0702140910
4   11   3   6   0.0504404543
4   12   1   4   0.0000000001
4   12   1   5   -0.0000000000
4   12   2   4   -0.0000000000
4   12   2   5   0.0000000000
4   12   3   6   0.0000000015
4   13   1   6   -0.0000000004
4   13   2   6   0.0000000002
4   13   3   4   -0.0000000004
4   13   3   5   0.0000000001
4   14   1   6   0.0000000000
4   14   2   6   -0.0000000002
4   14   3   4   -0.0000000002
4   14   3   5   -0.0000000005
5   8   1   4   0.0040591792
5   8   1   5   -0.0000000000
5   8   2   4   -0.0000000000
5   8   2   5   0.0040591792
5   8   3   6   0.0014175344
5   9   1   4   0.0000000046
5   9   1   5   0.0000000001
5   9   2   4   0.0000000001
5   9   2   5   0.0000000047
5   9   3   6   0.0000000015
5   10   1   4   -0.0165648531
5   10   1   5   0.0000000001
5   10   2   4   0.0000000001
5   10   2   5   -0.0165648530
5   10   3   6   0.0431649954
5   11   1   4   0.0000000001
5   11   1   5   -0.0000000000
5   11   2   4   -0.0000000000
5   11   2   5   0.0000000000
5   11   3   6   0.0000000015
5   12   1   4   0.0271273834
5   12   1   5   -0.0000000002
5   12   2   4   -0.0000000002
5   12   2   5   0.0271273832
5   12   3   6   0.1190637269
5   13   1   6   -0.0088128184
5   13   2   6   0.0028722164
5   13   3   4   -0.1023400410
5   13   3   5   0.0333539994
5   14   1   6   -0.0028722163
5   14   2   6   -0.0088128183
5   14   3   4   -0.0333539988
5   14   3   5   -0.1023400404
6   8   1   6   -0.0028410058
6   8   2   6   0.0009259221
6   8   3   4   0.0058167408
6   8   3   5   -0.0018957543
6   9   1   6   -0.0000000032
6   9   2   6   0.0000000010
6   9   3   4   0.0000000066
6   9   3   5   -0.0000000022
6   10   1   6   -0.0515274323
6   10   2   6   0.0167934850
6   10   3   4   -0.0223868453
6   10   3   5   0.0072961747
6   11   1   6   -0.0000000004
6   11   2   6   0.0000000001
6   11   3   4   -0.0000000004
6   11   3   5   0.0000000002
6   12   1   6   -0.1023400410
6   12   2   6   0.0333539994
6   12   3   4   -0.0088128184
6   12   3   5   0.0028722164
6   13   1   4   0.1583911163
6   13   1   5   -0.0447705251
6   13   2   4   -0.0447705251
6   13   2   5   0.0356130808
6   13   3   6   0.0235323697
6   14   1   4   0.0447705233
6   14   1   5   0.1202301302
6   14   2   4   0.0025479047
6   14   2   5   -0.0447705232
6   14   3   6   0.0000000000
7   8   1   6   -0.0009259221
7   8   2   6   -0.0028410058
7   8   3   4   0.0018957543
7   8   3   5   0.0058167408
7   9   1   6   -0.0000000010
7   9   2   6   -0.0000000032
7   9   3   4   0.0000000021
7   9   3   5   0.0000000066
7   10   1   6   -0.0167934847
7   10   2   6   -0.0515274320
7   10   3   4   -0.0072961748
7   10   3   5   -0.0223868454
7   11   1   6   -0.0000000002
7   11   2   6   -0.0000000005
7   11   3   4   0.0000000000
7   11   3   5   -0.0000000002
7   12   1   6   -0.0333539988
7   12   2   6   -0.1023400404
7   12   3   4   -0.0028722163
7   12   3   5   -0.0088128183
7   13   1   4   0.0447705233
7   13   1   5   0.0025479047
7   13   2   4   0.1202301302
7   13   2   5   -0.0447705232
7   13   3   6   0.0000000000
7   14   1   4   0.0356130808
7   14   1   5   0.0447705252
7   14   2   4   0.0447705252
7   14   2   5   0.1583911164
7   14   3   6   0.0235323698

End IJAB Block
Begin IJKL Block
1   8   1   8   2.2088264676
1   8   1   9   -0.0000043089
1   8   1   10   0.1909853341
1   8   1   11   -0.0000006871
1   8   1   12   -0.0458756992
1   8   2   8   -0.0000043089
1   8   2   9   1.8977418675
1   8   2   10   -0.0000002189
1   8   2   11   0.2012645023
1   8   2   12   0.0000000444
1   8   3   8   0.1909853341
1   8   3   9   -0.0000002189
1   8   3   10   0.0274210960
1   8   3   11   -0.0000000639
1   8   3   12   -0.0043508518
1   8   4   8   -0.0000006871
1   8   4   9   0.2012645023
1   8   4   10   -0.0000000639
1   8   4   11   0.0308373830
1   8   4   12   0.0000000200
1   8   5   8   -0.0458756992
1   8   5   9   0.0000000444
1   8   5   10   -0.0043508518
1   8   5   11   0.0000000200
1   8   5   12   0.0121367609
1   8   6   13   0.0105254472
1   8   6   14   0.0000000000
1   8   7   13   0.0000000000
1   8   7   14   0.0105254472
1   9   1   8   -0.0000043089
1   9   1   9   2.2090432850
1   9   1   10   -0.0000002206
1   9   1   11   0.2027816734
1   9   1   12   0.0000000368
1   9   2   8   1.8977385708
1   9   2   9   0.0000043084
1   9   2   10   0.1925104957
1   9   2   11   0.0000002285
1   9   2   12   -0.0392327320
1   9   3   8   -0.0000002189
1   9   3   9   0.1910290858
1   9   3   10   -0.0000000001
1   9   3   11   0.0281021014
1   9   3   12   0.0000000000
1   9   4   8   0.2012662362
1   9   4   9   0.0000002268
1   9   4   10   0.0281261533
1   9   4   11   -0.0000000001
1   9   4   12   -0.0087726989
1   9   5   8   0.0000000444
1   9   5   9   -0.0458693477
1   9   5   10   0.0000000001
1   9   5   11   -0.0088426126
1   9   5   12   0.0000000002
1   9   6   13   0.0000000001
1   9   6   14   0.0000000000
1   9   7   13   0.0000000000
1   9   7   14   0.0000000002
1   10   1   8   0.1909853341
1   10   1   9   -0.0000002206
1   10   1   10   0.6501751977
1   10   1   11   -0.0000006995
1   10   1   12   0.0326622092
1   10   2   8   -0.0000002189
1   10   2   9   0.1925146740
1   10   2   10   -0.0000000009
1   10   2   11   0.3079809496
1   10   2   12   -0.0000000002
1   10   3   8   0.0293391243
1   10   3   9   -0.0000000001
1   10   3   10   0.0059905307
1   10   3   11   -0.0000000099
1   10   3   12   -0.0034078706
1   10   4   8   -0.0000000681
1   10   4   9   0.0299665894
1   10   4   10   -0.0000000120
1   10   4   11   0.0077586354
1   10   4   12   -0.0000000029
1   10   5   8   -0.0040856013
1   10   5   9   0.0000000000
1   10   5   10   -0.0112633388
1   10   5   11   -0.0000000017
1   10   5   12   -0.0143708978
1   10   6   13   -0.0133503466
1   10   6   14   0.0000000000
1   10   7   13   0.0000000000
1   10   7   14   -0.0133503466
1   11   1   8   -0.0000006871
1   11   1   9   0.2027816734
1   11   1   10   -0.0000006995
1   11   1   11   0.6373486989
1   11   1   12   0.0000003904
1   11   2   8   0.2012662362
1   11   2   9   0.0000002285
1   11   2   10   0.3079928052
1   11   2   11   0.0000000003
1   11   2   12   -0.1720335167
1   11   3   8   -0.0000000681
1   11   3   9   0.0299537975
1   11   3   10   -0.0000000102
1   11   3   11   0.0097958119
1   11   3   12   0.0000000065
1   11   4   8   0.0330359634
1   11   4   9   -0.0000000000
1   11   4   10   0.0075899722
1   11   4   11   -0.0000000096
1   11   4   12   -0.0003615314
1   11   5   8   0.0000000221
1   11   5   9   -0.0097675523
1   11   5   10   -0.0000000020
1   11   5   11   0.0018049866
1   11   5   12   0.0000000149
1   11   6   13   0.0000000139
1   11   6   14   -0.0000000000
1   11   7   13   -0.0000000000
1   11   7   14   0.0000000138
1   12   1   8   -0.0458756992
1   12   1   9   0.0000000368
1   12   1   10   0.0326622092
1   12   1   11   0.0000003904
1   12   1   12   0.6309920614
1   12   2   8   0.0000000444
1   12   2   9   -0.0392301317
1   12   2   10   -0.0000000002
1   12   2   11   -0.1720369460
1   12   2   12   -0.0000000004
1   12   3   8   -0.0040856013
1   12   3   9   0.0000000000
1   12   3   10   -0.0036533606
1   12   3   11   0.0000000068
1   12   3   12   0.0062765136
1   12   4   8   0.0000000221
1   12   4   9   -0.0097001465
1   12   4   10   -0.0000000029
1   12   4   11   -0.0002394605
1   12   4   12   -0.0000000074
1   12   5   8   0.0151024971
1   12   5   9   0.0000000001
1   12   5   10   -0.0150595859
1   12   5   11   0.0000000156
1   12   5   12   -0.0004204355
1   12   6   13   0.0020541075
1   12   6   14   -0.0000000000
1   12   7   13   -0.0000000000
1   12   7   14   0.0020541075
1   13   1   13   0.6043866618
1   13   1   14   -0.0000000001
1   13   2   13   -0.0000000003
1   13   2   14   -0.0000000000
1   13   3   13   0.0047963054
1   13   3   14   -0.0000000000
1   13   4   13   -0.0000000076
1   13   4   14   0.0000000000
1   13   5   13   -0.0051710108
1   13   5   14   0.0000000000
1   13   6   8   0.0132663387
1   13   6   9   0.0000000002
1   13   6   10   -0.0139376802
1   13   6   11   0.0000000146
1   13   6   12   0.0021940281
1   13   7   9   -0.0000000000
1   13   7   11   -0.0000000000
1   13   7   12   -0.0000000000
1   14   1   13   -0.0000000001
1   14   1   14   0.6043866615
1   14   2   13   -0.0000000000
1   14   2   14   -0.0000000003
1   14   3   13   -0.0000000000
1   14   3   14   0.0047963054
1   14   4   13   0.0000000000
1   14   4   14   -0.0000000076
1   14   5   13   0.0000000000
1   14   5   14   -0.0051710107
1   14   6   9   -0.0000000000
1   14   6   11   -0.0000000000
1   14   6   12   -0.0000000000
1   14   7   8   0.0132663387
1   14   7   9   0.0000000001
1   14   7   10   -0.0139376802
1   14   7   11   0.0000000144
1   14   7   12   0.0021940281
2   8   1   8   -0.0000043089
2   8   1   9   1.8977385708
2   8   1   10   -0.0000002189
2   8   1   11   0.2012662362
2   8   1   12   0.0000000444
2   8   2   8   2.2090432850
2   8   2   9   0.0000043084
2   8   2   10   0.1910290858
2   8   2   11   0.0000002268
2   8   2   12   -0.0458693477
2   8   3   8   -0.0000002206
2   8   3   9   0.1925104957
2   8   3   10   -0.0000000001
2   8   3   11   0.0281261533
2   8   3   12   0.0000000001
2   8   4   8   0.2027816734
2   8   4   9   0.0000002285
2   8   4   10   0.0281021014
2   8   4   11   -0.0000000001
2   8   4   12   -0.0088426126
2   8   5   8   0.0000000368
2   8   5   9   -0.0392327320
2   8   5   10   0.0000000000
2   8   5   11   -0.0087726989
2   8   5   12   0.0000000002
2   8   6   13   0.0000000001
2   8   6   14   0.0000000000
2   8   7   13   0.0000000000
2   8   7   14   0.0000000002
2   9   1   8   1.8977418675
2   9   1   9   0.0000043084
2   9   1   10   0.1925146740
2   9   1   11   0.0000002285
2   9   1   12   -0.0392301317
2   9   2   8   0.0000043084
2   9   2   9   2.2092689247
2   9   2   10   0.0000006536
2   9   2   11   0.2028029344
2   9   2   12   -0.0000001413
2   9   3   8   0.1925146740
2   9   3   9   0.0000006536
2   9   3   10   0.0274020711
2   9   3   11   0.0000000638
2   9   3   12   -0.0044168669
2   9   4   8   0.0000002285
2   9   4   9   0.2028029344
2   9   4   10   0.0000000638
2   9   4   11   0.0308695722
2   9   4   12   -0.0000000200
2   9   5   8   -0.0392301317
2   9   5   9   -0.0000001413
2   9   5   10   -0.0044168669
2   9   5   11   -0.0000000200
2   9   5   12   0.0118377943
2   9   6   13   0.0103715433
2   9   6   14   0.0000000000
2   9   7   13   0.0000000000
2   9   7   14   0.0103715433
2   10   1   8   -0.0000002189
2   10   1   9   0.1925104957
2   10   1   10   -0.0000000009
2   10   1   11   0.3079928052
2   10   1   12   -0.0000000002
2   10   2   8   0.1910290858
2   10   2   9   0.0000006536
2   10   2   10   0.6501635127
2   10   2   11   0.0000006990
2   10   2   12   0.0326409933
2   10   3   8   -0.0000000001
2   10   3   9   0.0293399551
2   10   3   10   0.0000000068
2   10   3   11   0.0086706632
2   10   3   12   -0.0000000039
2   10   4   8   0.0299537975
2   10   4   9   0.0000000680
2   10   4   10   0.0104922595
2   10   4   11   0.0000000088
2   10   4   12   0.0024618034
2   10   5   8   0.0000000000
2   10   5   9   -0.0041453787
2   10   5   10   -0.0000000128
2   10   5   11   0.0014383614
2   10   5   12   -0.0000000161
2   10   6   13   -0.0000000151
2   10   6   14   -0.0000000000
2   10   7   13   -0.0000000000
2   10   7   14   -0.0000000151
2   11   1   8   0.2012645023
2   11   1   9   0.0000002285
2   11   1   10   0.3079809496
2   11   1   11   0.0000000003
2   11   1   12   -0.1720369460
2   11   2   8   0.0000002268
2   11   2   9   0.2028029344
2   11   2   10   0.0000006990
2   11   2   11   0.6373738611
2   11   2   12   -0.0000003908
2   11   3   8   0.0299665894
2   11   3   9   0.0000000680
2   11   3   10   0.0089486080
2   11   3   11   0.0000000111
2   11   3   12   -0.0056950436
2   11   4   8   -0.0000000000
2   11   4   9   0.0330637023
2   11   4   10   0.0000000086
2   11   4   11   0.0084803924
2   11   4   12   -0.0000000004
2   11   5   8   -0.0097001465
2   11   5   9   -0.0000000221
2   11   5   10   0.0017467223
2   11   5   11   0.0000000020
2   11   5   12   -0.0130175974
2   11   6   13   -0.0121945779
2   11   6   14   0.0000000000
2   11   7   13   0.0000000000
2   11   7   14   -0.0121945779
2   12   1   8   0.0000000444
2   12   1   9   -0.0392327320
2   12   1   10   -0.0000000002
2   12   1   11   -0.1720335167
2   12   1   12   -0.0000000004
2   12   2   8   -0.0458693477
2   12   2   9   -0.0000001413
2   12   2   10   0.0326409933
2   12   2   11   -0.0000003908
2   12   2   12   0.6309902677
2   12   3   8   0.0000000000
2   12   3   9   -0.0041453787
2   12   3   10   -0.0000000042
2   12   3   11   -0.0059594176
2   12   3   12   0.0000000071
2   12   4   8   -0.0097675523
2   12   4   9   -0.0000000221
2   12   4   10   0.0024755856
2   12   4   11   -0.0000000003
2   12   4   12   0.0064399437
2   12   5   8   0.0000000001
2   12   5   9   0.0148160022
2   12   5   10   -0.0000000169
2   12   5   11   -0.0136091696
2   12   5   12   -0.0000000005
2   12   6   13   0.0000000023
2   12   6   14   0.0000000000
2   12   7   13   0.0000000000
2   12   7   14   0.0000000023
2   13   1   13   -0.0000000003
2   13   1   14   -0.0000000000
2   13   2   13   0.6043783921
2   13   2   14   -0.0000000001
2   13   3   13   0.0000000054
2   13   3   14   0.0000000000
2   13   4   13   0.0067180820
2   13   4   14   -0.0000000000
2   13   5   13   -0.0000000059
2   13   5   14   0.0000000000
2   13   6   8   0.0000000002
2   13   6   9   0.0131205750
2   13   6   10   -0.0000000157
2   13   6   11   -0.0127848968
2   13   6   12   0.0000000025
2   13   7   8   -0.0000000000
2   13   7   10   -0.0000000000
2   13   7   11   0.0000000000
2   13   7   12   0.0000000000
2   14   1   13   -0.0000000000
2   14   1   14   -0.0000000003
2   14   2   13   -0.0000000001
2   14   2   14   0.6043783919
2   14   3   13   0.0000000000
2   14   3   14   0.0000000054
2   14   4   13   -0.0000000000
2   14   4   14   0.0067180819
2   14   5   13   0.0000000000
2   14   5   14   -0.0000000059
2   14   6   8   -0.0000000000
2   14   6   10   -0.0000000000
2   14   6   11   0.0000000000
2   14   6   12   0.0000000000
2   14   7   8   0.0000000001
2   14   7   9   0.0131205750
2   14   7   10   -0.0000000158
2   14   7   11   -0.0127848968
2   14   7   12   0.0000000025
3   8   1   8   0.1909853341
3   8   1   9   -0.0000002189
3   8   1   10   0.0293391243
3   8   1   11   -0.0000000681
3   8   1   12   -0.0040856013
3   8   2   8   -0.0000002206
3   8   2   9   0.1925146740
3   8   2   10   -0.0000000001
3   8   2   11   0.0299665894
3   8   2   12   0.0000000000
3   8   3   8   0.6501751977
3   8   3   9   -0.0000000009
3   8   3   10   0.0059905307
3   8   3   11   -0.0000000120
3   8   3   12   -0.0112633388
3   8   4   8   -0.0000006995
3   8   4   9   0.3079809496
3   8   4   10   -0.0000000099
3   8   4   11   0.0077586354
3   8   4   12   -0.0000000017
3   8   5   8   0.0326622092
3   8   5   9   -0.0000000002
3   8   5   10   -0.0034078706
3   8   5   11   -0.0000000029
3   8   5   12   -0.0143708978
3   8   6   13   -0.0133503466
3   8   6   14   0.0000000000
3   8   7   13   0.0000000000
3   8   7   14   -0.0133503466
3   9   1   8   -0.0000002189
3   9   1   9   0.1910290858
3   9   1   10   -0.0000000001
3   9   1   11   0.0299537975
3   9   1   12   0.0000000000
3   9   2   8   0.1925104957
3   9   2   9   0.0000006536
3   9   2   10   0.0293399551
3   9   2   11   0.0000000680
3   9   2   12   -0.0041453787
3   9   3   8   -0.0000000009
3   9   3   9   0.6501635127
3   9   3   10   0.0000000068
3   9   3   11   0.0104922595
3   9   3   12   -0.0000000128
3   9   4   8   0.3079928052
3   9   4   9   0.0000006990
3   9   4   10   0.0086706632
3   9   4   11   0.0000000088
3   9   4   12   0.0014383614
3   9   5   8   -0.0000000002
3   9   5   9   0.0326409933
3   9   5   10   -0.0000000039
3   9   5   11   0.0024618034
3   9   5   12   -0.0000000161
3   9   6   13   -0.0000000151
3   9   6   14   -0.0000000000
3   9   7   13   -0.0000000000
3   9   7   14   -0.0000000151
3   10   1   8   0.0274210960
3   10   1   9   -0.0000000001
3   10   1   10   0.0059905307
3   10   1   11   -0.0000000102
3   10   1   12   -0.0036533606
3   10   2   8   -0.0000000001
3   10   2   9   0.0274020711
3   10   2   10   0.0000000068
3   10   2   11   0.0089486080
3   10   2   12   -0.0000000042
3   10   3   8   0.0059905307
3   10   3   9   0.0000000068
3   10   3   10   0.5372498456
3   10   3   11   -0.0000000005
3   10   3   12   0.0703181119
3   10   4   8   -0.0000000102
3   10   4   9   0.0089486080
3   10   4   10   -0.0000000005
3   10   4   11   0.1566094932
3   10   4   12   0.0000000001
3   10   5   8   -0.0036533606
3   10   5   9   -0.0000000042
3   10   5   10   0.0703181119
3   10   5   11   0.0000000001
3   10   5   12   0.0748048831
3   10   6   13   0.0665183154
3   10   6   14   0.0000000001
3   10   7   13   0.0000000001
3   10   7   14   0.0665183159
3   11   1   8   -0.0000000639
3   11   1   9   0.0281021014
3   11   1   10   -0.0000000099
3   11   1   11   0.0097958119
3   11   1   12   0.0000000068
3   11   2   8   0.0281261533
3   11   2   9   0.0000000638
3   11   2   10   0.0086706632
3   11   2   11   0.0000000111
3   11   2   12   -0.0059594176
3   11   3   8   -0.0000000120
3   11   3   9   0.0104922595
3   11   3   10   -0.0000000005
3   11   3   11   0.4756026078
3   11   3   12   0.0000000001
3   11   4   8   0.0075899722
3   11   4   9   0.0000000086
3   11   4   10   0.1587872029
3   11   4   11   0.0000000001
3   11   4   12   -0.1000563958
3   11   5   8   -0.0000000029
3   11   5   9   0.0024755856
3   11   5   10   0.0000000001
3   11   5   11   -0.0007187368
3   11   5   12   -0.0000000003
3   11   6   13   0.0000000001
3   11   6   14   -0.0000000001
3   11   7   13   -0.0000000001
3   11   7   14   -0.0000000003
3   12   1   8   -0.0043508518
3   12   1   9   0.0000000000
3   12   1   10   -0.0034078706
3   12   1   11   0.0000000065
3   12   1   12   0.0062765136
3   12   2   8   0.0000000001
3   12   2   9   -0.0044168669
3   12   2   10   -0.0000000039
3   12   2   11   -0.0056950436
3   12   2   12   0.0000000071
3   12   3   8   -0.0112633388
3   12   3   9   -0.0000000128
3   12   3   10   0.0703181119
3   12   3   11   0.0000000001
3   12   3   12   0.4928836363
3   12   4   8   -0.0000000020
3   12   4   9   0.0017467223
3   12   4   10   0.0000000001
3   12   4   11   -0.1016849493
3   12   4   12   -0.0000000001
3   12   5   8   -0.0150595859
3   12   5   9   -0.0000000169
3   12   5   10   0.0777663486
3   12   5   11   -0.0000000002
3   12   5   12   0.0227615239
3   12   6   13   -0.0027988682
3   12   6   14   0.0000000000
3   12   7   13   0.0000000000
3   12   7   14   -0.0027988681
3   13   1   13   0.0047963054
3   13   1   14   -0.0000000000
3   13   2   13   0.0000000054
3   13   2   14   0.0000000000
3   13   3   13   0.4849350275
3   13   3   14   0.0000000000
3   13   4   13   -0.0000000002
3   13   4   14   -0.0000000000
3   13   5   13   0.0368714065
3   13   5   14   0.0000000000
3   13   6   8   -0.0139376802
3   13   6   9   -0.0000000157
3   13   6   10   0.0695061517
3   13   6   11   0.0000000001
3   13   6   12   -0.0025643161
3   13   7   9   -0.0000000000
3   13   7   10   0.0000000000
3   13   7   11   -0.0000000001
3   13   7   12   0.0000000000
3   14   1   13   -0.0000000000
3   14   1   14   0.0047963054
3   14   2   13   0.0000000000
3   14   2   14   0.0000000054
3   14   3   13   0.0000000000
3   14   3   14   0.4849350276
3   14   4   13   -0.0000000000
3   14   4   14   -0.0000000004
3   14   5   13   0.0000000000
3   14   5   14   0.0368714066
3   14   6   9   -0.0000000000
3   14   6   10   0.0000000000
3   14   6   11   -0.0000000001
3   14   6   12   0.0000000000
3   14   7   8   -0.0139376802
3   14   7   9   -0.0000000158
3   14   7   10   0.0695061519
3   14   7   11   -0.0000000002
3   14   7   12   -0.0025643159
4   8   1   8   -0.0000006871
4   8   1   9   0.2012662362
4   8   1   10   -0.0000000681
4   8   1   11   0.0330359634
4   8   1   12   0.0000000221
4   8   2   8   0.2027816734
4   8   2   9   0.0000002285
4   8   2   10   0.0299537975
4   8   2   11   -0.0000000000
4   8   2   12   -0.0097675523
4   8   3   8   -0.0000006995
4   8   3   9   0.3079928052
4   8   3   10   -0.0000000102
4   8   3   11   0.0075899722
4   8   3   12   -0.0000000020
4   8   4   8   0.6373486989
4   8   4   9   0.0000000003
4   8   4   10   0.0097958119
4   8   4   11   -0.0000000096
4   8   4   12   0.0018049866
4   8   5   8   0.0000003904
4   8   5   9   -0.1720335167
4   8   5   10   0.0000000065
4   8   5   11   -0.0003615314
4   8   5   12   0.0000000149
4   8   6   13   0.0000000139
4   8   6   14   -0.0000000000
4   8   7   13   -0.0000000000
4   8   7   14   0.0000000138
4   9   1   8   0.2012645023
4   9   1   9   0.0000002268
4   9   1   10   0.0299665894
4   9   1   11   -0.0000000000
4   9   1   12   -0.0097001465
4   9   2   8   0.0000002285
4   9   2   9   0.2028029344
4   9   2   10   0.0000000680
4   9   2   11   0.0330637023
4   9   2   12   -0.0000000221
4   9   3   8   0.3079809496
4   9   3   9   0.0000006990
4   9   3   10   0.0089486080
4   9   3   11   0.0000000086
4   9   3   12   0.0017467223
4   9   4   8   0.0000000003
4   9   4   9   0.6373738611
4   9   4   10   0.0000000111
4   9   4   11   0.0084803924
4   9   4   12   0.0000000020
4   9   5   8   -0.1720369460
4   9   5   9   -0.0000003908
4   9   5   10   -0.0056950436
4   9   5   11   -0.0000000004
4   9   5   12   -0.0130175974
4   9   6   13   -0.0121945779
4   9   6   14   0.0000000000
4   9   7   13   0.0000000000
4   9   7   14   -0.0121945779
4   10   1   8   -0.0000000639
4   10   1   9   0.0281261533
4   10   1   10   -0.0000000120
4   10   1   11   0.0075899722
4   10   1   12   -0.0000000029
4   10   2   8   0.0281021014
4   10   2   9   0.0000000638
4   10   2   10   0.0104922595
4   10   2   11   0.0000000086
4   10   2   12   0.0024755856
4   10   3   8   -0.0000000099
4   10   3   9   0.0086706632
4   10   3   10   -0.0000000005
4   10   3   11   0.1587872029
4   10   3   12   0.0000000001
4   10   4   8   0.0097958119
4   10   4   9   0.0000000111
4   10   4   10   0.4756026078
4   10   4   11   0.0000000001
4   10   4   12   -0.0007187368
4   10   5   8   0.0000000068
4   10   5   9   -0.0059594176
4   10   5   10   0.0000000001
4   10   5   11   -0.1000563958
4   10   5   12   -0.0000000003
4   10   6   13   0.0000000001
4   10   6   14   -0.0000000001
4   10   7   13   -0.0000000001
4   10   7   14   -0.0000000003
4   11   1   8   0.0308373830
4   11   1   9   -0.0000000001
4   11   1   10   0.0077586354
4   11   1   11   -0.0000000096
4   11   1   12   -0.0002394605
4   11   2   8   -0.0000000001
4   11   2   9   0.0308695722
4   11   2   10   0.0000000088
4   11   2   11   0.0084803924
4   11   2   12   -0.0000000003
4   11   3   8   0.0077586354
4   11   3   9   0.0000000088
4   11   3   10   0.1566094932
4   11   3   11   0.0000000001
4   11   3   12   -0.1016849493
4   11   4   8   -0.0000000096
4   11   4   9   0.0084803924
4   11   4   10   0.0000000001
4   11   4   11   0.4841719657
4   11   4   12   -0.0000000001
4   11   5   8   -0.0002394605
4   11   5   9   -0.0000000003
4   11   5   10   -0.1016849493
4   11   5   11   -0.0000000001
4   11   5   12   0.1078381414
4   11   6   13   0.0491492006
4   11   6   14   0.0000000001
4   11   7   13   0.0000000001
4   11   7   14   0.0491492011
4   12   1   8   0.0000000200
4   12   1   9   -0.0087726989
4   12   1   10   -0.0000000029
4   12   1   11   -0.0003615314
4   12   1   12   -0.0000000074
4   12   2   8   -0.0088426126
4   12   2   9   -0.0000000200
4   12   2   10   0.0024618034
4   12   2   11   -0.0000000004
4   12   2   12   0.0064399437
4   12   3   8   -0.0000000017
4   12   3   9   0.0014383614
4   12   3   10   0.0000000001
4   12   3   11   -0.1000563958
4   12   3   12   -0.0000000001
4   12   4   8   0.0018049866
4   12   4   9   0.0000000020
4   12   4   10   -0.0007187368
4   12   4   11   -0.0000000001
4   12   4   12   0.4762251317
4   12   5   8   0.0000000156
4   12   5   9   -0.0136091696
4   12   5   10   -0.0000000002
4   12   5   11   0.1094639340
4   12   5   12   -0.0000000000
4   12   6   13   -0.0000000000
4   12   6   14   0.0000000000
4   12   7   13   0.0000000000
4   12   7   14   0.0000000001
4   13   1   13   -0.0000000076
4   13   1   14   0.0000000000
4   13   2   13   0.0067180820
4   13   2   14   -0.0000000000
4   13   3   13   -0.0000000002
4   13   3   14   -0.0000000000
4   13   4   13   0.4521880415
4   13   4   14   -0.0000000000
4   13   5   13   -0.0000000000
4   13   5   14   0.0000000000
4   13   6   8   0.0000000146
4   13   6   9   -0.0127848968
4   13   6   10   0.0000000001
4   13   6   11   0.0505313567
4   13   6   12   0.0000000000
4   13   7   8   -0.0000000000
4   13   7   9   0.0000000000
4   13   7   10   -0.0000000001
4   13   7   11   0.0000000000
4   13   7   12   -0.0000000000
4   14   1   13   0.0000000000
4   14   1   14   -0.0000000076
4   14   2   13   -0.0000000000
4   14   2   14   0.0067180819
4   14   3   13   -0.0000000000
4   14   3   14   -0.0000000004
4   14   4   13   -0.0000000000
4   14   4   14   0.4521880415
4   14   5   13   0.0000000000
4   14   5   14   0.0000000001
4   14   6   8   -0.0000000000
4   14   6   9   0.0000000000
4   14   6   10   -0.0000000001
4   14   6   11   0.0000000000
4   14   6   12   -0.0000000000
4   14   7   8   0.0000000144
4   14   7   9   -0.0127848968
4   14   7   10   -0.0000000002
4   14   7   11   0.0505313567
4   14   7   12   -0.0000000000
5   8   1   8   -0.0458756992
5   8   1   9   0.0000000444
5   8   1   10   -0.0040856013
5   8   1   11   0.0000000221
5   8   1   12   0.0151024971
5   8   2   8   0.0000000368
5   8   2   9   -0.0392301317
5   8   2   10   0.0000000000
5   8   2   11   -0.0097001465
5   8   2   12   0.0000000001
5   8   3   8   0.0326622092
5   8   3   9   -0.0000000002
5   8   3   10   -0.0036533606
5   8   3   11   -0.0000000029
5   8   3   12   -0.0150595859
5   8   4   8   0.0000003904
5   8   4   9   -0.1720369460
5   8   4   10   0.0000000068
5   8   4   11   -0.0002394605
5   8   4   12   0.0000000156
5   8   5   8   0.6309920614
5   8   5   9   -0.0000000004
5   8   5   10   0.0062765136
5   8   5   11   -0.0000000074
5   8   5   12   -0.0004204355
5   8   6   13   0.0020541075
5   8   6   14   -0.0000000000
5   8   7   13   -0.0000000000
5   8   7   14   0.0020541075
5   9   1   8   0.0000000444
5   9   1   9   -0.0458693477
5   9   1   10   0.0000000000
5   9   1   11   -0.0097675523
5   9   1   12   0.0000000001
5   9   2   8   -0.0392327320
5   9   2   9   -0.0000001413
5   9   2   10   -0.0041453787
5   9   2   11   -0.0000000221
5   9   2   12   0.0148160022
5   9   3   8   -0.0000000002
5   9   3   9   0.0326409933
5   9   3   10   -0.0000000042
5   9   3   11   0.0024755856
5   9   3   12   -0.0000000169
5   9   4   8   -0.1720335167
5   9   4   9   -0.0000003908
5   9   4   10   -0.0059594176
5   9   4   11   -0.0000000003
5   9   4   12   -0.0136091696
5   9   5   8   -0.0000000004
5   9   5   9   0.6309902677
5   9   5   10   0.0000000071
5   9   5   11   0.0064399437
5   9   5   12   -0.0000000005
5   9   6   13   0.0000000023
5   9   6   14   0.0000000000
5   9   7   13   0.0000000000
5   9   7   14   0.0000000023
5   10   1   8   -0.0043508518
5   10   1   9   0.0000000001
5   10   1   10   -0.0112633388
5   10   1   11   -0.0000000020
5   10   1   12   -0.0150595859
5   10   2   8   0.0000000000
5   10   2   9   -0.0044168669
5   10   2   10   -0.0000000128
5   10   2   11   0.0017467223
5   10   2   12   -0.0000000169
5   10   3   8   -0.0034078706
5   10   3   9   -0.0000000039
5   10   3   10   0.0703181119
5   10   3   11   0.0000000001
5   10   3   12   0.0777663486
5   10   4   8   0.0000000065
5   10   4   9   -0.0056950436
5   10   4   10   0.0000000001
5   10   4   11   -0.1016849493
5   10   4   12   -0.0000000002
5   10   5   8   0.0062765136
5   10   5   9   0.0000000071
5   10   5   10   0.4928836363
5   10   5   11   -0.0000000001
5   10   5   12   0.0227615239
5   10   6   13   -0.0027988682
5   10   6   14   0.0000000000
5   10   7   13   0.0000000000
5   10   7   14   -0.0027988681
5   11   1   8   0.0000000200
5   11   1   9   -0.0088426126
5   11   1   10   -0.0000000017
5   11   1   11   0.0018049866
5   11   1   12   0.0000000156
5   11   2   8   -0.0087726989
5   11   2   9   -0.0000000200
5   11   2   10   0.0014383614
5   11   2   11   0.0000000020
5   11   2   12   -0.0136091696
5   11   3   8   -0.0000000029
5   11   3   9   0.0024618034
5   11   3   10   0.0000000001
5   11   3   11   -0.0007187368
5   11   3   12   -0.0000000002
5   11   4   8   -0.0003615314
5   11   4   9   -0.0000000004
5   11   4   10   -0.1000563958
5   11   4   11   -0.0000000001
5   11   4   12   0.1094639340
5   11   5   8   -0.0000000074
5   11   5   9   0.0064399437
5   11   5   10   -0.0000000001
5   11   5   11   0.4762251317
5   11   5   12   -0.0000000000
5   11   6   13   -0.0000000000
5   11   6   14   0.0000000000
5   11   7   13   0.0000000000
5   11   7   14   0.0000000001
5   12   1   8   0.0121367609
5   12   1   9   0.0000000002
5   12   1   10   -0.0143708978
5   12   1   11   0.0000000149
5   12   1   12   -0.0004204355
5   12   2   8   0.0000000002
5   12   2   9   0.0118377943
5   12   2   10   -0.0000000161
5   12   2   11   -0.0130175974
5   12   2   12   -0.0000000005
5   12   3   8   -0.0143708978
5   12   3   9   -0.0000000161
5   12   3   10   0.0748048831
5   12   3   11   -0.0000000003
5   12   3   12   0.0227615239
5   12   4   8   0.0000000149
5   12   4   9   -0.0130175974
5   12   4   10   -0.0000000003
5   12   4   11   0.1078381414
5   12   4   12   -0.0000000000
5   12   5   8   -0.0004204355
5   12   5   9   -0.0000000005
5   12   5   10   0.0227615239
5   12   5   11   -0.0000000000
5   12   5   12   0.4949221712
5   12   6   13   0.0140001827
5   12   6   14   0.0000000001
5   12   7   13   0.0000000001
5   12   7   14   0.0140001829
5   13   1   13   -0.0051710108
5   13   1   14   0.0000000000
5   13   2   13   -0.0000000059
5   13   2   14   0.0000000000
5   13   3   13   0.0368714065
5   13   3   14   0.0000000000
5   13   4   13   -0.0000000000
5   13   4   14   0.0000000000
5   13   5   13   0.4498316262
5   13   5   14   -0.0000000000
5   13   6   8   0.0021940281
5   13   6   9   0.0000000025
5   13   6   10   -0.0025643161
5   13   6   11   0.0000000000
5   13   6   12   0.0155971470
5   13   7   8   -0.0000000000
5   13   7   9   0.0000000000
5   13   7   10   0.0000000000
5   13   7   11   -0.0000000000
5   13   7   12   0.0000000000
5   14   1   13   0.0000000000
5   14   1   14   -0.0051710107
5   14   2   13   0.0000000000
5   14   2   14   -0.0000000059
5   14   3   13   0.0000000000
5   14   3   14   0.0368714066
5   14   4   13   0.0000000000
5   14   4   14   0.0000000001
5   14   5   13   -0.0000000000
5   14   5   14   0.4498316261
5   14   6   8   -0.0000000000
5   14   6   9   0.0000000000
5   14   6   10   0.0000000000
5   14   6   11   -0.0000000000
5   14   6   12   0.0000000000
5   14   7   8   0.0021940281
5   14   7   9   0.0000000025
5   14   7   10   -0.0025643159
5   14   7   11   -0.0000000000
5   14   7   12   0.0155971471
6   8   1   13   0.0132663387
6   8   2   13   0.0000000002
6   8   2   14   -0.0000000000
6   8   3   13   -0.0139376802
6   8   4   13   0.0000000146
6   8   4   14   -0.0000000000
6   8   5   13   0.0021940281
6   8   5   14   -0.0000000000
6   8   6   8   0.6043866618
6   8   6   9   -0.0000000003
6   8   6   10   0.0047963054
6   8   6   11   -0.0000000076
6   8   6   12   -0.0051710108
6   8   7   8   -0.0000000001
6   8   7   9   -0.0000000000
6   8   7   10   -0.0000000000
6   8   7   11   0.0000000000
6   8   7   12   0.0000000000
6   9   1   13   0.0000000002
6   9   1   14   -0.0000000000
6   9   2   13   0.0131205750
6   9   3   13   -0.0000000157
6   9   3   14   -0.0000000000
6   9   4   13   -0.0127848968
6   9   4   14   0.0000000000
6   9   5   13   0.0000000025
6   9   5   14   0.0000000000
6   9   6   8   -0.0000000003
6   9   6   9   0.6043783921
6   9   6   10   0.0000000054
6   9   6   11   0.0067180820
6   9   6   12   -0.0000000059
6   9   7   8   -0.0000000000
6   9   7   9   -0.0000000001
6   9   7   10   0.0000000000
6   9   7   11   -0.0000000000
6   9   7   12   0.0000000000
6   10   1   13   -0.0139376802
6   10   2   13   -0.0000000157
6   10   2   14   -0.0000000000
6   10   3   13   0.0695061517
6   10   3   14   0.0000000000
6   10   4   13   0.0000000001
6   10   4   14   -0.0000000001
6   10   5   13   -0.0025643161
6   10   5   14   0.0000000000
6   10   6   8   0.0047963054
6   10   6   9   0.0000000054
6   10   6   10   0.4849350275
6   10   6   11   -0.0000000002
6   10   6   12   0.0368714065
6   10   7   8   -0.0000000000
6   10   7   9   0.0000000000
6   10   7   10   0.0000000000
6   10   7   11   -0.0000000000
6   10   7   12   0.0000000000
6   11   1   13   0.0000000146
6   11   1   14   -0.0000000000
6   11   2   13   -0.0127848968
6   11   2   14   0.0000000000
6   11   3   13   0.0000000001
6   11   3   14   -0.0000000001
6   11   4   13   0.0505313567
6   11   4   14   0.0000000000
6   11   5   13   0.0000000000
6   11   5   14   -0.0000000000
6   11   6   8   -0.0000000076
6   11   6   9   0.0067180820
6   11   6   10   -0.0000000002
6   11   6   11   0.4521880415
6   11   6   12   -0.0000000000
6   11   7   8   0.0000000000
6   11   7   9   -0.0000000000
6   11   7   10   -0.0000000000
6   11   7   11   -0.0000000000
6   11   7   12   0.0000000000
6   12   1   13   0.0021940281
6   12   1   14   -0.0000000000
6   12   2   13   0.0000000025
6   12   2   14   0.0000000000
6   12   3   13   -0.0025643161
6   12   3   14   0.0000000000
6   12   4   13   0.0000000000
6   12   4   14   -0.0000000000
6   12   5   13   0.0155971470
6   12   5   14   0.0000000000
6   12   6   8   -0.0051710108
6   12   6   9   -0.0000000059
6   12   6   10   0.0368714065
6   12   6   11   -0.0000000000
6   12   6   12   0.4498316262
6   12   7   8   0.0000000000
6   12   7   9   0.0000000000
6   12   7   10   0.0000000000
6   12   7   11   0.0000000000
6   12   7   12   -0.0000000000
6   13   1   8   0.0105254472
6   13   1   9   0.0000000001
6   13   1   10   -0.0133503466
6   13   1   11   0.0000000139
6   13   1   12   0.0020541075
6   13   2   8   0.0000000001
6   13   2   9   0.0103715433
6   13   2   10   -0.0000000151
6   13   2   11   -0.0121945779
6   13   2   12   0.0000000023
6   13   3   8   -0.0133503466
6   13   3   9   -0.0000000151
6   13   3   10   0.0665183154
6   13   3   11   0.0000000001
6   13   3   12   -0.0027988682
6   13   4   8   0.0000000139
6   13   4   9   -0.0121945779
6   13   4   10   0.0000000001
6   13   4   11   0.0491492006
6   13   4   12   -0.0000000000
6   13   5   8   0.0020541075
6   13   5   9   0.0000000023
6   13   5   10   -0.0027988682
6   13   5   11   -0.0000000000
6   13   5   12   0.0140001827
6   13   6   13   0.4682764541
6   13   6   14   -0.0000000008
6   13   7   13   -0.0000000008
6   13   7   14   0.0122012167
6   14   1   8   0.0000000000
6   14   1   9   0.0000000000
6   14   1   10   0.0000000000
6   14   1   11   -0.0000000000
6   14   1   12   -0.0000000000
6   14   2   8   0.0000000000
6   14   2   9   0.0000000000
6   14   2   10   -0.0000000000
6   14   2   11   0.0000000000
6   14   2   12   0.0000000000
6   14   3   8   0.0000000000
6   14   3   9   -0.0000000000
6   14   3   10   0.0000000001
6   14   3   11   -0.0000000001
6   14   3   12   0.0000000000
6   14   4   8   -0.0000000000
6   14   4   9   0.0000000000
6   14   4   10   -0.0000000001
6   14   4   11   0.0000000001
6   14   4   12   0.0000000000
6   14   5   8   -0.0000000000
6   14   5   9   0.0000000000
6   14   5   10   0.0000000000
6   14   5   11   0.0000000000
6   14   5   12   0.0000000001
6   14   6   13   -0.0000000008
6   14   6   14   0.4423036539
6   14   7   13   0.0137715805
6   14   7   14   0.0000000009
7   8   1   14   0.0132663387
7   8   2   13   -0.0000000000
7   8   2   14   0.0000000001
7   8   3   14   -0.0139376802
7   8   4   13   -0.0000000000
7   8   4   14   0.0000000144
7   8   5   13   -0.0000000000
7   8   5   14   0.0021940281
7   8   6   8   -0.0000000001
7   8   6   9   -0.0000000000
7   8   6   10   -0.0000000000
7   8   6   11   0.0000000000
7   8   6   12   0.0000000000
7   8   7   8   0.6043866615
7   8   7   9   -0.0000000003
7   8   7   10   0.0047963054
7   8   7   11   -0.0000000076
7   8   7   12   -0.0051710107
7   9   1   13   -0.0000000000
7   9   1   14   0.0000000001
7   9   2   14   0.0131205750
7   9   3   13   -0.0000000000
7   9   3   14   -0.0000000158
7   9   4   13   0.0000000000
7   9   4   14   -0.0127848968
7   9   5   13   0.0000000000
7   9   5   14   0.0000000025
7   9   6   8   -0.0000000000
7   9   6   9   -0.0000000001
7   9   6   10   0.0000000000
7   9   6   11   -0.0000000000
7   9   6   12   0.0000000000
7   9   7   8   -0.0000000003
7   9   7   9   0.6043783919
7   9   7   10   0.0000000054
7   9   7   11   0.0067180819
7   9   7   12   -0.0000000059
7   10   1   14   -0.0139376802
7   10   2   13   -0.0000000000
7   10   2   14   -0.0000000158
7   10   3   13   0.0000000000
7   10   3   14   0.0695061519
7   10   4   13   -0.0000000001
7   10   4   14   -0.0000000002
7   10   5   13   0.0000000000
7   10   5   14   -0.0025643159
7   10   6   8   -0.0000000000
7   10   6   9   0.0000000000
7   10   6   10   0.0000000000
7   10   6   11   -0.0000000000
7   10   6   12   0.0000000000
7   10   7   8   0.0047963054
7   10   7   9   0.0000000054
7   10   7   10   0.4849350276
7   10   7   11   -0.0000000004
7   10   7   12   0.0368714066
7   11   1   13   -0.0000000000
7   11   1   14   0.0000000144
7   11   2   13   0.0000000000
7   11   2   14   -0.0127848968
7   11   3   13   -0.0000000001
7   11   3   14   -0.0000000002
7   11   4   13   0.0000000000
7   11   4   14   0.0505313567
7   11   5   13   -0.0000000000
7   11   5   14   -0.0000000000
7   11   6   8   0.0000000000
7   11   6   9   -0.0000000000
7   11   6   10   -0.0000000000
7   11   6   11   -0.0000000000
7   11   6   12   0.0000000000
7   11   7   8   -0.0000000076
7   11   7   9   0.0067180819
7   11   7   10   -0.0000000004
7   11   7   11   0.4521880415
7   11   7   12   0.0000000001
7   12   1   13   -0.0000000000
7   12   1   14   0.0021940281
7   12   2   13   0.0000000000
7   12   2   14   0.0000000025
7   12   3   13   0.0000000000
7   12   3   14   -0.0025643159
7   12   4   13   -0.0000000000
7   12   4   14   -0.0000000000
7   12   5   13   0.0000000000
7   12   5   14   0.0155971471
7   12   6   8   0.0000000000
7   12   6   9   0.0000000000
7   12   6   10   0.0000000000
7   12   6   11   0.0000000000
7   12   6   12   -0.0000000000
7   12   7   8   -0.0051710107
7   12   7   9   -0.0000000059
7   12   7   10   0.0368714066
7   12   7   11   0.0000000001
7   12   7   12   0.4498316261
7   13   1   8   0.0000000000
7   13   1   9   0.0000000000
7   13   1   10   0.0000000000
7   13   1   11   -0.0000000000
7   13   1   12   -0.0000000000
7   13   2   8   0.0000000000
7   13   2   9   0.0000000000
7   13   2   10   -0.0000000000
7   13   2   11   0.0000000000
7   13   2   12   0.0000000000
7   13   3   8   0.0000000000
7   13   3   9   -0.0000000000
7   13   3   10   0.0000000001
7   13   3   11   -0.0000000001
7   13   3   12   0.0000000000
7   13   4   8   -0.0000000000
7   13   4   9   0.0000000000
7   13   4   10   -0.0000000001
7   13   4   11   0.0000000001
7   13   4   12   0.0000000000
7   13   5   8   -0.0000000000
7   13   5   9   0.0000000000
7   13   5   10   0.0000000000
7   13   5   11   0.0000000000
7   13   5   12   0.0000000001
7   13   6   13   -0.0000000008
7   13   6   14   0.0137715805
7   13   7   13   0.4423036539
7   13   7   14   0.0000000009
7   14   1   8   0.0105254472
7   14   1   9   0.0000000002
7   14   1   10   -0.0133503466
7   14   1   11   0.0000000138
7   14   1   12   0.0020541075
7   14   2   8   0.0000000002
7   14   2   9   0.0103715433
7   14   2   10   -0.0000000151
7   14   2   11   -0.0121945779
7   14   2   12   0.0000000023
7   14   3   8   -0.0133503466
7   14   3   9   -0.0000000151
7   14   3   10   0.0665183159
7   14   3   11   -0.0000000003
7   14   3   12   -0.0027988681
7   14   4   8   0.0000000138
7   14   4   9   -0.0121945779
7   14   4   10   -0.0000000003
7   14   4   11   0.0491492011
7   14   4   12   0.0000000001
7   14   5   8   0.0020541075
7   14   5   9   0.0000000023
7   14   5   10   -0.0027988681
7   14   5   11   0.0000000001
7   14   5   12   0.0140001829
7   14   6   13   0.0122012167
7   14   6   14   0.0000000009
7   14   7   13   0.0000000009
7   14   7   14   0.4682764547

End IJKL Block
Begin ABCD Block
1   4   1   4   0.4591656598
1   4   1   5   -0.0000000016
1   4   2   4   -0.0000000016
1   4   2   5   0.0172665759
1   4   3   6   0.0204538977
1   5   1   4   -0.0000000016
1   5   1   5   0.4249027004
1   5   2   4   0.0169963870
1   5   2   5   0.0000000017
1   5   3   6   0.0000000000
1   6   1   6   0.4140855437
1   6   2   6   0.0000000008
1   6   3   4   0.0203888258
2   4   1   4   -0.0000000016
2   4   1   5   0.0169963870
2   4   2   4   0.4249027004
2   4   2   5   0.0000000017
2   4   3   6   0.0000000000
2   5   1   4   0.0172665759
2   5   1   5   0.0000000017
2   5   2   4   0.0000000017
2   5   2   5   0.4591656599
2   5   3   6   0.0204538977
2   6   1   6   0.0000000008
2   6   2   6   0.4140855447
2   6   3   5   0.0203888258
3   4   1   6   0.0203888258
3   4   3   4   0.4140855437
3   4   3   5   0.0000000008
3   5   2   6   0.0203888258
3   5   3   4   0.0000000008
3   5   3   5   0.4140855447
3   6   1   4   0.0204538977
3   6   1   5   0.0000000000
3   6   2   4   0.0000000000
3   6   2   5   0.0204538977
3   6   3   6   0.4376219401

End ABCD Block
Begin AIJB Block
1   8   1   4   0.0129421958
1   8   1   5   -0.0000000000
1   8   2   4   -0.0000000001
1   8   2   5   -0.0000000000
1   8   3   4   -0.0120943698
1   8   3   5   0.0000000000
1   8   4   4   0.0000000159
1   8   4   5   -0.0000000001
1   8   5   4   0.0037752766
1   8   5   5   -0.0000000000
1   8   6   6   -0.0031962711
1   8   7   6   -0.0010417078
1   9   1   4   -0.0000000001
1   9   1   5   -0.0000000000
1   9   2   4   0.0130425153
1   9   2   5   -0.0000000000
1   9   3   4   -0.0000000137
1   9   3   5   -0.0000000000
1   9   4   4   -0.0139833298
1   9   4   5   0.0000000000
1   9   5   4   0.0000000043
1   9   5   5   0.0000000000
1   9   6   6   -0.0000000036
1   9   7   6   -0.0000000012
1   10   1   4   -0.0120943698
1   10   1   5   0.0000000000
1   10   2   4   -0.0000000137
1   10   2   5   -0.0000000000
1   10   3   4   0.0489055554
1   10   3   5   -0.0000000000
1   10   4   4   0.0000000000
1   10   4   5   -0.0000000001
1   10   5   4   -0.0150322282
1   10   5   5   -0.0000000000
1   10   6   6   -0.0512023814
1   10   7   6   -0.0166875464
1   11   1   4   0.0000000159
1   11   1   5   -0.0000000001
1   11   2   4   -0.0139833298
1   11   2   5   0.0000000000
1   11   3   4   0.0000000000
1   11   3   5   -0.0000000001
1   11   4   4   0.0672325696
1   11   4   5   -0.0000000000
1   11   5   4   -0.0000000001
1   11   5   5   0.0000000000
1   11   6   6   -0.0000000000
1   11   7   6   -0.0000000001
1   12   1   4   0.0037752766
1   12   1   5   -0.0000000000
1   12   2   4   0.0000000043
1   12   2   5   0.0000000000
1   12   3   4   -0.0150322282
1   12   3   5   -0.0000000000
1   12   4   4   -0.0000000001
1   12   4   5   0.0000000000
1   12   5   4   0.0243527908
1   12   5   5   0.0000000001
1   12   6   6   -0.1049624918
1   12   7   6   -0.0342086912
1   13   1   6   0.0051813748
1   13   2   6   0.0000000058
1   13   3   6   -0.0195364160
1   13   4   6   -0.0000000001
1   13   5   6   -0.0085918372
1   13   6   4   0.1589319709
1   13   6   5   -0.0458844848
1   13   7   4   0.0458844827
1   13   7   5   0.0023866132
1   14   1   6   0.0016886799
1   14   2   6   0.0000000020
1   14   3   6   -0.0063671813
1   14   4   6   0.0000000000
1   14   5   6   -0.0028001956
1   14   6   4   0.0458844827
1   14   6   5   0.1234463282
1   14   7   4   0.0330990286
1   14   7   5   0.0458844846
2   8   1   4   -0.0000000000
2   8   1   5   0.0129421958
2   8   2   4   -0.0000000000
2   8   2   5   -0.0000000001
2   8   3   4   0.0000000000
2   8   3   5   -0.0120943698
2   8   4   4   -0.0000000001
2   8   4   5   0.0000000158
2   8   5   4   -0.0000000000
2   8   5   5   0.0037752766
2   8   6   6   0.0010417079
2   8   7   6   -0.0031962711
2   9   1   4   -0.0000000000
2   9   1   5   -0.0000000001
2   9   2   4   -0.0000000000
2   9   2   5   0.0130425153
2   9   3   4   -0.0000000000
2   9   3   5   -0.0000000137
2   9   4   4   0.0000000000
2   9   4   5   -0.0139833298
2   9   5   4   0.0000000000
2   9   5   5   0.0000000043
2   9   6   6   0.0000000012
2   9   7   6   -0.0000000036
2   10   1   4   0.0000000000
2   10   1   5   -0.0120943698
2   10   2   4   -0.0000000000
2   10   2   5   -0.0000000137
2   10   3   4   -0.0000000000
2   10   3   5   0.0489055554
2   10   4   4   -0.0000000001
2   10   4   5   -0.0000000001
2   10   5   4   -0.0000000000
2   10   5   5   -0.0150322282
2   10   6   6   0.0166875465
2   10   7   6   -0.0512023812
2   11   1   4   -0.0000000001
2   11   1   5   0.0000000158
2   11   2   4   0.0000000000
2   11   2   5   -0.0139833298
2   11   3   4   -0.0000000001
2   11   3   5   -0.0000000001
2   11   4   4   -0.0000000000
2   11   4   5   0.0672325696
2   11   5   4   0.0000000000
2   11   5   5   -0.0000000001
2   11   6   6   -0.0000000000
2   11   7   6   -0.0000000002
2   12   1   4   -0.0000000000
2   12   1   5   0.0037752766
2   12   2   4   0.0000000000
2   12   2   5   0.0000000043
2   12   3   4   -0.0000000000
2   12   3   5   -0.0150322282
2   12   4   4   0.0000000000
2   12   4   5   -0.0000000001
2   12   5   4   0.0000000001
2   12   5   5   0.0243527908
2   12   6   6   0.0342086913
2   12   7   6   -0.1049624917
2   13   1   6   -0.0016886799
2   13   2   6   -0.0000000019
2   13   3   6   0.0063671814
2   13   4   6   0.0000000001
2   13   5   6   0.0028001956
2   13   6   4   -0.0458844848
2   13   6   5   0.0330990288
2   13   7   4   0.1234463282
2   13   7   5   -0.0458844828
2   14   1   6   0.0051813748
2   14   2   6   0.0000000059
2   14   3   6   -0.0195364158
2   14   4   6   -0.0000000000
2   14   5   6   -0.0085918372
2   14   6   4   0.0023866132
2   14   6   5   -0.0458844828
2   14   7   4   0.0458844846
2   14   7   5   0.1589319704
3   8   1   6   0.0174204762
3   8   2   6   -0.0000000003
3   8   3   6   -0.0084496737
3   8   4   6   0.0000000111
3   8   5   6   0.0018718906
3   8   6   4   0.0051813748
3   8   6   5   -0.0016886799
3   8   7   4   0.0016886799
3   8   7   5   0.0051813748
3   9   1   6   -0.0000000003
3   9   2   6   0.0176124759
3   9   3   6   -0.0000000095
3   9   4   6   -0.0097070818
3   9   5   6   0.0000000021
3   9   6   4   0.0000000058
3   9   6   5   -0.0000000019
3   9   7   4   0.0000000020
3   9   7   5   0.0000000059
3   10   1   6   -0.0084496737
3   10   2   6   -0.0000000095
3   10   3   6   0.0635980026
3   10   4   6   -0.0000000000
3   10   5   6   0.0414941100
3   10   6   4   -0.0195364160
3   10   6   5   0.0063671814
3   10   7   4   -0.0063671813
3   10   7   5   -0.0195364158
3   11   1   6   0.0000000111
3   11   2   6   -0.0097070818
3   11   3   6   -0.0000000000
3   11   4   6   0.0500551051
3   11   5   6   0.0000000000
3   11   6   4   -0.0000000001
3   11   6   5   0.0000000001
3   11   7   4   0.0000000000
3   11   7   5   -0.0000000000
3   12   1   6   0.0018718906
3   12   2   6   0.0000000021
3   12   3   6   0.0414941100
3   12   4   6   0.0000000000
3   12   5   6   0.1182430605
3   12   6   4   -0.0085918372
3   12   6   5   0.0028001956
3   12   7   4   -0.0028001956
3   12   7   5   -0.0085918372
3   13   1   4   -0.0031962711
3   13   1   5   0.0010417079
3   13   2   4   -0.0000000036
3   13   2   5   0.0000000012
3   13   3   4   -0.0512023814
3   13   3   5   0.0166875465
3   13   4   4   -0.0000000000
3   13   4   5   -0.0000000000
3   13   5   4   -0.1049624918
3   13   5   5   0.0342086913
3   13   6   6   0.0219999132
3   13   7   6   -0.0000000001
3   14   1   4   -0.0010417078
3   14   1   5   -0.0031962711
3   14   2   4   -0.0000000012
3   14   2   5   -0.0000000036
3   14   3   4   -0.0166875464
3   14   3   5   -0.0512023812
3   14   4   4   -0.0000000001
3   14   4   5   -0.0000000002
3   14   5   4   -0.0342086912
3   14   5   5   -0.1049624917
3   14   6   6   -0.0000000001
3   14   7   6   0.0219999130

1   8   8   1   -0.5902318807
1   8   8   2   -0.0000000000
1   8   9   1   -0.0000000001
1   8   9   2   0.0000000000
1   8   10   1   -0.0046976940
1   8   10   2   -0.0000000000
1   8   11   1   0.0000000061
1   8   11   2   -0.0000000000
1   8   12   1   0.0022012343
1   8   12   2   0.0000000001
1   8   13   3   -0.0054036566
1   8   14   3   -0.0017611245
1   9   8   1   -0.0000000001
1   9   8   2   0.0000000000
1   9   9   1   -0.5902374534
1   9   9   2   -0.0000000000
1   9   10   1   -0.0000000053
1   9   10   2   0.0000000000
1   9   11   1   -0.0053261194
1   9   11   2   -0.0000000000
1   9   12   1   0.0000000025
1   9   12   2   0.0000000000
1   9   13   3   -0.0000000058
1   9   14   3   -0.0000000022
1   10   8   1   -0.0046976940
1   10   8   2   -0.0000000000
1   10   9   1   -0.0000000053
1   10   9   2   0.0000000000
1   10   10   1   -0.4689149438
1   10   10   2   -0.0000000000
1   10   11   1   0.0000000000
1   10   11   2   0.0000000000
1   10   12   1   -0.0169143131
1   10   12   2   -0.0000000001
1   10   13   3   0.0254257345
1   10   14   3   0.0082865896
1   11   8   1   0.0000000061
1   11   8   2   -0.0000000000
1   11   9   1   -0.0053261194
1   11   9   2   -0.0000000000
1   11   10   1   0.0000000000
1   11   10   2   0.0000000000
1   11   11   1   -0.4595240538
1   11   11   2   0.0000000000
1   11   12   1   0.0000000002
1   11   12   2   0.0000000000
1   11   13   3   0.0000000008
1   11   14   3   -0.0000000007
1   12   8   1   0.0022012343
1   12   8   2   0.0000000001
1   12   9   1   0.0000000025
1   12   9   2   0.0000000000
1   12   10   1   -0.0169143131
1   12   10   2   -0.0000000001
1   12   11   1   0.0000000002
1   12   11   2   0.0000000000
1   12   12   1   -0.4521307368
1   12   12   2   -0.0000000000
1   12   13   3   0.0112008584
1   12   14   3   0.0036505108
1   13   8   3   -0.0053599066
1   13   9   3   -0.0000000058
1   13   10   3   0.0257523193
1   13   11   3   0.0000000009
1   13   12   3   0.0131947163
1   13   13   1   -0.4696492777
1   13   13   2   0.0107960209
1   13   14   1   -0.0107960201
1   13   14   2   -0.0162942267
1   14   8   3   -0.0017468658
1   14   9   3   -0.0000000022
1   14   10   3   0.0083930280
1   14   11   3   -0.0000000007
1   14   12   3   0.0043003359
1   14   13   1   -0.0107960201
1   14   13   2   -0.0133126230
1   14   14   1   -0.4400424275
1   14   14   2   -0.0107960208
2   8   8   1   -0.0000000000
2   8   8   2   -0.5902318808
2   8   9   1   0.0000000000
2   8   9   2   -0.0000000001
2   8   10   1   -0.0000000000
2   8   10   2   -0.0046976941
2   8   11   1   -0.0000000000
2   8   11   2   0.0000000061
2   8   12   1   0.0000000001
2   8   12   2   0.0022012344
2   8   13   3   0.0017611245
2   8   14   3   -0.0054036566
2   9   8   1   0.0000000000
2   9   8   2   -0.0000000001
2   9   9   1   -0.0000000000
2   9   9   2   -0.5902374534
2   9   10   1   0.0000000000
2   9   10   2   -0.0000000053
2   9   11   1   -0.0000000000
2   9   11   2   -0.0053261195
2   9   12   1   0.0000000000
2   9   12   2   0.0000000025
2   9   13   3   0.0000000018
2   9   14   3   -0.0000000064
2   10   8   1   -0.0000000000
2   10   8   2   -0.0046976941
2   10   9   1   0.0000000000
2   10   9   2   -0.0000000053
2   10   10   1   -0.0000000000
2   10   10   2   -0.4689149439
2   10   11   1   0.0000000000
2   10   11   2   0.0000000000
2   10   12   1   -0.0000000001
2   10   12   2   -0.0169143132
2   10   13   3   -0.0082865897
2   10   14   3   0.0254257345
2   11   8   1   -0.0000000000
2   11   8   2   0.0000000061
2   11   9   1   -0.0000000000
2   11   9   2   -0.0053261195
2   11   10   1   0.0000000000
2   11   10   2   0.0000000000
2   11   11   1   0.0000000000
2   11   11   2   -0.4595240538
2   11   12   1   0.0000000000
2   11   12   2   0.0000000002
2   11   13   3   -0.0000000007
2   11   14   3   -0.0000000008
2   12   8   1   0.0000000001
2   12   8   2   0.0022012344
2   12   9   1   0.0000000000
2   12   9   2   0.0000000025
2   12   10   1   -0.0000000001
2   12   10   2   -0.0169143132
2   12   11   1   0.0000000000
2   12   11   2   0.0000000002
2   12   12   1   -0.0000000000
2   12   12   2   -0.4521307368
2   12   13   3   -0.0036505108
2   12   14   3   0.0112008584
2   13   8   3   0.0017468658
2   13   9   3   0.0000000017
2   13   10   3   -0.0083930281
2   13   11   3   -0.0000000008
2   13   12   3   -0.0043003360
2   13   13   1   0.0107960209
2   13   13   2   -0.4400424277
2   13   14   1   -0.0133126230
2   13   14   2   0.0107960202
2   14   8   3   -0.0053599066
2   14   9   3   -0.0000000064
2   14   10   3   0.0257523192
2   14   11   3   -0.0000000008
2   14   12   3   0.0131947162
2   14   13   1   -0.0162942267
2   14   13   2   0.0107960202
2   14   14   1   -0.0107960208
2   14   14   2   -0.4696492774
3   8   8   3   -0.5846044379
3   8   9   3   -0.0000000001
3   8   10   3   -0.0041066238
3   8   11   3   0.0000000106
3   8   12   3   0.0105839253
3   8   13   1   -0.0053599066
3   8   13   2   0.0017468658
3   8   14   1   -0.0017468658
3   8   14   2   -0.0053599066
3   9   8   3   -0.0000000001
3   9   9   3   -0.5845996671
3   9   10   3   -0.0000000037
3   9   11   3   -0.0081452041
3   9   12   3   0.0000000112
3   9   13   1   -0.0000000058
3   9   13   2   0.0000000017
3   9   14   1   -0.0000000022
3   9   14   2   -0.0000000064
3   10   8   3   -0.0041066238
3   10   9   3   -0.0000000037
3   10   10   3   -0.4723477342
3   10   11   3   -0.0000000021
3   10   12   3   -0.0495652219
3   10   13   1   0.0257523193
3   10   13   2   -0.0083930281
3   10   14   1   0.0083930280
3   10   14   2   0.0257523192
3   11   8   3   0.0000000106
3   11   9   3   -0.0081452041
3   11   10   3   -0.0000000021
3   11   11   3   -0.4350819339
3   11   12   3   0.0000000076
3   11   13   1   0.0000000009
3   11   13   2   -0.0000000008
3   11   14   1   -0.0000000007
3   11   14   2   -0.0000000008
3   12   8   3   0.0105839253
3   12   9   3   0.0000000112
3   12   10   3   -0.0495652219
3   12   11   3   0.0000000076
3   12   12   3   -0.4615159561
3   12   13   1   0.0131947163
3   12   13   2   -0.0043003360
3   12   14   1   0.0043003359
3   12   14   2   0.0131947162
3   13   8   1   -0.0054036566
3   13   8   2   0.0017611245
3   13   9   1   -0.0000000058
3   13   9   2   0.0000000018
3   13   10   1   0.0254257345
3   13   10   2   -0.0082865897
3   13   11   1   0.0000000008
3   13   11   2   -0.0000000007
3   13   12   1   0.0112008584
3   13   12   2   -0.0036505108
3   13   13   3   -0.4299510811
3   13   14   3   0.0000000003
3   14   8   1   -0.0017611245
3   14   8   2   -0.0054036566
3   14   9   1   -0.0000000022
3   14   9   2   -0.0000000064
3   14   10   1   0.0082865896
3   14   10   2   0.0254257345
3   14   11   1   -0.0000000007
3   14   11   2   -0.0000000008
3   14   12   1   0.0036505108
3   14   12   2   0.0112008584
3   14   13   3   0.0000000003
3   14   14   3   -0.4299510794

End AIJB Block
Begin IJKA Block
1   8   1   6   0.0000002957
1   8   2   6   -0.0886395458
1   8   3   6   0.0000000354
1   8   4   6   -0.0114803420
1   8   5   6   0.0000000207
1   8   6   4   -0.0000000271
1   8   6   5   0.0000000088
1   8   7   4   -0.0000000088
1   8   7   5   -0.0000000271
1   9   1   6   -0.0831242860
1   9   2   6   -0.0000001005
1   9   3   6   -0.0155985542
1   9   4   6   -0.0000000001
1   9   5   6   -0.0092052876
1   9   6   4   0.0119795024
1   9   6   5   -0.0039042813
1   9   7   4   0.0039042813
1   9   7   5   0.0119795024
1   10   1   6   0.0000002836
1   10   2   6   -0.1247832901
1   10   3   6   0.0000000018
1   10   4   6   -0.0061479169
1   10   5   6   -0.0000000133
1   10   6   4   0.0000000129
1   10   6   5   -0.0000000042
1   10   7   4   0.0000000042
1   10   7   5   0.0000000129
1   11   1   6   -0.0739841929
1   11   2   6   -0.0000000000
1   11   3   6   -0.0003557410
1   11   4   6   0.0000000061
1   11   5   6   0.0125148192
1   11   6   4   -0.0132789980
1   11   6   5   0.0043278045
1   11   7   4   -0.0043278045
1   11   7   5   -0.0132789980
1   12   1   6   0.0000004925
1   12   2   6   -0.2168727719
1   12   3   6   0.0000000031
1   12   4   6   -0.0024428293
1   12   5   6   0.0000000006
1   12   6   4   -0.0000000038
1   12   6   5   0.0000000013
1   12   7   4   -0.0000000012
1   12   7   5   -0.0000000037
1   13   1   4   -0.0000005819
1   13   1   5   0.0000001896
1   13   2   4   0.2562900213
1   13   2   5   -0.0835283736
1   13   3   4   -0.0000000043
1   13   3   5   0.0000000014
1   13   4   4   0.0026476187
1   13   4   5   -0.0008628946
1   13   5   4   -0.0000000021
1   13   5   5   0.0000000007
1   13   6   6   -0.0000000061
1   13   7   6   0.0000000000
1   14   1   4   -0.0000001897
1   14   1   5   -0.0000005820
1   14   2   4   0.0835283733
1   14   2   5   0.2562900209
1   14   3   4   -0.0000000014
1   14   3   5   -0.0000000043
1   14   4   4   0.0008628946
1   14   4   5   0.0026476187
1   14   5   4   -0.0000000007
1   14   5   5   -0.0000000021
1   14   6   6   0.0000000000
1   14   7   6   -0.0000000060
2   8   1   6   -0.0886437752
2   8   2   6   -0.0000001068
2   8   3   6   -0.0155425139
2   8   4   6   -0.0000000001
2   8   5   6   -0.0089709021
2   8   6   4   0.0118616198
2   8   6   5   -0.0038658618
2   8   7   4   0.0038658618
2   8   7   5   0.0118616198
2   9   1   6   -0.0000001006
2   9   2   6   -0.0831577540
2   9   3   6   -0.0000000353
2   9   4   6   -0.0114222791
2   9   5   6   -0.0000000206
2   9   6   4   0.0000000271
2   9   6   5   -0.0000000088
2   9   7   4   0.0000000088
2   9   7   5   0.0000000271
2   10   1   6   -0.1247725778
2   10   2   6   -0.0000002830
2   10   3   6   -0.0016660906
2   10   4   6   -0.0000000070
2   10   5   6   0.0116171225
2   10   6   4   -0.0113454800
2   10   6   5   0.0036976449
2   10   7   4   -0.0036976449
2   10   7   5   -0.0113454800
2   11   1   6   -0.0000000000
2   11   2   6   -0.0739654217
2   11   3   6   -0.0000000004
2   11   4   6   -0.0053450075
2   11   5   6   0.0000000141
2   11   6   4   -0.0000000150
2   11   6   5   0.0000000049
2   11   7   4   -0.0000000050
2   11   7   5   -0.0000000151
2   12   1   6   -0.2168578448
2   12   2   6   -0.0000004923
2   12   3   6   -0.0028274790
2   12   4   6   -0.0000000029
2   12   5   6   -0.0004085424
2   12   6   4   0.0033301109
2   12   6   5   -0.0010853280
2   12   7   4   0.0010853280
2   12   7   5   0.0033301109
2   13   1   4   0.2562696090
2   13   1   5   -0.0835217209
2   13   2   4   0.0000005818
2   13   2   5   -0.0000001897
2   13   3   4   0.0037856937
2   13   3   5   -0.0012338086
2   13   4   4   0.0000000030
2   13   4   5   -0.0000000010
2   13   5   4   0.0017944813
2   13   5   5   -0.0005848457
2   13   6   6   0.0053098254
2   13   7   6   -0.0000000000
2   14   1   4   0.0835217206
2   14   1   5   0.2562696087
2   14   2   4   0.0000001896
2   14   2   5   0.0000005817
2   14   3   4   0.0012338086
2   14   3   5   0.0037856936
2   14   4   4   0.0000000010
2   14   4   5   0.0000000030
2   14   5   4   0.0005848456
2   14   5   5   0.0017944813
2   14   6   6   -0.0000000000
2   14   7   6   0.0053098254
3   8   1   6   0.0000000366
3   8   2   6   -0.0160644525
3   8   3   6   -0.0000000064
3   8   4   6   -0.0061141249
3   8   5   6   -0.0000000167
3   8   6   4   0.0000000153
3   8   6   5   -0.0000000050
3   8   7   4   0.0000000049
3   8   7   5   0.0000000152
3   9   1   6   -0.0161107580
3   9   2   6   -0.0000000365
3   9   3   6   0.0056493681
3   9   4   6   -0.0000000069
3   9   5   6   0.0146076184
3   9   6   4   -0.0134096203
3   9   6   5   0.0043703760
3   9   7   4   -0.0043703760
3   9   7   5   -0.0134096203
3   10   1   6   0.0000000015
3   10   2   6   -0.0013688871
3   10   3   6   0.0000000008
3   10   4   6   -0.0516756655
3   10   5   6   0.0000000007
3   10   6   4   -0.0000000001
3   10   6   5   -0.0000000000
3   10   7   4   -0.0000000002
3   10   7   5   -0.0000000003
3   11   1   6   -0.0002303910
3   11   2   6   -0.0000000003
3   11   3   6   -0.0659772501
3   11   4   6   -0.0000000002
3   11   5   6   -0.0518524819
3   11   6   4   0.0584974462
3   11   6   5   -0.0190651064
3   11   7   4   0.0190651066
3   11   7   5   0.0584974465
3   12   1   6   0.0000000031
3   12   2   6   -0.0027352712
3   12   3   6   0.0000000007
3   12   4   6   -0.1173269177
3   12   5   6   0.0000000005
3   12   6   4   0.0000000001
3   12   6   5   -0.0000000001
3   12   7   4   -0.0000000000
3   12   7   5   0.0000000000
3   13   1   4   -0.0000000041
3   13   1   5   0.0000000013
3   13   2   4   0.0036183169
3   13   2   5   -0.0011792583
3   13   3   4   -0.0000000003
3   13   3   5   0.0000000000
3   13   4   4   0.1421776070
3   13   4   5   -0.0463375991
3   13   5   4   -0.0000000000
3   13   5   5   -0.0000000000
3   13   6   6   0.0000000001
3   13   7   6   0.0000000000
3   14   1   4   -0.0000000013
3   14   1   5   -0.0000000041
3   14   2   4   0.0011792583
3   14   2   5   0.0036183169
3   14   3   4   -0.0000000003
3   14   3   5   -0.0000000006
3   14   4   4   0.0463375990
3   14   4   5   0.1421776069
3   14   5   4   -0.0000000001
3   14   5   5   -0.0000000002
3   14   6   6   0.0000000000
3   14   7   6   0.0000000001
4   8   1   6   -0.0119242249
4   8   2   6   -0.0000000001
4   8   3   6   -0.0062280134
4   8   4   6   0.0000000091
4   8   5   6   0.0151724100
4   8   6   4   -0.0126728769
4   8   6   5   0.0041302615
4   8   7   4   -0.0041302615
4   8   7   5   -0.0126728769
4   9   1   6   -0.0000000001
4   9   2   6   -0.0118705055
4   9   3   6   -0.0000000070
4   9   4   6   -0.0079470235
4   9   5   6   0.0000000171
4   9   6   4   -0.0000000144
4   9   6   5   0.0000000047
4   9   7   4   -0.0000000047
4   9   7   5   -0.0000000144
4   10   1   6   -0.0057116427
4   10   2   6   -0.0000000065
4   10   3   6   -0.0520645320
4   10   4   6   -0.0000000001
4   10   5   6   -0.0109478780
4   10   6   4   0.0463653985
4   10   6   5   -0.0151111084
4   10   7   4   0.0151111086
4   10   7   5   0.0463653987
4   11   1   6   0.0000000056
4   11   2   6   -0.0049461570
4   11   3   6   0.0000000003
4   11   4   6   -0.0174652752
4   11   5   6   0.0000000004
4   11   6   4   0.0000000002
4   11   6   5   -0.0000000001
4   11   7   4   -0.0000000001
4   11   7   5   -0.0000000002
4   12   1   6   -0.0024571488
4   12   2   6   -0.0000000029
4   12   3   6   -0.1177324839
4   12   4   6   -0.0000000001
4   12   5   6   0.0817949231
4   12   6   4   -0.0170273751
4   12   6   5   0.0055494512
4   12   7   4   -0.0055494511
4   12   7   5   -0.0170273750
4   13   1   4   0.0028164431
4   13   1   5   -0.0009179168
4   13   2   4   0.0000000032
4   13   2   5   -0.0000000010
4   13   3   4   0.1415401337
4   13   3   5   -0.0461298380
4   13   4   4   0.0000000002
4   13   4   5   -0.0000000001
4   13   5   4   -0.0886161137
4   13   5   5   0.0288811863
4   13   6   6   -0.0148070713
4   13   7   6   0.0000000000
4   14   1   4   0.0009179168
4   14   1   5   0.0028164432
4   14   2   4   0.0000000011
4   14   2   5   0.0000000032
4   14   3   4   0.0461298379
4   14   3   5   0.1415401335
4   14   4   4   -0.0000000000
4   14   4   5   -0.0000000000
4   14   5   4   -0.0288811861
4   14   5   5   -0.0886161135
4   14   6   6   0.0000000000
4   14   7   6   -0.0148070712
5   8   1   6   0.0000000225
5   8   2   6   -0.0097323274
5   8   3   6   -0.0000000170
5   8   4   6   0.0154931102
5   8   5   6   0.0000000050
5   8   6   4   -0.0000000027
5   8   6   5   0.0000000009
5   8   7   4   -0.0000000008
5   8   7   5   -0.0000000026
5   9   1   6   -0.0099448860
5   9   2   6   -0.0000000222
5   9   3   6   0.0148838734
5   9   4   6   0.0000000174
5   9   5   6   -0.0043300201
5   9   6   4   0.0023413339
5   9   6   5   -0.0007630723
5   9   7   4   0.0007630723
5   9   7   5   0.0023413339
5   10   1   6   -0.0000000126
5   10   2   6   0.0110209809
5   10   3   6   0.0000000008
5   10   4   6   -0.0094881186
5   10   5   6   0.0000000007
5   10   6   4   0.0000000001
5   10   6   5   -0.0000000000
5   10   7   4   0.0000000000
5   10   7   5   0.0000000001
5   11   1   6   0.0115696060
5   11   2   6   0.0000000131
5   11   3   6   -0.0499950216
5   11   4   6   0.0000000000
5   11   5   6   -0.0188548449
5   11   6   4   -0.0120295512
5   11   6   5   0.0039205930
5   11   7   4   -0.0039205929
5   11   7   5   -0.0120295511
5   12   1   6   0.0000000005
5   12   2   6   -0.0003070548
5   12   3   6   0.0000000015
5   12   4   6   0.0830392454
5   12   5   6   0.0000000018
5   12   6   4   0.0000000002
5   12   6   5   -0.0000000001
5   12   7   4   -0.0000000001
5   12   7   5   -0.0000000001
5   13   1   4   -0.0000000017
5   13   1   5   0.0000000005
5   13   2   4   0.0015003310
5   13   2   5   -0.0004889781
5   13   3   4   -0.0000000001
5   13   3   5   0.0000000000
5   13   4   4   -0.0881575625
5   13   4   5   0.0287317383
5   13   5   4   -0.0000000003
5   13   5   5   0.0000000001
5   13   6   6   0.0000000002
5   13   7   6   -0.0000000000
5   14   1   4   -0.0000000006
5   14   1   5   -0.0000000018
5   14   2   4   0.0004889781
5   14   2   5   0.0015003309
5   14   3   4   -0.0000000001
5   14   3   5   -0.0000000001
5   14   4   4   -0.0287317381
5   14   4   5   -0.0881575623
5   14   5   4   -0.0000000002
5   14   5   5   -0.0000000004
5   14   6   6   -0.0000000000
5   14   7   6   0.0000000000
6   8   1   4   -0.0000000294
6   8   1   5   0.0000000096
6   8   2   4   0.0129078687
6   8   2   5   -0.0042068484
6   8   3   4   0.0000000159
6   8   3   5   -0.0000000052
6   8   4   4   -0.0132427521
6   8   4   5   0.0043159915
6   8   5   4   -0.0000000029
6   8   5   5   0.0000000009
6   8   6   6   -0.0000000018
6   8   7   6   -0.0000000000
6   9   1   4   0.0130102923
6   9   1   5   -0.0042402297
6   9   2   4   0.0000000294
6   9   2   5   -0.0000000096
6   9   3   4   -0.0139974004
6   9   3   5   0.0045619415
6   9   4   4   -0.0000000150
6   9   4   5   0.0000000049
6   9   5   4   0.0025145774
6   9   5   5   -0.0008195347
6   9   6   6   0.0015756340
6   9   7   6   -0.0000000000
6   10   1   4   0.0000000127
6   10   1   5   -0.0000000042
6   10   2   4   -0.0111720489
6   10   2   5   0.0036411214
6   10   3   4   0.0000000001
6   10   3   5   -0.0000000001
6   10   4   4   0.0454153303
6   10   4   5   -0.0148014684
6   10   5   4   0.0000000001
6   10   5   5   -0.0000000000
6   10   6   6   0.0000000007
6   10   7   6   -0.0000000002
6   11   1   4   -0.0125841913
6   11   1   5   0.0041013576
6   11   2   4   -0.0000000142
6   11   2   5   0.0000000046
6   11   3   4   0.0560064758
6   11   3   5   -0.0182532655
6   11   4   4   0.0000000003
6   11   4   5   -0.0000000002
6   11   5   4   -0.0141164978
6   11   5   5   0.0046007570
6   11   6   6   -0.0471563474
6   11   7   6   0.0000000000
6   12   1   4   -0.0000000035
6   12   1   5   0.0000000011
6   12   2   4   0.0030925220
6   12   2   5   -0.0010078946
6   12   3   4   0.0000000001
6   12   3   5   -0.0000000000
6   12   4   4   -0.0182185975
6   12   4   5   0.0059376866
6   12   5   4   0.0000000002
6   12   5   5   -0.0000000002
6   12   6   6   0.0000000012
6   12   7   6   -0.0000000003
6   13   1   6   -0.0000000056
6   13   2   6   0.0048348863
6   13   3   6   0.0000000004
6   13   4   6   -0.0140147605
6   13   5   6   0.0000000005
6   13   6   4   -0.0000000004
6   13   6   5   0.0000000003
6   13   7   4   0.0000000002
6   13   7   5   -0.0000000000
6   14   1   6   0.0000000000
6   14   2   6   -0.0000000000
6   14   3   6   0.0000000000
6   14   4   6   -0.0000000000
6   14   5   6   -0.0000000000
6   14   6   4   0.0000000001
6   14   6   5   -0.0000000003
6   14   7   4   0.0000000000
6   14   7   5   -0.0000000002
7   8   1   4   -0.0000000096
7   8   1   5   -0.0000000294
7   8   2   4   0.0042068484
7   8   2   5   0.0129078686
7   8   3   4   0.0000000052
7   8   3   5   0.0000000159
7   8   4   4   -0.0043159915
7   8   4   5   -0.0132427521
7   8   5   4   -0.0000000009
7   8   5   5   -0.0000000028
7   8   6   6   -0.0000000000
7   8   7   6   -0.0000000018
7   9   1   4   0.0042402297
7   9   1   5   0.0130102923
7   9   2   4   0.0000000096
7   9   2   5   0.0000000294
7   9   3   4   -0.0045619415
7   9   3   5   -0.0139974004
7   9   4   4   -0.0000000049
7   9   4   5   -0.0000000151
7   9   5   4   0.0008195347
7   9   5   5   0.0025145774
7   9   6   6   -0.0000000000
7   9   7   6   0.0015756339
7   10   1   4   0.0000000041
7   10   1   5   0.0000000126
7   10   2   4   -0.0036411214
7   10   2   5   -0.0111720489
7   10   3   4   -0.0000000002
7   10   3   5   -0.0000000003
7   10   4   4   0.0148014685
7   10   4   5   0.0454153303
7   10   5   4   -0.0000000000
7   10   5   5   -0.0000000000
7   10   6   6   -0.0000000002
7   10   7   6   -0.0000000000
7   11   1   4   -0.0041013576
7   11   1   5   -0.0125841913
7   11   2   4   -0.0000000047
7   11   2   5   -0.0000000143
7   11   3   4   0.0182532657
7   11   3   5   0.0560064759
7   11   4   4   -0.0000000002
7   11   4   5   -0.0000000002
7   11   5   4   -0.0046007568
7   11   5   5   -0.0141164976
7   11   6   6   0.0000000000
7   11   7   6   -0.0471563472
7   12   1   4   -0.0000000011
7   12   1   5   -0.0000000035
7   12   2   4   0.0010078946
7   12   2   5   0.0030925220
7   12   3   4   -0.0000000000
7   12   3   5   -0.0000000000
7   12   4   4   -0.0059376865
7   12   4   5   -0.0182185975
7   12   5   4   -0.0000000002
7   12   5   5   -0.0000000003
7   12   6   6   -0.0000000003
7   12   7   6   -0.0000000002
7   13   1   6   0.0000000000
7   13   2   6   -0.0000000000
7   13   3   6   0.0000000000
7   13   4   6   -0.0000000000
7   13   5   6   -0.0000000000
7   13   6   4   0.0000000002
7   13   6   5   -0.0000000000
7   13   7   4   0.0000000000
7   13   7   5   -0.0000000003
7   14   1   6   -0.0000000054
7   14   2   6   0.0048348863
7   14   3   6   0.0000000005
7   14   4   6   -0.0140147605
7   14   5   6   0.0000000004
7   14   6   4   0.0000000001
7   14   6   5   -0.0000000003
7   14   7   4   -0.0000000006
7   14   7   5   -0.0000000008

End IJKA Block
Begin IABC Block
1   4   1   6   -0.0000000063
1   4   2   6   0.0000000003
1   4   3   4   0.0000000006
1   4   3   5   0.0000000000
1   5   1   6   0.0000000003
1   5   2   6   -0.0000000060
1   5   3   4   0.0000000000
1   5   3   5   0.0000000007
1   6   1   4   -0.0000000062
1   6   1   5   0.0000000003
1   6   2   4   0.0000000003
1   6   2   5   -0.0000000059
1   6   3   6   -0.0000000066
2   4   1   6   0.0054077477
2   4   2   6   -0.0000000000
2   4   3   4   -0.0005732408
2   4   3   5   0.0000000000
2   5   1   6   -0.0000000000
2   5   2   6   0.0054077477
2   5   3   4   0.0000000000
2   5   3   5   -0.0005732408
2   6   1   4   0.0053270662
2   6   2   5   0.0053270662
2   6   3   6   0.0058169348
3   4   1   6   -0.0000000003
3   4   2   6   0.0000000004
3   4   3   4   0.0000000003
3   4   3   5   -0.0000000000
3   5   1   6   0.0000000004
3   5   2   6   0.0000000002
3   5   3   4   -0.0000000000
3   5   3   5   0.0000000002
3   6   1   4   -0.0000000001
3   6   1   5   0.0000000003
3   6   2   4   0.0000000003
3   6   2   5   0.0000000002
3   6   3   6   0.0000000158
4   4   1   6   -0.0165901481
4   4   2   6   0.0000000000
4   4   3   4   -0.0378543888
4   5   1   6   0.0000000000
4   5   2   6   -0.0165901481
4   5   3   5   -0.0378543888
4   6   1   4   -0.0147697264
4   6   1   5   0.0000000001
4   6   2   4   0.0000000001
4   6   2   5   -0.0147697262
4   6   3   6   -0.0422733916
5   4   1   6   -0.0000000003
5   4   2   6   0.0000000004
5   4   3   4   -0.0000000001
5   4   3   5   0.0000000001
5   5   1   6   0.0000000004
5   5   2   6   0.0000000002
5   5   3   4   0.0000000001
5   5   3   5   -0.0000000001
5   6   1   4   -0.0000000001
5   6   1   5   0.0000000003
5   6   2   4   0.0000000003
5   6   2   5   0.0000000002
5   6   3   6   0.0000000138
6   4   1   4   0.0000000001
6   4   1   5   -0.0000000000
6   4   2   4   -0.0000000000
6   4   2   5   -0.0000000000
6   4   3   6   0.0000000016
6   5   1   4   -0.0000000000
6   5   1   5   0.0000000000
6   5   2   4   0.0000000000
6   5   2   5   -0.0000000001
6   5   3   6   -0.0000000013
6   6   1   6   -0.0000000034
6   6   2   6   0.0000000014
6   6   3   4   0.0000000021
6   6   3   5   -0.0000000013
7   4   1   4   -0.0000000000
7   4   1   5   -0.0000000000
7   4   2   4   -0.0000000000
7   4   2   5   -0.0000000001
7   4   3   6   -0.0000000012
7   5   1   4   -0.0000000000
7   5   1   5   -0.0000000001
7   5   2   4   -0.0000000001
7   5   2   5   -0.0000000001
7   5   3   6   -0.0000000013
7   6   1   6   -0.0000000004
7   6   2   6   -0.0000000022
7   6   3   4   -0.0000000008
7   6   3   5   -0.0000000004

End IABC Block
