0   1   5   6      -0.159637249317
0   1   6   5       0.159637249310
0   2   4   5      -0.146791918414
0   2   5   4       0.146791918410
1   0   5   6       0.159637249317
1   0   6   5      -0.159637249310
1   2   4   6       0.146791918435
1   2   6   4      -0.146791918432
2   0   4   5       0.146791918414
2   0   5   4      -0.146791918410
2   1   4   6      -0.146791918435
2   1   6   4       0.146791918432
0   53   5   12      -0.765973409389
0   53   5   13      -0.056261728914
0   53   6   12      -0.056261728865
0   53   6   13      -0.056513134989
0   54   5   12      -0.056261715707
0   54   5   13       0.274911501723
0   54   6   12       0.434548748427
0   54   6   13       0.056261715402
0   55   4   12      -0.391029336623
0   55   5   11      -0.244237420622
1   53   5   12      -0.056261715728
1   53   5   13       0.434548748227
1   53   6   12       0.274911501906
1   53   6   13       0.056261715381
1   54   5   12      -0.056513135023
1   54   5   13       0.056261729159
1   54   6   12       0.056261729186
1   54   6   13      -0.765973409210
1   55   4   13       0.391029336807
1   55   6   11       0.244237420780
2   53   4   12      -0.244237420624
2   53   5   11      -0.391029336628
2   54   4   13       0.244237420780
2   54   6   11       0.391029336813
2   55   4   11      -0.621302339744
0   53   12   5       0.765973409389
0   53   12   6       0.056261728865
0   53   13   5       0.056261728914
0   53   13   6       0.056513134989
0   54   12   5       0.056261715707
0   54   12   6      -0.434548748427
0   54   13   5      -0.274911501723
0   54   13   6      -0.056261715402
0   55   11   5       0.244237420622
0   55   12   4       0.391029336623
1   53   12   5       0.056261715728
1   53   12   6      -0.274911501906
1   53   13   5      -0.434548748227
1   53   13   6      -0.056261715381
1   54   12   5       0.056513135023
1   54   12   6      -0.056261729186
1   54   13   5      -0.056261729159
1   54   13   6       0.765973409210
1   55   11   6      -0.244237420780
1   55   13   4      -0.391029336807
2   53   11   5       0.391029336628
2   53   12   4       0.244237420624
2   54   11   6      -0.391029336813
2   54   13   4      -0.244237420780
2   55   11   4       0.621302339744
0   60   5   12      -0.068609350391
1   61   6   13       0.068609350365
2   58   4   11      -0.062477141484
0   60   12   5       0.068609350391
1   61   13   6      -0.068609350365
2   58   11   4       0.062477141484
5   55   4   11      -0.062477141484
7   53   5   12      -0.068609350391
8   54   6   13       0.068609350365
5   55   11   4       0.062477141484
7   53   12   5       0.068609350391
8   54   13   6      -0.068609350365
53   0   5   12       0.765973409389
53   0   5   13       0.056261728914
53   0   6   12       0.056261728865
53   0   6   13       0.056513134989
53   1   5   12       0.056261715728
53   1   5   13      -0.434548748227
53   1   6   12      -0.274911501906
53   1   6   13      -0.056261715381
53   2   4   12       0.244237420624
53   2   5   11       0.391029336628
54   0   5   12       0.056261715707
54   0   5   13      -0.274911501723
54   0   6   12      -0.434548748427
54   0   6   13      -0.056261715402
54   1   5   12       0.056513135023
54   1   5   13      -0.056261729159
54   1   6   12      -0.056261729186
54   1   6   13       0.765973409210
54   2   4   13      -0.244237420780
54   2   6   11      -0.391029336813
55   0   4   12       0.391029336623
55   0   5   11       0.244237420622
55   1   4   13      -0.391029336807
55   1   6   11      -0.244237420780
55   2   4   11       0.621302339744
53   0   12   5      -0.765973409389
53   0   12   6      -0.056261728865
53   0   13   5      -0.056261728914
53   0   13   6      -0.056513134989
53   1   12   5      -0.056261715728
53   1   12   6       0.274911501906
53   1   13   5       0.434548748227
53   1   13   6       0.056261715381
53   2   11   5      -0.391029336628
53   2   12   4      -0.244237420624
54   0   12   5      -0.056261715707
54   0   12   6       0.434548748427
54   0   13   5       0.274911501723
54   0   13   6       0.056261715402
54   1   12   5      -0.056513135023
54   1   12   6       0.056261729186
54   1   13   5       0.056261729159
54   1   13   6      -0.765973409210
54   2   11   6       0.391029336813
54   2   13   4       0.244237420780
55   0   11   5      -0.244237420622
55   0   12   4      -0.391029336623
55   1   11   6       0.244237420780
55   1   13   4       0.391029336807
55   2   11   4      -0.621302339744
53   7   5   12       0.068609350391
54   8   6   13      -0.068609350365
55   5   4   11       0.062477141484
53   7   12   5      -0.068609350391
54   8   13   6       0.068609350365
55   5   11   4      -0.062477141484
53   54   12   13      -0.159637249317
53   54   13   12       0.159637249310
53   55   11   12      -0.146791918414
53   55   12   11       0.146791918410
54   53   12   13       0.159637249317
54   53   13   12      -0.159637249310
54   55   11   13       0.146791918435
54   55   13   11      -0.146791918432
55   53   11   12       0.146791918414
55   53   12   11      -0.146791918410
55   54   11   13      -0.146791918435
55   54   13   11       0.146791918432
58   2   4   11       0.062477141484
60   0   5   12       0.068609350391
61   1   6   13      -0.068609350365
58   2   11   4      -0.062477141484
60   0   12   5      -0.068609350391
61   1   13   6       0.068609350365

