0   103   5   12      -0.165291784302
0   103   5   13      -0.136052369190
0   103   6   12      -0.136052368788
0   103   6   13      -0.206564619672
0   104   5   12      -0.136052361359
0   104   6   13       0.136052359828
0   105   4   13       0.051304577116
0   105   5   11       0.058429867613
0   105   6   11       0.067960828943
1   103   5   12      -0.136052360681
1   103   6   13       0.136052361945
1   104   5   12      -0.206564619386
1   104   5   13       0.136052368551
1   104   6   12       0.136052368203
1   104   6   13      -0.165291783808
1   105   4   12       0.051304577013
1   105   5   11       0.067960828892
1   105   6   11      -0.058429867514
2   103   4   12       0.058429867613
2   103   4   13       0.067960828943
2   103   6   11       0.051304577116
2   104   4   12       0.067960828892
2   104   4   13      -0.058429867514
2   104   5   11       0.051304577013
2   105   4   11      -0.144984782135
0   103   12   5       0.165291784302
0   103   12   6       0.136052368788
0   103   13   5       0.136052369190
0   103   13   6       0.206564619672
0   104   12   5       0.136052361359
0   104   13   6      -0.136052359828
0   105   11   5      -0.058429867613
0   105   11   6      -0.067960828943
0   105   13   4      -0.051304577116
1   103   12   5       0.136052360681
1   103   13   6      -0.136052361945
1   104   12   5       0.206564619386
1   104   12   6      -0.136052368203
1   104   13   5      -0.136052368551
1   104   13   6       0.165291783808
1   105   11   5      -0.067960828892
1   105   11   6       0.058429867514
1   105   12   4      -0.051304577013
2   103   11   6      -0.051304577116
2   103   12   4      -0.058429867613
2   103   13   4      -0.067960828943
2   104   11   5      -0.051304577013
2   104   12   4      -0.067960828892
2   104   13   4       0.058429867514
2   105   11   4       0.144984782135
103   0   5   12       0.165291784302
103   0   5   13       0.136052369190
103   0   6   12       0.136052368788
103   0   6   13       0.206564619672
103   1   5   12       0.136052360681
103   1   6   13      -0.136052361945
103   2   4   12      -0.058429867613
103   2   4   13      -0.067960828943
103   2   6   11      -0.051304577116
104   0   5   12       0.136052361359
104   0   6   13      -0.136052359828
104   1   5   12       0.206564619386
104   1   5   13      -0.136052368551
104   1   6   12      -0.136052368203
104   1   6   13       0.165291783808
104   2   4   12      -0.067960828892
104   2   4   13       0.058429867514
104   2   5   11      -0.051304577013
105   0   4   13      -0.051304577116
105   0   5   11      -0.058429867613
105   0   6   11      -0.067960828943
105   1   4   12      -0.051304577013
105   1   5   11      -0.067960828892
105   1   6   11       0.058429867514
105   2   4   11       0.144984782135
103   0   12   5      -0.165291784302
103   0   12   6      -0.136052368788
103   0   13   5      -0.136052369190
103   0   13   6      -0.206564619672
103   1   12   5      -0.136052360681
103   1   13   6       0.136052361945
103   2   11   6       0.051304577116
103   2   12   4       0.058429867613
103   2   13   4       0.067960828943
104   0   12   5      -0.136052361359
104   0   13   6       0.136052359828
104   1   12   5      -0.206564619386
104   1   12   6       0.136052368203
104   1   13   5       0.136052368551
104   1   13   6      -0.165291783808
104   2   11   5       0.051304577013
104   2   12   4       0.067960828892
104   2   13   4      -0.058429867514
105   0   11   5       0.058429867613
105   0   11   6       0.067960828943
105   0   13   4       0.051304577116
105   1   11   5       0.067960828892
105   1   11   6      -0.058429867514
105   1   12   4       0.051304577013
105   2   11   4      -0.144984782135

