0   1   5   6      -0.138466836499
0   1   6   5       0.138466836513
0   2   4   6      -0.110814816976
0   2   6   4       0.110814816980
1   0   5   6       0.138466836499
1   0   6   5      -0.138466836513
1   2   4   5      -0.110814817206
1   2   5   4       0.110814817208
2   0   4   6       0.110814816976
2   0   6   4      -0.110814816980
2   1   4   5       0.110814817206
2   1   5   4      -0.110814817208
0   103   5   12      -0.094732853551
0   103   5   13       0.158146484001
0   103   6   12       0.158146484482
0   103   6   13      -0.641342478155
0   104   5   12       0.158146487505
0   104   5   13      -0.342538234419
0   104   6   12      -0.204071401978
0   104   6   13      -0.158146485817
0   105   4   12       0.082145505273
0   105   4   13      -0.305977183179
0   105   5   11       0.052395120145
0   105   6   11      -0.195162368413
1   103   5   12       0.158146487802
1   103   5   13      -0.204071401583
1   103   6   12      -0.342538234781
1   103   6   13      -0.158146485646
1   104   5   12      -0.641342479250
1   104   5   13      -0.158146482500
1   104   6   12      -0.158146481971
1   104   6   13      -0.094732852387
1   105   4   12      -0.305977183343
1   105   4   13      -0.082145504606
1   105   5   11      -0.195162368344
1   105   6   11      -0.052395120252
2   103   4   12       0.052395120146
2   103   4   13      -0.195162368408
2   103   5   11       0.082145505275
2   103   6   11      -0.305977183178
2   104   4   12      -0.195162368339
2   104   4   13      -0.052395120253
2   104   5   11      -0.305977183344
2   104   6   11      -0.082145504605
2   105   4   11      -0.490638952594
0   103   12   5       0.094732853551
0   103   12   6      -0.158146484482
0   103   13   5      -0.158146484001
0   103   13   6       0.641342478155
0   104   12   5      -0.158146487505
0   104   12   6       0.204071401978
0   104   13   5       0.342538234419
0   104   13   6       0.158146485817
0   105   11   5      -0.052395120145
0   105   11   6       0.195162368413
0   105   12   4      -0.082145505273
0   105   13   4       0.305977183179
1   103   12   5      -0.158146487802
1   103   12   6       0.342538234781
1   103   13   5       0.204071401583
1   103   13   6       0.158146485646
1   104   12   5       0.641342479250
1   104   12   6       0.158146481971
1   104   13   5       0.158146482500
1   104   13   6       0.094732852387
1   105   11   5       0.195162368344
1   105   11   6       0.052395120252
1   105   12   4       0.305977183343
1   105   13   4       0.082145504606
2   103   11   5      -0.082145505275
2   103   11   6       0.305977183178
2   103   12   4      -0.052395120146
2   103   13   4       0.195162368408
2   104   11   5       0.305977183344
2   104   11   6       0.082145504605
2   104   12   4       0.195162368339
2   104   13   4       0.052395120253
2   105   11   4       0.490638952594
0   110   6   13      -0.072673991643
1   111   5   12       0.072673991564
2   107   4   11      -0.066970531153
0   110   13   6       0.072673991643
1   111   12   5      -0.072673991564
2   107   11   4       0.066970531153
4   105   4   11      -0.066970531153
7   103   6   13      -0.072673991640
8   104   5   12       0.072673991559
4   105   11   4       0.066970531153
7   103   13   6       0.072673991640
8   104   12   5      -0.072673991559
103   0   5   12       0.094732853551
103   0   5   13      -0.158146484001
103   0   6   12      -0.158146484482
103   0   6   13       0.641342478155
103   1   5   12      -0.158146487802
103   1   5   13       0.204071401583
103   1   6   12       0.342538234781
103   1   6   13       0.158146485646
103   2   4   12      -0.052395120146
103   2   4   13       0.195162368408
103   2   5   11      -0.082145505275
103   2   6   11       0.305977183178
104   0   5   12      -0.158146487505
104   0   5   13       0.342538234419
104   0   6   12       0.204071401978
104   0   6   13       0.158146485817
104   1   5   12       0.641342479250
104   1   5   13       0.158146482500
104   1   6   12       0.158146481971
104   1   6   13       0.094732852387
104   2   4   12       0.195162368339
104   2   4   13       0.052395120253
104   2   5   11       0.305977183344
104   2   6   11       0.082145504605
105   0   4   12      -0.082145505273
105   0   4   13       0.305977183179
105   0   5   11      -0.052395120145
105   0   6   11       0.195162368413
105   1   4   12       0.305977183343
105   1   4   13       0.082145504606
105   1   5   11       0.195162368344
105   1   6   11       0.052395120252
105   2   4   11       0.490638952594
103   0   12   5      -0.094732853551
103   0   12   6       0.158146484482
103   0   13   5       0.158146484001
103   0   13   6      -0.641342478155
103   1   12   5       0.158146487802
103   1   12   6      -0.342538234781
103   1   13   5      -0.204071401583
103   1   13   6      -0.158146485646
103   2   11   5       0.082145505275
103   2   11   6      -0.305977183178
103   2   12   4       0.052395120146
103   2   13   4      -0.195162368408
104   0   12   5       0.158146487505
104   0   12   6      -0.204071401978
104   0   13   5      -0.342538234419
104   0   13   6      -0.158146485817
104   1   12   5      -0.641342479250
104   1   12   6      -0.158146481971
104   1   13   5      -0.158146482500
104   1   13   6      -0.094732852387
104   2   11   5      -0.305977183344
104   2   11   6      -0.082145504605
104   2   12   4      -0.195162368339
104   2   13   4      -0.052395120253
105   0   11   5       0.052395120145
105   0   11   6      -0.195162368413
105   0   12   4       0.082145505273
105   0   13   4      -0.305977183179
105   1   11   5      -0.195162368344
105   1   11   6      -0.052395120252
105   1   12   4      -0.305977183343
105   1   13   4      -0.082145504606
105   2   11   4      -0.490638952594
103   7   6   13       0.072673991640
104   8   5   12      -0.072673991559
105   4   4   11       0.066970531153
103   7   13   6      -0.072673991640
104   8   12   5       0.072673991559
105   4   11   4      -0.066970531153
103   104   12   13      -0.138466836499
103   104   13   12       0.138466836513
103   105   11   13      -0.110814816976
103   105   13   11       0.110814816980
104   103   12   13       0.138466836499
104   103   13   12      -0.138466836513
104   105   11   12      -0.110814817206
104   105   12   11       0.110814817208
105   103   11   13       0.110814816976
105   103   13   11      -0.110814816980
105   104   11   12       0.110814817206
105   104   12   11      -0.110814817208
107   2   4   11       0.066970531153
110   0   6   13       0.072673991643
111   1   5   12      -0.072673991564
107   2   11   4      -0.066970531153
110   0   13   6      -0.072673991643
111   1   12   5       0.072673991564

