Begin IJ Block
1   1   -25.5647494601
1   2   0.0000000012
1   3   -0.4838952652
1   4   -0.0000000174
1   5   0.0174668962
2   2   -25.5647667906
2   3   -0.0000000173
2   4   0.4877509330
2   5   0.0000000004
3   3   -6.4634793959
3   4   -0.0000000003
3   5   -0.1201543688
4   4   -6.4775785492
4   5   -0.0000000039
4   6   0.0000000000
5   5   -5.9830577723
6   6   -5.9790938695
6   7   -0.0000000001
7   7   -5.9790938699

End IJ Block
Begin IA Block
1   3   0.0000000005
2   3   -0.0226822706
3   3   0.0000000062
4   3   0.2067405384
5   1   -0.0000000000
5   2   -0.0000000000
5   3   -0.0000000071
6   1   0.0000000000
6   2   -0.0000000000
6   3   0.0000000000
7   1   0.0000000000
7   2   -0.0000000001

End IA Block
Begin AB Block
1   1   -5.7842154291
1   2   -0.0000000000
2   2   -5.7842154290
3   3   -5.8974393747

End AB Block
Begin IJAB Block
1   8   1   4   0.0129547805
1   8   2   5   0.0129547805
1   8   3   6   0.0137488924
1   9   1   4   -0.0000000000
1   9   1   5   0.0000000000
1   9   2   4   0.0000000000
1   9   2   5   -0.0000000000
1   9   3   6   0.0000000000
1   10   1   4   -0.0136330076
1   10   2   5   -0.0136330076
1   10   3   6   -0.0141032864
1   11   1   4   -0.0000000005
1   11   1   5   0.0000000000
1   11   2   4   0.0000000000
1   11   2   5   -0.0000000005
1   11   3   6   -0.0000000005
1   12   1   4   0.0004044012
1   12   2   5   0.0004044012
1   12   3   6   0.0002721492
1   13   1   6   0.0008095840
1   13   2   6   0.0008798907
1   13   3   4   -0.0006627352
1   13   3   5   -0.0007202891
1   14   1   6   -0.0008798907
1   14   2   6   0.0008095840
1   14   3   4   0.0007202891
1   14   3   5   -0.0006627352
2   8   1   4   -0.0000000000
2   8   1   5   0.0000000000
2   8   2   4   0.0000000000
2   8   2   5   -0.0000000000
2   8   3   6   0.0000000000
2   9   1   4   0.0129705868
2   9   2   5   0.0129705868
2   9   3   6   0.0137837072
2   10   1   4   -0.0000000004
2   10   1   5   -0.0000000000
2   10   2   4   -0.0000000000
2   10   2   5   -0.0000000004
2   10   3   6   -0.0000000006
2   11   1   4   0.0139225230
2   11   2   5   0.0139225230
2   11   3   6   0.0145375433
2   12   1   4   0.0000000000
2   12   2   5   0.0000000000
2   12   3   6   0.0000000000
2   13   1   6   0.0000000000
2   13   2   6   0.0000000000
2   13   3   4   -0.0000000001
2   13   3   5   -0.0000000001
2   14   1   6   -0.0000000000
2   14   2   6   0.0000000000
2   14   3   4   0.0000000001
2   14   3   5   -0.0000000001
3   8   1   4   -0.0136330076
3   8   2   5   -0.0136330076
3   8   3   6   -0.0141032864
3   9   1   4   -0.0000000004
3   9   1   5   -0.0000000000
3   9   2   4   -0.0000000000
3   9   2   5   -0.0000000004
3   9   3   6   -0.0000000006
3   10   1   4   0.0592998730
3   10   2   5   0.0592998730
3   10   3   6   0.0615889893
3   11   1   4   0.0000000002
3   11   1   5   -0.0000000000
3   11   2   4   -0.0000000000
3   11   2   5   0.0000000002
3   11   3   6   -0.0000000008
3   12   1   4   -0.0019271381
3   12   2   5   -0.0019271381
3   12   3   6   0.0079528734
3   13   1   6   -0.0035608065
3   13   2   6   -0.0038700375
3   13   3   4   -0.0040561763
3   13   3   5   -0.0044084267
3   14   1   6   0.0038700375
3   14   2   6   -0.0035608065
3   14   3   4   0.0044084267
3   14   3   5   -0.0040561763
4   8   1   4   -0.0000000005
4   8   1   5   0.0000000000
4   8   2   4   0.0000000000
4   8   2   5   -0.0000000005
4   8   3   6   -0.0000000005
4   9   1   4   0.0139225230
4   9   2   5   0.0139225230
4   9   3   6   0.0145375433
4   10   1   4   0.0000000002
4   10   1   5   -0.0000000000
4   10   2   4   -0.0000000000
4   10   2   5   0.0000000002
4   10   3   6   -0.0000000008
4   11   1   4   0.0616973674
4   11   2   5   0.0616973674
4   11   3   6   0.0645180541
4   12   1   4   -0.0000000001
4   12   2   5   -0.0000000001
4   12   3   6   -0.0000000008
4   13   1   6   -0.0000000001
4   13   2   6   -0.0000000001
4   13   3   4   0.0000000003
4   13   3   5   0.0000000003
4   14   1   6   0.0000000001
4   14   2   6   -0.0000000001
4   14   3   4   -0.0000000003
4   14   3   5   0.0000000003
5   8   1   4   0.0004044012
5   8   2   5   0.0004044012
5   8   3   6   0.0002721492
5   9   1   4   0.0000000000
5   9   2   5   0.0000000000
5   9   3   6   0.0000000000
5   10   1   4   -0.0019271381
5   10   2   5   -0.0019271381
5   10   3   6   0.0079528734
5   11   1   4   -0.0000000001
5   11   2   5   -0.0000000001
5   11   3   6   -0.0000000008
5   12   1   4   0.0233852640
5   12   2   5   0.0233852640
5   12   3   6   0.2509946314
5   13   1   6   -0.0167605289
5   13   2   6   -0.0182160633
5   13   3   4   -0.1394187225
5   13   3   5   -0.1515262609
5   14   1   6   0.0182160633
5   14   2   6   -0.0167605289
5   14   3   4   0.1515262609
5   14   3   5   -0.1394187226
6   8   1   6   -0.0006627352
6   8   2   6   -0.0007202891
6   8   3   4   0.0008095840
6   8   3   5   0.0008798907
6   9   1   6   -0.0000000001
6   9   2   6   -0.0000000001
6   9   3   4   0.0000000000
6   9   3   5   0.0000000000
6   10   1   6   -0.0040561763
6   10   2   6   -0.0044084267
6   10   3   4   -0.0035608065
6   10   3   5   -0.0038700375
6   11   1   6   0.0000000003
6   11   2   6   0.0000000003
6   11   3   4   -0.0000000001
6   11   3   5   -0.0000000001
6   12   1   6   -0.1394187225
6   12   2   6   -0.1515262609
6   12   3   4   -0.0167605289
6   12   3   5   -0.0182160633
6   13   1   4   0.1314900218
6   13   1   5   0.1167115687
6   13   2   4   0.1167115686
6   13   2   5   0.1509513077
6   13   3   6   0.0245746171
6   14   1   4   -0.1167115627
6   14   1   5   0.0818106106
6   14   2   4   -0.1012719040
6   14   2   5   0.1167115628
7   8   1   6   0.0007202891
7   8   2   6   -0.0006627352
7   8   3   4   -0.0008798907
7   8   3   5   0.0008095840
7   9   1   6   0.0000000001
7   9   2   6   -0.0000000001
7   9   3   4   -0.0000000000
7   9   3   5   0.0000000000
7   10   1   6   0.0044084267
7   10   2   6   -0.0040561763
7   10   3   4   0.0038700375
7   10   3   5   -0.0035608065
7   11   1   6   -0.0000000003
7   11   2   6   0.0000000003
7   11   3   4   0.0000000001
7   11   3   5   -0.0000000001
7   12   1   6   0.1515262609
7   12   2   6   -0.1394187226
7   12   3   4   0.0182160633
7   12   3   5   -0.0167605289
7   13   1   4   -0.1167115627
7   13   1   5   -0.1012719040
7   13   2   4   0.0818106107
7   13   2   5   0.1167115628
7   13   3   6   0.0000000000
7   14   1   4   0.1509513077
7   14   1   5   -0.1167115687
7   14   2   4   -0.1167115687
7   14   2   5   0.1314900218
7   14   3   6   0.0245746171

End IJAB Block
Begin IJKL Block
1   8   1   8   2.1422086310
1   8   1   9   -0.0000001411
1   8   1   10   0.1998590765
1   8   1   11   0.0000000216
1   8   1   12   -0.0042134947
1   8   2   8   -0.0000001411
1   8   2   9   1.9768734523
1   8   2   10   -0.0000000071
1   8   2   11   -0.2017563287
1   8   2   12   0.0000000003
1   8   3   8   0.1998590765
1   8   3   9   -0.0000000071
1   8   3   10   0.0291944455
1   8   3   11   0.0000000021
1   8   3   12   -0.0003996998
1   8   4   8   0.0000000216
1   8   4   9   -0.2017563287
1   8   4   10   0.0000000021
1   8   4   11   0.0297563242
1   8   4   12   -0.0000000001
1   8   5   8   -0.0042134947
1   8   5   9   0.0000000003
1   8   5   10   -0.0003996998
1   8   5   11   -0.0000000001
1   8   5   12   0.0123226917
1   8   6   13   0.0126085010
1   8   7   13   0.0000000000
1   8   7   14   0.0126085010
1   9   1   8   -0.0000001411
1   9   1   9   2.1422174202
1   9   1   10   -0.0000000071
1   9   1   11   -0.2017976030
1   9   1   12   0.0000000002
1   9   2   8   1.9768782130
1   9   2   9   0.0000001411
1   9   2   10   0.1999361233
1   9   2   11   -0.0000000072
1   9   2   12   -0.0022953643
1   9   3   8   -0.0000000071
1   9   3   9   0.1998640067
1   9   3   10   0.0000000000
1   9   3   11   -0.0294525921
1   9   3   12   0.0000000000
1   9   4   8   -0.2017447809
1   9   4   9   -0.0000000072
1   9   4   10   -0.0294649463
1   9   4   11   0.0000000000
1   9   4   12   0.0009483785
1   9   5   8   0.0000000003
1   9   5   9   -0.0042106876
1   9   5   10   0.0000000000
1   9   5   11   0.0009520171
1   9   5   12   0.0000000001
1   9   6   13   -0.0000000001
1   9   6   14   0.0000000000
1   9   7   13   0.0000000000
1   9   7   14   -0.0000000001
1   10   1   8   0.1998590765
1   10   1   9   -0.0000000071
1   10   1   10   0.5679654258
1   10   1   11   0.0000000289
1   10   1   12   0.0063026254
1   10   2   8   -0.0000000071
1   10   2   9   0.1999481527
1   10   2   10   0.0000000001
1   10   2   11   -0.4051182262
1   10   2   12   0.0000000008
1   10   3   8   0.0315455778
1   10   3   9   0.0000000000
1   10   3   10   0.0083929449
1   10   3   11   0.0000000003
1   10   3   12   -0.0002525735
1   10   4   8   0.0000000022
1   10   4   9   -0.0315950427
1   10   4   10   0.0000000003
1   10   4   11   0.0089677571
1   10   4   12   -0.0000000000
1   10   5   8   -0.0004185160
1   10   5   9   0.0000000001
1   10   5   10   -0.0012636377
1   10   5   11   0.0000000000
1   10   5   12   -0.0141350508
1   10   6   13   -0.0142221256
1   10   7   13   -0.0000000000
1   10   7   14   -0.0142221256
1   11   1   8   0.0000000216
1   11   1   9   -0.2017976030
1   11   1   10   0.0000000289
1   11   1   11   0.5721995347
1   11   1   12   -0.0000000017
1   11   2   8   -0.2017447809
1   11   2   9   -0.0000000072
1   11   2   10   -0.4051406770
1   11   2   11   -0.0000000002
1   11   2   12   0.0315147193
1   11   3   8   0.0000000022
1   11   3   9   -0.0316044689
1   11   3   10   0.0000000003
1   11   3   11   0.0088608601
1   11   3   12   0.0000000000
1   11   4   8   0.0321891413
1   11   4   9   -0.0000000000
1   11   4   10   0.0086316756
1   11   4   11   0.0000000003
1   11   4   12   0.0000723994
1   11   5   8   -0.0000000001
1   11   5   9   0.0009139788
1   11   5   10   0.0000000000
1   11   5   11   -0.0000261642
1   11   5   12   -0.0000000003
1   11   6   13   -0.0000000006
1   11   6   14   0.0000000000
1   11   7   13   0.0000000000
1   11   7   14   -0.0000000006
1   12   1   8   -0.0042134947
1   12   1   9   0.0000000002
1   12   1   10   0.0063026254
1   12   1   11   -0.0000000017
1   12   1   12   0.5535534903
1   12   2   8   0.0000000003
1   12   2   9   -0.0022974064
1   12   2   10   0.0000000008
1   12   2   11   0.0315127785
1   12   2   12   0.0000000059
1   12   2   13   0.0000000000
1   12   3   8   -0.0004185160
1   12   3   9   0.0000000001
1   12   3   10   -0.0002400237
1   12   3   11   0.0000000000
1   12   3   12   0.0060707064
1   12   4   8   -0.0000000001
1   12   4   9   0.0009083457
1   12   4   10   -0.0000000000
1   12   4   11   0.0000184037
1   12   4   12   0.0000000001
1   12   5   8   0.0145553203
1   12   5   9   0.0000000005
1   12   5   10   -0.0149655576
1   12   5   11   -0.0000000000
1   12   5   12   -0.0007266709
1   12   6   13   0.0001893554
1   12   7   14   0.0001893554
1   13   1   13   0.5580829166
1   13   1   14   0.0000000000
1   13   2   12   0.0000000000
1   13   2   13   -0.0000000039
1   13   2   14   0.0000000001
1   13   3   13   0.0063285985
1   13   4   13   0.0000000003
1   13   5   13   -0.0010243659
1   13   6   8   0.0150606007
1   13   6   9   -0.0000000002
1   13   6   10   -0.0152083112
1   13   6   11   -0.0000000008
1   13   6   12   0.0002906465
1   13   7   9   0.0000000000
1   13   7   11   0.0000000000
1   14   1   13   0.0000000000
1   14   1   14   0.5580829167
1   14   2   13   0.0000000001
1   14   2   14   -0.0000000038
1   14   3   14   0.0063285985
1   14   4   14   0.0000000003
1   14   5   14   -0.0010243659
1   14   6   9   0.0000000000
1   14   6   11   0.0000000000
1   14   7   8   0.0150606007
1   14   7   9   -0.0000000002
1   14   7   10   -0.0152083112
1   14   7   11   -0.0000000008
1   14   7   12   0.0002906465
2   8   1   8   -0.0000001411
2   8   1   9   1.9768782130
2   8   1   10   -0.0000000071
2   8   1   11   -0.2017447809
2   8   1   12   0.0000000003
2   8   2   8   2.1422174202
2   8   2   9   0.0000001411
2   8   2   10   0.1998640067
2   8   2   11   -0.0000000072
2   8   2   12   -0.0042106876
2   8   3   8   -0.0000000071
2   8   3   9   0.1999361233
2   8   3   10   0.0000000000
2   8   3   11   -0.0294649463
2   8   3   12   0.0000000000
2   8   4   8   -0.2017976030
2   8   4   9   -0.0000000072
2   8   4   10   -0.0294525921
2   8   4   11   0.0000000000
2   8   4   12   0.0009520171
2   8   5   8   0.0000000002
2   8   5   9   -0.0022953643
2   8   5   10   0.0000000000
2   8   5   11   0.0009483785
2   8   5   12   0.0000000001
2   8   6   13   -0.0000000001
2   8   6   14   0.0000000000
2   8   7   13   0.0000000000
2   8   7   14   -0.0000000001
2   9   1   8   1.9768734523
2   9   1   9   0.0000001411
2   9   1   10   0.1999481527
2   9   1   11   -0.0000000072
2   9   1   12   -0.0022974064
2   9   2   8   0.0000001411
2   9   2   9   2.1422194799
2   9   2   10   0.0000000215
2   9   2   11   -0.2017917038
2   9   2   12   -0.0000000002
2   9   3   8   0.1999481527
2   9   3   9   0.0000000215
2   9   3   10   0.0291711230
2   9   3   11   -0.0000000021
2   9   3   12   -0.0004003823
2   9   4   8   -0.0000000072
2   9   4   9   -0.2017917038
2   9   4   10   -0.0000000021
2   9   4   11   0.0297796117
2   9   4   12   0.0000000001
2   9   5   8   -0.0022974064
2   9   5   9   -0.0000000002
2   9   5   10   -0.0004003823
2   9   5   11   0.0000000001
2   9   5   12   0.0122762148
2   9   6   13   0.0125837386
2   9   7   13   0.0000000000
2   9   7   14   0.0125837386
2   10   1   8   -0.0000000071
2   10   1   9   0.1999361233
2   10   1   10   0.0000000001
2   10   1   11   -0.4051406770
2   10   1   12   0.0000000008
2   10   2   8   0.1998640067
2   10   2   9   0.0000000215
2   10   2   10   0.5679527234
2   10   2   11   -0.0000000289
2   10   2   12   0.0062992881
2   10   3   8   0.0000000000
2   10   3   9   0.0315447609
2   10   3   10   0.0000000003
2   10   3   11   -0.0086598829
2   10   4   8   -0.0316044689
2   10   4   9   -0.0000000023
2   10   4   10   -0.0088010051
2   10   4   11   0.0000000003
2   10   4   12   -0.0003599834
2   10   5   8   0.0000000001
2   10   5   9   -0.0004209494
2   10   5   10   -0.0000000001
2   10   5   11   -0.0012972197
2   10   5   12   -0.0000000007
2   10   6   13   -0.0000000004
2   10   6   14   -0.0000000000
2   10   7   13   -0.0000000000
2   10   7   14   -0.0000000004
2   11   1   8   -0.2017563287
2   11   1   9   -0.0000000072
2   11   1   10   -0.4051182262
2   11   1   11   -0.0000000002
2   11   1   12   0.0315127785
2   11   2   8   -0.0000000072
2   11   2   9   -0.2017917038
2   11   2   10   -0.0000000289
2   11   2   11   0.5722140269
2   11   2   12   0.0000000028
2   11   3   8   -0.0315950427
2   11   3   9   -0.0000000023
2   11   3   10   -0.0089976399
2   11   3   11   0.0000000003
2   11   3   12   0.0005180254
2   11   4   8   -0.0000000000
2   11   4   9   0.0321915009
2   11   4   10   0.0000000003
2   11   4   11   -0.0086135419
2   11   4   12   -0.0000000000
2   11   5   8   0.0009083457
2   11   5   9   0.0000000001
2   11   5   10   -0.0011889022
2   11   5   11   0.0000000000
2   11   5   12   0.0137323143
2   11   6   13   0.0140979644
2   11   7   13   0.0000000000
2   11   7   14   0.0140979644
2   12   1   8   0.0000000003
2   12   1   9   -0.0022953643
2   12   1   10   0.0000000008
2   12   1   11   0.0315147193
2   12   1   12   0.0000000059
2   12   1   13   0.0000000000
2   12   2   8   -0.0042106876
2   12   2   9   -0.0000000002
2   12   2   10   0.0062992881
2   12   2   11   0.0000000028
2   12   2   12   0.5535536428
2   12   3   8   0.0000000001
2   12   3   9   -0.0004209494
2   12   3   10   -0.0000000000
2   12   3   11   0.0004932616
2   12   3   12   0.0000000003
2   12   4   8   0.0009139788
2   12   4   9   0.0000000001
2   12   4   10   -0.0002747580
2   12   4   11   0.0000000000
2   12   4   12   -0.0061380388
2   12   5   8   0.0000000005
2   12   5   9   0.0145129890
2   12   5   10   -0.0000000010
2   12   5   11   0.0146363782
2   12   5   12   -0.0000000001
2   12   6   13   0.0000000001
2   12   7   14   0.0000000001
2   13   1   12   0.0000000000
2   13   1   13   -0.0000000039
2   13   1   14   0.0000000001
2   13   2   13   0.5580836957
2   13   2   14   0.0000000000
2   13   3   13   0.0000000002
2   13   4   13   -0.0063949307
2   13   5   13   -0.0000000000
2   13   6   8   -0.0000000002
2   13   6   9   0.0150391867
2   13   6   10   -0.0000000002
2   13   6   11   0.0151663236
2   13   6   12   -0.0000000000
2   13   7   8   0.0000000000
2   13   7   10   -0.0000000000
2   14   1   13   0.0000000001
2   14   1   14   -0.0000000038
2   14   2   13   0.0000000000
2   14   2   14   0.5580836958
2   14   3   14   0.0000000002
2   14   4   14   -0.0063949307
2   14   5   14   -0.0000000000
2   14   6   8   0.0000000000
2   14   6   10   -0.0000000000
2   14   7   8   -0.0000000002
2   14   7   9   0.0150391867
2   14   7   10   -0.0000000002
2   14   7   11   0.0151663236
2   14   7   12   -0.0000000000
3   8   1   8   0.1998590765
3   8   1   9   -0.0000000071
3   8   1   10   0.0315455778
3   8   1   11   0.0000000022
3   8   1   12   -0.0004185160
3   8   2   8   -0.0000000071
3   8   2   9   0.1999481527
3   8   2   10   0.0000000000
3   8   2   11   -0.0315950427
3   8   2   12   0.0000000001
3   8   3   8   0.5679654258
3   8   3   9   0.0000000001
3   8   3   10   0.0083929449
3   8   3   11   0.0000000003
3   8   3   12   -0.0012636377
3   8   4   8   0.0000000289
3   8   4   9   -0.4051182262
3   8   4   10   0.0000000003
3   8   4   11   0.0089677571
3   8   4   12   0.0000000000
3   8   5   8   0.0063026254
3   8   5   9   0.0000000008
3   8   5   10   -0.0002525735
3   8   5   11   -0.0000000000
3   8   5   12   -0.0141350508
3   8   6   13   -0.0142221256
3   8   7   13   -0.0000000000
3   8   7   14   -0.0142221256
3   9   1   8   -0.0000000071
3   9   1   9   0.1998640067
3   9   1   10   0.0000000000
3   9   1   11   -0.0316044689
3   9   1   12   0.0000000001
3   9   2   8   0.1999361233
3   9   2   9   0.0000000215
3   9   2   10   0.0315447609
3   9   2   11   -0.0000000023
3   9   2   12   -0.0004209494
3   9   3   8   0.0000000001
3   9   3   9   0.5679527234
3   9   3   10   0.0000000003
3   9   3   11   -0.0088010051
3   9   3   12   -0.0000000001
3   9   4   8   -0.4051406770
3   9   4   9   -0.0000000289
3   9   4   10   -0.0086598829
3   9   4   11   0.0000000003
3   9   4   12   -0.0012972197
3   9   5   8   0.0000000008
3   9   5   9   0.0062992881
3   9   5   11   -0.0003599834
3   9   5   12   -0.0000000007
3   9   6   13   -0.0000000004
3   9   6   14   -0.0000000000
3   9   7   13   -0.0000000000
3   9   7   14   -0.0000000004
3   10   1   8   0.0291944455
3   10   1   9   0.0000000000
3   10   1   10   0.0083929449
3   10   1   11   0.0000000003
3   10   1   12   -0.0002400237
3   10   2   8   0.0000000000
3   10   2   9   0.0291711230
3   10   2   10   0.0000000003
3   10   2   11   -0.0089976399
3   10   2   12   -0.0000000000
3   10   3   8   0.0083929449
3   10   3   9   0.0000000003
3   10   3   10   0.4204241041
3   10   3   11   0.0000000000
3   10   3   12   0.0096871585
3   10   4   8   0.0000000003
3   10   4   9   -0.0089976399
3   10   4   10   0.0000000000
3   10   4   11   0.2537049375
3   10   4   12   -0.0000000004
3   10   5   8   -0.0002400237
3   10   5   9   -0.0000000000
3   10   5   10   0.0096871585
3   10   5   11   -0.0000000004
3   10   5   12   0.0621081466
3   10   6   13   0.0599350138
3   10   6   14   0.0000000000
3   10   7   13   0.0000000000
3   10   7   14   0.0599350138
3   11   1   8   0.0000000021
3   11   1   9   -0.0294525921
3   11   1   10   0.0000000003
3   11   1   11   0.0088608601
3   11   1   12   0.0000000000
3   11   2   8   -0.0294649463
3   11   2   9   -0.0000000021
3   11   2   10   -0.0086598829
3   11   2   11   0.0000000003
3   11   2   12   0.0004932616
3   11   3   8   0.0000000003
3   11   3   9   -0.0088010051
3   11   3   10   0.0000000000
3   11   3   11   0.4190103014
3   11   3   12   0.0000000001
3   11   4   8   0.0086316756
3   11   4   9   0.0000000003
3   11   4   10   0.2563730611
3   11   4   11   0.0000000001
3   11   4   12   -0.0254847938
3   11   5   8   -0.0000000000
3   11   5   9   -0.0002747580
3   11   5   10   -0.0000000003
3   11   5   11   0.0036661727
3   11   5   12   -0.0000000012
3   11   6   13   0.0000000007
3   11   6   14   -0.0000000000
3   11   7   13   -0.0000000000
3   11   7   14   0.0000000007
3   12   1   8   -0.0003996998
3   12   1   9   0.0000000000
3   12   1   10   -0.0002525735
3   12   1   11   0.0000000000
3   12   1   12   0.0060707064
3   12   2   8   0.0000000000
3   12   2   9   -0.0004003823
3   12   2   11   0.0005180254
3   12   2   12   0.0000000003
3   12   3   8   -0.0012636377
3   12   3   9   -0.0000000001
3   12   3   10   0.0096871585
3   12   3   11   0.0000000001
3   12   3   12   0.4074339960
3   12   4   8   0.0000000000
3   12   4   9   -0.0011889022
3   12   4   10   -0.0000000003
3   12   4   11   -0.0250296976
3   12   4   12   -0.0000000031
3   12   4   13   -0.0000000000
3   12   5   8   -0.0149655576
3   12   5   9   -0.0000000010
3   12   5   10   0.0619838819
3   12   5   11   -0.0000000017
3   12   5   12   0.0105416198
3   12   6   13   -0.0001767921
3   12   7   14   -0.0001767921
3   13   1   13   0.0063285985
3   13   2   13   0.0000000002
3   13   3   13   0.4071121575
3   13   3   14   0.0000000000
3   13   4   12   -0.0000000000
3   13   4   13   0.0000000022
3   13   4   14   -0.0000000000
3   13   5   13   0.0091629152
3   13   6   8   -0.0152083112
3   13   6   9   -0.0000000002
3   13   6   10   0.0604908958
3   13   6   11   0.0000000011
3   13   6   12   0.0003230937
3   13   7   9   -0.0000000000
3   13   7   11   -0.0000000000
3   14   1   14   0.0063285985
3   14   2   14   0.0000000002
3   14   3   13   0.0000000000
3   14   3   14   0.4071121575
3   14   4   13   -0.0000000000
3   14   4   14   0.0000000022
3   14   5   14   0.0091629152
3   14   6   9   -0.0000000000
3   14   6   10   0.0000000000
3   14   6   11   -0.0000000000
3   14   7   8   -0.0152083112
3   14   7   9   -0.0000000002
3   14   7   10   0.0604908958
3   14   7   11   0.0000000011
3   14   7   12   0.0003230937
4   8   1   8   0.0000000216
4   8   1   9   -0.2017447809
4   8   1   10   0.0000000022
4   8   1   11   0.0321891413
4   8   1   12   -0.0000000001
4   8   2   8   -0.2017976030
4   8   2   9   -0.0000000072
4   8   2   10   -0.0316044689
4   8   2   11   -0.0000000000
4   8   2   12   0.0009139788
4   8   3   8   0.0000000289
4   8   3   9   -0.4051406770
4   8   3   10   0.0000000003
4   8   3   11   0.0086316756
4   8   3   12   0.0000000000
4   8   4   8   0.5721995347
4   8   4   9   -0.0000000002
4   8   4   10   0.0088608601
4   8   4   11   0.0000000003
4   8   4   12   -0.0000261642
4   8   5   8   -0.0000000017
4   8   5   9   0.0315147193
4   8   5   10   0.0000000000
4   8   5   11   0.0000723994
4   8   5   12   -0.0000000003
4   8   6   13   -0.0000000006
4   8   6   14   0.0000000000
4   8   7   13   0.0000000000
4   8   7   14   -0.0000000006
4   9   1   8   -0.2017563287
4   9   1   9   -0.0000000072
4   9   1   10   -0.0315950427
4   9   1   11   -0.0000000000
4   9   1   12   0.0009083457
4   9   2   8   -0.0000000072
4   9   2   9   -0.2017917038
4   9   2   10   -0.0000000023
4   9   2   11   0.0321915009
4   9   2   12   0.0000000001
4   9   3   8   -0.4051182262
4   9   3   9   -0.0000000289
4   9   3   10   -0.0089976399
4   9   3   11   0.0000000003
4   9   3   12   -0.0011889022
4   9   4   8   -0.0000000002
4   9   4   9   0.5722140269
4   9   4   10   0.0000000003
4   9   4   11   -0.0086135419
4   9   4   12   0.0000000000
4   9   5   8   0.0315127785
4   9   5   9   0.0000000028
4   9   5   10   0.0005180254
4   9   5   11   -0.0000000000
4   9   5   12   0.0137323143
4   9   6   13   0.0140979644
4   9   7   13   0.0000000000
4   9   7   14   0.0140979644
4   10   1   8   0.0000000021
4   10   1   9   -0.0294649463
4   10   1   10   0.0000000003
4   10   1   11   0.0086316756
4   10   1   12   -0.0000000000
4   10   2   8   -0.0294525921
4   10   2   9   -0.0000000021
4   10   2   10   -0.0088010051
4   10   2   11   0.0000000003
4   10   2   12   -0.0002747580
4   10   3   8   0.0000000003
4   10   3   9   -0.0086598829
4   10   3   10   0.0000000000
4   10   3   11   0.2563730611
4   10   3   12   -0.0000000003
4   10   4   8   0.0088608601
4   10   4   9   0.0000000003
4   10   4   10   0.4190103014
4   10   4   11   0.0000000001
4   10   4   12   0.0036661727
4   10   5   8   0.0000000000
4   10   5   9   0.0004932616
4   10   5   10   0.0000000001
4   10   5   11   -0.0254847938
4   10   5   12   -0.0000000012
4   10   6   13   0.0000000007
4   10   6   14   -0.0000000000
4   10   7   13   -0.0000000000
4   10   7   14   0.0000000007
4   11   1   8   0.0297563242
4   11   1   9   0.0000000000
4   11   1   10   0.0089677571
4   11   1   11   0.0000000003
4   11   1   12   0.0000184037
4   11   2   8   0.0000000000
4   11   2   9   0.0297796117
4   11   2   10   0.0000000003
4   11   2   11   -0.0086135419
4   11   2   12   0.0000000000
4   11   3   8   0.0089677571
4   11   3   9   0.0000000003
4   11   3   10   0.2537049375
4   11   3   11   0.0000000001
4   11   3   12   -0.0250296976
4   11   4   8   0.0000000003
4   11   4   9   -0.0086135419
4   11   4   10   0.0000000001
4   11   4   11   0.4232649972
4   11   4   12   0.0000000005
4   11   5   8   0.0000184037
4   11   5   9   0.0000000000
4   11   5   10   -0.0250296976
4   11   5   11   0.0000000005
4   11   5   12   0.0580488638
4   11   6   13   0.0581465426
4   11   6   14   0.0000000000
4   11   7   13   0.0000000000
4   11   7   14   0.0581465426
4   12   1   8   -0.0000000001
4   12   1   9   0.0009483785
4   12   1   10   -0.0000000000
4   12   1   11   0.0000723994
4   12   1   12   0.0000000001
4   12   2   8   0.0009520171
4   12   2   9   0.0000000001
4   12   2   10   -0.0003599834
4   12   2   11   -0.0000000000
4   12   2   12   -0.0061380388
4   12   3   8   0.0000000000
4   12   3   9   -0.0012972197
4   12   3   10   -0.0000000004
4   12   3   11   -0.0254847938
4   12   3   12   -0.0000000031
4   12   3   13   -0.0000000000
4   12   4   8   -0.0000261642
4   12   4   9   0.0000000000
4   12   4   10   0.0036661727
4   12   4   11   0.0000000005
4   12   4   12   0.4072010046
4   12   5   8   -0.0000000000
4   12   5   9   0.0146363782
4   12   5   10   -0.0000000017
4   12   5   11   0.0571733045
4   12   5   12   0.0000000010
4   12   6   13   -0.0000000002
4   12   7   14   -0.0000000002
4   13   1   13   0.0000000003
4   13   2   13   -0.0063949307
4   13   3   12   -0.0000000000
4   13   3   13   0.0000000022
4   13   3   14   -0.0000000000
4   13   4   13   0.4071556796
4   13   4   14   0.0000000000
4   13   5   13   0.0000000007
4   13   5   14   0.0000000000
4   13   6   8   -0.0000000008
4   13   6   9   0.0151663236
4   13   6   10   0.0000000011
4   13   6   11   0.0572600289
4   13   6   12   0.0000000008
4   13   7   8   0.0000000000
4   13   7   10   -0.0000000000
4   14   1   14   0.0000000003
4   14   2   14   -0.0063949307
4   14   3   13   -0.0000000000
4   14   3   14   0.0000000022
4   14   4   13   0.0000000000
4   14   4   14   0.4071556796
4   14   5   13   0.0000000000
4   14   5   14   0.0000000007
4   14   6   8   0.0000000000
4   14   6   10   -0.0000000000
4   14   6   11   0.0000000000
4   14   7   8   -0.0000000008
4   14   7   9   0.0151663236
4   14   7   10   0.0000000011
4   14   7   11   0.0572600289
4   14   7   12   0.0000000008
5   8   1   8   -0.0042134947
5   8   1   9   0.0000000003
5   8   1   10   -0.0004185160
5   8   1   11   -0.0000000001
5   8   1   12   0.0145553203
5   8   2   8   0.0000000002
5   8   2   9   -0.0022974064
5   8   2   10   0.0000000001
5   8   2   11   0.0009083457
5   8   2   12   0.0000000005
5   8   3   8   0.0063026254
5   8   3   9   0.0000000008
5   8   3   10   -0.0002400237
5   8   3   11   -0.0000000000
5   8   3   12   -0.0149655576
5   8   4   8   -0.0000000017
5   8   4   9   0.0315127785
5   8   4   10   0.0000000000
5   8   4   11   0.0000184037
5   8   4   12   -0.0000000000
5   8   5   8   0.5535534903
5   8   5   9   0.0000000059
5   8   5   10   0.0060707064
5   8   5   11   0.0000000001
5   8   5   12   -0.0007266709
5   8   6   9   0.0000000000
5   8   6   13   0.0001893554
5   8   7   14   0.0001893554
5   9   1   8   0.0000000003
5   9   1   9   -0.0042106876
5   9   1   10   0.0000000001
5   9   1   11   0.0009139788
5   9   1   12   0.0000000005
5   9   2   8   -0.0022953643
5   9   2   9   -0.0000000002
5   9   2   10   -0.0004209494
5   9   2   11   0.0000000001
5   9   2   12   0.0145129890
5   9   3   8   0.0000000008
5   9   3   9   0.0062992881
5   9   3   10   -0.0000000000
5   9   3   11   -0.0002747580
5   9   3   12   -0.0000000010
5   9   4   8   0.0315147193
5   9   4   9   0.0000000028
5   9   4   10   0.0004932616
5   9   4   11   0.0000000000
5   9   4   12   0.0146363782
5   9   5   8   0.0000000059
5   9   5   9   0.5535536428
5   9   5   10   0.0000000003
5   9   5   11   -0.0061380388
5   9   5   12   -0.0000000001
5   9   6   8   0.0000000000
5   9   6   13   0.0000000001
5   9   7   14   0.0000000001
5   10   1   8   -0.0003996998
5   10   1   9   0.0000000000
5   10   1   10   -0.0012636377
5   10   1   11   0.0000000000
5   10   1   12   -0.0149655576
5   10   2   8   0.0000000000
5   10   2   9   -0.0004003823
5   10   2   10   -0.0000000001
5   10   2   11   -0.0011889022
5   10   2   12   -0.0000000010
5   10   3   8   -0.0002525735
5   10   3   10   0.0096871585
5   10   3   11   -0.0000000003
5   10   3   12   0.0619838819
5   10   4   8   0.0000000000
5   10   4   9   0.0005180254
5   10   4   10   0.0000000001
5   10   4   11   -0.0250296976
5   10   4   12   -0.0000000017
5   10   5   8   0.0060707064
5   10   5   9   0.0000000003
5   10   5   10   0.4074339960
5   10   5   11   -0.0000000031
5   10   5   12   0.0105416198
5   10   6   11   -0.0000000000
5   10   6   13   -0.0001767921
5   10   7   14   -0.0001767921
5   11   1   8   -0.0000000001
5   11   1   9   0.0009520171
5   11   1   10   0.0000000000
5   11   1   11   -0.0000261642
5   11   1   12   -0.0000000000
5   11   2   8   0.0009483785
5   11   2   9   0.0000000001
5   11   2   10   -0.0012972197
5   11   2   11   0.0000000000
5   11   2   12   0.0146363782
5   11   3   8   -0.0000000000
5   11   3   9   -0.0003599834
5   11   3   10   -0.0000000004
5   11   3   11   0.0036661727
5   11   3   12   -0.0000000017
5   11   4   8   0.0000723994
5   11   4   9   -0.0000000000
5   11   4   10   -0.0254847938
5   11   4   11   0.0000000005
5   11   4   12   0.0571733045
5   11   5   8   0.0000000001
5   11   5   9   -0.0061380388
5   11   5   10   -0.0000000031
5   11   5   11   0.4072010046
5   11   5   12   0.0000000010
5   11   6   10   -0.0000000000
5   11   6   13   -0.0000000002
5   11   7   14   -0.0000000002
5   12   1   8   0.0123226917
5   12   1   9   0.0000000001
5   12   1   10   -0.0141350508
5   12   1   11   -0.0000000003
5   12   1   12   -0.0007266709
5   12   2   8   0.0000000001
5   12   2   9   0.0122762148
5   12   2   10   -0.0000000007
5   12   2   11   0.0137323143
5   12   2   12   -0.0000000001
5   12   3   8   -0.0141350508
5   12   3   9   -0.0000000007
5   12   3   10   0.0621081466
5   12   3   11   -0.0000000012
5   12   3   12   0.0105416198
5   12   4   8   -0.0000000003
5   12   4   9   0.0137323143
5   12   4   10   -0.0000000012
5   12   4   11   0.0580488638
5   12   4   12   0.0000000010
5   12   5   8   -0.0007266709
5   12   5   9   -0.0000000001
5   12   5   10   0.0105416198
5   12   5   11   0.0000000010
5   12   5   12   0.4119971996
5   12   6   13   0.0140132080
5   12   7   13   0.0000000000
5   12   7   14   0.0140132080
5   13   1   13   -0.0010243659
5   13   2   13   -0.0000000000
5   13   3   13   0.0091629152
5   13   4   13   0.0000000007
5   13   4   14   0.0000000000
5   13   5   13   0.3889616159
5   13   5   14   0.0000000000
5   13   6   8   0.0002906465
5   13   6   9   -0.0000000000
5   13   6   10   0.0003230937
5   13   6   11   0.0000000008
5   13   6   12   0.0060499592
5   13   7   12   -0.0000000000
5   14   1   14   -0.0010243659
5   14   2   14   -0.0000000000
5   14   3   14   0.0091629152
5   14   4   13   0.0000000000
5   14   4   14   0.0000000007
5   14   5   13   0.0000000000
5   14   5   14   0.3889616160
5   14   6   12   0.0000000000
5   14   7   8   0.0002906465
5   14   7   9   -0.0000000000
5   14   7   10   0.0003230937
5   14   7   11   0.0000000008
5   14   7   12   0.0060499592
6   8   1   13   0.0150606007
6   8   2   13   -0.0000000002
6   8   2   14   0.0000000000
6   8   3   13   -0.0152083112
6   8   4   13   -0.0000000008
6   8   4   14   0.0000000000
6   8   5   9   0.0000000000
6   8   5   13   0.0002906465
6   8   6   8   0.5580829166
6   8   6   9   -0.0000000039
6   8   6   10   0.0063285985
6   8   6   11   0.0000000003
6   8   6   12   -0.0010243659
6   8   7   8   0.0000000000
6   8   7   9   0.0000000001
6   9   1   13   -0.0000000002
6   9   1   14   0.0000000000
6   9   2   13   0.0150391867
6   9   3   13   -0.0000000002
6   9   3   14   -0.0000000000
6   9   4   13   0.0151663236
6   9   5   8   0.0000000000
6   9   5   13   -0.0000000000
6   9   6   8   -0.0000000039
6   9   6   9   0.5580836957
6   9   6   10   0.0000000002
6   9   6   11   -0.0063949307
6   9   6   12   -0.0000000000
6   9   7   8   0.0000000001
6   9   7   9   0.0000000000
6   10   1   13   -0.0152083112
6   10   2   13   -0.0000000002
6   10   2   14   -0.0000000000
6   10   3   13   0.0604908958
6   10   3   14   0.0000000000
6   10   4   13   0.0000000011
6   10   4   14   -0.0000000000
6   10   5   11   -0.0000000000
6   10   5   13   0.0003230937
6   10   6   8   0.0063285985
6   10   6   9   0.0000000002
6   10   6   10   0.4071121575
6   10   6   11   0.0000000022
6   10   6   12   0.0091629152
6   10   7   10   0.0000000000
6   10   7   11   -0.0000000000
6   11   1   13   -0.0000000008
6   11   1   14   0.0000000000
6   11   2   13   0.0151663236
6   11   3   13   0.0000000011
6   11   3   14   -0.0000000000
6   11   4   13   0.0572600289
6   11   4   14   0.0000000000
6   11   5   10   -0.0000000000
6   11   5   13   0.0000000008
6   11   6   8   0.0000000003
6   11   6   9   -0.0063949307
6   11   6   10   0.0000000022
6   11   6   11   0.4071556795
6   11   6   12   0.0000000007
6   11   7   10   -0.0000000000
6   11   7   11   0.0000000000
6   11   7   12   0.0000000000
6   12   1   13   0.0002906465
6   12   2   13   -0.0000000000
6   12   3   13   0.0003230937
6   12   4   13   0.0000000008
6   12   5   13   0.0060499592
6   12   5   14   0.0000000000
6   12   6   8   -0.0010243659
6   12   6   9   -0.0000000000
6   12   6   10   0.0091629152
6   12   6   11   0.0000000007
6   12   6   12   0.3889616159
6   12   7   11   0.0000000000
6   12   7   12   0.0000000000
6   13   1   8   0.0126085010
6   13   1   9   -0.0000000001
6   13   1   10   -0.0142221256
6   13   1   11   -0.0000000006
6   13   1   12   0.0001893554
6   13   2   8   -0.0000000001
6   13   2   9   0.0125837386
6   13   2   10   -0.0000000004
6   13   2   11   0.0140979644
6   13   2   12   0.0000000001
6   13   3   8   -0.0142221256
6   13   3   9   -0.0000000004
6   13   3   10   0.0599350138
6   13   3   11   0.0000000007
6   13   3   12   -0.0001767921
6   13   4   8   -0.0000000006
6   13   4   9   0.0140979644
6   13   4   10   0.0000000007
6   13   4   11   0.0581465426
6   13   4   12   -0.0000000002
6   13   5   8   0.0001893554
6   13   5   9   0.0000000001
6   13   5   10   -0.0001767921
6   13   5   11   -0.0000000002
6   13   5   12   0.0140132080
6   13   6   13   0.4062882181
6   13   6   14   -0.0000000015
6   13   7   13   -0.0000000016
6   13   7   14   0.0138398752
6   14   1   9   0.0000000000
6   14   1   11   0.0000000000
6   14   2   8   0.0000000000
6   14   2   10   -0.0000000000
6   14   3   9   -0.0000000000
6   14   3   10   0.0000000000
6   14   3   11   -0.0000000000
6   14   4   8   0.0000000000
6   14   4   10   -0.0000000000
6   14   4   11   0.0000000000
6   14   6   13   -0.0000000015
6   14   6   14   0.3881308792
6   14   7   13   0.0043174554
6   14   7   14   0.0000000016
7   8   1   14   0.0150606007
7   8   2   13   0.0000000000
7   8   2   14   -0.0000000002
7   8   3   14   -0.0152083112
7   8   4   13   0.0000000000
7   8   4   14   -0.0000000008
7   8   5   14   0.0002906465
7   8   6   8   0.0000000000
7   8   6   9   0.0000000001
7   8   7   8   0.5580829167
7   8   7   9   -0.0000000038
7   8   7   10   0.0063285985
7   8   7   11   0.0000000003
7   8   7   12   -0.0010243659
7   9   1   13   0.0000000000
7   9   1   14   -0.0000000002
7   9   2   14   0.0150391867
7   9   3   13   -0.0000000000
7   9   3   14   -0.0000000002
7   9   4   14   0.0151663236
7   9   5   14   -0.0000000000
7   9   6   8   0.0000000001
7   9   6   9   0.0000000000
7   9   7   8   -0.0000000038
7   9   7   9   0.5580836958
7   9   7   10   0.0000000002
7   9   7   11   -0.0063949307
7   9   7   12   -0.0000000000
7   10   1   14   -0.0152083112
7   10   2   13   -0.0000000000
7   10   2   14   -0.0000000002
7   10   3   14   0.0604908958
7   10   4   13   -0.0000000000
7   10   4   14   0.0000000011
7   10   5   14   0.0003230937
7   10   6   10   0.0000000000
7   10   6   11   -0.0000000000
7   10   7   8   0.0063285985
7   10   7   9   0.0000000002
7   10   7   10   0.4071121575
7   10   7   11   0.0000000022
7   10   7   12   0.0091629152
7   11   1   13   0.0000000000
7   11   1   14   -0.0000000008
7   11   2   14   0.0151663236
7   11   3   13   -0.0000000000
7   11   3   14   0.0000000011
7   11   4   14   0.0572600289
7   11   5   14   0.0000000008
7   11   6   10   -0.0000000000
7   11   6   11   0.0000000000
7   11   6   12   0.0000000000
7   11   7   8   0.0000000003
7   11   7   9   -0.0063949307
7   11   7   10   0.0000000022
7   11   7   11   0.4071556796
7   11   7   12   0.0000000007
7   12   1   14   0.0002906465
7   12   2   14   -0.0000000000
7   12   3   14   0.0003230937
7   12   4   14   0.0000000008
7   12   5   13   -0.0000000000
7   12   5   14   0.0060499592
7   12   6   11   0.0000000000
7   12   6   12   0.0000000000
7   12   7   8   -0.0010243659
7   12   7   9   -0.0000000000
7   12   7   10   0.0091629152
7   12   7   11   0.0000000007
7   12   7   12   0.3889616160
7   13   1   8   0.0000000000
7   13   1   9   0.0000000000
7   13   1   11   0.0000000000
7   13   2   8   0.0000000000
7   13   2   9   0.0000000000
7   13   2   10   -0.0000000000
7   13   2   11   0.0000000000
7   13   3   8   -0.0000000000
7   13   3   9   -0.0000000000
7   13   3   10   0.0000000000
7   13   3   11   -0.0000000000
7   13   4   8   0.0000000000
7   13   4   9   0.0000000000
7   13   4   10   -0.0000000000
7   13   4   11   0.0000000000
7   13   5   12   0.0000000000
7   13   6   13   -0.0000000016
7   13   6   14   0.0043174554
7   13   7   13   0.3881308793
7   13   7   14   0.0000000016
7   14   1   8   0.0126085010
7   14   1   9   -0.0000000001
7   14   1   10   -0.0142221256
7   14   1   11   -0.0000000006
7   14   1   12   0.0001893554
7   14   2   8   -0.0000000001
7   14   2   9   0.0125837386
7   14   2   10   -0.0000000004
7   14   2   11   0.0140979644
7   14   2   12   0.0000000001
7   14   3   8   -0.0142221256
7   14   3   9   -0.0000000004
7   14   3   10   0.0599350138
7   14   3   11   0.0000000007
7   14   3   12   -0.0001767921
7   14   4   8   -0.0000000006
7   14   4   9   0.0140979644
7   14   4   10   0.0000000007
7   14   4   11   0.0581465426
7   14   4   12   -0.0000000002
7   14   5   8   0.0001893554
7   14   5   9   0.0000000001
7   14   5   10   -0.0001767921
7   14   5   11   -0.0000000002
7   14   5   12   0.0140132080
7   14   6   13   0.0138398752
7   14   6   14   0.0000000016
7   14   7   13   0.0000000016
7   14   7   14   0.4062882182

End IJKL Block
Begin ABCD Block
1   4   1   4   0.4019037048
1   4   1   5   0.0000000018
1   4   2   4   0.0000000018
1   4   2   5   0.0157032477
1   4   3   6   0.0163426066
1   5   1   4   0.0000000018
1   5   1   5   0.3722506937
1   5   2   4   0.0139497768
1   5   2   5   -0.0000000018
1   6   1   6   0.3799960154
1   6   2   6   -0.0000000000
1   6   3   4   0.0147178131
2   4   1   4   0.0000000018
2   4   1   5   0.0139497768
2   4   2   4   0.3722506937
2   4   2   5   -0.0000000018
2   5   1   4   0.0157032477
2   5   1   5   -0.0000000018
2   5   2   4   -0.0000000018
2   5   2   5   0.4019037048
2   5   3   6   0.0163426066
2   6   2   6   0.3799960154
2   6   3   4   -0.0000000000
2   6   3   5   0.0147178131
3   4   1   6   0.0147178131
3   4   2   6   -0.0000000000
3   4   3   4   0.3799960154
3   5   2   6   0.0147178131
3   5   3   4   0.0000000000
3   5   3   5   0.3799960154
3   6   1   4   0.0163426066
3   6   2   5   0.0163426066
3   6   3   6   0.4195421413

End ABCD Block
Begin AIJB Block
1   8   1   4   0.0124615199
1   8   2   4   -0.0000000000
1   8   2   5   0.0000000000
1   8   3   4   -0.0127446999
1   8   4   4   -0.0000000005
1   8   4   5   0.0000000000
1   8   5   4   0.0002661060
1   8   6   6   -0.0007235344
1   8   7   6   0.0007863683
1   9   1   4   -0.0000000000
1   9   1   5   0.0000000000
1   9   2   4   0.0124767559
1   9   3   4   -0.0000000004
1   9   3   5   -0.0000000000
1   9   4   4   0.0130078547
1   9   5   4   0.0000000001
1   9   6   6   -0.0000000000
1   9   7   6   0.0000000000
1   10   1   4   -0.0127446999
1   10   2   4   -0.0000000004
1   10   2   5   -0.0000000000
1   10   3   4   0.0617498745
1   10   4   4   0.0000000001
1   10   4   5   -0.0000000000
1   10   5   4   -0.0026933187
1   10   6   6   -0.0033567522
1   10   7   6   0.0036482626
1   11   1   4   -0.0000000005
1   11   1   5   0.0000000000
1   11   2   4   0.0130078547
1   11   3   4   0.0000000001
1   11   3   5   -0.0000000000
1   11   4   4   0.0658011903
1   11   5   4   -0.0000000013
1   11   6   6   0.0000000004
1   11   7   6   -0.0000000004
1   12   1   4   0.0002661060
1   12   2   4   0.0000000001
1   12   3   4   -0.0026933187
1   12   4   4   -0.0000000013
1   12   5   4   0.0272301857
1   12   5   5   0.0000000000
1   12   6   6   -0.1380619080
1   12   7   6   0.1500516165
1   13   1   6   0.0006292697
1   13   2   6   0.0000000000
1   13   3   6   -0.0022373959
1   13   4   6   -0.0000000009
1   13   5   6   -0.0127243170
1   13   6   4   0.1326087397
1   13   6   5   0.1123733996
1   13   7   4   -0.1123733942
1   13   7   5   -0.1029775888
1   14   1   6   -0.0006839173
1   14   2   6   -0.0000000000
1   14   3   6   0.0024316980
1   14   4   6   0.0000000010
1   14   5   6   0.0138293347
1   14   6   4   -0.1123733942
1   14   6   5   0.0842396719
1   14   7   4   0.1513466498
1   14   7   5   -0.1123733996
2   8   1   5   0.0124615199
2   8   2   4   0.0000000000
2   8   2   5   -0.0000000000
2   8   3   5   -0.0127446999
2   8   4   4   0.0000000000
2   8   4   5   -0.0000000005
2   8   5   5   0.0002661060
2   8   6   6   -0.0007863683
2   8   7   6   -0.0007235344
2   9   1   4   0.0000000000
2   9   1   5   -0.0000000000
2   9   2   5   0.0124767559
2   9   3   4   -0.0000000000
2   9   3   5   -0.0000000004
2   9   4   5   0.0130078547
2   9   5   5   0.0000000001
2   9   6   6   -0.0000000000
2   9   7   6   -0.0000000000
2   10   1   5   -0.0127446999
2   10   2   4   -0.0000000000
2   10   2   5   -0.0000000004
2   10   3   5   0.0617498745
2   10   4   4   -0.0000000000
2   10   4   5   0.0000000001
2   10   5   5   -0.0026933187
2   10   6   6   -0.0036482626
2   10   7   6   -0.0033567522
2   11   1   4   0.0000000000
2   11   1   5   -0.0000000005
2   11   2   5   0.0130078547
2   11   3   4   -0.0000000000
2   11   3   5   0.0000000001
2   11   4   5   0.0658011903
2   11   5   5   -0.0000000013
2   11   6   6   0.0000000004
2   11   7   6   0.0000000004
2   12   1   5   0.0002661060
2   12   2   5   0.0000000001
2   12   3   5   -0.0026933187
2   12   4   5   -0.0000000013
2   12   5   4   0.0000000000
2   12   5   5   0.0272301857
2   12   6   6   -0.1500516165
2   12   7   6   -0.1380619080
2   13   1   6   0.0006839173
2   13   2   6   0.0000000000
2   13   3   6   -0.0024316980
2   13   4   6   -0.0000000010
2   13   5   6   -0.0138293347
2   13   6   4   0.1123733996
2   13   6   5   0.1513466498
2   13   7   4   0.0842396719
2   13   7   5   0.1123733942
2   14   1   6   0.0006292697
2   14   2   6   0.0000000000
2   14   3   6   -0.0022373959
2   14   4   6   -0.0000000009
2   14   5   6   -0.0127243170
2   14   6   4   -0.1029775888
2   14   6   5   0.1123733942
2   14   7   4   -0.1123733996
2   14   7   5   0.1326087398
3   8   1   6   0.0131694994
3   8   2   6   0.0000000000
3   8   3   6   -0.0131063084
3   8   4   6   -0.0000000004
3   8   5   6   0.0005067537
3   8   6   4   0.0006292697
3   8   6   5   0.0006839173
3   8   7   4   -0.0006839173
3   8   7   5   0.0006292697
3   9   1   6   0.0000000000
3   9   2   6   0.0132037765
3   9   3   6   -0.0000000005
3   9   4   6   0.0135537611
3   9   5   6   0.0000000000
3   9   6   4   0.0000000000
3   9   6   5   0.0000000000
3   9   7   4   -0.0000000000
3   9   7   5   0.0000000000
3   10   1   6   -0.0131063084
3   10   2   6   -0.0000000005
3   10   3   6   0.0624124385
3   10   4   6   -0.0000000002
3   10   5   6   0.0046385382
3   10   6   4   -0.0022373959
3   10   6   5   -0.0024316980
3   10   7   4   0.0024316980
3   10   7   5   -0.0022373959
3   11   1   6   -0.0000000004
3   11   2   6   0.0135537611
3   11   3   6   -0.0000000002
3   11   4   6   0.0671529731
3   11   5   6   -0.0000000007
3   11   6   4   -0.0000000009
3   11   6   5   -0.0000000010
3   11   7   4   0.0000000010
3   11   7   5   -0.0000000009
3   12   1   6   0.0005067537
3   12   2   6   0.0000000000
3   12   3   6   0.0046385382
3   12   4   6   -0.0000000007
3   12   5   6   0.2466981181
3   12   6   4   -0.0127243170
3   12   6   5   -0.0138293347
3   12   7   4   0.0138293347
3   12   7   5   -0.0127243170
3   13   1   4   -0.0007235344
3   13   1   5   -0.0007863683
3   13   2   4   -0.0000000000
3   13   2   5   -0.0000000000
3   13   3   4   -0.0033567522
3   13   3   5   -0.0036482626
3   13   4   4   0.0000000004
3   13   4   5   0.0000000004
3   13   5   4   -0.1380619080
3   13   5   5   -0.1500516165
3   13   6   6   0.0288017315
3   13   7   6   0.0000000000
3   14   1   4   0.0007863683
3   14   1   5   -0.0007235344
3   14   2   4   0.0000000000
3   14   2   5   -0.0000000000
3   14   3   4   0.0036482626
3   14   3   5   -0.0033567522
3   14   4   4   -0.0000000004
3   14   4   5   0.0000000004
3   14   5   4   0.1500516165
3   14   5   5   -0.1380619080
3   14   6   6   -0.0000000000
3   14   7   6   0.0288017315

1   8   8   1   -0.5273271321
1   8   9   1   0.0000000008
1   8   9   2   -0.0000000001
1   8   9   3   -0.0000000000
1   8   10   1   -0.0049188693
1   8   11   1   -0.0000000002
1   8   12   1   0.0008178717
1   8   13   3   -0.0007124334
1   8   14   3   0.0007743033
1   9   8   1   0.0000000008
1   9   8   2   -0.0000000001
1   9   8   3   -0.0000000000
1   9   9   1   -0.5273270145
1   9   10   1   -0.0000000002
1   9   11   1   0.0050112703
1   9   12   1   0.0000000000
1   9   13   3   -0.0000000001
1   9   14   3   0.0000000001
1   10   8   1   -0.0049188693
1   10   9   1   -0.0000000002
1   10   10   1   -0.4052688341
1   10   10   2   -0.0000000000
1   10   11   1   -0.0000000005
1   10   11   2   0.0000000000
1   10   11   3   0.0000000000
1   10   12   1   -0.0063144477
1   10   13   3   0.0026294636
1   10   14   3   -0.0028578141
1   11   8   1   -0.0000000002
1   11   9   1   0.0050112703
1   11   10   1   -0.0000000005
1   11   10   2   0.0000000000
1   11   10   3   0.0000000000
1   11   11   1   -0.4072532521
1   11   11   2   -0.0000000000
1   11   12   1   0.0000000001
1   11   12   2   -0.0000000000
1   11   13   3   -0.0000000012
1   11   14   3   0.0000000013
1   12   8   1   0.0008178717
1   12   9   1   0.0000000000
1   12   10   1   -0.0063144477
1   12   11   1   0.0000000001
1   12   11   2   -0.0000000000
1   12   12   1   -0.3930259529
1   12   12   2   -0.0000000000
1   12   13   3   0.0127997322
1   12   14   3   -0.0139112992
1   13   8   3   -0.0006754912
1   13   9   3   -0.0000000002
1   13   10   3   0.0028151539
1   13   11   3   -0.0000000003
1   13   12   3   0.0138838739
1   13   13   1   -0.4124693545
1   13   13   2   -0.0199512056
1   13   14   1   0.0199512006
1   13   14   2   0.0010667072
1   14   8   3   0.0007341529
1   14   9   3   0.0000000002
1   14   10   3   -0.0030596303
1   14   11   3   0.0000000003
1   14   12   3   -0.0150895910
1   14   13   1   0.0199512006
1   14   13   2   0.0022600969
1   14   14   1   -0.4157961523
1   14   14   2   0.0199512055
2   8   8   2   -0.5273271321
2   8   9   1   -0.0000000001
2   8   9   2   0.0000000009
2   8   9   3   -0.0000000000
2   8   10   2   -0.0049188693
2   8   11   2   -0.0000000002
2   8   12   2   0.0008178717
2   8   13   3   -0.0007743033
2   8   14   3   -0.0007124334
2   9   8   1   -0.0000000001
2   9   8   2   0.0000000009
2   9   8   3   -0.0000000000
2   9   9   2   -0.5273270145
2   9   10   2   -0.0000000002
2   9   11   2   0.0050112703
2   9   12   2   0.0000000000
2   9   13   3   -0.0000000001
2   9   14   3   -0.0000000001
2   10   8   2   -0.0049188693
2   10   9   2   -0.0000000002
2   10   10   1   -0.0000000000
2   10   10   2   -0.4052688341
2   10   11   1   0.0000000000
2   10   11   2   -0.0000000006
2   10   11   3   0.0000000000
2   10   12   2   -0.0063144477
2   10   13   3   0.0028578141
2   10   14   3   0.0026294636
2   11   8   2   -0.0000000002
2   11   9   2   0.0050112703
2   11   10   1   0.0000000000
2   11   10   2   -0.0000000006
2   11   10   3   0.0000000000
2   11   11   1   -0.0000000000
2   11   11   2   -0.4072532521
2   11   12   1   -0.0000000000
2   11   12   2   0.0000000002
2   11   13   3   -0.0000000013
2   11   14   3   -0.0000000012
2   12   8   2   0.0008178717
2   12   9   2   0.0000000000
2   12   10   2   -0.0063144477
2   12   11   1   -0.0000000000
2   12   11   2   0.0000000002
2   12   12   1   -0.0000000000
2   12   12   2   -0.3930259528
2   12   13   3   0.0139112992
2   12   14   3   0.0127997322
2   13   8   3   -0.0007341529
2   13   9   3   -0.0000000002
2   13   10   3   0.0030596303
2   13   11   3   -0.0000000003
2   13   12   3   0.0150895910
2   13   13   1   -0.0199512056
2   13   13   2   -0.4157961523
2   13   14   1   0.0022600969
2   13   14   2   -0.0199512006
2   14   8   3   -0.0006754912
2   14   9   3   -0.0000000002
2   14   10   3   0.0028151539
2   14   11   3   -0.0000000003
2   14   12   3   0.0138838739
2   14   13   1   0.0010667072
2   14   13   2   -0.0199512006
2   14   14   1   0.0199512056
2   14   14   2   -0.4124693546
3   8   8   3   -0.5415954138
3   8   9   1   -0.0000000000
3   8   9   2   -0.0000000000
3   8   9   3   -0.0000000021
3   8   10   3   -0.0051567794
3   8   11   3   -0.0000000001
3   8   12   3   0.0026658397
3   8   13   1   -0.0006754912
3   8   13   2   -0.0007341529
3   8   14   1   0.0007341529
3   8   14   2   -0.0006754912
3   9   8   1   -0.0000000000
3   9   8   2   -0.0000000000
3   9   8   3   -0.0000000021
3   9   9   3   -0.5415947636
3   9   10   3   -0.0000000002
3   9   11   3   0.0053111012
3   9   12   3   0.0000000001
3   9   13   1   -0.0000000002
3   9   13   2   -0.0000000002
3   9   14   1   0.0000000002
3   9   14   2   -0.0000000002
3   10   8   3   -0.0051567794
3   10   9   3   -0.0000000002
3   10   10   3   -0.4144526452
3   10   11   1   0.0000000000
3   10   11   2   0.0000000000
3   10   11   3   0.0000000013
3   10   12   3   -0.0131995754
3   10   13   1   0.0028151539
3   10   13   2   0.0030596303
3   10   14   1   -0.0030596303
3   10   14   2   0.0028151539
3   11   8   3   -0.0000000001
3   11   9   3   0.0053111012
3   11   10   1   0.0000000000
3   11   10   2   0.0000000000
3   11   10   3   0.0000000013
3   11   11   3   -0.4153522048
3   11   12   3   0.0000000002
3   11   13   1   -0.0000000003
3   11   13   2   -0.0000000003
3   11   14   1   0.0000000003
3   11   14   2   -0.0000000003
3   12   8   3   0.0026658397
3   12   9   3   0.0000000001
3   12   10   3   -0.0131995754
3   12   11   3   0.0000000002
3   12   12   3   -0.4398137829
3   12   13   1   0.0138838739
3   12   13   2   0.0150895910
3   12   14   1   -0.0150895910
3   12   14   2   0.0138838739
3   13   8   1   -0.0007124334
3   13   8   2   -0.0007743033
3   13   9   1   -0.0000000001
3   13   9   2   -0.0000000001
3   13   10   1   0.0026294636
3   13   10   2   0.0028578141
3   13   11   1   -0.0000000012
3   13   11   2   -0.0000000013
3   13   12   1   0.0127997322
3   13   12   2   0.0139112992
3   13   13   3   -0.4020796516
3   14   8   1   0.0007743033
3   14   8   2   -0.0007124334
3   14   9   1   0.0000000001
3   14   9   2   -0.0000000001
3   14   10   1   -0.0028578141
3   14   10   2   0.0026294636
3   14   11   1   0.0000000013
3   14   11   2   -0.0000000012
3   14   12   1   -0.0139112992
3   14   12   2   0.0127997323
3   14   13   3   -0.0000000000
3   14   14   3   -0.4020796516

End AIJB Block
Begin IJKA Block
1   8   1   6   -0.0000000015
1   8   2   6   0.0149410470
1   8   3   6   -0.0000000001
1   8   4   6   -0.0017880169
1   8   5   6   -0.0000000008
1   8   6   4   0.0000000007
1   8   6   5   0.0000000007
1   8   7   4   -0.0000000007
1   8   7   5   0.0000000007
1   9   1   6   0.0133011533
1   9   2   6   0.0000000006
1   9   3   6   0.0022943823
1   9   4   6   0.0000000000
1   9   5   6   0.0128934643
1   9   6   4   -0.0088133263
1   9   6   5   -0.0095787019
1   9   7   4   0.0095787019
1   9   7   5   -0.0088133263
1   10   1   6   -0.0000000015
1   10   2   6   0.0165995000
1   10   3   6   -0.0000000000
1   10   4   6   -0.0010919640
1   10   5   6   0.0000000003
1   10   6   4   -0.0000000004
1   10   6   5   -0.0000000004
1   10   7   4   0.0000000004
1   10   7   5   -0.0000000004
1   11   1   6   -0.0183524078
1   11   2   6   -0.0000000005
1   11   3   6   -0.0003144225
1   11   4   6   0.0000000000
1   11   5   6   0.0140204383
1   11   6   4   -0.0095388723
1   11   6   5   -0.0103672564
1   11   7   4   0.0103672564
1   11   7   5   -0.0095388723
1   12   1   6   -0.0000000237
1   12   2   6   0.3540183862
1   12   3   6   -0.0000000001
1   12   4   6   -0.0036355686
1   12   5   6   -0.0000000000
1   12   6   4   -0.0000000000
1   12   6   5   -0.0000000000
1   12   7   4   0.0000000000
1   12   7   5   -0.0000000000
1   13   1   4   0.0000000175
1   13   1   5   0.0000000190
1   13   2   4   -0.2419531879
1   13   2   5   -0.2629651256
1   13   3   4   0.0000000001
1   13   3   5   0.0000000001
1   13   4   4   0.0024090801
1   13   4   5   0.0026182919
1   13   5   4   0.0000000000
1   13   5   5   0.0000000000
1   13   6   6   0.0000000000
1   14   1   4   -0.0000000190
1   14   1   5   0.0000000175
1   14   2   4   0.2629651256
1   14   2   5   -0.2419531880
1   14   3   4   -0.0000000001
1   14   3   5   0.0000000001
1   14   4   4   -0.0026182919
1   14   4   5   0.0024090801
1   14   5   4   -0.0000000000
1   14   5   5   0.0000000000
1   14   7   6   0.0000000000
2   8   1   6   0.0149419799
2   8   2   6   0.0000000007
2   8   3   6   0.0022889243
2   8   4   6   0.0000000000
2   8   5   6   0.0128558052
2   8   6   4   -0.0088007459
2   8   6   5   -0.0095650289
2   8   7   4   0.0095650289
2   8   7   5   -0.0088007459
2   9   1   6   0.0000000006
2   9   2   6   0.0133050192
2   9   3   6   0.0000000002
2   9   4   6   -0.0017854496
2   9   5   6   0.0000000010
2   9   6   4   -0.0000000006
2   9   6   5   -0.0000000006
2   9   7   4   0.0000000006
2   9   7   5   -0.0000000006
2   10   1   6   0.0165995096
2   10   2   6   0.0000000009
2   10   3   6   0.0005479357
2   10   4   6   -0.0000000001
2   10   5   6   -0.0135311878
2   10   6   4   0.0093256237
2   10   6   5   0.0101354888
2   10   7   4   -0.0101354888
2   10   7   5   0.0093256237
2   11   1   6   -0.0000000005
2   11   2   6   -0.0183472664
2   11   3   6   -0.0000000000
2   11   4   6   0.0008978547
2   11   5   6   0.0000000006
2   11   6   4   -0.0000000003
2   11   6   5   -0.0000000003
2   11   7   4   0.0000000003
2   11   7   5   -0.0000000003
2   12   1   6   0.3540150413
2   12   2   6   0.0000000268
2   12   3   6   0.0036485653
2   12   4   6   -0.0000000001
2   12   5   6   0.0005339857
2   12   6   4   -0.0001798830
2   12   6   5   -0.0001955045
2   12   7   4   0.0001955045
2   12   7   5   -0.0001798830
2   13   1   4   -0.2419513460
2   13   1   5   -0.2629631237
2   13   2   4   -0.0000000171
2   13   2   5   -0.0000000185
2   13   3   4   -0.0024371592
2   13   3   5   -0.0026488094
2   13   4   4   0.0000000001
2   13   4   5   0.0000000001
2   13   5   4   -0.0007670499
2   13   5   5   -0.0008336629
2   13   6   6   -0.0009299125
2   14   1   4   0.2629631237
2   14   1   5   -0.2419513461
2   14   2   4   0.0000000185
2   14   2   5   -0.0000000171
2   14   3   4   0.0026488094
2   14   3   5   -0.0024371592
2   14   4   4   -0.0000000001
2   14   4   5   0.0000000001
2   14   5   4   0.0008336629
2   14   5   5   -0.0007670499
2   14   7   6   -0.0009299125
3   8   1   6   -0.0000000002
3   8   2   6   0.0024026112
3   8   4   6   -0.0018513262
3   8   5   6   0.0000000004
3   8   6   4   -0.0000000004
3   8   6   5   -0.0000000005
3   8   7   4   0.0000000005
3   8   7   5   -0.0000000004
3   9   1   6   0.0024082314
3   9   2   6   0.0000000002
3   9   3   6   -0.0004774650
3   9   4   6   -0.0000000001
3   9   5   6   -0.0146127490
3   9   6   4   0.0097513039
3   9   6   5   0.0105981363
3   9   7   4   -0.0105981363
3   9   7   5   0.0097513039
3   10   1   6   -0.0000000000
3   10   2   6   0.0005459206
3   10   3   6   -0.0000000002
3   10   4   6   -0.0046140551
3   10   5   6   -0.0000000000
3   10   6   4   0.0000000002
3   10   6   5   0.0000000002
3   10   7   4   -0.0000000002
3   10   7   5   0.0000000002
3   11   1   6   -0.0002803487
3   11   2   6   -0.0000000000
3   11   3   6   -0.0145009072
3   11   4   6   0.0000000001
3   11   5   6   -0.0625309514
3   11   6   4   0.0419020962
3   11   6   5   0.0455409993
3   11   7   4   -0.0455409993
3   11   7   5   0.0419020962
3   12   1   6   -0.0000000001
3   12   2   6   0.0042116216
3   12   3   6   0.0000000007
3   12   4   6   -0.2298361865
3   12   5   6   0.0000000001
3   12   6   4   0.0000000007
3   12   6   5   0.0000000008
3   12   7   4   -0.0000000008
3   12   7   5   0.0000000007
3   13   1   4   0.0000000001
3   13   1   5   0.0000000001
3   13   2   4   -0.0028609387
3   13   2   5   -0.0031093912
3   13   3   4   0.0000000001
3   13   3   5   0.0000000001
3   13   4   4   0.1573964019
3   13   4   5   0.1710651757
3   13   5   4   -0.0000000003
3   13   5   5   -0.0000000003
3   13   6   6   0.0000000005
3   14   1   4   -0.0000000001
3   14   1   5   0.0000000001
3   14   2   4   0.0031093912
3   14   2   5   -0.0028609387
3   14   3   4   -0.0000000001
3   14   3   5   0.0000000001
3   14   4   4   -0.1710651757
3   14   4   5   0.1573964020
3   14   5   4   0.0000000003
3   14   5   5   -0.0000000003
3   14   7   6   0.0000000005
4   8   1   6   -0.0018859553
4   8   2   6   0.0000000000
4   8   3   6   -0.0018666081
4   8   4   6   0.0000000000
4   8   5   6   0.0142794858
4   8   6   4   -0.0097087936
4   8   6   5   -0.0105519342
4   8   7   4   0.0105519342
4   8   7   5   -0.0097087936
4   9   2   6   -0.0018838368
4   9   3   6   -0.0000000001
4   9   4   6   0.0008500523
4   9   5   6   0.0000000006
4   9   6   4   -0.0000000003
4   9   6   5   -0.0000000003
4   9   7   4   0.0000000003
4   9   7   5   -0.0000000003
4   10   1   6   -0.0010638766
4   10   2   6   -0.0000000000
4   10   3   6   -0.0041336829
4   10   4   6   -0.0000000003
4   10   5   6   -0.0570522206
4   10   6   4   0.0403852347
4   10   6   5   0.0438924091
4   10   7   4   -0.0438924091
4   10   7   5   0.0403852347
4   11   1   6   -0.0000000000
4   11   2   6   0.0008702561
4   11   3   6   0.0000000002
4   11   4   6   -0.0083702777
4   11   5   6   0.0000000001
4   11   6   4   -0.0000000000
4   11   6   5   -0.0000000000
4   11   7   4   0.0000000000
4   11   7   5   -0.0000000000
4   12   1   6   -0.0042115420
4   12   2   6   -0.0000000002
4   12   3   6   -0.2300359415
4   12   4   6   0.0000000007
4   12   5   6   0.0229849797
4   12   6   4   -0.0012458020
4   12   6   5   -0.0013539912
4   12   7   4   0.0013539912
4   12   7   5   -0.0012458020
4   13   1   4   0.0028609355
4   13   1   5   0.0031093878
4   13   2   4   0.0000000001
4   13   2   5   0.0000000001
4   13   3   4   0.1573186099
4   13   3   5   0.1709806280
4   13   4   4   0.0000000002
4   13   4   5   0.0000000003
4   13   5   4   -0.0150675052
4   13   5   5   -0.0163760124
4   13   6   6   -0.0010926812
4   14   1   4   -0.0031093877
4   14   1   5   0.0028609356
4   14   2   4   -0.0000000001
4   14   2   5   0.0000000001
4   14   3   4   -0.1709806280
4   14   3   5   0.1573186100
4   14   4   4   -0.0000000003
4   14   4   5   0.0000000002
4   14   5   4   0.0163760124
4   14   5   5   -0.0150675052
4   14   7   6   -0.0010926812
5   8   1   6   -0.0000000010
5   8   2   6   0.0155553091
5   8   3   6   0.0000000005
5   8   4   6   0.0159194641
5   8   5   6   0.0000000000
5   8   6   4   -0.0000000000
5   8   6   5   -0.0000000000
5   8   7   4   0.0000000000
5   8   7   5   -0.0000000000
5   9   1   6   0.0155893037
5   9   2   6   0.0000000012
5   9   3   6   -0.0162285844
5   9   4   6   0.0000000006
5   9   5   6   0.0002184117
5   9   6   4   -0.0001881839
5   9   6   5   -0.0002045264
5   9   7   4   0.0002045264
5   9   7   5   -0.0001881839
5   10   1   6   0.0000000004
5   10   2   6   -0.0139560882
5   10   3   6   -0.0000000000
5   10   4   6   -0.0585675184
5   10   5   6   -0.0000000006
5   10   6   4   0.0000000001
5   10   6   5   0.0000000001
5   10   7   4   -0.0000000001
5   10   7   5   0.0000000001
5   11   1   6   0.0143782419
5   11   2   6   0.0000000006
5   11   3   6   -0.0640901851
5   11   4   6   0.0000000000
5   11   5   6   -0.0107467479
5   11   6   4   -0.0008599518
5   11   6   5   -0.0009346326
5   11   7   4   0.0009346326
5   11   7   5   -0.0008599518
5   12   1   6   -0.0000000000
5   12   2   6   0.0002122541
5   12   3   6   0.0000000007
5   12   4   6   0.0234219471
5   12   5   6   0.0000000026
5   12   6   4   0.0000000019
5   12   6   5   0.0000000021
5   12   6   6   0.0000000000
5   12   7   4   -0.0000000021
5   12   7   5   0.0000000019
5   13   1   4   0.0000000000
5   13   1   5   0.0000000000
5   13   2   4   -0.0005629403
5   13   2   5   -0.0006118278
5   13   3   4   -0.0000000003
5   13   3   5   -0.0000000004
5   13   4   4   -0.0148620712
5   13   4   5   -0.0161527379
5   13   5   4   -0.0000000027
5   13   5   5   -0.0000000029
5   13   6   4   -0.0000000000
5   13   6   5   -0.0000000000
5   13   6   6   -0.0000000008
5   13   7   6   0.0000000000
5   14   1   4   -0.0000000000
5   14   1   5   0.0000000000
5   14   2   4   0.0006118278
5   14   2   5   -0.0005629403
5   14   3   4   0.0000000004
5   14   3   5   -0.0000000003
5   14   4   4   0.0161527379
5   14   4   5   -0.0148620712
5   14   5   4   0.0000000029
5   14   5   5   -0.0000000027
5   14   6   4   0.0000000000
5   14   6   5   -0.0000000000
5   14   6   6   0.0000000000
5   14   7   6   -0.0000000008
6   8   1   4   0.0000000008
6   8   1   5   0.0000000009
6   8   2   4   -0.0106414719
6   8   2   5   -0.0115656091
6   8   3   4   -0.0000000005
6   8   3   5   -0.0000000005
6   8   4   4   -0.0108088895
6   8   4   5   -0.0117475657
6   8   5   4   0.0000000000
6   8   5   5   0.0000000000
6   8   6   6   0.0000000000
6   9   1   4   -0.0106514375
6   9   1   5   -0.0115764401
6   9   2   4   -0.0000000007
6   9   2   5   -0.0000000008
6   9   3   4   0.0108497076
6   9   3   5   0.0117919286
6   9   4   4   -0.0000000003
6   9   4   5   -0.0000000004
6   9   5   4   -0.0004548690
6   9   5   5   -0.0004943712
6   9   6   6   -0.0004707646
6   10   1   4   -0.0000000004
6   10   1   5   -0.0000000004
6   10   2   4   0.0095784769
6   10   2   5   0.0104103004
6   10   3   4   0.0000000003
6   10   3   5   0.0000000003
6   10   4   4   0.0409839037
6   10   4   5   0.0445430683
6   10   5   4   0.0000000003
6   10   5   5   0.0000000003
6   10   6   6   -0.0000000004
6   11   1   4   -0.0097390304
6   11   1   5   -0.0105847969
6   11   2   4   -0.0000000003
6   11   2   5   -0.0000000004
6   11   3   4   0.0423660225
6   11   3   5   0.0460452144
6   11   4   4   0.0000000001
6   11   4   5   0.0000000002
6   11   5   4   -0.0017845188
6   11   5   5   -0.0019394917
6   11   6   6   -0.0130286082
6   11   7   6   -0.0000000000
6   12   1   4   -0.0000000000
6   12   1   5   -0.0000000000
6   12   2   4   -0.0000437738
6   12   2   5   -0.0000475753
6   12   3   4   0.0000000001
6   12   3   5   0.0000000001
6   12   4   4   -0.0016113052
6   12   4   5   -0.0017512358
6   12   5   4   -0.0000000003
6   12   5   5   -0.0000000004
6   12   5   6   0.0000000000
6   12   6   6   -0.0000000029
6   12   7   6   0.0000000000
6   13   1   6   -0.0000000000
6   13   2   6   -0.0008219789
6   13   3   6   0.0000000006
6   13   4   6   -0.0018475570
6   13   5   4   -0.0000000000
6   13   5   5   -0.0000000000
6   13   5   6   0.0000000036
6   13   6   4   0.0000000010
6   13   6   5   0.0000000011
6   13   7   4   -0.0000000002
6   13   7   5   0.0000000001
6   14   5   4   0.0000000000
6   14   5   5   -0.0000000000
6   14   5   6   0.0000000000
6   14   6   4   -0.0000000011
6   14   6   5   0.0000000010
6   14   7   4   -0.0000000001
6   14   7   5   -0.0000000001
7   8   1   4   -0.0000000009
7   8   1   5   0.0000000008
7   8   2   4   0.0115656091
7   8   2   5   -0.0106414719
7   8   3   4   0.0000000005
7   8   3   5   -0.0000000005
7   8   4   4   0.0117475657
7   8   4   5   -0.0108088895
7   8   5   4   -0.0000000000
7   8   5   5   0.0000000000
7   8   7   6   0.0000000000
7   9   1   4   0.0115764401
7   9   1   5   -0.0106514375
7   9   2   4   0.0000000008
7   9   2   5   -0.0000000007
7   9   3   4   -0.0117919286
7   9   3   5   0.0108497076
7   9   4   4   0.0000000004
7   9   4   5   -0.0000000003
7   9   5   4   0.0004943712
7   9   5   5   -0.0004548690
7   9   7   6   -0.0004707646
7   10   1   4   0.0000000004
7   10   1   5   -0.0000000004
7   10   2   4   -0.0104103004
7   10   2   5   0.0095784769
7   10   3   4   -0.0000000003
7   10   3   5   0.0000000003
7   10   4   4   -0.0445430683
7   10   4   5   0.0409839037
7   10   5   4   -0.0000000003
7   10   5   5   0.0000000003
7   10   7   6   -0.0000000004
7   11   1   4   0.0105847969
7   11   1   5   -0.0097390304
7   11   2   4   0.0000000004
7   11   2   5   -0.0000000003
7   11   3   4   -0.0460452144
7   11   3   5   0.0423660225
7   11   4   4   -0.0000000002
7   11   4   5   0.0000000001
7   11   5   4   0.0019394917
7   11   5   5   -0.0017845188
7   11   7   6   -0.0130286082
7   12   1   4   0.0000000000
7   12   1   5   -0.0000000000
7   12   2   4   0.0000475753
7   12   2   5   -0.0000437738
7   12   3   4   -0.0000000001
7   12   3   5   0.0000000001
7   12   4   4   0.0017512358
7   12   4   5   -0.0016113052
7   12   5   4   0.0000000004
7   12   5   5   -0.0000000003
7   12   6   6   0.0000000000
7   12   7   6   -0.0000000029
7   13   5   6   0.0000000000
7   13   6   4   0.0000000001
7   13   6   5   -0.0000000001
7   13   7   4   0.0000000010
7   13   7   5   0.0000000010
7   14   1   6   -0.0000000000
7   14   2   6   -0.0008219789
7   14   3   6   0.0000000006
7   14   4   6   -0.0018475570
7   14   5   6   0.0000000036
7   14   6   4   0.0000000001
7   14   6   5   0.0000000001
7   14   7   4   -0.0000000011
7   14   7   5   0.0000000010

End IJKA Block
Begin IABC Block
1   4   1   6   -0.0000000001
1   4   3   4   0.0000000000
1   5   2   6   -0.0000000001
1   5   3   5   0.0000000000
1   6   1   4   -0.0000000001
1   6   2   5   -0.0000000001
1   6   3   6   0.0000000000
2   4   1   6   -0.0009189885
2   4   3   4   -0.0003927001
2   5   2   6   -0.0009189885
2   5   3   5   -0.0003927001
2   6   1   4   -0.0008720404
2   6   2   5   -0.0008720404
2   6   3   6   -0.0020519160
3   4   1   6   0.0000000005
3   4   3   4   -0.0000000002
3   5   2   6   0.0000000005
3   5   3   5   -0.0000000002
3   6   1   4   0.0000000007
3   6   2   5   0.0000000007
3   6   3   6   0.0000000002
4   4   1   6   -0.0037177268
4   4   3   4   -0.0128555397
4   5   2   6   -0.0037177268
4   5   3   4   -0.0000000000
4   5   3   5   -0.0128555397
4   6   1   4   -0.0025467158
4   6   2   5   -0.0025467158
4   6   3   6   -0.0173771154
5   4   1   6   0.0000000024
5   4   2   6   0.0000000000
5   4   3   4   0.0000000001
5   4   3   5   0.0000000000
5   4   3   6   0.0000000000
5   5   1   6   0.0000000000
5   5   2   6   0.0000000024
5   5   3   4   0.0000000000
5   5   3   5   0.0000000000
5   5   3   6   0.0000000000
5   6   1   4   0.0000000039
5   6   1   5   0.0000000000
5   6   2   4   0.0000000000
5   6   2   5   0.0000000039
5   6   3   4   0.0000000000
5   6   3   5   0.0000000000
5   6   3   6   0.0000000061
6   4   1   4   0.0000000017
6   4   1   5   0.0000000008
6   4   1   6   -0.0000000000
6   4   2   4   0.0000000009
6   4   2   5   0.0000000001
6   4   2   6   -0.0000000000
6   4   3   6   0.0000000028
6   5   1   4   0.0000000001
6   5   1   5   0.0000000009
6   5   1   6   -0.0000000000
6   5   2   4   0.0000000007
6   5   2   5   0.0000000019
6   5   2   6   -0.0000000000
6   5   3   6   0.0000000030
6   6   1   4   -0.0000000000
6   6   1   5   -0.0000000000
6   6   1   6   -0.0000000016
6   6   2   4   -0.0000000000
6   6   2   5   -0.0000000000
6   6   2   6   -0.0000000018
6   6   3   4   0.0000000004
6   6   3   5   0.0000000005
7   4   1   4   -0.0000000018
7   4   1   5   0.0000000008
7   4   1   6   0.0000000000
7   4   2   4   0.0000000009
7   4   2   5   -0.0000000001
7   4   2   6   -0.0000000000
7   4   3   6   -0.0000000030
7   5   1   4   0.0000000001
7   5   1   5   -0.0000000010
7   5   1   6   0.0000000000
7   5   2   4   -0.0000000008
7   5   2   5   0.0000000017
7   5   2   6   -0.0000000000
7   5   3   6   0.0000000028
7   6   1   4   0.0000000000
7   6   1   5   0.0000000000
7   6   1   6   0.0000000018
7   6   2   4   -0.0000000000
7   6   2   5   -0.0000000000
7   6   2   6   -0.0000000016
7   6   3   4   -0.0000000004
7   6   3   5   0.0000000004

End IABC Block
