Begin IJ Block
1   1   -26.4794104738
1   2   0.0000000035
1   3   0.4686464618
1   4   -0.0000001119
1   5   -0.1202325848
2   2   -26.4797059032
2   3   0.0000001051
2   4   0.4980496779
2   5   -0.0000000237
3   3   -7.5560059588
3   4   0.0000000062
3   5   -0.4244927120
4   4   -7.2040574536
4   5   -0.0000000124
5   5   -6.9694524123
6   6   -6.7545842818
6   7   -0.0000000000
7   7   -6.7545842818

End IJ Block
Begin IA Block
1   3   -0.0000000298
2   3   0.1426370722
3   3   -0.0000000105
4   3   -0.5800381592
5   3   -0.0000000503
6   1   0.0000000301
6   2   -0.0000000242
7   1   0.0000000242
7   2   0.0000000301

End IA Block
Begin AB Block
1   1   -6.5408379447
1   2   -0.0000000000
2   2   -6.5408379448
3   3   -6.6940760931

End AB Block
Begin IJAB Block
1   8   1   4   0.0138741003
1   8   2   5   0.0138741003
1   8   3   6   0.0197575357
1   9   1   4   0.0000000000
1   9   2   5   0.0000000000
1   9   3   6   0.0000000003
1   10   1   4   0.0133757652
1   10   2   5   0.0133757652
1   10   3   6   0.0122037667
1   11   1   4   -0.0000000036
1   11   2   5   -0.0000000036
1   11   3   6   -0.0000000034
1   12   1   4   -0.0036689155
1   12   2   5   -0.0036689155
1   12   3   6   -0.0019811899
1   13   1   6   -0.0043297977
1   13   2   6   0.0034800969
1   13   3   4   0.0023840735
1   13   3   5   -0.0019162112
1   14   1   6   -0.0034800969
1   14   2   6   -0.0043297977
1   14   3   4   0.0019162112
1   14   3   5   0.0023840735
2   8   1   4   0.0000000000
2   8   2   5   0.0000000000
2   8   3   6   0.0000000003
2   9   1   4   0.0139602467
2   9   2   5   0.0139602467
2   9   3   6   0.0199446925
2   10   1   4   0.0000000028
2   10   2   5   0.0000000028
2   10   3   6   0.0000000028
2   11   1   4   0.0152422091
2   11   2   5   0.0152422091
2   11   3   6   0.0132869008
2   12   1   4   -0.0000000008
2   12   2   5   -0.0000000008
2   12   3   6   -0.0000000003
2   13   1   6   -0.0000000010
2   13   2   6   0.0000000008
2   13   3   4   0.0000000008
2   13   3   5   -0.0000000006
2   14   1   6   -0.0000000008
2   14   2   6   -0.0000000010
2   14   3   4   0.0000000006
2   14   3   5   0.0000000008
3   8   1   4   0.0133757652
3   8   2   5   0.0133757652
3   8   3   6   0.0122037667
3   9   1   4   0.0000000028
3   9   2   5   0.0000000028
3   9   3   6   0.0000000028
3   10   1   4   0.0548721350
3   10   2   5   0.0548721349
3   10   3   6   0.0715054250
3   11   1   4   -0.0000000012
3   11   2   5   -0.0000000012
3   11   3   6   0.0000000007
3   12   1   4   -0.0155170940
3   12   2   5   -0.0155170939
3   12   3   6   0.0419021103
3   13   1   6   -0.0165162989
3   13   2   6   0.0132750590
3   13   3   4   -0.0385279934
3   13   3   5   0.0309670701
3   14   1   6   -0.0132750590
3   14   2   6   -0.0165162989
3   14   3   4   -0.0309670701
3   14   3   5   -0.0385279934
4   8   1   4   -0.0000000036
4   8   2   5   -0.0000000036
4   8   3   6   -0.0000000034
4   9   1   4   0.0152422091
4   9   2   5   0.0152422091
4   9   3   6   0.0132869008
4   10   1   4   -0.0000000012
4   10   2   5   -0.0000000012
4   10   3   6   0.0000000007
4   11   1   4   0.0711446192
4   11   2   5   0.0711446192
4   11   3   6   0.0587744729
4   12   1   4   0.0000000013
4   12   2   5   0.0000000013
4   12   3   6   0.0000000029
4   13   1   6   -0.0000000002
4   13   2   6   0.0000000002
4   13   3   4   -0.0000000013
4   13   3   5   0.0000000010
4   14   1   6   -0.0000000002
4   14   2   6   -0.0000000003
4   14   3   4   -0.0000000010
4   14   3   5   -0.0000000013
5   8   1   4   -0.0036689155
5   8   2   5   -0.0036689155
5   8   3   6   -0.0019811899
5   9   1   4   -0.0000000008
5   9   2   5   -0.0000000008
5   9   3   6   -0.0000000003
5   10   1   4   -0.0155170940
5   10   2   5   -0.0155170939
5   10   3   6   0.0419021103
5   11   1   4   0.0000000013
5   11   2   5   0.0000000013
5   11   3   6   0.0000000029
5   12   1   4   0.0258218241
5   12   2   5   0.0258218241
5   12   3   6   0.1483614934
5   13   1   6   -0.0089654601
5   13   2   6   0.0072060340
5   13   3   4   -0.1003964198
5   13   3   5   0.0806941315
5   14   1   6   -0.0072060340
5   14   2   6   -0.0089654601
5   14   3   4   -0.0806941315
5   14   3   5   -0.1003964198
6   8   1   6   0.0023840735
6   8   2   6   -0.0019162112
6   8   3   4   -0.0043297977
6   8   3   5   0.0034800969
6   9   1   6   0.0000000008
6   9   2   6   -0.0000000006
6   9   3   4   -0.0000000010
6   9   3   5   0.0000000008
6   10   1   6   -0.0385279934
6   10   2   6   0.0309670701
6   10   3   4   -0.0165162989
6   10   3   5   0.0132750590
6   11   1   6   -0.0000000013
6   11   2   6   0.0000000010
6   11   3   4   -0.0000000002
6   11   3   5   0.0000000002
6   12   1   6   -0.1003964198
6   12   2   6   0.0806941315
6   12   3   4   -0.0089654601
6   12   3   5   0.0072060340
6   13   1   4   0.1225655872
6   13   1   5   -0.0810245142
6   13   2   4   -0.0810245142
6   13   2   5   0.0868819887
6   13   3   6   0.0247813519
6   14   1   4   0.0810245083
6   14   1   5   0.0828896244
6   14   2   4   -0.0472060165
6   14   2   5   -0.0810245083
6   14   3   6   0.0000000000
7   8   1   6   0.0019162111
7   8   2   6   0.0023840735
7   8   3   4   -0.0034800969
7   8   3   5   -0.0043297977
7   9   1   6   0.0000000006
7   9   2   6   0.0000000008
7   9   3   4   -0.0000000008
7   9   3   5   -0.0000000010
7   10   1   6   -0.0309670701
7   10   2   6   -0.0385279934
7   10   3   4   -0.0132750590
7   10   3   5   -0.0165162989
7   11   1   6   -0.0000000010
7   11   2   6   -0.0000000013
7   11   3   4   -0.0000000002
7   11   3   5   -0.0000000003
7   12   1   6   -0.0806941315
7   12   2   6   -0.1003964198
7   12   3   4   -0.0072060340
7   12   3   5   -0.0089654601
7   13   1   4   0.0810245083
7   13   1   5   -0.0472060165
7   13   2   4   0.0828896244
7   13   2   5   -0.0810245083
7   13   3   6   0.0000000000
7   14   1   4   0.0868819887
7   14   1   5   0.0810245142
7   14   2   4   0.0810245142
7   14   2   5   0.1225655872
7   14   3   6   0.0247813519

End IJAB Block
Begin IJKL Block
1   8   1   8   2.2066621535
1   8   1   9   -0.0000008592
1   8   1   10   -0.1930679039
1   8   1   11   0.0000001389
1   8   1   12   0.0409933920
1   8   2   8   -0.0000008592
1   8   2   9   1.9127798499
1   8   2   10   0.0000000451
1   8   2   11   -0.2034721903
1   8   2   12   -0.0000000094
1   8   3   8   -0.1930679039
1   8   3   9   0.0000000451
1   8   3   10   0.0275859972
1   8   3   11   -0.0000000135
1   8   3   12   -0.0040803609
1   8   4   8   0.0000001389
1   8   4   9   -0.2034721903
1   8   4   10   -0.0000000135
1   8   4   11   0.0310317880
1   8   4   12   0.0000000040
1   8   5   8   0.0409933920
1   8   5   9   -0.0000000094
1   8   5   10   -0.0040803609
1   8   5   11   0.0000000040
1   8   5   12   0.0121138665
1   8   6   13   0.0109936359
1   8   7   14   0.0109936359
1   9   1   8   -0.0000008592
1   9   1   9   2.2067859917
1   9   1   10   0.0000000453
1   9   1   11   -0.2046529598
1   9   1   12   -0.0000000081
1   9   2   8   1.9127803703
1   9   2   9   0.0000008596
1   9   2   10   -0.1941704863
1   9   2   11   -0.0000000442
1   9   2   12   0.0351172851
1   9   3   8   0.0000000451
1   9   3   9   -0.1930942874
1   9   3   10   -0.0000000002
1   9   3   11   0.0284529064
1   9   3   12   0.0000000006
1   9   4   8   -0.2034756501
1   9   4   9   -0.0000000439
1   9   4   10   0.0284705484
1   9   4   11   -0.0000000010
1   9   4   12   -0.0078519796
1   9   5   8   -0.0000000094
1   9   5   9   0.0409941363
1   9   5   10   0.0000000006
1   9   5   11   -0.0079036074
1   9   5   12   0.0000000007
1   9   6   13   0.0000000002
1   9   7   14   0.0000000002
1   10   1   8   -0.1930679039
1   10   1   9   0.0000000453
1   10   1   10   0.6367079112
1   10   1   11   -0.0000001490
1   10   1   12   0.0253118959
1   10   2   8   0.0000000451
1   10   2   9   -0.1941727275
1   10   2   10   -0.0000000027
1   10   2   11   0.3235169471
1   10   2   12   0.0000000023
1   10   3   8   0.0296934509
1   10   3   9   -0.0000000004
1   10   3   10   -0.0066465647
1   10   3   11   0.0000000018
1   10   3   12   0.0029344069
1   10   4   8   -0.0000000142
1   10   4   9   0.0306500276
1   10   4   10   0.0000000016
1   10   4   11   -0.0080878608
1   10   4   12   0.0000000006
1   10   5   8   -0.0039823130
1   10   5   9   0.0000000002
1   10   5   10   0.0094601350
1   10   5   11   0.0000000003
1   10   5   12   0.0143304024
1   10   6   13   0.0134846536
1   10   7   14   0.0134846536
1   11   1   8   0.0000001389
1   11   1   9   -0.2046529598
1   11   1   10   -0.0000001490
1   11   1   11   0.6330157301
1   11   1   12   0.0000000721
1   11   2   8   -0.2034756501
1   11   2   9   -0.0000000442
1   11   2   10   0.3235266758
1   11   2   11   -0.0000000032
1   11   2   12   -0.1554257575
1   11   3   8   -0.0000000142
1   11   3   9   0.0306393450
1   11   3   10   0.0000000017
1   11   3   11   -0.0096823232
1   11   3   12   -0.0000000007
1   11   4   8   0.0334281184
1   11   4   9   -0.0000000004
1   11   4   10   -0.0079854050
1   11   4   11   0.0000000012
1   11   4   12   0.0004340824
1   11   5   8   0.0000000041
1   11   5   9   -0.0087022148
1   11   5   10   0.0000000004
1   11   5   11   -0.0014466115
1   11   5   12   -0.0000000030
1   11   6   13   -0.0000000030
1   11   7   14   -0.0000000030
1   12   1   8   0.0409933920
1   12   1   9   -0.0000000081
1   12   1   10   0.0253118959
1   12   1   11   0.0000000721
1   12   1   12   0.6200868121
1   12   2   8   -0.0000000094
1   12   2   9   0.0351137323
1   12   2   10   0.0000000023
1   12   2   11   -0.1554288414
1   12   2   12   0.0000000011
1   12   3   8   -0.0039823130
1   12   3   9   0.0000000002
1   12   3   10   0.0031155371
1   12   3   11   -0.0000000007
1   12   3   12   -0.0060352306
1   12   4   8   0.0000000041
1   12   4   9   -0.0086531044
1   12   4   10   0.0000000006
1   12   4   11   0.0003097966
1   12   4   12   0.0000000019
1   12   5   8   0.0146200406
1   12   5   9   0.0000000001
1   12   5   10   0.0148839494
1   12   5   11   -0.0000000030
1   12   5   12   0.0005102363
1   12   6   13   -0.0018710596
1   12   7   14   -0.0018710596
1   13   1   13   0.5986070950
1   13   1   14   0.0000000000
1   13   2   13   0.0000000002
1   13   2   14   -0.0000000000
1   13   3   13   -0.0050987537
1   13   3   14   -0.0000000000
1   13   4   13   0.0000000007
1   13   5   13   0.0045392176
1   13   6   8   0.0134263487
1   13   6   9   0.0000000000
1   13   6   10   0.0140061517
1   13   6   11   -0.0000000030
1   13   6   12   -0.0019848350
1   14   1   13   0.0000000000
1   14   1   14   0.5986070950
1   14   2   13   -0.0000000000
1   14   2   14   0.0000000002
1   14   3   13   -0.0000000000
1   14   3   14   -0.0050987537
1   14   4   14   0.0000000007
1   14   5   14   0.0045392176
1   14   7   8   0.0134263487
1   14   7   9   0.0000000000
1   14   7   10   0.0140061517
1   14   7   11   -0.0000000030
1   14   7   12   -0.0019848350
2   8   1   8   -0.0000008592
2   8   1   9   1.9127803703
2   8   1   10   0.0000000451
2   8   1   11   -0.2034756501
2   8   1   12   -0.0000000094
2   8   2   8   2.2067859917
2   8   2   9   0.0000008596
2   8   2   10   -0.1930942874
2   8   2   11   -0.0000000439
2   8   2   12   0.0409941363
2   8   3   8   0.0000000453
2   8   3   9   -0.1941704863
2   8   3   10   -0.0000000002
2   8   3   11   0.0284705484
2   8   3   12   0.0000000006
2   8   4   8   -0.2046529598
2   8   4   9   -0.0000000442
2   8   4   10   0.0284529064
2   8   4   11   -0.0000000010
2   8   4   12   -0.0079036074
2   8   5   8   -0.0000000081
2   8   5   9   0.0351172851
2   8   5   10   0.0000000006
2   8   5   11   -0.0078519796
2   8   5   12   0.0000000007
2   8   6   13   0.0000000002
2   8   7   14   0.0000000002
2   9   1   8   1.9127798499
2   9   1   9   0.0000008596
2   9   1   10   -0.1941727275
2   9   1   11   -0.0000000442
2   9   1   12   0.0351137323
2   9   2   8   0.0000008596
2   9   2   9   2.2069103388
2   9   2   10   -0.0000001292
2   9   2   11   -0.2046565565
2   9   2   12   0.0000000235
2   9   3   8   -0.1941727275
2   9   3   9   -0.0000001292
2   9   3   10   0.0275684214
2   9   3   11   0.0000000121
2   9   3   12   -0.0041260536
2   9   4   8   -0.0000000442
2   9   4   9   -0.2046565565
2   9   4   10   0.0000000121
2   9   4   11   0.0310560954
2   9   4   12   -0.0000000031
2   9   5   8   0.0351137323
2   9   5   9   0.0000000235
2   9   5   10   -0.0041260536
2   9   5   11   -0.0000000031
2   9   5   12   0.0118691182
2   9   6   13   0.0108639676
2   9   7   14   0.0108639676
2   10   1   8   0.0000000451
2   10   1   9   -0.1941704863
2   10   1   10   -0.0000000027
2   10   1   11   0.3235266758
2   10   1   12   0.0000000023
2   10   2   8   -0.1930942874
2   10   2   9   -0.0000001292
2   10   2   10   0.6366967062
2   10   2   11   0.0000001417
2   10   2   12   0.0252999245
2   10   3   8   -0.0000000004
2   10   3   9   0.0296897878
2   10   3   10   -0.0000000021
2   10   3   11   -0.0087694678
2   10   3   12   0.0000000008
2   10   4   8   0.0306393450
2   10   4   9   0.0000000134
2   10   4   10   -0.0100282551
2   10   4   11   -0.0000000020
2   10   4   12   -0.0019282952
2   10   5   8   0.0000000002
2   10   5   9   -0.0040230323
2   10   5   10   0.0000000022
2   10   5   11   -0.0014798144
2   10   5   12   0.0000000034
2   10   6   13   0.0000000028
2   10   7   14   0.0000000028
2   11   1   8   -0.2034721903
2   11   1   9   -0.0000000442
2   11   1   10   0.3235169471
2   11   1   11   -0.0000000032
2   11   1   12   -0.1554288414
2   11   2   8   -0.0000000439
2   11   2   9   -0.2046565565
2   11   2   10   0.0000001417
2   11   2   11   0.6330376624
2   11   2   12   -0.0000000676
2   11   3   8   0.0306500276
2   11   3   9   0.0000000134
2   11   3   10   -0.0089711558
2   11   3   11   -0.0000000029
2   11   3   12   0.0048206504
2   11   4   8   -0.0000000004
2   11   4   9   0.0334512145
2   11   4   10   -0.0000000021
2   11   4   11   -0.0087438238
2   11   4   12   0.0000000005
2   11   5   8   -0.0086531044
2   11   5   9   -0.0000000037
2   11   5   10   -0.0017326859
2   11   5   11   -0.0000000003
2   11   5   12   0.0130582727
2   11   6   13   0.0126237315
2   11   7   14   0.0126237315
2   12   1   8   -0.0000000094
2   12   1   9   0.0351172851
2   12   1   10   0.0000000023
2   12   1   11   -0.1554257575
2   12   1   12   0.0000000011
2   12   2   8   0.0409941363
2   12   2   9   0.0000000235
2   12   2   10   0.0252999245
2   12   2   11   -0.0000000676
2   12   2   12   0.6200855178
2   12   3   8   0.0000000002
2   12   3   9   -0.0040230323
2   12   3   10   0.0000000010
2   12   3   11   0.0050294890
2   12   3   12   -0.0000000008
2   12   4   8   -0.0087022148
2   12   4   9   -0.0000000037
2   12   4   10   -0.0019348712
2   12   4   11   0.0000000005
2   12   4   12   -0.0063094446
2   12   5   8   0.0000000001
2   12   5   9   0.0143843346
2   12   5   10   0.0000000036
2   12   5   11   0.0135453412
2   12   5   12   0.0000000003
2   12   6   13   -0.0000000003
2   12   7   14   -0.0000000003
2   13   1   13   0.0000000002
2   13   1   14   -0.0000000000
2   13   2   13   0.5986021786
2   13   2   14   0.0000000000
2   13   3   13   -0.0000000019
2   13   4   13   -0.0065828034
2   13   4   14   -0.0000000000
2   13   5   13   0.0000000011
2   13   6   8   0.0000000000
2   13   6   9   0.0133043364
2   13   6   10   0.0000000031
2   13   6   11   0.0131647465
2   13   6   12   -0.0000000003
2   14   1   13   -0.0000000000
2   14   1   14   0.0000000002
2   14   2   13   0.0000000000
2   14   2   14   0.5986021786
2   14   3   14   -0.0000000019
2   14   4   13   -0.0000000000
2   14   4   14   -0.0065828034
2   14   5   14   0.0000000011
2   14   7   8   0.0000000000
2   14   7   9   0.0133043364
2   14   7   10   0.0000000031
2   14   7   11   0.0131647465
2   14   7   12   -0.0000000003
3   8   1   8   -0.1930679039
3   8   1   9   0.0000000451
3   8   1   10   0.0296934509
3   8   1   11   -0.0000000142
3   8   1   12   -0.0039823130
3   8   2   8   0.0000000453
3   8   2   9   -0.1941727275
3   8   2   10   -0.0000000004
3   8   2   11   0.0306500276
3   8   2   12   0.0000000002
3   8   3   8   0.6367079112
3   8   3   9   -0.0000000027
3   8   3   10   -0.0066465647
3   8   3   11   0.0000000016
3   8   3   12   0.0094601350
3   8   4   8   -0.0000001490
3   8   4   9   0.3235169471
3   8   4   10   0.0000000018
3   8   4   11   -0.0080878608
3   8   4   12   0.0000000003
3   8   5   8   0.0253118959
3   8   5   9   0.0000000023
3   8   5   10   0.0029344069
3   8   5   11   0.0000000006
3   8   5   12   0.0143304024
3   8   6   13   0.0134846536
3   8   7   14   0.0134846536
3   9   1   8   0.0000000451
3   9   1   9   -0.1930942874
3   9   1   10   -0.0000000004
3   9   1   11   0.0306393450
3   9   1   12   0.0000000002
3   9   2   8   -0.1941704863
3   9   2   9   -0.0000001292
3   9   2   10   0.0296897878
3   9   2   11   0.0000000134
3   9   2   12   -0.0040230323
3   9   3   8   -0.0000000027
3   9   3   9   0.6366967062
3   9   3   10   -0.0000000021
3   9   3   11   -0.0100282551
3   9   3   12   0.0000000022
3   9   4   8   0.3235266758
3   9   4   9   0.0000001417
3   9   4   10   -0.0087694678
3   9   4   11   -0.0000000020
3   9   4   12   -0.0014798144
3   9   5   8   0.0000000023
3   9   5   9   0.0252999245
3   9   5   10   0.0000000008
3   9   5   11   -0.0019282952
3   9   5   12   0.0000000034
3   9   6   13   0.0000000028
3   9   7   14   0.0000000028
3   10   1   8   0.0275859972
3   10   1   9   -0.0000000002
3   10   1   10   -0.0066465647
3   10   1   11   0.0000000017
3   10   1   12   0.0031155371
3   10   2   8   -0.0000000002
3   10   2   9   0.0275684214
3   10   2   10   -0.0000000021
3   10   2   11   -0.0089711558
3   10   2   12   0.0000000010
3   10   3   8   -0.0066465647
3   10   3   9   -0.0000000021
3   10   3   10   0.5156700129
3   10   3   11   -0.0000000004
3   10   3   12   0.0597176324
3   10   4   8   0.0000000017
3   10   4   9   -0.0089711558
3   10   4   10   -0.0000000004
3   10   4   11   0.1721351073
3   10   4   12   0.0000000005
3   10   5   8   0.0031155371
3   10   5   9   0.0000000010
3   10   5   10   0.0597176324
3   10   5   11   0.0000000005
3   10   5   12   0.0761492026
3   10   6   13   0.0657373862
3   10   6   14   0.0000000000
3   10   7   13   0.0000000000
3   10   7   14   0.0657373862
3   11   1   8   -0.0000000135
3   11   1   9   0.0284529064
3   11   1   10   0.0000000018
3   11   1   11   -0.0096823232
3   11   1   12   -0.0000000007
3   11   2   8   0.0284705484
3   11   2   9   0.0000000121
3   11   2   10   -0.0087694678
3   11   2   11   -0.0000000029
3   11   2   12   0.0050294890
3   11   3   8   0.0000000016
3   11   3   9   -0.0100282551
3   11   3   10   -0.0000000004
3   11   3   11   0.4712514024
3   11   3   12   0.0000000003
3   11   4   8   -0.0079854050
3   11   4   9   -0.0000000021
3   11   4   10   0.1738475922
3   11   4   11   -0.0000000007
3   11   4   12   -0.0948412044
3   11   5   8   0.0000000006
3   11   5   9   -0.0019348712
3   11   5   10   0.0000000006
3   11   5   11   -0.0014101063
3   11   5   12   -0.0000000007
3   11   6   13   -0.0000000004
3   11   6   14   0.0000000000
3   11   7   13   0.0000000000
3   11   7   14   -0.0000000004
3   12   1   8   -0.0040803609
3   12   1   9   0.0000000006
3   12   1   10   0.0029344069
3   12   1   11   -0.0000000007
3   12   1   12   -0.0060352306
3   12   2   8   0.0000000006
3   12   2   9   -0.0041260536
3   12   2   10   0.0000000008
3   12   2   11   0.0048206504
3   12   2   12   -0.0000000008
3   12   3   8   0.0094601350
3   12   3   9   0.0000000022
3   12   3   10   0.0597176324
3   12   3   11   0.0000000003
3   12   3   12   0.4838670268
3   12   4   8   0.0000000004
3   12   4   9   -0.0017326859
3   12   4   10   0.0000000006
3   12   4   11   -0.0961997372
3   12   4   12   -0.0000000025
3   12   5   8   0.0148839494
3   12   5   9   0.0000000036
3   12   5   10   0.0780258340
3   12   5   11   -0.0000000022
3   12   5   12   0.0223597401
3   12   6   13   -0.0022912215
3   12   6   14   -0.0000000000
3   12   7   13   -0.0000000000
3   12   7   14   -0.0022912215
3   13   1   13   -0.0050987537
3   13   1   14   -0.0000000000
3   13   2   13   -0.0000000019
3   13   3   13   0.4733641804
3   13   3   14   -0.0000000000
3   13   4   13   0.0000000025
3   13   4   14   0.0000000000
3   13   5   13   0.0326295902
3   13   5   14   -0.0000000000
3   13   6   8   0.0140061517
3   13   6   9   0.0000000031
3   13   6   10   0.0681351231
3   13   6   11   -0.0000000000
3   13   6   12   -0.0018296549
3   13   7   11   0.0000000000
3   13   7   12   -0.0000000000
3   14   1   13   -0.0000000000
3   14   1   14   -0.0050987537
3   14   2   14   -0.0000000019
3   14   3   13   -0.0000000000
3   14   3   14   0.4733641804
3   14   4   13   0.0000000000
3   14   4   14   0.0000000025
3   14   5   13   -0.0000000000
3   14   5   14   0.0326295903
3   14   6   11   0.0000000000
3   14   6   12   -0.0000000000
3   14   7   8   0.0140061517
3   14   7   9   0.0000000031
3   14   7   10   0.0681351231
3   14   7   11   -0.0000000000
3   14   7   12   -0.0018296549
4   8   1   8   0.0000001389
4   8   1   9   -0.2034756501
4   8   1   10   -0.0000000142
4   8   1   11   0.0334281184
4   8   1   12   0.0000000041
4   8   2   8   -0.2046529598
4   8   2   9   -0.0000000442
4   8   2   10   0.0306393450
4   8   2   11   -0.0000000004
4   8   2   12   -0.0087022148
4   8   3   8   -0.0000001490
4   8   3   9   0.3235266758
4   8   3   10   0.0000000017
4   8   3   11   -0.0079854050
4   8   3   12   0.0000000004
4   8   4   8   0.6330157301
4   8   4   9   -0.0000000032
4   8   4   10   -0.0096823232
4   8   4   11   0.0000000012
4   8   4   12   -0.0014466115
4   8   5   8   0.0000000721
4   8   5   9   -0.1554257575
4   8   5   10   -0.0000000007
4   8   5   11   0.0004340824
4   8   5   12   -0.0000000030
4   8   6   13   -0.0000000030
4   8   7   14   -0.0000000030
4   9   1   8   -0.2034721903
4   9   1   9   -0.0000000439
4   9   1   10   0.0306500276
4   9   1   11   -0.0000000004
4   9   1   12   -0.0086531044
4   9   2   8   -0.0000000442
4   9   2   9   -0.2046565565
4   9   2   10   0.0000000134
4   9   2   11   0.0334512145
4   9   2   12   -0.0000000037
4   9   3   8   0.3235169471
4   9   3   9   0.0000001417
4   9   3   10   -0.0089711558
4   9   3   11   -0.0000000021
4   9   3   12   -0.0017326859
4   9   4   8   -0.0000000032
4   9   4   9   0.6330376624
4   9   4   10   -0.0000000029
4   9   4   11   -0.0087438238
4   9   4   12   -0.0000000003
4   9   5   8   -0.1554288414
4   9   5   9   -0.0000000676
4   9   5   10   0.0048206504
4   9   5   11   0.0000000005
4   9   5   12   0.0130582727
4   9   6   13   0.0126237315
4   9   7   14   0.0126237315
4   10   1   8   -0.0000000135
4   10   1   9   0.0284705484
4   10   1   10   0.0000000016
4   10   1   11   -0.0079854050
4   10   1   12   0.0000000006
4   10   2   8   0.0284529064
4   10   2   9   0.0000000121
4   10   2   10   -0.0100282551
4   10   2   11   -0.0000000021
4   10   2   12   -0.0019348712
4   10   3   8   0.0000000018
4   10   3   9   -0.0087694678
4   10   3   10   -0.0000000004
4   10   3   11   0.1738475922
4   10   3   12   0.0000000006
4   10   4   8   -0.0096823232
4   10   4   9   -0.0000000029
4   10   4   10   0.4712514024
4   10   4   11   -0.0000000007
4   10   4   12   -0.0014101063
4   10   5   8   -0.0000000007
4   10   5   9   0.0050294890
4   10   5   10   0.0000000003
4   10   5   11   -0.0948412044
4   10   5   12   -0.0000000007
4   10   6   13   -0.0000000004
4   10   6   14   0.0000000000
4   10   7   13   0.0000000000
4   10   7   14   -0.0000000004
4   11   1   8   0.0310317880
4   11   1   9   -0.0000000010
4   11   1   10   -0.0080878608
4   11   1   11   0.0000000012
4   11   1   12   0.0003097966
4   11   2   8   -0.0000000010
4   11   2   9   0.0310560954
4   11   2   10   -0.0000000020
4   11   2   11   -0.0087438238
4   11   2   12   0.0000000005
4   11   3   8   -0.0080878608
4   11   3   9   -0.0000000020
4   11   3   10   0.1721351073
4   11   3   11   -0.0000000007
4   11   3   12   -0.0961997372
4   11   4   8   0.0000000012
4   11   4   9   -0.0087438238
4   11   4   10   -0.0000000007
4   11   4   11   0.4802576723
4   11   4   12   0.0000000021
4   11   5   8   0.0003097966
4   11   5   9   0.0000000005
4   11   5   10   -0.0961997372
4   11   5   11   0.0000000021
4   11   5   12   0.0981710643
4   11   6   13   0.0517269439
4   11   7   14   0.0517269439
4   12   1   8   0.0000000040
4   12   1   9   -0.0078519796
4   12   1   10   0.0000000006
4   12   1   11   0.0004340824
4   12   1   12   0.0000000019
4   12   2   8   -0.0079036074
4   12   2   9   -0.0000000031
4   12   2   10   -0.0019282952
4   12   2   11   0.0000000005
4   12   2   12   -0.0063094446
4   12   3   8   0.0000000003
4   12   3   9   -0.0014798144
4   12   3   10   0.0000000005
4   12   3   11   -0.0948412044
4   12   3   12   -0.0000000025
4   12   4   8   -0.0014466115
4   12   4   9   -0.0000000003
4   12   4   10   -0.0014101063
4   12   4   11   0.0000000021
4   12   4   12   0.4695901883
4   12   5   8   -0.0000000030
4   12   5   9   0.0135453412
4   12   5   10   -0.0000000022
4   12   5   11   0.0990050421
4   12   5   12   0.0000000003
4   12   6   13   0.0000000001
4   12   7   14   0.0000000001
4   13   1   13   0.0000000007
4   13   2   13   -0.0065828034
4   13   2   14   -0.0000000000
4   13   3   13   0.0000000025
4   13   3   14   0.0000000000
4   13   4   13   0.4494759892
4   13   4   14   0.0000000000
4   13   5   13   0.0000000009
4   13   6   8   -0.0000000030
4   13   6   9   0.0131647465
4   13   6   10   -0.0000000000
4   13   6   11   0.0523499569
4   13   6   12   0.0000000003
4   13   7   10   0.0000000000
4   13   7   11   0.0000000000
4   13   7   12   0.0000000000
4   14   1   14   0.0000000007
4   14   2   13   -0.0000000000
4   14   2   14   -0.0065828034
4   14   3   13   0.0000000000
4   14   3   14   0.0000000025
4   14   4   13   0.0000000000
4   14   4   14   0.4494759892
4   14   5   14   0.0000000009
4   14   6   10   0.0000000000
4   14   6   11   0.0000000000
4   14   6   12   0.0000000000
4   14   7   8   -0.0000000030
4   14   7   9   0.0131647465
4   14   7   10   -0.0000000000
4   14   7   11   0.0523499569
4   14   7   12   0.0000000003
5   8   1   8   0.0409933920
5   8   1   9   -0.0000000094
5   8   1   10   -0.0039823130
5   8   1   11   0.0000000041
5   8   1   12   0.0146200406
5   8   2   8   -0.0000000081
5   8   2   9   0.0351137323
5   8   2   10   0.0000000002
5   8   2   11   -0.0086531044
5   8   2   12   0.0000000001
5   8   3   8   0.0253118959
5   8   3   9   0.0000000023
5   8   3   10   0.0031155371
5   8   3   11   0.0000000006
5   8   3   12   0.0148839494
5   8   4   8   0.0000000721
5   8   4   9   -0.1554288414
5   8   4   10   -0.0000000007
5   8   4   11   0.0003097966
5   8   4   12   -0.0000000030
5   8   5   8   0.6200868121
5   8   5   9   0.0000000011
5   8   5   10   -0.0060352306
5   8   5   11   0.0000000019
5   8   5   12   0.0005102363
5   8   6   13   -0.0018710596
5   8   7   14   -0.0018710596
5   9   1   8   -0.0000000094
5   9   1   9   0.0409941363
5   9   1   10   0.0000000002
5   9   1   11   -0.0087022148
5   9   1   12   0.0000000001
5   9   2   8   0.0351172851
5   9   2   9   0.0000000235
5   9   2   10   -0.0040230323
5   9   2   11   -0.0000000037
5   9   2   12   0.0143843346
5   9   3   8   0.0000000023
5   9   3   9   0.0252999245
5   9   3   10   0.0000000010
5   9   3   11   -0.0019348712
5   9   3   12   0.0000000036
5   9   4   8   -0.1554257575
5   9   4   9   -0.0000000676
5   9   4   10   0.0050294890
5   9   4   11   0.0000000005
5   9   4   12   0.0135453412
5   9   5   8   0.0000000011
5   9   5   9   0.6200855178
5   9   5   10   -0.0000000008
5   9   5   11   -0.0063094446
5   9   5   12   0.0000000003
5   9   6   13   -0.0000000003
5   9   7   14   -0.0000000003
5   10   1   8   -0.0040803609
5   10   1   9   0.0000000006
5   10   1   10   0.0094601350
5   10   1   11   0.0000000004
5   10   1   12   0.0148839494
5   10   2   8   0.0000000006
5   10   2   9   -0.0041260536
5   10   2   10   0.0000000022
5   10   2   11   -0.0017326859
5   10   2   12   0.0000000036
5   10   3   8   0.0029344069
5   10   3   9   0.0000000008
5   10   3   10   0.0597176324
5   10   3   11   0.0000000006
5   10   3   12   0.0780258340
5   10   4   8   -0.0000000007
5   10   4   9   0.0048206504
5   10   4   10   0.0000000003
5   10   4   11   -0.0961997372
5   10   4   12   -0.0000000022
5   10   5   8   -0.0060352306
5   10   5   9   -0.0000000008
5   10   5   10   0.4838670268
5   10   5   11   -0.0000000025
5   10   5   12   0.0223597401
5   10   6   13   -0.0022912215
5   10   6   14   -0.0000000000
5   10   7   13   -0.0000000000
5   10   7   14   -0.0022912215
5   11   1   8   0.0000000040
5   11   1   9   -0.0079036074
5   11   1   10   0.0000000003
5   11   1   11   -0.0014466115
5   11   1   12   -0.0000000030
5   11   2   8   -0.0078519796
5   11   2   9   -0.0000000031
5   11   2   10   -0.0014798144
5   11   2   11   -0.0000000003
5   11   2   12   0.0135453412
5   11   3   8   0.0000000006
5   11   3   9   -0.0019282952
5   11   3   10   0.0000000005
5   11   3   11   -0.0014101063
5   11   3   12   -0.0000000022
5   11   4   8   0.0004340824
5   11   4   9   0.0000000005
5   11   4   10   -0.0948412044
5   11   4   11   0.0000000021
5   11   4   12   0.0990050421
5   11   5   8   0.0000000019
5   11   5   9   -0.0063094446
5   11   5   10   -0.0000000025
5   11   5   11   0.4695901883
5   11   5   12   0.0000000003
5   11   6   13   0.0000000001
5   11   7   14   0.0000000001
5   12   1   8   0.0121138665
5   12   1   9   0.0000000007
5   12   1   10   0.0143304024
5   12   1   11   -0.0000000030
5   12   1   12   0.0005102363
5   12   2   8   0.0000000007
5   12   2   9   0.0118691182
5   12   2   10   0.0000000034
5   12   2   11   0.0130582727
5   12   2   12   0.0000000003
5   12   3   8   0.0143304024
5   12   3   9   0.0000000034
5   12   3   10   0.0761492026
5   12   3   11   -0.0000000007
5   12   3   12   0.0223597401
5   12   4   8   -0.0000000030
5   12   4   9   0.0130582727
5   12   4   10   -0.0000000007
5   12   4   11   0.0981710643
5   12   4   12   0.0000000003
5   12   5   8   0.0005102363
5   12   5   9   0.0000000003
5   12   5   10   0.0223597401
5   12   5   11   0.0000000003
5   12   5   12   0.4897959013
5   12   6   13   0.0145940507
5   12   6   14   0.0000000000
5   12   7   13   0.0000000000
5   12   7   14   0.0145940507
5   13   1   13   0.0045392176
5   13   2   13   0.0000000011
5   13   3   13   0.0326295902
5   13   3   14   -0.0000000000
5   13   4   13   0.0000000009
5   13   5   13   0.4453698385
5   13   5   14   0.0000000000
5   13   6   8   -0.0019848350
5   13   6   9   -0.0000000003
5   13   6   10   -0.0018296549
5   13   6   11   0.0000000003
5   13   6   12   0.0161072475
5   13   7   10   -0.0000000000
5   13   7   11   0.0000000000
5   13   7   12   0.0000000000
5   14   1   14   0.0045392176
5   14   2   14   0.0000000011
5   14   3   13   -0.0000000000
5   14   3   14   0.0326295903
5   14   4   14   0.0000000009
5   14   5   13   0.0000000000
5   14   5   14   0.4453698385
5   14   6   10   -0.0000000000
5   14   6   11   0.0000000000
5   14   6   12   0.0000000000
5   14   7   8   -0.0019848350
5   14   7   9   -0.0000000003
5   14   7   10   -0.0018296549
5   14   7   11   0.0000000003
5   14   7   12   0.0161072474
6   8   1   13   0.0134263487
6   8   2   13   0.0000000000
6   8   3   13   0.0140061517
6   8   4   13   -0.0000000030
6   8   5   13   -0.0019848350
6   8   6   8   0.5986070950
6   8   6   9   0.0000000002
6   8   6   10   -0.0050987537
6   8   6   11   0.0000000007
6   8   6   12   0.0045392176
6   8   7   8   0.0000000000
6   8   7   9   -0.0000000000
6   8   7   10   -0.0000000000
6   9   1   13   0.0000000000
6   9   2   13   0.0133043364
6   9   3   13   0.0000000031
6   9   4   13   0.0131647465
6   9   5   13   -0.0000000003
6   9   6   8   0.0000000002
6   9   6   9   0.5986021786
6   9   6   10   -0.0000000019
6   9   6   11   -0.0065828034
6   9   6   12   0.0000000011
6   9   7   8   -0.0000000000
6   9   7   9   0.0000000000
6   9   7   11   -0.0000000000
6   10   1   13   0.0140061517
6   10   2   13   0.0000000031
6   10   3   13   0.0681351231
6   10   4   13   -0.0000000000
6   10   4   14   0.0000000000
6   10   5   13   -0.0018296549
6   10   5   14   -0.0000000000
6   10   6   8   -0.0050987537
6   10   6   9   -0.0000000019
6   10   6   10   0.4733641804
6   10   6   11   0.0000000025
6   10   6   12   0.0326295902
6   10   7   8   -0.0000000000
6   10   7   10   -0.0000000000
6   10   7   11   0.0000000000
6   10   7   12   -0.0000000000
6   11   1   13   -0.0000000030
6   11   2   13   0.0131647465
6   11   3   13   -0.0000000000
6   11   3   14   0.0000000000
6   11   4   13   0.0523499569
6   11   4   14   0.0000000000
6   11   5   13   0.0000000003
6   11   5   14   0.0000000000
6   11   6   8   0.0000000007
6   11   6   9   -0.0065828034
6   11   6   10   0.0000000025
6   11   6   11   0.4494759892
6   11   6   12   0.0000000009
6   11   7   9   -0.0000000000
6   11   7   10   0.0000000000
6   11   7   11   0.0000000000
6   12   1   13   -0.0019848350
6   12   2   13   -0.0000000003
6   12   3   13   -0.0018296549
6   12   3   14   -0.0000000000
6   12   4   13   0.0000000003
6   12   4   14   0.0000000000
6   12   5   13   0.0161072475
6   12   5   14   0.0000000000
6   12   6   8   0.0045392176
6   12   6   9   0.0000000011
6   12   6   10   0.0326295902
6   12   6   11   0.0000000009
6   12   6   12   0.4453698385
6   12   7   10   -0.0000000000
6   12   7   12   0.0000000000
6   13   1   8   0.0109936359
6   13   1   9   0.0000000002
6   13   1   10   0.0134846536
6   13   1   11   -0.0000000030
6   13   1   12   -0.0018710596
6   13   2   8   0.0000000002
6   13   2   9   0.0108639676
6   13   2   10   0.0000000028
6   13   2   11   0.0126237315
6   13   2   12   -0.0000000003
6   13   3   8   0.0134846536
6   13   3   9   0.0000000028
6   13   3   10   0.0657373862
6   13   3   11   -0.0000000004
6   13   3   12   -0.0022912215
6   13   4   8   -0.0000000030
6   13   4   9   0.0126237315
6   13   4   10   -0.0000000004
6   13   4   11   0.0517269439
6   13   4   12   0.0000000001
6   13   5   8   -0.0018710596
6   13   5   9   -0.0000000003
6   13   5   10   -0.0022912215
6   13   5   11   0.0000000001
6   13   5   12   0.0145940507
6   13   6   13   0.4624979237
6   13   6   14   -0.0000000026
6   13   7   13   -0.0000000026
6   13   7   14   0.0125175323
6   14   3   10   0.0000000000
6   14   3   11   0.0000000000
6   14   3   12   -0.0000000000
6   14   4   10   0.0000000000
6   14   5   10   -0.0000000000
6   14   5   12   0.0000000000
6   14   6   13   -0.0000000026
6   14   6   14   0.4362543045
6   14   7   13   0.0137260785
6   14   7   14   0.0000000026
7   8   1   14   0.0134263487
7   8   2   14   0.0000000000
7   8   3   14   0.0140061517
7   8   4   14   -0.0000000030
7   8   5   14   -0.0019848350
7   8   6   8   0.0000000000
7   8   6   9   -0.0000000000
7   8   6   10   -0.0000000000
7   8   7   8   0.5986070950
7   8   7   9   0.0000000002
7   8   7   10   -0.0050987537
7   8   7   11   0.0000000007
7   8   7   12   0.0045392176
7   9   1   14   0.0000000000
7   9   2   14   0.0133043364
7   9   3   14   0.0000000031
7   9   4   14   0.0131647465
7   9   5   14   -0.0000000003
7   9   6   8   -0.0000000000
7   9   6   9   0.0000000000
7   9   6   11   -0.0000000000
7   9   7   8   0.0000000002
7   9   7   9   0.5986021786
7   9   7   10   -0.0000000019
7   9   7   11   -0.0065828034
7   9   7   12   0.0000000011
7   10   1   14   0.0140061517
7   10   2   14   0.0000000031
7   10   3   14   0.0681351231
7   10   4   13   0.0000000000
7   10   4   14   -0.0000000000
7   10   5   13   -0.0000000000
7   10   5   14   -0.0018296549
7   10   6   8   -0.0000000000
7   10   6   10   -0.0000000000
7   10   6   11   0.0000000000
7   10   6   12   -0.0000000000
7   10   7   8   -0.0050987537
7   10   7   9   -0.0000000019
7   10   7   10   0.4733641804
7   10   7   11   0.0000000025
7   10   7   12   0.0326295903
7   11   1   14   -0.0000000030
7   11   2   14   0.0131647465
7   11   3   13   0.0000000000
7   11   3   14   -0.0000000000
7   11   4   13   0.0000000000
7   11   4   14   0.0523499569
7   11   5   13   0.0000000000
7   11   5   14   0.0000000003
7   11   6   9   -0.0000000000
7   11   6   10   0.0000000000
7   11   6   11   0.0000000000
7   11   7   8   0.0000000007
7   11   7   9   -0.0065828034
7   11   7   10   0.0000000025
7   11   7   11   0.4494759892
7   11   7   12   0.0000000009
7   12   1   14   -0.0019848350
7   12   2   14   -0.0000000003
7   12   3   13   -0.0000000000
7   12   3   14   -0.0018296549
7   12   4   13   0.0000000000
7   12   4   14   0.0000000003
7   12   5   13   0.0000000000
7   12   5   14   0.0161072474
7   12   6   10   -0.0000000000
7   12   6   12   0.0000000000
7   12   7   8   0.0045392176
7   12   7   9   0.0000000011
7   12   7   10   0.0326295903
7   12   7   11   0.0000000009
7   12   7   12   0.4453698385
7   13   3   10   0.0000000000
7   13   3   11   0.0000000000
7   13   3   12   -0.0000000000
7   13   4   10   0.0000000000
7   13   5   10   -0.0000000000
7   13   5   12   0.0000000000
7   13   6   13   -0.0000000026
7   13   6   14   0.0137260785
7   13   7   13   0.4362543045
7   13   7   14   0.0000000026
7   14   1   8   0.0109936359
7   14   1   9   0.0000000002
7   14   1   10   0.0134846536
7   14   1   11   -0.0000000030
7   14   1   12   -0.0018710596
7   14   2   8   0.0000000002
7   14   2   9   0.0108639676
7   14   2   10   0.0000000028
7   14   2   11   0.0126237315
7   14   2   12   -0.0000000003
7   14   3   8   0.0134846536
7   14   3   9   0.0000000028
7   14   3   10   0.0657373862
7   14   3   11   -0.0000000004
7   14   3   12   -0.0022912215
7   14   4   8   -0.0000000030
7   14   4   9   0.0126237315
7   14   4   10   -0.0000000004
7   14   4   11   0.0517269439
7   14   4   12   0.0000000001
7   14   5   8   -0.0018710596
7   14   5   9   -0.0000000003
7   14   5   10   -0.0022912215
7   14   5   11   0.0000000001
7   14   5   12   0.0145940507
7   14   6   13   0.0125175323
7   14   6   14   0.0000000026
7   14   7   13   0.0000000026
7   14   7   14   0.4624979237

End IJKL Block
Begin ABCD Block
1   4   1   4   0.4606064476
1   4   1   5   0.0000000014
1   4   2   4   0.0000000014
1   4   2   5   0.0174908936
1   4   3   6   0.0214111291
1   5   1   4   0.0000000014
1   5   1   5   0.4258776231
1   5   2   4   0.0172379420
1   5   2   5   -0.0000000014
1   6   1   6   0.4392511213
1   6   2   6   -0.0000000000
1   6   3   4   0.0213340485
2   4   1   4   0.0000000014
2   4   1   5   0.0172379420
2   4   2   4   0.4258776231
2   4   2   5   -0.0000000014
2   5   1   4   0.0174908936
2   5   1   5   -0.0000000014
2   5   2   4   -0.0000000014
2   5   2   5   0.4606064476
2   5   3   6   0.0214111291
2   6   1   6   -0.0000000000
2   6   2   6   0.4392511212
2   6   3   5   0.0213340485
3   4   1   6   0.0213340485
3   4   3   4   0.4392511213
3   4   3   5   -0.0000000000
3   5   2   6   0.0213340485
3   5   3   4   -0.0000000000
3   5   3   5   0.4392511212
3   6   1   4   0.0214111291
3   6   2   5   0.0214111291
3   6   3   6   0.4924334398

End ABCD Block
Begin AIJB Block
1   8   1   4   0.0131415063
1   8   2   4   -0.0000000000
1   8   3   4   0.0125540795
1   8   4   4   -0.0000000033
1   8   5   4   -0.0033324714
1   8   6   6   0.0026059811
1   8   7   6   0.0020945705
1   9   1   4   -0.0000000000
1   9   2   4   0.0132270423
1   9   3   4   0.0000000027
1   9   4   4   0.0142231186
1   9   5   4   -0.0000000007
1   9   6   6   0.0000000008
1   9   7   6   0.0000000007
1   10   1   4   0.0125540795
1   10   2   4   0.0000000027
1   10   3   4   0.0516365444
1   10   4   4   -0.0000000004
1   10   5   4   -0.0139854718
1   10   6   6   -0.0386264025
1   10   7   6   -0.0310461669
1   11   1   4   -0.0000000033
1   11   2   4   0.0142231186
1   11   3   4   -0.0000000004
1   11   4   4   0.0681160735
1   11   5   4   0.0000000003
1   11   6   6   -0.0000000007
1   11   7   6   -0.0000000006
1   12   1   4   -0.0033324714
1   12   2   4   -0.0000000007
1   12   3   4   -0.0139854718
1   12   4   4   0.0000000003
1   12   5   4   0.0228131918
1   12   6   6   -0.1027560720
1   12   7   6   -0.0825907139
1   13   1   6   -0.0038660643
1   13   2   6   -0.0000000009
1   13   3   6   -0.0147824730
1   13   4   6   0.0000000000
1   13   5   6   -0.0090947700
1   13   6   4   0.1210792531
1   13   6   5   -0.0821772902
1   13   7   4   0.0821772858
1   13   7   5   -0.0482423677
1   14   1   6   -0.0031073688
1   14   2   6   -0.0000000007
1   14   3   6   -0.0118814877
1   14   4   6   0.0000000000
1   14   5   6   -0.0073099675
1   14   6   4   0.0821772858
1   14   6   5   0.0844336631
1   14   7   4   0.0848879646
1   14   7   5   0.0821772902
2   8   1   5   0.0131415063
2   8   2   5   -0.0000000000
2   8   3   5   0.0125540795
2   8   4   5   -0.0000000033
2   8   5   5   -0.0033324714
2   8   6   6   -0.0020945705
2   8   7   6   0.0026059811
2   9   1   5   -0.0000000000
2   9   2   5   0.0132270423
2   9   3   5   0.0000000027
2   9   4   5   0.0142231186
2   9   5   5   -0.0000000007
2   9   6   6   -0.0000000007
2   9   7   6   0.0000000008
2   10   1   5   0.0125540795
2   10   2   5   0.0000000027
2   10   3   5   0.0516365444
2   10   4   5   -0.0000000004
2   10   5   5   -0.0139854718
2   10   6   6   0.0310461669
2   10   7   6   -0.0386264025
2   11   1   5   -0.0000000033
2   11   2   5   0.0142231186
2   11   3   5   -0.0000000004
2   11   4   5   0.0681160735
2   11   5   5   0.0000000003
2   11   6   6   0.0000000006
2   11   7   6   -0.0000000007
2   12   1   5   -0.0033324714
2   12   2   5   -0.0000000007
2   12   3   5   -0.0139854718
2   12   4   5   0.0000000003
2   12   5   5   0.0228131918
2   12   6   6   0.0825907139
2   12   7   6   -0.1027560720
2   13   1   6   0.0031073688
2   13   2   6   0.0000000007
2   13   3   6   0.0118814877
2   13   4   6   -0.0000000000
2   13   5   6   0.0073099675
2   13   6   4   -0.0821772902
2   13   6   5   0.0848879646
2   13   7   4   0.0844336631
2   13   7   5   -0.0821772859
2   14   1   6   -0.0038660643
2   14   2   6   -0.0000000009
2   14   3   6   -0.0147824730
2   14   4   6   0.0000000000
2   14   5   6   -0.0090947700
2   14   6   4   -0.0482423677
2   14   6   5   -0.0821772859
2   14   7   4   0.0821772902
2   14   7   5   0.1210792531
3   8   1   6   0.0185278191
3   8   2   6   -0.0000000000
3   8   3   6   0.0111231538
3   8   4   6   -0.0000000034
3   8   5   6   -0.0022755941
3   8   6   4   -0.0038660643
3   8   6   5   0.0031073688
3   8   7   4   -0.0031073688
3   8   7   5   -0.0038660643
3   9   1   6   -0.0000000000
3   9   2   6   0.0187237894
3   9   3   6   0.0000000025
3   9   4   6   0.0125520178
3   9   5   6   -0.0000000004
3   9   6   4   -0.0000000009
3   9   6   5   0.0000000007
3   9   7   4   -0.0000000007
3   9   7   5   -0.0000000009
3   10   1   6   0.0111231538
3   10   2   6   0.0000000025
3   10   3   6   0.0672172163
3   10   4   6   -0.0000000029
3   10   5   6   0.0419410086
3   10   6   4   -0.0147824730
3   10   6   5   0.0118814877
3   10   7   4   -0.0118814877
3   10   7   5   -0.0147824730
3   11   1   6   -0.0000000034
3   11   2   6   0.0125520178
3   11   3   6   -0.0000000029
3   11   4   6   0.0580440381
3   11   5   6   -0.0000000002
3   11   6   4   0.0000000000
3   11   6   5   -0.0000000000
3   11   7   4   0.0000000000
3   11   7   5   0.0000000000
3   12   1   6   -0.0022755941
3   12   2   6   -0.0000000004
3   12   3   6   0.0419410086
3   12   4   6   -0.0000000002
3   12   5   6   0.1492460600
3   12   6   4   -0.0090947700
3   12   6   5   0.0073099675
3   12   7   4   -0.0073099675
3   12   7   5   -0.0090947700
3   13   1   4   0.0026059811
3   13   1   5   -0.0020945705
3   13   2   4   0.0000000008
3   13   2   5   -0.0000000007
3   13   3   4   -0.0386264025
3   13   3   5   0.0310461669
3   13   4   4   -0.0000000007
3   13   4   5   0.0000000006
3   13   5   4   -0.1027560720
3   13   5   5   0.0825907139
3   13   6   6   0.0232793321
3   14   1   4   0.0020945705
3   14   1   5   0.0026059811
3   14   2   4   0.0000000007
3   14   2   5   0.0000000008
3   14   3   4   -0.0310461669
3   14   3   5   -0.0386264025
3   14   4   4   -0.0000000006
3   14   4   5   -0.0000000007
3   14   5   4   -0.0825907139
3   14   5   5   -0.1027560720
3   14   7   6   0.0232793321

1   8   8   1   -0.5891533018
1   8   9   1   -0.0000000001
1   8   10   1   0.0047797520
1   8   10   2   -0.0000000000
1   8   11   1   0.0000000002
1   8   12   1   -0.0021191084
1   8   13   3   0.0039980558
1   8   14   3   0.0032134576
1   9   8   1   -0.0000000001
1   9   9   1   -0.5891572912
1   9   10   1   0.0000000023
1   9   11   1   0.0053695455
1   9   11   2   -0.0000000000
1   9   12   1   -0.0000000007
1   9   13   3   0.0000000008
1   9   14   3   0.0000000007
1   10   8   1   0.0047797520
1   10   8   2   -0.0000000000
1   10   9   1   0.0000000023
1   10   10   1   -0.4644301079
1   10   10   2   -0.0000000000
1   10   11   1   -0.0000000025
1   10   12   1   -0.0149129440
1   10   12   2   -0.0000000000
1   10   13   3   0.0190439832
1   10   14   3   0.0153066981
1   11   8   1   0.0000000002
1   11   9   1   0.0053695455
1   11   9   2   -0.0000000000
1   11   10   1   -0.0000000025
1   11   11   1   -0.4587903708
1   11   11   2   -0.0000000000
1   11   12   1   -0.0000000006
1   11   12   2   -0.0000000000
1   11   13   3   -0.0000000001
1   11   14   3   -0.0000000001
1   12   8   1   -0.0021191084
1   12   9   1   -0.0000000007
1   12   10   1   -0.0149129440
1   12   10   2   -0.0000000000
1   12   11   1   -0.0000000006
1   12   11   2   -0.0000000000
1   12   12   1   -0.4480710538
1   12   13   3   0.0108179252
1   12   14   3   0.0086949623
1   13   8   3   0.0039758144
1   13   9   3   0.0000000009
1   13   10   3   0.0193550043
1   13   11   3   -0.0000000001
1   13   12   3   0.0126277974
1   13   13   1   -0.4577379057
1   13   13   2   0.0180630096
1   13   14   1   -0.0180630042
1   13   14   2   -0.0054839444
1   14   8   3   0.0031955810
1   14   9   3   0.0000000007
1   14   10   3   0.0155566828
1   14   11   3   -0.0000000001
1   14   12   3   0.0101496562
1   14   13   1   -0.0180630042
1   14   13   2   -0.0024710992
1   14   14   1   -0.4497828706
1   14   14   2   -0.0180630096
2   8   8   2   -0.5891533018
2   8   9   2   -0.0000000001
2   8   10   1   -0.0000000000
2   8   10   2   0.0047797520
2   8   11   2   0.0000000002
2   8   12   2   -0.0021191083
2   8   13   3   -0.0032134576
2   8   14   3   0.0039980558
2   9   8   2   -0.0000000001
2   9   9   2   -0.5891572912
2   9   10   2   0.0000000023
2   9   11   1   -0.0000000000
2   9   11   2   0.0053695455
2   9   12   2   -0.0000000007
2   9   13   3   -0.0000000007
2   9   14   3   0.0000000008
2   10   8   1   -0.0000000000
2   10   8   2   0.0047797520
2   10   9   2   0.0000000023
2   10   10   1   -0.0000000000
2   10   10   2   -0.4644301079
2   10   11   2   -0.0000000025
2   10   12   1   -0.0000000000
2   10   12   2   -0.0149129440
2   10   13   3   -0.0153066981
2   10   14   3   0.0190439832
2   11   8   2   0.0000000002
2   11   9   1   -0.0000000000
2   11   9   2   0.0053695455
2   11   10   2   -0.0000000025
2   11   11   1   -0.0000000000
2   11   11   2   -0.4587903708
2   11   12   1   -0.0000000000
2   11   12   2   -0.0000000006
2   11   13   3   0.0000000001
2   11   14   3   -0.0000000001
2   12   8   2   -0.0021191083
2   12   9   2   -0.0000000007
2   12   10   1   -0.0000000000
2   12   10   2   -0.0149129440
2   12   11   1   -0.0000000000
2   12   11   2   -0.0000000006
2   12   12   2   -0.4480710538
2   12   13   3   -0.0086949623
2   12   14   3   0.0108179252
2   13   8   3   -0.0031955810
2   13   9   3   -0.0000000007
2   13   10   3   -0.0155566828
2   13   11   3   0.0000000001
2   13   12   3   -0.0101496562
2   13   13   1   0.0180630096
2   13   13   2   -0.4497828706
2   13   14   1   -0.0024710992
2   13   14   2   0.0180630042
2   14   8   3   0.0039758144
2   14   9   3   0.0000000009
2   14   10   3   0.0193550043
2   14   11   3   -0.0000000001
2   14   12   3   0.0126277974
2   14   13   1   -0.0054839444
2   14   13   2   0.0180630042
2   14   14   1   -0.0180630096
2   14   14   2   -0.4577379057
3   8   8   3   -0.6273810047
3   8   9   3   -0.0000000004
3   8   10   3   0.0049951367
3   8   11   3   0.0000000019
3   8   12   3   -0.0106143459
3   8   13   1   0.0039758144
3   8   13   2   -0.0031955810
3   8   14   1   0.0031955810
3   8   14   2   0.0039758144
3   9   8   3   -0.0000000004
3   9   9   3   -0.6273788287
3   9   10   3   0.0000000047
3   9   11   3   0.0084944607
3   9   12   3   -0.0000000029
3   9   13   1   0.0000000009
3   9   13   2   -0.0000000007
3   9   14   1   0.0000000007
3   9   14   2   0.0000000009
3   10   8   3   0.0049951367
3   10   9   3   0.0000000047
3   10   10   3   -0.4945834296
3   10   11   3   -0.0000000031
3   10   12   3   -0.0506733046
3   10   13   1   0.0193550043
3   10   13   2   -0.0155566828
3   10   14   1   0.0155566828
3   10   14   2   0.0193550043
3   11   8   3   0.0000000019
3   11   9   3   0.0084944607
3   11   10   3   -0.0000000031
3   11   11   3   -0.4627547616
3   11   12   3   0.0000000048
3   11   13   1   -0.0000000001
3   11   13   2   0.0000000001
3   11   14   1   -0.0000000001
3   11   14   2   -0.0000000001
3   12   8   3   -0.0106143459
3   12   9   3   -0.0000000029
3   12   10   3   -0.0506733046
3   12   11   3   0.0000000048
3   12   12   3   -0.4901722578
3   12   13   1   0.0126277974
3   12   13   2   -0.0101496562
3   12   14   1   0.0101496562
3   12   14   2   0.0126277974
3   13   8   1   0.0039980558
3   13   8   2   -0.0032134576
3   13   9   1   0.0000000008
3   13   9   2   -0.0000000007
3   13   10   1   0.0190439832
3   13   10   2   -0.0153066981
3   13   11   1   -0.0000000001
3   13   11   2   0.0000000001
3   13   12   1   0.0108179252
3   13   12   2   -0.0086949623
3   13   13   3   -0.4537213663
3   13   14   3   -0.0000000000
3   14   8   1   0.0032134576
3   14   8   2   0.0039980558
3   14   9   1   0.0000000007
3   14   9   2   0.0000000008
3   14   10   1   0.0153066981
3   14   10   2   0.0190439832
3   14   11   1   -0.0000000001
3   14   11   2   -0.0000000001
3   14   12   1   0.0086949623
3   14   12   2   0.0108179252
3   14   13   3   -0.0000000000
3   14   14   3   -0.4537213663

End AIJB Block
Begin IJKA Block
1   8   1   6   0.0000000516
1   8   2   6   -0.0787067507
1   8   3   6   -0.0000000064
1   8   4   6   0.0099847033
1   8   5   6   -0.0000000039
1   8   6   4   0.0000000044
1   8   6   5   -0.0000000036
1   8   7   4   0.0000000036
1   8   7   5   0.0000000044
1   9   1   6   -0.0732599832
1   9   2   6   -0.0000000178
1   9   3   6   0.0137157164
1   9   4   6   -0.0000000007
1   9   5   6   0.0108644520
1   9   6   4   -0.0099015687
1   9   6   5   0.0079584361
1   9   7   4   -0.0079584361
1   9   7   5   -0.0099015687
1   10   1   6   -0.0000000500
1   10   2   6   0.1125968600
1   10   3   6   0.0000000008
1   10   4   6   -0.0056859383
1   10   5   6   -0.0000000032
1   10   6   4   0.0000000023
1   10   6   5   -0.0000000018
1   10   7   4   0.0000000018
1   10   7   5   0.0000000023
1   11   1   6   0.0635675356
1   11   2   6   -0.0000000001
1   11   3   6   -0.0003001481
1   11   4   6   0.0000000005
1   11   5   6   0.0137584452
1   11   6   4   -0.0110420884
1   11   6   5   0.0088751345
1   11   7   4   -0.0088751345
1   11   7   5   -0.0110420884
1   12   1   6   -0.0000001091
1   12   2   6   0.2538186734
1   12   3   6   0.0000000009
1   12   4   6   -0.0030436601
1   12   5   6   0.0000000003
1   12   6   4   -0.0000000006
1   12   6   5   0.0000000005
1   12   7   4   -0.0000000005
1   12   7   5   -0.0000000006
1   13   1   4   0.0000000978
1   13   1   5   -0.0000000786
1   13   2   4   -0.2222348158
1   13   2   5   0.1786223602
1   13   3   4   -0.0000000002
1   13   3   5   0.0000000002
1   13   4   4   0.0024660152
1   13   4   5   -0.0019820722
1   13   5   4   -0.0000000004
1   13   5   5   0.0000000003
1   13   6   6   -0.0000000011
1   14   1   4   0.0000000786
1   14   1   5   0.0000000978
1   14   2   4   -0.1786223603
1   14   2   5   -0.2222348158
1   14   3   4   -0.0000000002
1   14   3   5   -0.0000000002
1   14   4   4   0.0019820722
1   14   4   5   0.0024660152
1   14   5   4   -0.0000000003
1   14   5   5   -0.0000000004
1   14   7   6   -0.0000000011
2   8   1   6   -0.0787107568
2   8   2   6   -0.0000000191
2   8   3   6   0.0136725424
2   8   4   6   -0.0000000007
2   8   5   6   0.0106477679
2   8   6   4   -0.0098196849
2   8   6   5   0.0078926216
2   8   7   4   -0.0078926216
2   8   7   5   -0.0098196849
2   9   1   6   -0.0000000179
2   9   2   6   -0.0732769629
2   9   3   6   0.0000000059
2   9   4   6   0.0099340773
2   9   5   6   0.0000000058
2   9   6   4   -0.0000000044
2   9   6   5   0.0000000036
2   9   7   4   -0.0000000036
2   9   7   5   -0.0000000044
2   10   1   6   0.1125896030
2   10   2   6   0.0000000512
2   10   3   6   -0.0015136917
2   10   4   6   -0.0000000006
2   10   5   6   0.0126590404
2   10   6   4   -0.0096190123
2   10   6   5   0.0077313299
2   10   7   4   -0.0077313299
2   10   7   5   -0.0096190123
2   11   1   6   -0.0000000001
2   11   2   6   0.0635524918
2   11   3   6   -0.0000000008
2   11   4   6   -0.0049535213
2   11   5   6   0.0000000029
2   11   6   4   -0.0000000024
2   11   6   5   0.0000000019
2   11   7   4   -0.0000000019
2   11   7   5   -0.0000000024
2   12   1   6   0.2538068682
2   12   2   6   0.0000001190
2   12   3   6   -0.0034179669
2   12   4   6   -0.0000000006
2   12   5   6   -0.0006402240
2   12   6   4   0.0024421735
2   12   6   5   -0.0019629094
2   12   7   4   0.0019629094
2   12   7   5   0.0024421735
2   13   1   4   -0.2222229103
2   13   1   5   0.1786127911
2   13   2   4   -0.0000001019
2   13   2   5   0.0000000819
2   13   3   4   0.0031691509
2   13   3   5   -0.0025472211
2   13   4   4   0.0000000011
2   13   4   5   -0.0000000008
2   13   5   4   0.0013587380
2   13   5   5   -0.0010920925
2   13   6   6   0.0047811736
2   14   1   4   -0.1786127911
2   14   1   5   -0.2222229103
2   14   2   4   -0.0000000819
2   14   2   5   -0.0000001019
2   14   3   4   0.0025472211
2   14   3   5   0.0031691509
2   14   4   4   0.0000000008
2   14   4   5   0.0000000011
2   14   5   4   0.0010920925
2   14   5   5   0.0013587380
2   14   7   6   0.0047811736
3   8   1   6   -0.0000000063
3   8   2   6   0.0141997338
3   8   3   6   -0.0000000016
3   8   4   6   -0.0060429818
3   8   5   6   -0.0000000038
3   8   6   4   0.0000000026
3   8   6   5   -0.0000000021
3   8   7   4   0.0000000021
3   8   7   5   0.0000000026
3   9   1   6   0.0142366692
3   9   2   6   0.0000000065
3   9   3   6   0.0052605146
3   9   4   6   -0.0000000014
3   9   5   6   0.0160566919
3   9   6   4   -0.0111659225
3   9   6   5   0.0089746669
3   9   7   4   -0.0089746669
3   9   7   5   -0.0111659225
3   10   1   6   0.0000000005
3   10   2   6   -0.0012670319
3   10   3   6   -0.0000000009
3   10   4   6   0.0475826193
3   10   5   6   0.0000000001
3   10   6   4   0.0000000008
3   10   6   5   -0.0000000006
3   10   7   4   0.0000000006
3   10   7   5   0.0000000008
3   11   1   6   -0.0001519721
3   11   2   6   -0.0000000008
3   11   3   6   0.0582017545
3   11   4   6   0.0000000032
3   11   5   6   0.0581599967
3   11   6   4   -0.0488116427
3   11   6   5   0.0392326054
3   11   7   4   -0.0392326054
3   11   7   5   -0.0488116427
3   12   1   6   0.0000000008
3   12   2   6   -0.0034017888
3   12   3   6   0.0000000015
3   12   4   6   0.1419339386
3   12   5   6   0.0000000001
3   12   6   4   -0.0000000001
3   12   6   5   0.0000000001
3   12   7   4   -0.0000000001
3   12   7   5   -0.0000000001
3   13   1   4   -0.0000000001
3   13   1   5   0.0000000001
3   13   2   4   0.0031653028
3   13   2   5   -0.0025441281
3   13   3   4   -0.0000000024
3   13   3   5   0.0000000020
3   13   4   4   -0.1273875074
3   13   4   5   0.1023883551
3   13   5   4   -0.0000000018
3   13   5   5   0.0000000014
3   13   6   6   -0.0000000006
3   13   7   6   0.0000000000
3   14   1   4   -0.0000000001
3   14   1   5   -0.0000000001
3   14   2   4   0.0025441281
3   14   2   5   0.0031653028
3   14   3   4   -0.0000000020
3   14   3   5   -0.0000000024
3   14   4   4   -0.1023883551
3   14   4   5   -0.1273875074
3   14   5   4   -0.0000000014
3   14   5   5   -0.0000000018
3   14   6   6   0.0000000000
3   14   7   6   -0.0000000006
4   8   1   6   0.0104167778
4   8   2   6   0.0000000001
4   8   3   6   -0.0061481721
4   8   4   6   0.0000000014
4   8   5   6   0.0161538237
4   8   6   4   -0.0107483097
4   8   6   5   0.0086390085
4   8   7   4   -0.0086390085
4   8   7   5   -0.0107483097
4   9   1   6   0.0000000001
4   9   2   6   0.0103688133
4   9   3   6   -0.0000000016
4   9   4   6   -0.0073146097
4   9   5   6   0.0000000035
4   9   6   4   -0.0000000023
4   9   6   5   0.0000000019
4   9   7   4   -0.0000000019
4   9   7   5   -0.0000000023
4   10   1   6   -0.0052848540
4   10   2   6   -0.0000000008
4   10   3   6   0.0477230497
4   10   4   6   0.0000000000
4   10   5   6   0.0221612250
4   10   6   4   -0.0400938519
4   10   6   5   0.0322256368
4   10   7   4   -0.0322256368
4   10   7   5   -0.0400938519
4   11   1   6   0.0000000001
4   11   2   6   -0.0045581864
4   11   3   6   0.0000000028
4   11   4   6   0.0123892828
4   11   5   6   -0.0000000003
4   11   6   4   0.0000000008
4   11   6   5   -0.0000000006
4   11   7   4   0.0000000006
4   11   7   5   0.0000000008
4   12   1   6   -0.0031242582
4   12   2   6   -0.0000000006
4   12   3   6   0.1424162190
4   12   4   6   0.0000000021
4   12   5   6   -0.0839795373
4   12   6   4   0.0124111527
4   12   6   5   -0.0099755269
4   12   7   4   0.0099755269
4   12   7   5   0.0124111527
4   13   1   4   0.0026447716
4   13   1   5   -0.0021257486
4   13   2   4   0.0000000013
4   13   2   5   -0.0000000010
4   13   3   4   -0.1270103290
4   13   3   5   0.1020851960
4   13   4   4   -0.0000000006
4   13   4   5   0.0000000005
4   13   5   4   0.0683253812
4   13   5   5   -0.0549168716
4   13   6   6   0.0132774439
4   13   7   6   -0.0000000000
4   14   1   4   0.0021257486
4   14   1   5   0.0026447716
4   14   2   4   0.0000000010
4   14   2   5   0.0000000013
4   14   3   4   -0.1020851960
4   14   3   5   -0.1270103290
4   14   4   4   -0.0000000005
4   14   4   5   -0.0000000006
4   14   5   4   0.0549168716
4   14   5   5   0.0683253812
4   14   6   6   -0.0000000000
4   14   7   6   0.0132774439
5   8   1   6   -0.0000000051
5   8   2   6   0.0115492933
5   8   3   6   -0.0000000034
5   8   4   6   0.0164489834
5   8   5   6   0.0000000011
5   8   6   4   -0.0000000005
5   8   6   5   0.0000000004
5   8   7   4   -0.0000000004
5   8   7   5   -0.0000000005
5   9   1   6   0.0117495667
5   9   2   6   0.0000000054
5   9   3   6   0.0163236991
5   9   4   6   0.0000000040
5   9   5   6   -0.0036610961
5   9   6   4   0.0017509788
5   9   6   5   -0.0014073581
5   9   7   4   0.0014073581
5   9   7   5   0.0017509788
5   10   1   6   -0.0000000028
5   10   2   6   0.0120130249
5   10   3   6   -0.0000000002
5   10   4   6   0.0206407817
5   10   5   6   0.0000000000
5   10   6   4   -0.0000000003
5   10   6   5   0.0000000003
5   10   7   4   -0.0000000003
5   10   7   5   -0.0000000003
5   11   1   6   0.0127561882
5   11   2   6   0.0000000029
5   11   3   6   0.0563581961
5   11   4   6   -0.0000000002
5   11   5   6   0.0154833326
5   11   6   4   0.0084878626
5   11   6   5   -0.0068221626
5   11   7   4   0.0068221626
5   11   7   5   0.0084878626
5   12   1   6   0.0000000000
5   12   2   6   -0.0004013827
5   12   3   6   -0.0000000010
5   12   4   6   -0.0850864646
5   12   5   6   0.0000000061
5   12   6   4   -0.0000000004
5   12   6   5   0.0000000004
5   12   7   4   -0.0000000004
5   12   7   5   -0.0000000004
5   13   1   4   -0.0000000004
5   13   1   5   0.0000000003
5   13   2   4   0.0011767136
5   13   2   5   -0.0009457895
5   13   3   4   -0.0000000016
5   13   3   5   0.0000000013
5   13   4   4   0.0682026696
5   13   4   5   -0.0548182416
5   13   5   4   -0.0000000021
5   13   5   5   0.0000000016
5   13   6   6   -0.0000000001
5   13   7   6   0.0000000000
5   14   1   4   -0.0000000003
5   14   1   5   -0.0000000004
5   14   2   4   0.0009457895
5   14   2   5   0.0011767136
5   14   3   4   -0.0000000013
5   14   3   5   -0.0000000016
5   14   4   4   0.0548182416
5   14   4   5   0.0682026696
5   14   5   4   -0.0000000016
5   14   5   5   -0.0000000021
5   14   6   6   0.0000000000
5   14   7   6   -0.0000000001
6   8   1   4   0.0000000048
6   8   1   5   -0.0000000039
6   8   2   4   -0.0107576388
6   8   2   5   0.0086465067
6   8   3   4   0.0000000026
6   8   3   5   -0.0000000021
6   8   4   4   -0.0112114409
6   8   4   5   0.0090112525
6   8   5   4   -0.0000000004
6   8   5   5   0.0000000003
6   8   6   6   -0.0000000008
6   9   1   4   -0.0108301026
6   9   1   5   0.0087047499
6   9   2   4   -0.0000000049
6   9   2   5   0.0000000039
6   9   3   4   -0.0116469711
6   9   3   5   0.0093613121
6   9   4   4   -0.0000000026
6   9   4   5   0.0000000021
6   9   5   4   0.0018759873
6   9   5   5   -0.0015078343
6   9   6   6   0.0017191479
6   9   7   6   -0.0000000000
6   10   1   4   0.0000000023
6   10   1   5   -0.0000000018
6   10   2   4   -0.0094753057
6   10   2   5   0.0076158250
6   10   3   4   0.0000000004
6   10   3   5   -0.0000000003
6   10   4   4   -0.0391824894
6   10   4   5   0.0314931245
6   10   5   4   -0.0000000003
6   10   5   5   0.0000000002
6   10   6   6   0.0000000019
6   10   7   6   0.0000000000
6   11   1   4   -0.0105517613
6   11   1   5   0.0084810317
6   11   2   4   -0.0000000022
6   11   2   5   0.0000000018
6   11   3   4   -0.0468090974
6   11   3   5   0.0376230494
6   11   4   4   0.0000000002
6   11   4   5   -0.0000000002
6   11   5   4   0.0101919659
6   11   5   5   -0.0081918443
6   11   6   6   0.0415369249
6   11   7   6   -0.0000000000
6   12   1   4   -0.0000000006
6   12   1   5   0.0000000005
6   12   2   4   0.0022573853
6   12   2   5   -0.0018143849
6   12   3   4   0.0000000001
6   12   3   5   -0.0000000001
6   12   4   4   0.0134369115
6   12   4   5   -0.0107999858
6   12   5   4   -0.0000000002
6   12   5   5   0.0000000001
6   12   6   6   0.0000000035
6   12   7   6   0.0000000000
6   13   1   6   -0.0000000011
6   13   2   6   0.0044516897
6   13   3   6   -0.0000000008
6   13   4   6   0.0129273772
6   13   5   6   0.0000000017
6   13   6   4   -0.0000000033
6   13   6   5   0.0000000026
6   13   7   4   -0.0000000003
6   13   7   5   -0.0000000003
6   14   3   6   0.0000000000
6   14   4   6   0.0000000000
6   14   5   6   0.0000000000
6   14   6   4   -0.0000000022
6   14   6   5   -0.0000000027
6   14   7   4   -0.0000000003
6   14   7   5   0.0000000003
7   8   1   4   0.0000000039
7   8   1   5   0.0000000048
7   8   2   4   -0.0086465067
7   8   2   5   -0.0107576388
7   8   3   4   0.0000000021
7   8   3   5   0.0000000026
7   8   4   4   -0.0090112525
7   8   4   5   -0.0112114409
7   8   5   4   -0.0000000003
7   8   5   5   -0.0000000004
7   8   7   6   -0.0000000008
7   9   1   4   -0.0087047499
7   9   1   5   -0.0108301026
7   9   2   4   -0.0000000039
7   9   2   5   -0.0000000049
7   9   3   4   -0.0093613121
7   9   3   5   -0.0116469711
7   9   4   4   -0.0000000021
7   9   4   5   -0.0000000026
7   9   5   4   0.0015078343
7   9   5   5   0.0018759873
7   9   6   6   -0.0000000000
7   9   7   6   0.0017191479
7   10   1   4   0.0000000018
7   10   1   5   0.0000000023
7   10   2   4   -0.0076158250
7   10   2   5   -0.0094753057
7   10   3   4   0.0000000003
7   10   3   5   0.0000000004
7   10   4   4   -0.0314931245
7   10   4   5   -0.0391824894
7   10   5   4   -0.0000000002
7   10   5   5   -0.0000000003
7   10   6   6   0.0000000000
7   10   7   6   0.0000000018
7   11   1   4   -0.0084810317
7   11   1   5   -0.0105517613
7   11   2   4   -0.0000000018
7   11   2   5   -0.0000000022
7   11   3   4   -0.0376230494
7   11   3   5   -0.0468090974
7   11   4   4   0.0000000002
7   11   4   5   0.0000000002
7   11   5   4   0.0081918443
7   11   5   5   0.0101919659
7   11   6   6   -0.0000000000
7   11   7   6   0.0415369249
7   12   1   4   -0.0000000005
7   12   1   5   -0.0000000006
7   12   2   4   0.0018143849
7   12   2   5   0.0022573853
7   12   3   4   0.0000000001
7   12   3   5   0.0000000001
7   12   4   4   0.0107999858
7   12   4   5   0.0134369115
7   12   5   4   -0.0000000001
7   12   5   5   -0.0000000002
7   12   6   6   0.0000000000
7   12   7   6   0.0000000035
7   13   3   6   0.0000000000
7   13   4   6   0.0000000000
7   13   5   6   0.0000000000
7   13   6   4   -0.0000000003
7   13   6   5   -0.0000000003
7   13   7   4   -0.0000000027
7   13   7   5   0.0000000022
7   14   1   6   -0.0000000011
7   14   2   6   0.0044516897
7   14   3   6   -0.0000000009
7   14   4   6   0.0129273772
7   14   5   6   0.0000000017
7   14   6   4   -0.0000000003
7   14   6   5   0.0000000003
7   14   7   4   -0.0000000026
7   14   7   5   -0.0000000033

End IJKA Block
Begin IABC Block
1   4   1   6   -0.0000000011
1   4   3   4   -0.0000000006
1   5   2   6   -0.0000000011
1   5   3   5   -0.0000000006
1   6   1   4   -0.0000000011
1   6   2   5   -0.0000000011
1   6   3   6   -0.0000000027
2   4   1   6   0.0049090838
2   4   3   4   -0.0002688685
2   5   2   6   0.0049090838
2   5   3   5   -0.0002688685
2   6   1   4   0.0048441916
2   6   2   5   0.0048441916
2   6   3   6   0.0068944414
3   4   1   6   -0.0000000000
3   4   3   4   0.0000000001
3   4   3   5   0.0000000000
3   5   2   6   -0.0000000000
3   5   3   4   0.0000000000
3   5   3   5   0.0000000001
3   6   1   4   -0.0000000005
3   6   2   5   -0.0000000005
3   6   3   6   -0.0000000193
4   4   1   6   0.0153165276
4   4   3   4   0.0332348404
4   5   2   6   0.0153165276
4   5   3   5   0.0332348404
4   6   1   4   0.0133669479
4   6   2   5   0.0133669479
4   6   3   6   0.0446837972
5   4   1   6   0.0000000016
5   4   3   4   0.0000000042
5   5   2   6   0.0000000016
5   5   3   5   0.0000000042
5   6   1   4   0.0000000004
5   6   2   5   0.0000000004
5   6   3   6   -0.0000000006
6   4   1   4   -0.0000000020
6   4   1   5   -0.0000000001
6   4   2   4   0.0000000016
6   4   2   5   0.0000000003
6   4   3   6   -0.0000000007
6   5   1   4   -0.0000000002
6   5   1   5   -0.0000000020
6   5   2   4   0.0000000001
6   5   2   5   0.0000000015
6   5   3   6   0.0000000006
6   6   1   6   0.0000000144
6   6   2   6   -0.0000000116
6   6   3   4   -0.0000000014
6   6   3   5   0.0000000011
7   4   1   4   -0.0000000015
7   4   1   5   0.0000000001
7   4   2   4   -0.0000000020
7   4   2   5   0.0000000002
7   4   3   6   -0.0000000006
7   5   1   4   0.0000000003
7   5   1   5   -0.0000000016
7   5   2   4   0.0000000001
7   5   2   5   -0.0000000020
7   5   3   6   -0.0000000007
7   6   1   6   0.0000000116
7   6   2   6   0.0000000144
7   6   3   4   -0.0000000011
7   6   3   5   -0.0000000014

End IABC Block
