0   1   5   6       0.163664401111
0   1   6   5      -0.163664401109
0   2   4   5      -0.106940577510
0   2   4   6      -0.111566092409
0   2   5   4       0.106940577452
0   2   6   4       0.111566092300
1   0   5   6      -0.163664401111
1   0   6   5       0.163664401109
1   2   4   5       0.111566092401
1   2   4   6      -0.106940577339
1   2   5   4      -0.111566092354
1   2   6   4       0.106940577325
2   0   4   5       0.106940577510
2   0   4   6       0.111566092409
2   0   5   4      -0.106940577452
2   0   6   4      -0.111566092300
2   1   4   5      -0.111566092401
2   1   4   6       0.106940577339
2   1   5   4       0.111566092354
2   1   6   4      -0.106940577325
0   53   5   12      -0.405084618698
0   53   5   13      -0.368447343634
0   53   6   12      -0.368447340363
0   53   6   13      -0.436296910844
0   54   5   12       0.368447334934
0   54   5   13       0.097438333053
0   54   6   12      -0.066226068779
0   54   6   13      -0.368447328184
0   55   4   12      -0.285214692503
0   55   4   13      -0.297551120651
0   55   5   11      -0.178274114865
0   55   6   11      -0.185985028154
1   53   5   12       0.368447331949
1   53   5   13      -0.066226068274
1   53   6   12       0.097438332554
1   53   6   13      -0.368447335659
1   54   5   12      -0.436296911898
1   54   5   13       0.368447341819
1   54   6   12       0.368447339470
1   54   6   13      -0.405084615580
1   55   4   12       0.297551121156
1   55   4   13      -0.285214690741
1   55   5   11       0.185985028513
1   55   6   11      -0.178274113278
2   53   4   12      -0.178274114852
2   53   4   13      -0.185985028228
2   53   5   11      -0.285214692649
2   53   6   11      -0.297551120824
2   54   4   12       0.185985028549
2   54   4   13      -0.178274113295
2   54   5   11       0.297551121227
2   54   6   11      -0.285214690757
2   55   4   11      -0.661211402706
0   53   12   5       0.405084618698
0   53   12   6       0.368447340363
0   53   13   5       0.368447343634
0   53   13   6       0.436296910844
0   54   12   5      -0.368447334934
0   54   12   6       0.066226068779
0   54   13   5      -0.097438333053
0   54   13   6       0.368447328184
0   55   11   5       0.178274114865
0   55   11   6       0.185985028154
0   55   12   4       0.285214692503
0   55   13   4       0.297551120651
1   53   12   5      -0.368447331949
1   53   12   6      -0.097438332554
1   53   13   5       0.066226068274
1   53   13   6       0.368447335659
1   54   12   5       0.436296911898
1   54   12   6      -0.368447339470
1   54   13   5      -0.368447341819
1   54   13   6       0.405084615580
1   55   11   5      -0.185985028513
1   55   11   6       0.178274113278
1   55   12   4      -0.297551121156
1   55   13   4       0.285214690741
2   53   11   5       0.285214692649
2   53   11   6       0.297551120824
2   53   12   4       0.178274114852
2   53   13   4       0.185985028228
2   54   11   5      -0.297551121227
2   54   11   6       0.285214690757
2   54   12   4      -0.185985028549
2   54   13   4       0.178274113295
2   55   11   4       0.661211402706
0   62   6   13      -0.051961820540
1   61   5   12      -0.051961822027
2   59   4   11       0.062207229158
0   62   13   6       0.051961820540
1   61   12   5       0.051961822027
2   59   11   4      -0.062207229158
6   55   4   11       0.062207229158
8   54   5   12      -0.051961822094
9   53   6   13      -0.051961820706
6   55   11   4      -0.062207229158
8   54   12   5       0.051961822094
9   53   13   6       0.051961820706
53   0   5   12       0.405084618698
53   0   5   13       0.368447343634
53   0   6   12       0.368447340363
53   0   6   13       0.436296910844
53   1   5   12      -0.368447331949
53   1   5   13       0.066226068274
53   1   6   12      -0.097438332554
53   1   6   13       0.368447335659
53   2   4   12       0.178274114852
53   2   4   13       0.185985028228
53   2   5   11       0.285214692649
53   2   6   11       0.297551120824
54   0   5   12      -0.368447334934
54   0   5   13      -0.097438333053
54   0   6   12       0.066226068779
54   0   6   13       0.368447328184
54   1   5   12       0.436296911898
54   1   5   13      -0.368447341819
54   1   6   12      -0.368447339470
54   1   6   13       0.405084615580
54   2   4   12      -0.185985028549
54   2   4   13       0.178274113295
54   2   5   11      -0.297551121227
54   2   6   11       0.285214690757
55   0   4   12       0.285214692503
55   0   4   13       0.297551120651
55   0   5   11       0.178274114865
55   0   6   11       0.185985028154
55   1   4   12      -0.297551121156
55   1   4   13       0.285214690741
55   1   5   11      -0.185985028513
55   1   6   11       0.178274113278
55   2   4   11       0.661211402706
53   0   12   5      -0.405084618698
53   0   12   6      -0.368447340363
53   0   13   5      -0.368447343634
53   0   13   6      -0.436296910844
53   1   12   5       0.368447331949
53   1   12   6       0.097438332554
53   1   13   5      -0.066226068274
53   1   13   6      -0.368447335659
53   2   11   5      -0.285214692649
53   2   11   6      -0.297551120824
53   2   12   4      -0.178274114852
53   2   13   4      -0.185985028228
54   0   12   5       0.368447334934
54   0   12   6      -0.066226068779
54   0   13   5       0.097438333053
54   0   13   6      -0.368447328184
54   1   12   5      -0.436296911898
54   1   12   6       0.368447339470
54   1   13   5       0.368447341819
54   1   13   6      -0.405084615580
54   2   11   5       0.297551121227
54   2   11   6      -0.285214690757
54   2   12   4       0.185985028549
54   2   13   4      -0.178274113295
55   0   11   5      -0.178274114865
55   0   11   6      -0.185985028154
55   0   12   4      -0.285214692503
55   0   13   4      -0.297551120651
55   1   11   5       0.185985028513
55   1   11   6      -0.178274113278
55   1   12   4       0.297551121156
55   1   13   4      -0.285214690741
55   2   11   4      -0.661211402706
53   9   6   13       0.051961820706
54   8   5   12       0.051961822094
55   6   4   11      -0.062207229158
53   9   13   6      -0.051961820706
54   8   12   5      -0.051961822094
55   6   11   4       0.062207229158
53   54   12   13       0.163664401111
53   54   13   12      -0.163664401109
53   55   11   12      -0.106940577510
53   55   11   13      -0.111566092409
53   55   12   11       0.106940577452
53   55   13   11       0.111566092300
54   53   12   13      -0.163664401111
54   53   13   12       0.163664401109
54   55   11   12       0.111566092401
54   55   11   13      -0.106940577339
54   55   12   11      -0.111566092354
54   55   13   11       0.106940577325
55   53   11   12       0.106940577510
55   53   11   13       0.111566092409
55   53   12   11      -0.106940577452
55   53   13   11      -0.111566092300
55   54   11   12      -0.111566092401
55   54   11   13       0.106940577339
55   54   12   11       0.111566092354
55   54   13   11      -0.106940577325
59   2   4   11      -0.062207229158
61   1   5   12       0.051961822027
62   0   6   13       0.051961820540
59   2   11   4       0.062207229158
61   1   12   5      -0.051961822027
62   0   13   6      -0.051961820540

