Begin IJ Block
1   1   -27.5131512889
1   2   0.0000000005
1   3   -0.4611358081
1   4   -0.0000000014
1   5   -0.2328442934
2   2   -27.5140504584
2   3   0.0000000024
2   4   0.4951816523
2   5   -0.0000000010
3   3   -9.4494548634
3   4   -0.0000000131
3   5   0.8932137251
4   4   -7.5801714428
4   5   -0.0000000039
5   5   -7.7054188504
6   6   -7.8179106672
6   7   -0.0000000022
7   7   -7.8179106895

End IJ Block
Begin IA Block
1   3   -0.0000000027
2   3   0.2088482360
3   3   -0.0000000265
4   3   -0.9043930321
5   3   0.0000000615
6   1   -0.0000000063
6   2   -0.0000000002
7   1   -0.0000000326
7   2   -0.0000000328

End IA Block
Begin AB Block
1   1   -6.7673280214
1   2   -0.0000000069
2   2   -6.7673280213
3   3   -3.9065885955

End AB Block
Begin IJAB Block
1   8   1   4   0.0126155360
1   8   1   5   -0.0000000000
1   8   2   4   -0.0000000000
1   8   2   5   0.0126155360
1   8   3   6   0.0078154045
1   9   1   4   0.0000000000
1   9   1   5   0.0000000001
1   9   2   4   0.0000000001
1   9   2   5   0.0000000000
1   9   3   6   0.0000000034
1   10   1   4   -0.0104806291
1   10   1   5   0.0000000000
1   10   2   4   0.0000000000
1   10   2   5   -0.0104806291
1   10   3   6   0.0011011091
1   11   1   4   0.0000000000
1   11   1   5   -0.0000000003
1   11   2   4   -0.0000000003
1   11   2   5   0.0000000000
1   11   3   6   -0.0000000010
1   12   1   4   -0.0060207981
1   12   1   5   0.0000000001
1   12   2   4   0.0000000001
1   12   2   5   -0.0060207981
1   12   3   6   0.0005422845
1   13   1   6   0.0046612032
1   13   2   6   -0.0038655432
1   13   3   4   -0.0006303343
1   13   3   5   0.0005227373
1   14   1   6   0.0038655432
1   14   2   6   0.0046612032
1   14   3   4   -0.0005227372
1   14   3   5   -0.0006303343
2   8   1   4   0.0000000000
2   8   1   5   0.0000000001
2   8   2   4   0.0000000001
2   8   2   5   0.0000000000
2   8   3   6   0.0000000034
2   9   1   4   0.0128851488
2   9   1   5   -0.0000000000
2   9   2   4   -0.0000000000
2   9   2   5   0.0128851488
2   9   3   6   0.0078177753
2   10   1   4   0.0000000000
2   10   1   5   0.0000000001
2   10   2   4   0.0000000001
2   10   2   5   0.0000000000
2   10   3   6   0.0000000020
2   11   1   4   0.0136857258
2   11   1   5   -0.0000000000
2   11   2   4   -0.0000000000
2   11   2   5   0.0136857258
2   11   3   6   -0.0012171286
2   12   1   4   -0.0000000000
2   12   1   5   0.0000000001
2   12   2   4   0.0000000001
2   12   2   5   -0.0000000000
2   12   3   6   -0.0000000008
2   13   1   6   0.0000000005
2   13   2   6   -0.0000000005
2   13   3   4   0.0000000007
2   13   3   5   -0.0000000007
2   14   1   6   0.0000000000
2   14   2   6   0.0000000001
2   14   3   4   0.0000000002
2   14   3   5   0.0000000003
3   8   1   4   -0.0104806291
3   8   1   5   0.0000000000
3   8   2   4   0.0000000000
3   8   2   5   -0.0104806291
3   8   3   6   0.0011011091
3   9   1   4   0.0000000000
3   9   1   5   0.0000000001
3   9   2   4   0.0000000001
3   9   2   5   0.0000000000
3   9   3   6   0.0000000020
3   10   1   4   0.0370128951
3   10   1   5   -0.0000000006
3   10   2   4   -0.0000000006
3   10   2   5   0.0370128952
3   10   3   6   0.0227664647
3   11   1   4   0.0000000009
3   11   1   5   -0.0000000000
3   11   2   4   -0.0000000000
3   11   2   5   0.0000000009
3   11   3   6   -0.0000000034
3   12   1   4   0.0198981410
3   12   1   5   0.0000000000
3   12   2   4   0.0000000000
3   12   2   5   0.0198981410
3   12   3   6   -0.0002443744
3   13   1   6   -0.0157440106
3   13   2   6   0.0130565328
3   13   3   4   -0.0313711507
3   13   3   5   0.0260161454
3   14   1   6   -0.0130565332
3   14   2   6   -0.0157440108
3   14   3   4   -0.0260161429
3   14   3   5   -0.0313711487
4   8   1   4   0.0000000000
4   8   1   5   -0.0000000003
4   8   2   4   -0.0000000003
4   8   2   5   0.0000000000
4   8   3   6   -0.0000000010
4   9   1   4   0.0136857258
4   9   1   5   -0.0000000000
4   9   2   4   -0.0000000000
4   9   2   5   0.0136857258
4   9   3   6   -0.0012171286
4   10   1   4   0.0000000009
4   10   1   5   -0.0000000000
4   10   2   4   -0.0000000000
4   10   2   5   0.0000000009
4   10   3   6   -0.0000000034
4   11   1   4   0.0688641312
4   11   1   5   -0.0000000003
4   11   2   4   -0.0000000003
4   11   2   5   0.0688641312
4   11   3   6   0.0251988657
4   12   1   4   0.0000000006
4   12   1   5   -0.0000000008
4   12   2   4   -0.0000000008
4   12   2   5   0.0000000006
4   12   3   6   0.0000000350
4   13   1   6   -0.0000000033
4   13   2   6   0.0000000032
4   13   3   4   -0.0000000047
4   13   3   5   0.0000000052
4   14   1   6   -0.0000000003
4   14   2   6   -0.0000000010
4   14   3   4   0.0000000027
4   14   3   5   0.0000000017
5   8   1   4   -0.0060207981
5   8   1   5   0.0000000001
5   8   2   4   0.0000000001
5   8   2   5   -0.0060207981
5   8   3   6   0.0005422845
5   9   1   4   -0.0000000000
5   9   1   5   0.0000000001
5   9   2   4   0.0000000001
5   9   2   5   -0.0000000000
5   9   3   6   -0.0000000008
5   10   1   4   0.0198981410
5   10   1   5   0.0000000000
5   10   2   4   0.0000000000
5   10   2   5   0.0198981410
5   10   3   6   -0.0002443744
5   11   1   4   0.0000000006
5   11   1   5   -0.0000000008
5   11   2   4   -0.0000000008
5   11   2   5   0.0000000006
5   11   3   6   0.0000000350
5   12   1   4   0.0366685026
5   12   1   5   -0.0000000006
5   12   2   4   -0.0000000006
5   12   2   5   0.0366685026
5   12   3   6   0.0194226748
5   13   1   6   -0.0055792493
5   13   2   6   0.0046268800
5   13   3   4   0.0075683287
5   13   3   5   -0.0062764286
5   14   1   6   -0.0046268817
5   14   2   6   -0.0055792506
5   14   3   4   0.0062764185
5   14   3   5   0.0075683205
6   8   1   6   -0.0006303343
6   8   2   6   0.0005227373
6   8   3   4   0.0046612032
6   8   3   5   -0.0038655432
6   9   1   6   0.0000000007
6   9   2   6   -0.0000000007
6   9   3   4   0.0000000005
6   9   3   5   -0.0000000005
6   10   1   6   -0.0313711507
6   10   2   6   0.0260161454
6   10   3   4   -0.0157440106
6   10   3   5   0.0130565328
6   11   1   6   -0.0000000047
6   11   2   6   0.0000000052
6   11   3   4   -0.0000000033
6   11   3   5   0.0000000032
6   12   1   6   0.0075683287
6   12   2   6   -0.0062764286
6   12   3   4   -0.0055792493
6   12   3   5   0.0046268800
6   13   1   4   0.0812896516
6   13   1   5   -0.0528036191
6   13   2   4   -0.0528036191
6   13   2   5   0.0614073765
6   13   3   6   0.0110145237
6   14   1   4   0.0528036285
6   14   1   5   0.0481209146
6   14   2   4   -0.0282386436
6   14   2   5   -0.0528036286
6   14   3   6   0.0000000006
7   8   1   6   -0.0005227372
7   8   2   6   -0.0006303343
7   8   3   4   0.0038655432
7   8   3   5   0.0046612032
7   9   1   6   0.0000000002
7   9   2   6   0.0000000003
7   9   3   4   0.0000000000
7   9   3   5   0.0000000001
7   10   1   6   -0.0260161429
7   10   2   6   -0.0313711487
7   10   3   4   -0.0130565332
7   10   3   5   -0.0157440108
7   11   1   6   0.0000000027
7   11   2   6   0.0000000017
7   11   3   4   -0.0000000003
7   11   3   5   -0.0000000010
7   12   1   6   0.0062764185
7   12   2   6   0.0075683205
7   12   3   4   -0.0046268817
7   12   3   5   -0.0055792506
7   13   1   4   0.0528036285
7   13   1   5   -0.0282386436
7   13   2   4   0.0481209146
7   13   2   5   -0.0528036286
7   13   3   6   0.0000000006
7   14   1   4   0.0614073758
7   14   1   5   0.0528036187
7   14   2   4   0.0528036187
7   14   2   5   0.0812896509
7   14   3   6   0.0110145299

End IJAB Block
Begin IJKL Block
1   8   1   8   2.2774319784
1   8   1   9   -0.0000000004
1   8   1   10   0.1922895278
1   8   1   11   -0.0000000000
1   8   1   12   0.0692278386
1   8   2   8   -0.0000000004
1   8   2   9   1.8368699392
1   8   2   10   -0.0000000000
1   8   2   11   -0.1839871583
1   8   2   12   0.0000000007
1   8   3   8   0.1922895278
1   8   3   9   -0.0000000000
1   8   3   10   0.0303268276
1   8   3   11   0.0000000015
1   8   3   12   0.0034877932
1   8   4   8   -0.0000000000
1   8   4   9   -0.1839871583
1   8   4   10   0.0000000015
1   8   4   11   0.0275116288
1   8   4   12   0.0000000004
1   8   5   8   0.0692278386
1   8   5   9   0.0000000007
1   8   5   10   0.0034877932
1   8   5   11   0.0000000004
1   8   5   12   0.0148741706
1   8   6   13   0.0102149520
1   8   6   14   0.0000000000
1   8   7   13   0.0000000000
1   8   7   14   0.0102149520
1   9   1   8   -0.0000000004
1   9   1   9   2.2781671734
1   9   1   10   -0.0000000000
1   9   1   11   -0.1897937262
1   9   1   12   0.0000000005
1   9   2   8   1.8370224512
1   9   2   9   -0.0000000005
1   9   2   10   0.1998450435
1   9   2   11   -0.0000000001
1   9   2   12   0.0553898440
1   9   3   8   0.0000000000
1   9   3   9   0.1924042223
1   9   3   10   -0.0000000012
1   9   3   11   -0.0244837975
1   9   3   12   -0.0000000008
1   9   4   8   -0.1839986054
1   9   4   9   -0.0000000001
1   9   4   10   -0.0246873932
1   9   4   11   -0.0000000014
1   9   4   12   -0.0132036405
1   9   5   8   0.0000000006
1   9   5   9   0.0692350090
1   9   5   10   -0.0000000009
1   9   5   11   -0.0135714280
1   9   5   12   -0.0000000000
1   9   6   13   0.0000000001
1   9   6   14   -0.0000000000
1   9   7   13   -0.0000000000
1   9   7   14   0.0000000000
1   10   1   8   0.1922895278
1   10   1   9   -0.0000000000
1   10   1   10   0.7902522494
1   10   1   11   0.0000000007
1   10   1   12   -0.0877335819
1   10   2   8   0.0000000000
1   10   2   9   0.1998412992
1   10   2   10   0.0000000001
1   10   2   11   -0.1948826286
1   10   2   12   0.0000000008
1   10   3   8   0.0331122106
1   10   3   9   0.0000000001
1   10   3   10   -0.0023039046
1   10   3   11   -0.0000000000
1   10   3   12   0.0074370807
1   10   4   8   -0.0000000000
1   10   4   9   -0.0261517987
1   10   4   10   -0.0000000000
1   10   4   11   0.0048074971
1   10   4   12   0.0000000003
1   10   5   8   0.0027536645
1   10   5   9   0.0000000001
1   10   5   10   0.0263637213
1   10   5   11   0.0000000001
1   10   5   12   -0.0155558894
1   10   6   13   -0.0151498729
1   10   6   14   -0.0000000000
1   10   7   13   -0.0000000000
1   10   7   14   -0.0151498729
1   11   1   8   -0.0000000000
1   11   1   9   -0.1897937262
1   11   1   10   0.0000000007
1   11   1   11   0.6598326714
1   11   1   12   -0.0000000003
1   11   2   8   -0.1839986054
1   11   2   9   -0.0000000000
1   11   2   10   -0.1949069165
1   11   2   11   0.0000000003
1   11   2   12   -0.2441736508
1   11   3   8   -0.0000000000
1   11   3   9   -0.0259704711
1   11   3   10   -0.0000000001
1   11   3   11   0.0122180972
1   11   3   12   0.0000000001
1   11   4   8   0.0300133771
1   11   4   9   0.0000000001
1   11   4   10   0.0045749932
1   11   4   11   0.0000000002
1   11   4   12   -0.0018745252
1   11   5   8   -0.0000000001
1   11   5   9   -0.0151387799
1   11   5   10   0.0000000002
1   11   5   11   -0.0046531338
1   11   5   12   -0.0000000001
1   11   6   13   -0.0000000001
1   11   6   14   0.0000000000
1   11   7   13   0.0000000000
1   11   7   14   0.0000000001
1   12   1   8   0.0692278386
1   12   1   9   0.0000000005
1   12   1   10   -0.0877335819
1   12   1   11   -0.0000000003
1   12   1   12   0.6838045350
1   12   2   8   0.0000000006
1   12   2   9   0.0553850271
1   12   2   10   0.0000000008
1   12   2   11   -0.2441779361
1   12   2   12   -0.0000000020
1   12   3   8   0.0027536645
1   12   3   9   0.0000000002
1   12   3   10   0.0077158604
1   12   3   11   0.0000000000
1   12   3   12   0.0080466393
1   12   4   8   -0.0000000001
1   12   4   9   -0.0147761219
1   12   4   10   0.0000000003
1   12   4   11   -0.0020451999
1   12   4   12   -0.0000000002
1   12   5   8   0.0178755001
1   12   5   9   -0.0000000001
1   12   5   10   -0.0159570125
1   12   5   11   -0.0000000002
1   12   5   12   -0.0004941733
1   12   6   13   -0.0034253623
1   12   7   14   -0.0034253623
1   13   1   13   0.6718095705
1   13   1   14   0.0000000001
1   13   2   13   0.0000000021
1   13   2   14   -0.0000000000
1   13   3   13   0.0017126034
1   13   3   14   0.0000000000
1   13   4   13   0.0000000009
1   13   4   14   -0.0000000001
1   13   5   13   0.0096847970
1   13   5   14   0.0000000000
1   13   6   8   0.0131542677
1   13   6   9   -0.0000000001
1   13   6   10   -0.0158581896
1   13   6   11   -0.0000000001
1   13   6   12   -0.0038123683
1   13   7   8   0.0000000000
1   13   7   9   0.0000000000
1   13   7   10   -0.0000000000
1   13   7   11   0.0000000000
1   13   7   12   -0.0000000000
1   14   1   13   0.0000000001
1   14   1   14   0.6718095713
1   14   2   13   -0.0000000000
1   14   2   14   0.0000000019
1   14   3   13   0.0000000000
1   14   3   14   0.0017126036
1   14   4   13   -0.0000000001
1   14   4   14   0.0000000000
1   14   5   13   0.0000000000
1   14   5   14   0.0096847971
1   14   6   8   0.0000000000
1   14   6   9   0.0000000000
1   14   6   10   -0.0000000000
1   14   6   11   0.0000000000
1   14   6   12   -0.0000000000
1   14   7   8   0.0131542677
1   14   7   9   -0.0000000000
1   14   7   10   -0.0158581896
1   14   7   11   -0.0000000000
1   14   7   12   -0.0038123684
2   8   1   8   -0.0000000004
2   8   1   9   1.8370224512
2   8   1   10   0.0000000000
2   8   1   11   -0.1839986054
2   8   1   12   0.0000000006
2   8   2   8   2.2781671734
2   8   2   9   -0.0000000005
2   8   2   10   0.1924042223
2   8   2   11   -0.0000000001
2   8   2   12   0.0692350090
2   8   3   8   -0.0000000000
2   8   3   9   0.1998450435
2   8   3   10   -0.0000000012
2   8   3   11   -0.0246873932
2   8   3   12   -0.0000000009
2   8   4   8   -0.1897937262
2   8   4   9   -0.0000000001
2   8   4   10   -0.0244837975
2   8   4   11   -0.0000000014
2   8   4   12   -0.0135714280
2   8   5   8   0.0000000005
2   8   5   9   0.0553898440
2   8   5   10   -0.0000000008
2   8   5   11   -0.0132036405
2   8   5   12   -0.0000000000
2   8   6   13   0.0000000001
2   8   6   14   -0.0000000000
2   8   7   13   -0.0000000000
2   8   7   14   0.0000000000
2   9   1   8   1.8368699392
2   9   1   9   -0.0000000005
2   9   1   10   0.1998412992
2   9   1   11   -0.0000000000
2   9   1   12   0.0553850271
2   9   2   8   -0.0000000005
2   9   2   9   2.2786009531
2   9   2   10   -0.0000000000
2   9   2   11   -0.1898424537
2   9   2   12   0.0000000006
2   9   3   8   0.1998412992
2   9   3   9   -0.0000000000
2   9   3   10   0.0300723213
2   9   3   11   0.0000000015
2   9   3   12   0.0039822238
2   9   4   8   -0.0000000000
2   9   4   9   -0.1898424537
2   9   4   10   0.0000000015
2   9   4   11   0.0276694118
2   9   4   12   0.0000000004
2   9   5   8   0.0553850271
2   9   5   9   0.0000000006
2   9   5   10   0.0039822238
2   9   5   11   0.0000000004
2   9   5   12   0.0139476381
2   9   6   13   0.0097565836
2   9   6   14   0.0000000000
2   9   7   13   0.0000000000
2   9   7   14   0.0097565837
2   10   1   8   -0.0000000000
2   10   1   9   0.1998450435
2   10   1   10   0.0000000001
2   10   1   11   -0.1949069165
2   10   1   12   0.0000000008
2   10   2   8   0.1924042223
2   10   2   9   -0.0000000000
2   10   2   10   0.7902029950
2   10   2   11   0.0000000007
2   10   2   12   -0.0876699555
2   10   3   8   0.0000000001
2   10   3   9   0.0329161894
2   10   3   10   -0.0000000001
2   10   3   11   -0.0085631562
2   10   3   12   -0.0000000003
2   10   4   8   -0.0259704711
2   10   4   9   -0.0000000001
2   10   4   10   -0.0184646314
2   10   4   11   -0.0000000001
2   10   4   12   0.0066342102
2   10   5   8   0.0000000002
2   10   5   9   0.0032267741
2   10   5   10   -0.0000000001
2   10   5   11   0.0016447922
2   10   5   12   -0.0000000001
2   10   6   13   0.0000000002
2   10   6   14   -0.0000000000
2   10   7   13   -0.0000000000
2   10   7   14   -0.0000000001
2   11   1   8   -0.1839871583
2   11   1   9   -0.0000000001
2   11   1   10   -0.1948826286
2   11   1   11   0.0000000003
2   11   1   12   -0.2441779361
2   11   2   8   -0.0000000001
2   11   2   9   -0.1898424537
2   11   2   10   0.0000000007
2   11   2   11   0.6598758422
2   11   2   12   -0.0000000003
2   11   3   8   -0.0261517987
2   11   3   9   -0.0000000001
2   11   3   10   -0.0090467435
2   11   3   11   -0.0000000002
2   11   3   12   -0.0131833561
2   11   4   8   0.0000000001
2   11   4   9   0.0301685158
2   11   4   10   -0.0000000001
2   11   4   11   -0.0050847897
2   11   4   12   -0.0000000001
2   11   5   8   -0.0147761219
2   11   5   9   -0.0000000001
2   11   5   10   0.0018664781
2   11   5   11   -0.0000000001
2   11   5   12   0.0147701973
2   11   6   13   0.0103595718
2   11   7   14   0.0103595718
2   12   1   8   0.0000000007
2   12   1   9   0.0553898440
2   12   1   10   0.0000000008
2   12   1   11   -0.2441736508
2   12   1   12   -0.0000000020
2   12   2   8   0.0692350090
2   12   2   9   0.0000000006
2   12   2   10   -0.0876699555
2   12   2   11   -0.0000000003
2   12   2   12   0.6838078966
2   12   3   8   0.0000000001
2   12   3   9   0.0032267741
2   12   3   10   -0.0000000002
2   12   3   11   -0.0133974518
2   12   3   12   -0.0000000001
2   12   4   8   -0.0151387799
2   12   4   9   -0.0000000001
2   12   4   10   0.0066485957
2   12   4   11   0.0000000000
2   12   4   12   -0.0056968874
2   12   5   8   -0.0000000001
2   12   5   9   0.0169745090
2   12   5   10   -0.0000000000
2   12   5   11   0.0149014732
2   12   5   12   0.0000000003
2   12   6   13   -0.0000000001
2   12   6   14   0.0000000000
2   12   7   13   0.0000000000
2   12   7   14   0.0000000001
2   13   1   13   0.0000000021
2   13   1   14   -0.0000000000
2   13   2   13   0.6717862619
2   13   2   14   0.0000000001
2   13   3   13   -0.0000000010
2   13   3   14   0.0000000001
2   13   4   13   -0.0086347916
2   13   4   14   -0.0000000000
2   13   5   13   -0.0000000002
2   13   5   14   0.0000000000
2   13   6   8   -0.0000000001
2   13   6   9   0.0127037690
2   13   6   10   0.0000000002
2   13   6   11   0.0110360947
2   13   6   12   -0.0000000001
2   13   7   8   0.0000000000
2   13   7   9   0.0000000000
2   13   7   10   -0.0000000000
2   13   7   11   0.0000000000
2   13   7   12   0.0000000000
2   14   1   13   -0.0000000000
2   14   1   14   0.0000000019
2   14   2   13   0.0000000001
2   14   2   14   0.6717862628
2   14   3   13   0.0000000001
2   14   3   14   -0.0000000002
2   14   4   13   -0.0000000000
2   14   4   14   -0.0086347919
2   14   5   13   0.0000000000
2   14   5   14   0.0000000001
2   14   6   8   0.0000000000
2   14   6   9   0.0000000000
2   14   6   10   -0.0000000000
2   14   6   11   0.0000000000
2   14   6   12   0.0000000000
2   14   7   8   -0.0000000000
2   14   7   9   0.0127037690
2   14   7   10   -0.0000000000
2   14   7   11   0.0110360948
2   14   7   12   0.0000000001
3   8   1   8   0.1922895278
3   8   1   9   0.0000000000
3   8   1   10   0.0331122106
3   8   1   11   -0.0000000000
3   8   1   12   0.0027536645
3   8   2   8   -0.0000000000
3   8   2   9   0.1998412992
3   8   2   10   0.0000000001
3   8   2   11   -0.0261517987
3   8   2   12   0.0000000001
3   8   3   8   0.7902522494
3   8   3   9   0.0000000001
3   8   3   10   -0.0023039046
3   8   3   11   -0.0000000000
3   8   3   12   0.0263637213
3   8   4   8   0.0000000007
3   8   4   9   -0.1948826286
3   8   4   10   -0.0000000000
3   8   4   11   0.0048074971
3   8   4   12   0.0000000001
3   8   5   8   -0.0877335819
3   8   5   9   0.0000000008
3   8   5   10   0.0074370807
3   8   5   11   0.0000000003
3   8   5   12   -0.0155558894
3   8   6   13   -0.0151498729
3   8   6   14   -0.0000000000
3   8   7   13   -0.0000000000
3   8   7   14   -0.0151498729
3   9   1   8   -0.0000000000
3   9   1   9   0.1924042223
3   9   1   10   0.0000000001
3   9   1   11   -0.0259704711
3   9   1   12   0.0000000002
3   9   2   8   0.1998450435
3   9   2   9   -0.0000000000
3   9   2   10   0.0329161894
3   9   2   11   -0.0000000001
3   9   2   12   0.0032267741
3   9   3   8   0.0000000001
3   9   3   9   0.7902029950
3   9   3   10   -0.0000000001
3   9   3   11   -0.0184646314
3   9   3   12   -0.0000000001
3   9   4   8   -0.1949069165
3   9   4   9   0.0000000007
3   9   4   10   -0.0085631562
3   9   4   11   -0.0000000001
3   9   4   12   0.0016447922
3   9   5   8   0.0000000008
3   9   5   9   -0.0876699555
3   9   5   10   -0.0000000003
3   9   5   11   0.0066342102
3   9   5   12   -0.0000000001
3   9   6   13   0.0000000002
3   9   6   14   -0.0000000000
3   9   7   13   -0.0000000000
3   9   7   14   -0.0000000001
3   10   1   8   0.0303268276
3   10   1   9   -0.0000000012
3   10   1   10   -0.0023039046
3   10   1   11   -0.0000000001
3   10   1   12   0.0077158604
3   10   2   8   -0.0000000012
3   10   2   9   0.0300723213
3   10   2   10   -0.0000000001
3   10   2   11   -0.0090467435
3   10   2   12   -0.0000000002
3   10   3   8   -0.0023039046
3   10   3   9   -0.0000000001
3   10   3   10   0.7457040155
3   10   3   11   0.0000000025
3   10   3   12   -0.1293927973
3   10   4   8   -0.0000000001
3   10   4   9   -0.0090467435
3   10   4   10   0.0000000025
3   10   4   11   0.0656760432
3   10   4   12   -0.0000000005
3   10   5   8   0.0077158604
3   10   5   9   -0.0000000002
3   10   5   10   -0.1293927973
3   10   5   11   -0.0000000005
3   10   5   12   0.0636253136
3   10   6   13   0.0844986520
3   10   6   14   -0.0000000000
3   10   7   13   -0.0000000000
3   10   7   14   0.0844986519
3   11   1   8   0.0000000015
3   11   1   9   -0.0244837975
3   11   1   10   -0.0000000000
3   11   1   11   0.0122180972
3   11   1   12   0.0000000000
3   11   2   8   -0.0246873932
3   11   2   9   0.0000000015
3   11   2   10   -0.0085631562
3   11   2   11   -0.0000000002
3   11   2   12   -0.0133974518
3   11   3   8   -0.0000000000
3   11   3   9   -0.0184646314
3   11   3   10   0.0000000025
3   11   3   11   0.5080774146
3   11   3   12   -0.0000000009
3   11   4   8   0.0045749932
3   11   4   9   -0.0000000001
3   11   4   10   0.0692754180
3   11   4   11   0.0000000005
3   11   4   12   0.0960356401
3   11   5   8   0.0000000003
3   11   5   9   0.0066485957
3   11   5   10   -0.0000000007
3   11   5   11   -0.0067407261
3   11   5   12   0.0000000006
3   11   6   13   0.0000000000
3   11   6   14   -0.0000000001
3   11   7   13   -0.0000000001
3   11   7   14   -0.0000000010
3   12   1   8   0.0034877932
3   12   1   9   -0.0000000008
3   12   1   10   0.0074370807
3   12   1   11   0.0000000001
3   12   1   12   0.0080466393
3   12   2   8   -0.0000000009
3   12   2   9   0.0039822238
3   12   2   10   -0.0000000003
3   12   2   11   -0.0131833561
3   12   2   12   -0.0000000001
3   12   3   8   0.0263637213
3   12   3   9   -0.0000000001
3   12   3   10   -0.1293927973
3   12   3   11   -0.0000000009
3   12   3   12   0.5485256576
3   12   4   8   0.0000000002
3   12   4   9   0.0018664781
3   12   4   10   -0.0000000007
3   12   4   11   0.0977634683
3   12   4   12   0.0000000003
3   12   5   8   -0.0159570125
3   12   5   9   -0.0000000000
3   12   5   10   0.0673158825
3   12   5   11   0.0000000006
3   12   5   12   -0.0313852978
3   12   6   13   0.0096736585
3   12   6   14   0.0000000000
3   12   7   13   0.0000000000
3   12   7   14   0.0096736586
3   13   1   13   0.0017126034
3   13   1   14   0.0000000000
3   13   2   13   -0.0000000010
3   13   2   14   0.0000000001
3   13   3   13   0.5957156919
3   13   3   14   0.0000000003
3   13   4   13   0.0000000022
3   13   4   14   -0.0000000000
3   13   5   13   -0.0577135153
3   13   5   14   0.0000000000
3   13   6   8   -0.0158581896
3   13   6   9   0.0000000002
3   13   6   10   0.0879125662
3   13   6   11   0.0000000003
3   13   6   12   0.0097952695
3   13   7   8   -0.0000000000
3   13   7   9   -0.0000000000
3   13   7   10   0.0000000000
3   13   7   11   -0.0000000001
3   13   7   12   0.0000000000
3   14   1   13   0.0000000000
3   14   1   14   0.0017126036
3   14   2   13   0.0000000001
3   14   2   14   -0.0000000002
3   14   3   13   0.0000000003
3   14   3   14   0.5957156945
3   14   4   13   -0.0000000000
3   14   4   14   0.0000000021
3   14   5   13   0.0000000000
3   14   5   14   -0.0577135150
3   14   6   8   -0.0000000000
3   14   6   9   -0.0000000000
3   14   6   10   0.0000000000
3   14   6   11   -0.0000000001
3   14   6   12   0.0000000000
3   14   7   8   -0.0158581896
3   14   7   9   -0.0000000000
3   14   7   10   0.0879125665
3   14   7   11   -0.0000000010
3   14   7   12   0.0097952699
4   8   1   8   -0.0000000000
4   8   1   9   -0.1839986054
4   8   1   10   -0.0000000000
4   8   1   11   0.0300133771
4   8   1   12   -0.0000000001
4   8   2   8   -0.1897937262
4   8   2   9   -0.0000000000
4   8   2   10   -0.0259704711
4   8   2   11   0.0000000001
4   8   2   12   -0.0151387799
4   8   3   8   0.0000000007
4   8   3   9   -0.1949069165
4   8   3   10   -0.0000000001
4   8   3   11   0.0045749932
4   8   3   12   0.0000000002
4   8   4   8   0.6598326714
4   8   4   9   0.0000000003
4   8   4   10   0.0122180972
4   8   4   11   0.0000000002
4   8   4   12   -0.0046531338
4   8   5   8   -0.0000000003
4   8   5   9   -0.2441736508
4   8   5   10   0.0000000001
4   8   5   11   -0.0018745252
4   8   5   12   -0.0000000001
4   8   6   13   -0.0000000001
4   8   6   14   0.0000000000
4   8   7   13   0.0000000000
4   8   7   14   0.0000000001
4   9   1   8   -0.1839871583
4   9   1   9   -0.0000000001
4   9   1   10   -0.0261517987
4   9   1   11   0.0000000001
4   9   1   12   -0.0147761219
4   9   2   8   -0.0000000001
4   9   2   9   -0.1898424537
4   9   2   10   -0.0000000001
4   9   2   11   0.0301685158
4   9   2   12   -0.0000000001
4   9   3   8   -0.1948826286
4   9   3   9   0.0000000007
4   9   3   10   -0.0090467435
4   9   3   11   -0.0000000001
4   9   3   12   0.0018664781
4   9   4   8   0.0000000003
4   9   4   9   0.6598758422
4   9   4   10   -0.0000000002
4   9   4   11   -0.0050847897
4   9   4   12   -0.0000000001
4   9   5   8   -0.2441779361
4   9   5   9   -0.0000000003
4   9   5   10   -0.0131833561
4   9   5   11   -0.0000000001
4   9   5   12   0.0147701973
4   9   6   13   0.0103595718
4   9   7   14   0.0103595718
4   10   1   8   0.0000000015
4   10   1   9   -0.0246873932
4   10   1   10   -0.0000000000
4   10   1   11   0.0045749932
4   10   1   12   0.0000000003
4   10   2   8   -0.0244837975
4   10   2   9   0.0000000015
4   10   2   10   -0.0184646314
4   10   2   11   -0.0000000001
4   10   2   12   0.0066485957
4   10   3   8   -0.0000000000
4   10   3   9   -0.0085631562
4   10   3   10   0.0000000025
4   10   3   11   0.0692754180
4   10   3   12   -0.0000000007
4   10   4   8   0.0122180972
4   10   4   9   -0.0000000002
4   10   4   10   0.5080774146
4   10   4   11   0.0000000005
4   10   4   12   -0.0067407261
4   10   5   8   0.0000000000
4   10   5   9   -0.0133974518
4   10   5   10   -0.0000000009
4   10   5   11   0.0960356401
4   10   5   12   0.0000000006
4   10   6   13   0.0000000000
4   10   6   14   -0.0000000001
4   10   7   13   -0.0000000001
4   10   7   14   -0.0000000010
4   11   1   8   0.0275116288
4   11   1   9   -0.0000000014
4   11   1   10   0.0048074971
4   11   1   11   0.0000000002
4   11   1   12   -0.0020451999
4   11   2   8   -0.0000000014
4   11   2   9   0.0276694118
4   11   2   10   -0.0000000001
4   11   2   11   -0.0050847897
4   11   2   12   0.0000000000
4   11   3   8   0.0048074971
4   11   3   9   -0.0000000001
4   11   3   10   0.0656760432
4   11   3   11   0.0000000005
4   11   3   12   0.0977634683
4   11   4   8   0.0000000002
4   11   4   9   -0.0050847897
4   11   4   10   0.0000000005
4   11   4   11   0.5156948372
4   11   4   12   0.0000000004
4   11   5   8   -0.0020451999
4   11   5   9   0.0000000000
4   11   5   10   0.0977634683
4   11   5   11   0.0000000004
4   11   5   12   0.1811413098
4   11   6   13   0.0379175715
4   11   6   14   -0.0000000000
4   11   7   13   -0.0000000000
4   11   7   14   0.0379175713
4   12   1   8   0.0000000004
4   12   1   9   -0.0132036405
4   12   1   10   0.0000000003
4   12   1   11   -0.0018745252
4   12   1   12   -0.0000000002
4   12   2   8   -0.0135714280
4   12   2   9   0.0000000004
4   12   2   10   0.0066342102
4   12   2   11   -0.0000000001
4   12   2   12   -0.0056968874
4   12   3   8   0.0000000001
4   12   3   9   0.0016447922
4   12   3   10   -0.0000000005
4   12   3   11   0.0960356401
4   12   3   12   0.0000000003
4   12   4   8   -0.0046531338
4   12   4   9   -0.0000000001
4   12   4   10   -0.0067407261
4   12   4   11   0.0000000004
4   12   4   12   0.5161754803
4   12   5   8   -0.0000000002
4   12   5   9   0.0149014732
4   12   5   10   0.0000000006
4   12   5   11   0.1809778644
4   12   5   12   0.0000000005
4   12   6   13   -0.0000000006
4   12   6   14   0.0000000001
4   12   7   13   0.0000000001
4   12   7   14   -0.0000000001
4   13   1   13   0.0000000009
4   13   1   14   -0.0000000001
4   13   2   13   -0.0086347916
4   13   2   14   -0.0000000000
4   13   3   13   0.0000000022
4   13   3   14   -0.0000000000
4   13   4   13   0.4807751240
4   13   4   14   0.0000000002
4   13   5   13   0.0000000015
4   13   5   14   -0.0000000001
4   13   6   8   -0.0000000001
4   13   6   9   0.0110360947
4   13   6   10   0.0000000003
4   13   6   11   0.0413655132
4   13   6   12   -0.0000000005
4   13   7   8   0.0000000000
4   13   7   9   0.0000000000
4   13   7   10   -0.0000000001
4   13   7   11   0.0000000000
4   13   7   12   0.0000000000
4   14   1   13   -0.0000000001
4   14   1   14   0.0000000000
4   14   2   13   -0.0000000000
4   14   2   14   -0.0086347919
4   14   3   13   -0.0000000000
4   14   3   14   0.0000000021
4   14   4   13   0.0000000002
4   14   4   14   0.4807751257
4   14   5   13   -0.0000000001
4   14   5   14   0.0000000005
4   14   6   8   0.0000000000
4   14   6   9   0.0000000000
4   14   6   10   -0.0000000001
4   14   6   11   0.0000000000
4   14   6   12   0.0000000000
4   14   7   8   -0.0000000000
4   14   7   9   0.0110360948
4   14   7   10   -0.0000000010
4   14   7   11   0.0413655133
4   14   7   12   -0.0000000002
5   8   1   8   0.0692278386
5   8   1   9   0.0000000006
5   8   1   10   0.0027536645
5   8   1   11   -0.0000000001
5   8   1   12   0.0178755001
5   8   2   8   0.0000000005
5   8   2   9   0.0553850271
5   8   2   10   0.0000000002
5   8   2   11   -0.0147761219
5   8   2   12   -0.0000000001
5   8   3   8   -0.0877335819
5   8   3   9   0.0000000008
5   8   3   10   0.0077158604
5   8   3   11   0.0000000003
5   8   3   12   -0.0159570125
5   8   4   8   -0.0000000003
5   8   4   9   -0.2441779361
5   8   4   10   0.0000000000
5   8   4   11   -0.0020451999
5   8   4   12   -0.0000000002
5   8   5   8   0.6838045350
5   8   5   9   -0.0000000020
5   8   5   10   0.0080466393
5   8   5   11   -0.0000000002
5   8   5   12   -0.0004941733
5   8   6   13   -0.0034253623
5   8   7   14   -0.0034253623
5   9   1   8   0.0000000007
5   9   1   9   0.0692350090
5   9   1   10   0.0000000001
5   9   1   11   -0.0151387799
5   9   1   12   -0.0000000001
5   9   2   8   0.0553898440
5   9   2   9   0.0000000006
5   9   2   10   0.0032267741
5   9   2   11   -0.0000000001
5   9   2   12   0.0169745090
5   9   3   8   0.0000000008
5   9   3   9   -0.0876699555
5   9   3   10   -0.0000000002
5   9   3   11   0.0066485957
5   9   3   12   -0.0000000000
5   9   4   8   -0.2441736508
5   9   4   9   -0.0000000003
5   9   4   10   -0.0133974518
5   9   4   11   0.0000000000
5   9   4   12   0.0149014732
5   9   5   8   -0.0000000020
5   9   5   9   0.6838078966
5   9   5   10   -0.0000000001
5   9   5   11   -0.0056968874
5   9   5   12   0.0000000003
5   9   6   13   -0.0000000001
5   9   6   14   0.0000000000
5   9   7   13   0.0000000000
5   9   7   14   0.0000000001
5   10   1   8   0.0034877932
5   10   1   9   -0.0000000009
5   10   1   10   0.0263637213
5   10   1   11   0.0000000002
5   10   1   12   -0.0159570125
5   10   2   8   -0.0000000008
5   10   2   9   0.0039822238
5   10   2   10   -0.0000000001
5   10   2   11   0.0018664781
5   10   2   12   -0.0000000000
5   10   3   8   0.0074370807
5   10   3   9   -0.0000000003
5   10   3   10   -0.1293927973
5   10   3   11   -0.0000000007
5   10   3   12   0.0673158825
5   10   4   8   0.0000000001
5   10   4   9   -0.0131833561
5   10   4   10   -0.0000000009
5   10   4   11   0.0977634683
5   10   4   12   0.0000000006
5   10   5   8   0.0080466393
5   10   5   9   -0.0000000001
5   10   5   10   0.5485256576
5   10   5   11   0.0000000003
5   10   5   12   -0.0313852978
5   10   6   13   0.0096736585
5   10   6   14   0.0000000000
5   10   7   13   0.0000000000
5   10   7   14   0.0096736586
5   11   1   8   0.0000000004
5   11   1   9   -0.0135714280
5   11   1   10   0.0000000001
5   11   1   11   -0.0046531338
5   11   1   12   -0.0000000002
5   11   2   8   -0.0132036405
5   11   2   9   0.0000000004
5   11   2   10   0.0016447922
5   11   2   11   -0.0000000001
5   11   2   12   0.0149014732
5   11   3   8   0.0000000003
5   11   3   9   0.0066342102
5   11   3   10   -0.0000000005
5   11   3   11   -0.0067407261
5   11   3   12   0.0000000006
5   11   4   8   -0.0018745252
5   11   4   9   -0.0000000001
5   11   4   10   0.0960356401
5   11   4   11   0.0000000004
5   11   4   12   0.1809778644
5   11   5   8   -0.0000000002
5   11   5   9   -0.0056968874
5   11   5   10   0.0000000003
5   11   5   11   0.5161754803
5   11   5   12   0.0000000005
5   11   6   13   -0.0000000006
5   11   6   14   0.0000000001
5   11   7   13   0.0000000001
5   11   7   14   -0.0000000001
5   12   1   8   0.0148741706
5   12   1   9   -0.0000000000
5   12   1   10   -0.0155558894
5   12   1   11   -0.0000000001
5   12   1   12   -0.0004941733
5   12   2   8   -0.0000000000
5   12   2   9   0.0139476381
5   12   2   10   -0.0000000001
5   12   2   11   0.0147701973
5   12   2   12   0.0000000003
5   12   3   8   -0.0155558894
5   12   3   9   -0.0000000001
5   12   3   10   0.0636253136
5   12   3   11   0.0000000006
5   12   3   12   -0.0313852978
5   12   4   8   -0.0000000001
5   12   4   9   0.0147701973
5   12   4   10   0.0000000006
5   12   4   11   0.1811413098
5   12   4   12   0.0000000005
5   12   5   8   -0.0004941733
5   12   5   9   0.0000000003
5   12   5   10   -0.0313852978
5   12   5   11   0.0000000005
5   12   5   12   0.5379310117
5   12   6   13   0.0164009340
5   12   6   14   -0.0000000001
5   12   7   13   -0.0000000001
5   12   7   14   0.0164009330
5   13   1   13   0.0096847970
5   13   1   14   0.0000000000
5   13   2   13   -0.0000000002
5   13   2   14   0.0000000000
5   13   3   13   -0.0577135153
5   13   3   14   0.0000000000
5   13   4   13   0.0000000015
5   13   4   14   -0.0000000001
5   13   5   13   0.4894378562
5   13   5   14   0.0000000003
5   13   6   8   -0.0038123683
5   13   6   9   -0.0000000001
5   13   6   10   0.0097952695
5   13   6   11   -0.0000000005
5   13   6   12   0.0209102472
5   13   7   8   -0.0000000000
5   13   7   9   0.0000000000
5   13   7   10   0.0000000000
5   13   7   11   0.0000000000
5   13   7   12   -0.0000000000
5   14   1   13   0.0000000000
5   14   1   14   0.0096847971
5   14   2   13   0.0000000000
5   14   2   14   0.0000000001
5   14   3   13   0.0000000000
5   14   3   14   -0.0577135150
5   14   4   13   -0.0000000001
5   14   4   14   0.0000000005
5   14   5   13   0.0000000003
5   14   5   14   0.4894378587
5   14   6   8   -0.0000000000
5   14   6   9   0.0000000000
5   14   6   10   0.0000000000
5   14   6   11   0.0000000000
5   14   6   12   -0.0000000000
5   14   7   8   -0.0038123684
5   14   7   9   0.0000000001
5   14   7   10   0.0097952699
5   14   7   11   -0.0000000002
5   14   7   12   0.0209102469
6   8   1   13   0.0131542677
6   8   1   14   0.0000000000
6   8   2   13   -0.0000000001
6   8   2   14   0.0000000000
6   8   3   13   -0.0158581896
6   8   3   14   -0.0000000000
6   8   4   13   -0.0000000001
6   8   4   14   0.0000000000
6   8   5   13   -0.0038123683
6   8   5   14   -0.0000000000
6   8   6   8   0.6718095705
6   8   6   9   0.0000000021
6   8   6   10   0.0017126034
6   8   6   11   0.0000000009
6   8   6   12   0.0096847970
6   8   7   8   0.0000000001
6   8   7   9   -0.0000000000
6   8   7   10   0.0000000000
6   8   7   11   -0.0000000001
6   8   7   12   0.0000000000
6   9   1   13   -0.0000000001
6   9   1   14   0.0000000000
6   9   2   13   0.0127037690
6   9   2   14   0.0000000000
6   9   3   13   0.0000000002
6   9   3   14   -0.0000000000
6   9   4   13   0.0110360947
6   9   4   14   0.0000000000
6   9   5   13   -0.0000000001
6   9   5   14   0.0000000000
6   9   6   8   0.0000000021
6   9   6   9   0.6717862619
6   9   6   10   -0.0000000010
6   9   6   11   -0.0086347916
6   9   6   12   -0.0000000002
6   9   7   8   -0.0000000000
6   9   7   9   0.0000000001
6   9   7   10   0.0000000001
6   9   7   11   -0.0000000000
6   9   7   12   0.0000000000
6   10   1   13   -0.0158581896
6   10   1   14   -0.0000000000
6   10   2   13   0.0000000002
6   10   2   14   -0.0000000000
6   10   3   13   0.0879125662
6   10   3   14   0.0000000000
6   10   4   13   0.0000000003
6   10   4   14   -0.0000000001
6   10   5   13   0.0097952695
6   10   5   14   0.0000000000
6   10   6   8   0.0017126034
6   10   6   9   -0.0000000010
6   10   6   10   0.5957156919
6   10   6   11   0.0000000022
6   10   6   12   -0.0577135153
6   10   7   8   0.0000000000
6   10   7   9   0.0000000001
6   10   7   10   0.0000000003
6   10   7   11   -0.0000000000
6   10   7   12   0.0000000000
6   11   1   13   -0.0000000001
6   11   1   14   0.0000000000
6   11   2   13   0.0110360947
6   11   2   14   0.0000000000
6   11   3   13   0.0000000003
6   11   3   14   -0.0000000001
6   11   4   13   0.0413655132
6   11   4   14   0.0000000000
6   11   5   13   -0.0000000005
6   11   5   14   0.0000000000
6   11   6   8   0.0000000009
6   11   6   9   -0.0086347916
6   11   6   10   0.0000000022
6   11   6   11   0.4807751240
6   11   6   12   0.0000000015
6   11   7   8   -0.0000000001
6   11   7   9   -0.0000000000
6   11   7   10   -0.0000000000
6   11   7   11   0.0000000002
6   11   7   12   -0.0000000001
6   12   1   13   -0.0038123683
6   12   1   14   -0.0000000000
6   12   2   13   -0.0000000001
6   12   2   14   0.0000000000
6   12   3   13   0.0097952695
6   12   3   14   0.0000000000
6   12   4   13   -0.0000000005
6   12   4   14   0.0000000000
6   12   5   13   0.0209102472
6   12   5   14   -0.0000000000
6   12   6   8   0.0096847970
6   12   6   9   -0.0000000002
6   12   6   10   -0.0577135153
6   12   6   11   0.0000000015
6   12   6   12   0.4894378562
6   12   7   8   0.0000000000
6   12   7   9   0.0000000000
6   12   7   10   0.0000000000
6   12   7   11   -0.0000000001
6   12   7   12   0.0000000003
6   13   1   8   0.0102149520
6   13   1   9   0.0000000001
6   13   1   10   -0.0151498729
6   13   1   11   -0.0000000001
6   13   1   12   -0.0034253623
6   13   2   8   0.0000000001
6   13   2   9   0.0097565836
6   13   2   10   0.0000000002
6   13   2   11   0.0103595718
6   13   2   12   -0.0000000001
6   13   3   8   -0.0151498729
6   13   3   9   0.0000000002
6   13   3   10   0.0844986520
6   13   3   11   0.0000000000
6   13   3   12   0.0096736585
6   13   4   8   -0.0000000001
6   13   4   9   0.0103595718
6   13   4   10   0.0000000000
6   13   4   11   0.0379175715
6   13   4   12   -0.0000000006
6   13   5   8   -0.0034253623
6   13   5   9   -0.0000000001
6   13   5   10   0.0096736585
6   13   5   11   -0.0000000006
6   13   5   12   0.0164009340
6   13   6   13   0.5438555242
6   13   6   14   0.0000000011
6   13   7   13   0.0000000011
6   13   7   14   0.0153057058
6   14   1   8   0.0000000000
6   14   1   9   -0.0000000000
6   14   1   10   -0.0000000000
6   14   1   11   0.0000000000
6   14   2   8   -0.0000000000
6   14   2   9   0.0000000000
6   14   2   10   -0.0000000000
6   14   2   12   0.0000000000
6   14   3   8   -0.0000000000
6   14   3   9   -0.0000000000
6   14   3   10   -0.0000000000
6   14   3   11   -0.0000000001
6   14   3   12   0.0000000000
6   14   4   8   0.0000000000
6   14   4   10   -0.0000000001
6   14   4   11   -0.0000000000
6   14   4   12   0.0000000001
6   14   5   9   0.0000000000
6   14   5   10   0.0000000000
6   14   5   11   0.0000000001
6   14   5   12   -0.0000000001
6   14   6   13   0.0000000011
6   14   6   14   0.5094737680
6   14   7   13   0.0190760607
6   14   7   14   -0.0000000007
7   8   1   13   0.0000000000
7   8   1   14   0.0131542677
7   8   2   13   0.0000000000
7   8   2   14   -0.0000000000
7   8   3   13   -0.0000000000
7   8   3   14   -0.0158581896
7   8   4   13   0.0000000000
7   8   4   14   -0.0000000000
7   8   5   13   -0.0000000000
7   8   5   14   -0.0038123684
7   8   6   8   0.0000000001
7   8   6   9   -0.0000000000
7   8   6   10   0.0000000000
7   8   6   11   -0.0000000001
7   8   6   12   0.0000000000
7   8   7   8   0.6718095713
7   8   7   9   0.0000000019
7   8   7   10   0.0017126036
7   8   7   11   0.0000000000
7   8   7   12   0.0096847971
7   9   1   13   0.0000000000
7   9   1   14   -0.0000000000
7   9   2   13   0.0000000000
7   9   2   14   0.0127037690
7   9   3   13   -0.0000000000
7   9   3   14   -0.0000000000
7   9   4   13   0.0000000000
7   9   4   14   0.0110360948
7   9   5   13   0.0000000000
7   9   5   14   0.0000000001
7   9   6   8   -0.0000000000
7   9   6   9   0.0000000001
7   9   6   10   0.0000000001
7   9   6   11   -0.0000000000
7   9   6   12   0.0000000000
7   9   7   8   0.0000000019
7   9   7   9   0.6717862628
7   9   7   10   -0.0000000002
7   9   7   11   -0.0086347919
7   9   7   12   0.0000000001
7   10   1   13   -0.0000000000
7   10   1   14   -0.0158581896
7   10   2   13   -0.0000000000
7   10   2   14   -0.0000000000
7   10   3   13   0.0000000000
7   10   3   14   0.0879125665
7   10   4   13   -0.0000000001
7   10   4   14   -0.0000000010
7   10   5   13   0.0000000000
7   10   5   14   0.0097952699
7   10   6   8   0.0000000000
7   10   6   9   0.0000000001
7   10   6   10   0.0000000003
7   10   6   11   -0.0000000000
7   10   6   12   0.0000000000
7   10   7   8   0.0017126036
7   10   7   9   -0.0000000002
7   10   7   10   0.5957156945
7   10   7   11   0.0000000021
7   10   7   12   -0.0577135150
7   11   1   13   0.0000000000
7   11   1   14   -0.0000000000
7   11   2   13   0.0000000000
7   11   2   14   0.0110360948
7   11   3   13   -0.0000000001
7   11   3   14   -0.0000000010
7   11   4   13   0.0000000000
7   11   4   14   0.0413655133
7   11   5   13   0.0000000000
7   11   5   14   -0.0000000002
7   11   6   8   -0.0000000001
7   11   6   9   -0.0000000000
7   11   6   10   -0.0000000000
7   11   6   11   0.0000000002
7   11   6   12   -0.0000000001
7   11   7   8   0.0000000000
7   11   7   9   -0.0086347919
7   11   7   10   0.0000000021
7   11   7   11   0.4807751257
7   11   7   12   0.0000000005
7   12   1   13   -0.0000000000
7   12   1   14   -0.0038123684
7   12   2   13   0.0000000000
7   12   2   14   0.0000000001
7   12   3   13   0.0000000000
7   12   3   14   0.0097952699
7   12   4   13   0.0000000000
7   12   4   14   -0.0000000002
7   12   5   13   -0.0000000000
7   12   5   14   0.0209102469
7   12   6   8   0.0000000000
7   12   6   9   0.0000000000
7   12   6   10   0.0000000000
7   12   6   11   -0.0000000001
7   12   6   12   0.0000000003
7   12   7   8   0.0096847971
7   12   7   9   0.0000000001
7   12   7   10   -0.0577135150
7   12   7   11   0.0000000005
7   12   7   12   0.4894378587
7   13   1   8   0.0000000000
7   13   1   9   -0.0000000000
7   13   1   10   -0.0000000000
7   13   1   11   0.0000000000
7   13   2   8   -0.0000000000
7   13   2   9   0.0000000000
7   13   2   10   -0.0000000000
7   13   2   12   0.0000000000
7   13   3   8   -0.0000000000
7   13   3   9   -0.0000000000
7   13   3   10   -0.0000000000
7   13   3   11   -0.0000000001
7   13   3   12   0.0000000000
7   13   4   8   0.0000000000
7   13   4   10   -0.0000000001
7   13   4   11   -0.0000000000
7   13   4   12   0.0000000001
7   13   5   9   0.0000000000
7   13   5   10   0.0000000000
7   13   5   11   0.0000000001
7   13   5   12   -0.0000000001
7   13   6   13   0.0000000011
7   13   6   14   0.0190760607
7   13   7   13   0.5094737680
7   13   7   14   -0.0000000007
7   14   1   8   0.0102149520
7   14   1   9   0.0000000000
7   14   1   10   -0.0151498729
7   14   1   11   0.0000000001
7   14   1   12   -0.0034253623
7   14   2   8   0.0000000000
7   14   2   9   0.0097565837
7   14   2   10   -0.0000000001
7   14   2   11   0.0103595718
7   14   2   12   0.0000000001
7   14   3   8   -0.0151498729
7   14   3   9   -0.0000000001
7   14   3   10   0.0844986519
7   14   3   11   -0.0000000010
7   14   3   12   0.0096736586
7   14   4   8   0.0000000001
7   14   4   9   0.0103595718
7   14   4   10   -0.0000000010
7   14   4   11   0.0379175713
7   14   4   12   -0.0000000001
7   14   5   8   -0.0034253623
7   14   5   9   0.0000000001
7   14   5   10   0.0096736586
7   14   5   11   -0.0000000001
7   14   5   12   0.0164009330
7   14   6   13   0.0153057058
7   14   6   14   -0.0000000007
7   14   7   13   -0.0000000007
7   14   7   14   0.5438555278

End IJKL Block
Begin ABCD Block
1   4   1   4   0.4618232701
1   4   1   5   0.0000000006
1   4   2   4   0.0000000006
1   4   2   5   0.0172371833
1   4   3   6   0.0119886826
1   5   1   4   0.0000000006
1   5   1   5   0.4274031448
1   5   2   4   0.0171829410
1   5   2   5   0.0000000006
1   5   3   6   0.0000000001
1   6   1   6   0.2931774090
1   6   2   6   -0.0000000227
1   6   3   4   0.0120218091
1   6   3   5   -0.0000000003
2   4   1   4   0.0000000006
2   4   1   5   0.0171829410
2   4   2   4   0.4274031448
2   4   2   5   0.0000000006
2   4   3   6   0.0000000001
2   5   1   4   0.0172371833
2   5   1   5   0.0000000006
2   5   2   4   0.0000000006
2   5   2   5   0.4618232701
2   5   3   6   0.0119886826
2   6   1   6   -0.0000000227
2   6   2   6   0.2931774096
2   6   3   4   -0.0000000003
2   6   3   5   0.0120218091
3   4   1   6   0.0120218091
3   4   2   6   -0.0000000003
3   4   3   4   0.2931774090
3   4   3   5   -0.0000000227
3   5   1   6   -0.0000000003
3   5   2   6   0.0120218091
3   5   3   4   -0.0000000227
3   5   3   5   0.2931774096
3   6   1   4   0.0119886826
3   6   1   5   0.0000000001
3   6   2   4   0.0000000001
3   6   2   5   0.0119886826
3   6   3   6   0.3025834562

End ABCD Block
Begin AIJB Block
1   8   1   4   0.0119324031
1   8   1   5   -0.0000000000
1   8   2   4   0.0000000000
1   8   2   5   0.0000000000
1   8   3   4   -0.0095653284
1   8   3   5   0.0000000000
1   8   4   4   0.0000000000
1   8   4   5   -0.0000000001
1   8   5   4   -0.0058558267
1   8   5   5   0.0000000000
1   8   6   6   -0.0010692875
1   8   7   6   -0.0008867617
1   9   1   4   0.0000000000
1   9   1   5   0.0000000000
1   9   2   4   0.0122107650
1   9   2   5   -0.0000000000
1   9   3   5   0.0000000000
1   9   4   4   0.0129003623
1   9   4   5   -0.0000000000
1   9   5   4   -0.0000000000
1   9   5   5   0.0000000000
1   9   6   6   0.0000000003
1   9   7   6   -0.0000000002
1   10   1   4   -0.0095653284
1   10   1   5   0.0000000000
1   10   2   5   0.0000000000
1   10   3   4   0.0334142496
1   10   3   5   0.0000000000
1   10   4   4   -0.0000000001
1   10   4   5   -0.0000000004
1   10   5   4   0.0189257235
1   10   5   5   -0.0000000001
1   10   6   6   -0.0286381894
1   10   7   6   -0.0237496930
1   11   1   4   0.0000000000
1   11   1   5   -0.0000000001
1   11   2   4   0.0129003623
1   11   2   5   -0.0000000000
1   11   3   4   -0.0000000001
1   11   3   5   -0.0000000004
1   11   4   4   0.0647344375
1   11   4   5   0.0000000001
1   11   5   4   -0.0000000001
1   11   5   5   -0.0000000007
1   11   6   6   -0.0000000026
1   11   7   6   0.0000000037
1   12   1   4   -0.0058558267
1   12   1   5   0.0000000000
1   12   2   4   -0.0000000000
1   12   2   5   0.0000000000
1   12   3   4   0.0189257235
1   12   3   5   -0.0000000001
1   12   4   4   -0.0000000001
1   12   4   5   -0.0000000007
1   12   5   4   0.0323730048
1   12   5   5   0.0000000001
1   12   6   6   0.0074128279
1   12   7   6   0.0061474616
1   13   1   6   0.0041019135
1   13   2   6   0.0000000000
1   13   3   6   -0.0123642617
1   13   4   6   -0.0000000005
1   13   5   6   -0.0045030016
1   13   6   4   0.0808987896
1   13   6   5   -0.0546345628
1   13   7   4   0.0546345684
1   13   7   5   -0.0303146141
1   14   1   6   0.0034017233
1   14   2   6   -0.0000000000
1   14   3   6   -0.0102537019
1   14   4   6   0.0000000009
1   14   5   6   -0.0037343467
1   14   6   4   0.0546345684
1   14   6   5   0.0508862950
1   14   7   4   0.0603271070
1   14   7   5   0.0546345634
2   8   1   4   -0.0000000000
2   8   1   5   0.0119324031
2   8   2   4   0.0000000000
2   8   2   5   0.0000000000
2   8   3   4   0.0000000000
2   8   3   5   -0.0095653284
2   8   4   4   -0.0000000001
2   8   4   5   0.0000000000
2   8   5   4   0.0000000000
2   8   5   5   -0.0058558267
2   8   6   6   0.0008867618
2   8   7   6   -0.0010692874
2   9   1   4   0.0000000000
2   9   1   5   0.0000000000
2   9   2   4   -0.0000000000
2   9   2   5   0.0122107650
2   9   3   4   0.0000000000
2   9   3   5   -0.0000000000
2   9   4   4   -0.0000000000
2   9   4   5   0.0129003623
2   9   5   4   0.0000000000
2   9   5   5   -0.0000000000
2   9   6   6   -0.0000000003
2   9   7   6   -0.0000000001
2   10   1   4   0.0000000000
2   10   1   5   -0.0095653284
2   10   2   4   0.0000000000
2   10   2   5   -0.0000000000
2   10   3   4   0.0000000000
2   10   3   5   0.0334142496
2   10   4   4   -0.0000000004
2   10   4   5   -0.0000000001
2   10   5   4   -0.0000000001
2   10   5   5   0.0189257235
2   10   6   6   0.0237496964
2   10   7   6   -0.0286381867
2   11   1   4   -0.0000000001
2   11   1   5   0.0000000000
2   11   2   4   -0.0000000000
2   11   2   5   0.0129003623
2   11   3   4   -0.0000000004
2   11   3   5   -0.0000000001
2   11   4   4   0.0000000001
2   11   4   5   0.0647344375
2   11   5   4   -0.0000000007
2   11   5   5   -0.0000000001
2   11   6   6   0.0000000033
2   11   7   6   0.0000000031
2   12   1   4   0.0000000000
2   12   1   5   -0.0058558267
2   12   2   4   0.0000000000
2   12   2   5   -0.0000000000
2   12   3   4   -0.0000000001
2   12   3   5   0.0189257235
2   12   4   4   -0.0000000007
2   12   4   5   -0.0000000001
2   12   5   4   0.0000000001
2   12   5   5   0.0323730048
2   12   6   6   -0.0061474716
2   12   7   6   0.0074128199
2   13   1   6   -0.0034017233
2   13   2   6   -0.0000000000
2   13   3   6   0.0102537018
2   13   4   6   0.0000000007
2   13   5   6   0.0037343463
2   13   6   4   -0.0546345628
2   13   6   5   0.0603271065
2   13   7   4   0.0508862950
2   13   7   5   -0.0546345683
2   14   1   6   0.0041019135
2   14   2   6   -0.0000000000
2   14   3   6   -0.0123642617
2   14   4   6   0.0000000008
2   14   5   6   -0.0045030019
2   14   6   4   -0.0303146141
2   14   6   5   -0.0546345683
2   14   7   4   0.0546345634
2   14   7   5   0.0808987901
3   8   1   6   0.0070862558
3   8   2   6   0.0000000000
3   8   3   6   0.0012323224
3   8   4   6   -0.0000000002
3   8   5   6   0.0004703870
3   8   6   4   0.0041019135
3   8   6   5   -0.0034017233
3   8   7   4   0.0034017233
3   8   7   5   0.0041019135
3   9   1   6   0.0000000000
3   9   2   6   0.0070953874
3   9   3   6   0.0000000003
3   9   4   6   -0.0011353503
3   9   5   6   -0.0000000010
3   9   6   4   0.0000000000
3   9   6   5   -0.0000000000
3   9   7   4   -0.0000000000
3   9   7   5   -0.0000000000
3   10   1   6   0.0012323224
3   10   2   6   0.0000000003
3   10   3   6   0.0181229508
3   10   4   6   -0.0000000080
3   10   5   6   -0.0003966695
3   10   6   4   -0.0123642617
3   10   6   5   0.0102537018
3   10   7   4   -0.0102537019
3   10   7   5   -0.0123642617
3   11   1   6   -0.0000000002
3   11   2   6   -0.0011353503
3   11   3   6   -0.0000000080
3   11   4   6   0.0224576859
3   11   5   6   0.0000000247
3   11   6   4   -0.0000000005
3   11   6   5   0.0000000007
3   11   7   4   0.0000000009
3   11   7   5   0.0000000008
3   12   1   6   0.0004703870
3   12   2   6   -0.0000000010
3   12   3   6   -0.0003966695
3   12   4   6   0.0000000247
3   12   5   6   0.0167823360
3   12   6   4   -0.0045030016
3   12   6   5   0.0037343463
3   12   7   4   -0.0037343467
3   12   7   5   -0.0045030019
3   13   1   4   -0.0010692875
3   13   1   5   0.0008867618
3   13   2   4   0.0000000003
3   13   2   5   -0.0000000003
3   13   3   4   -0.0286381894
3   13   3   5   0.0237496964
3   13   4   4   -0.0000000026
3   13   4   5   0.0000000033
3   13   5   4   0.0074128279
3   13   5   5   -0.0061474716
3   13   6   6   0.0095095169
3   13   7   6   -0.0000000000
3   14   1   4   -0.0008867617
3   14   1   5   -0.0010692874
3   14   2   4   -0.0000000002
3   14   2   5   -0.0000000001
3   14   3   4   -0.0237496930
3   14   3   5   -0.0286381867
3   14   4   4   0.0000000037
3   14   4   5   0.0000000031
3   14   5   4   0.0061474616
3   14   5   5   0.0074128199
3   14   6   6   -0.0000000000
3   14   7   6   0.0095095164

1   8   8   1   -0.6015649881
1   8   8   2   -0.0000000002
1   8   9   1   -0.0000000002
1   8   9   2   0.0000000001
1   8   10   1   -0.0043018756
1   8   10   2   -0.0000000001
1   8   11   1   -0.0000000003
1   8   11   2   -0.0000000003
1   8   12   1   -0.0023135344
1   8   12   2   -0.0000000001
1   8   13   3   -0.0045230650
1   8   14   3   -0.0037509849
1   9   8   1   -0.0000000002
1   9   8   2   0.0000000001
1   9   9   1   -0.6015888243
1   9   9   2   -0.0000000002
1   9   10   1   0.0000000003
1   9   10   2   0.0000000002
1   9   11   1   0.0046406455
1   9   11   2   0.0000000002
1   9   12   1   0.0000000001
1   9   12   2   0.0000000001
1   9   13   3   0.0000000021
1   9   14   3   -0.0000000027
1   10   8   1   -0.0043018756
1   10   8   2   -0.0000000001
1   10   9   1   0.0000000003
1   10   9   2   0.0000000002
1   10   10   1   -0.5102634842
1   10   10   2   -0.0000000009
1   10   11   1   -0.0000000010
1   10   11   2   -0.0000000008
1   10   12   1   0.0263479372
1   10   12   2   0.0000000002
1   10   13   3   0.0185863026
1   10   14   3   0.0154136504
1   11   8   1   -0.0000000003
1   11   8   2   -0.0000000003
1   11   9   1   0.0046406455
1   11   9   2   0.0000000002
1   11   10   1   -0.0000000010
1   11   10   2   -0.0000000008
1   11   11   1   -0.4685073428
1   11   11   2   -0.0000000009
1   11   12   1   -0.0000000009
1   11   12   2   -0.0000000004
1   11   13   3   0.0000000042
1   11   14   3   -0.0000000060
1   12   8   1   -0.0023135344
1   12   8   2   -0.0000000001
1   12   9   1   0.0000000001
1   12   9   2   0.0000000001
1   12   10   1   0.0263479372
1   12   10   2   0.0000000002
1   12   11   1   -0.0000000009
1   12   11   2   -0.0000000004
1   12   12   1   -0.4701061897
1   12   12   2   -0.0000000015
1   12   13   3   0.0022310226
1   12   14   3   0.0018501908
1   13   8   3   -0.0045289495
1   13   9   3   0.0000000021
1   13   10   3   0.0188293836
1   13   11   3   0.0000000046
1   13   12   3   0.0015089961
1   13   13   1   -0.4815134699
1   13   13   2   0.0176997348
1   13   14   1   -0.0176997438
1   13   14   2   -0.0046785588
1   14   8   3   -0.0037558650
1   14   9   3   -0.0000000027
1   14   10   3   0.0156152377
1   14   11   3   -0.0000000059
1   14   12   3   0.0012514130
1   14   13   1   -0.0176997438
1   14   13   2   -0.0019859640
1   14   14   1   -0.4748489453
1   14   14   2   -0.0176997352
2   8   8   1   -0.0000000002
2   8   8   2   -0.6015649881
2   8   9   1   0.0000000001
2   8   9   2   -0.0000000002
2   8   10   1   -0.0000000001
2   8   10   2   -0.0043018756
2   8   11   1   -0.0000000003
2   8   11   2   -0.0000000003
2   8   12   1   -0.0000000001
2   8   12   2   -0.0023135344
2   8   13   3   0.0037509850
2   8   14   3   -0.0045230650
2   9   8   1   0.0000000001
2   9   8   2   -0.0000000002
2   9   9   1   -0.0000000002
2   9   9   2   -0.6015888243
2   9   10   1   0.0000000002
2   9   10   2   0.0000000003
2   9   11   1   0.0000000002
2   9   11   2   0.0046406455
2   9   12   1   0.0000000001
2   9   12   2   0.0000000001
2   9   13   3   -0.0000000026
2   9   14   3   -0.0000000022
2   10   8   1   -0.0000000001
2   10   8   2   -0.0043018756
2   10   9   1   0.0000000002
2   10   9   2   0.0000000003
2   10   10   1   -0.0000000009
2   10   10   2   -0.5102634842
2   10   11   1   -0.0000000008
2   10   11   2   -0.0000000010
2   10   12   1   0.0000000002
2   10   12   2   0.0263479372
2   10   13   3   -0.0154136502
2   10   14   3   0.0185863028
2   11   8   1   -0.0000000003
2   11   8   2   -0.0000000003
2   11   9   1   0.0000000002
2   11   9   2   0.0046406455
2   11   10   1   -0.0000000008
2   11   10   2   -0.0000000010
2   11   11   1   -0.0000000009
2   11   11   2   -0.4685073428
2   11   12   1   -0.0000000004
2   11   12   2   -0.0000000009
2   11   13   3   -0.0000000053
2   11   14   3   -0.0000000050
2   12   8   1   -0.0000000001
2   12   8   2   -0.0023135344
2   12   9   1   0.0000000001
2   12   9   2   0.0000000001
2   12   10   1   0.0000000002
2   12   10   2   0.0263479372
2   12   11   1   -0.0000000004
2   12   11   2   -0.0000000009
2   12   12   1   -0.0000000015
2   12   12   2   -0.4701061896
2   12   13   3   -0.0018501905
2   12   14   3   0.0022310229
2   13   8   3   0.0037558650
2   13   9   3   -0.0000000026
2   13   10   3   -0.0156152376
2   13   11   3   -0.0000000057
2   13   12   3   -0.0012514129
2   13   13   1   0.0176997348
2   13   13   2   -0.4748489434
2   13   14   1   -0.0019859640
2   13   14   2   0.0176997434
2   14   8   3   -0.0045289495
2   14   9   3   -0.0000000022
2   14   10   3   0.0188293836
2   14   11   3   -0.0000000048
2   14   12   3   0.0015089963
2   14   13   1   -0.0046785588
2   14   13   2   0.0176997434
2   14   14   1   -0.0176997352
2   14   14   2   -0.4815134717
3   8   8   3   -0.3390098098
3   8   9   3   -0.0000000005
3   8   10   3   -0.0017440761
3   8   11   3   0.0000000264
3   8   12   3   -0.0008860534
3   8   13   1   -0.0045289495
3   8   13   2   0.0037558650
3   8   14   1   -0.0037558650
3   8   14   2   -0.0045289495
3   9   8   3   -0.0000000005
3   9   9   3   -0.3390147461
3   9   10   3   -0.0000000402
3   9   11   3   0.0018816847
3   9   12   3   0.0000000070
3   9   13   1   0.0000000021
3   9   13   2   -0.0000000026
3   9   14   1   -0.0000000027
3   9   14   2   -0.0000000022
3   10   8   3   -0.0017440761
3   10   9   3   -0.0000000402
3   10   10   3   -0.3089176140
3   10   11   3   0.0000000866
3   10   12   3   0.0039087680
3   10   13   1   0.0188293836
3   10   13   2   -0.0156152376
3   10   14   1   0.0156152377
3   10   14   2   0.0188293836
3   11   8   3   0.0000000264
3   11   9   3   0.0018816847
3   11   10   3   0.0000000866
3   11   11   3   -0.3114814684
3   11   12   3   0.0000001250
3   11   13   1   0.0000000046
3   11   13   2   -0.0000000057
3   11   14   1   -0.0000000059
3   11   14   2   -0.0000000048
3   12   8   3   -0.0008860534
3   12   9   3   0.0000000070
3   12   10   3   0.0039087680
3   12   11   3   0.0000001250
3   12   12   3   -0.3174575758
3   12   13   1   0.0015089961
3   12   13   2   -0.0012514129
3   12   14   1   0.0012514130
3   12   14   2   0.0015089963
3   13   8   1   -0.0045230650
3   13   8   2   0.0037509850
3   13   9   1   0.0000000021
3   13   9   2   -0.0000000026
3   13   10   1   0.0185863026
3   13   10   2   -0.0154136502
3   13   11   1   0.0000000042
3   13   11   2   -0.0000000053
3   13   12   1   0.0022310226
3   13   12   2   -0.0018501905
3   13   13   3   -0.2965800143
3   13   14   3   0.0000000111
3   14   8   1   -0.0037509849
3   14   8   2   -0.0045230650
3   14   9   1   -0.0000000027
3   14   9   2   -0.0000000022
3   14   10   1   0.0154136504
3   14   10   2   0.0185863028
3   14   11   1   -0.0000000060
3   14   11   2   -0.0000000050
3   14   12   1   0.0018501908
3   14   12   2   0.0022310229
3   14   13   3   0.0000000111
3   14   14   3   -0.2965799036

End AIJB Block
Begin IJKA Block
1   8   1   6   0.0000000011
1   8   2   6   -0.0930792623
1   8   3   6   -0.0000000001
1   8   4   6   0.0135664279
1   8   5   6   -0.0000000010
1   8   6   4   -0.0000000001
1   8   6   5   0.0000000000
1   8   7   4   -0.0000000001
1   8   7   5   -0.0000000001
1   9   1   6   -0.0921403622
1   9   2   6   0.0000000001
1   9   3   6   -0.0154459898
1   9   4   6   0.0000000013
1   9   5   6   -0.0033494538
1   9   6   4   0.0094153303
1   9   6   5   -0.0078081483
1   9   7   4   0.0078081483
1   9   7   5   0.0094153303
1   10   1   6   0.0000000032
1   10   2   6   -0.0943006761
1   10   3   6   -0.0000000013
1   10   4   6   0.0038586389
1   10   5   6   0.0000000002
1   10   6   4   0.0000000001
1   10   6   5   -0.0000000001
1   10   7   4   -0.0000000001
1   10   7   5   -0.0000000000
1   11   1   6   0.1067271944
1   11   2   6   -0.0000000003
1   11   3   6   0.0023642373
1   11   4   6   -0.0000000005
1   11   5   6   0.0023319476
1   11   6   4   0.0103320028
1   11   6   5   -0.0085683463
1   11   7   4   0.0085683462
1   11   7   5   0.0103320027
1   12   1   6   -0.0000000089
1   12   2   6   0.0052322627
1   12   3   6   0.0000000024
1   12   4   6   -0.0001335822
1   12   5   6   -0.0000000014
1   12   6   4   0.0000000000
1   12   6   5   -0.0000000000
1   12   7   4   -0.0000000001
1   12   7   5   -0.0000000001
1   13   1   4   0.0000000004
1   13   1   5   0.0000000002
1   13   2   4   0.1575752564
1   13   2   5   -0.1306774098
1   13   3   4   -0.0000000004
1   13   3   5   0.0000000004
1   13   4   4   -0.0002882585
1   13   4   5   0.0002390532
1   13   5   4   -0.0000000000
1   13   5   5   0.0000000001
1   13   6   6   -0.0000000001
1   13   7   6   0.0000000000
1   14   1   4   0.0000000027
1   14   1   5   0.0000000027
1   14   2   4   0.1306774097
1   14   2   5   0.1575752564
1   14   3   4   0.0000000002
1   14   3   5   0.0000000001
1   14   4   4   -0.0002390530
1   14   4   5   -0.0002882583
1   14   5   4   0.0000000002
1   14   5   5   0.0000000002
1   14   6   6   0.0000000000
1   14   7   6   -0.0000000001
2   8   1   6   -0.0930976728
2   8   2   6   0.0000000000
2   8   3   6   -0.0154070630
2   8   4   6   0.0000000014
2   8   5   6   -0.0034085971
2   8   6   4   0.0091400536
2   8   6   5   -0.0075798609
2   8   7   4   0.0075798609
2   8   7   5   0.0091400536
2   9   1   6   0.0000000012
2   9   2   6   -0.0921775195
2   9   3   6   -0.0000000001
2   9   4   6   0.0135474806
2   9   5   6   -0.0000000010
2   9   6   4   -0.0000000001
2   9   6   5   0.0000000000
2   9   7   4   -0.0000000001
2   9   7   5   -0.0000000001
2   10   1   6   -0.0942741877
2   10   2   6   0.0000000029
2   10   3   6   -0.0027078760
2   10   4   6   0.0000000011
2   10   5   6   -0.0028141417
2   10   6   4   -0.0077439371
2   10   6   5   0.0064220593
2   10   7   4   -0.0064220593
2   10   7   5   -0.0077439371
2   11   1   6   -0.0000000005
2   11   2   6   0.1067081336
2   11   3   6   0.0000000002
2   11   4   6   -0.0033751953
2   11   5   6   0.0000000000
2   11   6   4   -0.0000000001
2   11   6   5   0.0000000001
2   11   7   4   0.0000000001
2   11   7   5   0.0000000001
2   12   1   6   0.0052283016
2   12   2   6   -0.0000000089
2   12   3   6   -0.0016076399
2   12   4   6   -0.0000000008
2   12   5   6   0.0017296586
2   12   6   4   -0.0041653419
2   12   6   5   0.0034543247
2   12   7   4   -0.0034543246
2   12   7   5   -0.0041653419
2   13   1   4   0.1575183543
2   13   1   5   -0.1306302208
2   13   2   4   0.0000000003
2   13   2   5   0.0000000002
2   13   3   4   0.0041503883
2   13   3   5   -0.0034419236
2   13   4   4   0.0000000004
2   13   4   5   -0.0000000004
2   13   5   4   -0.0029585970
2   13   5   5   0.0024535691
2   13   6   6   0.0054970776
2   13   7   6   -0.0000000000
2   14   1   4   0.1306302207
2   14   1   5   0.1575183542
2   14   2   4   0.0000000027
2   14   2   5   0.0000000027
2   14   3   4   0.0034419235
2   14   3   5   0.0041503882
2   14   4   4   -0.0000000003
2   14   4   5   -0.0000000002
2   14   5   4   -0.0024535691
2   14   5   5   -0.0029585970
2   14   6   6   -0.0000000000
2   14   7   6   0.0054970775
3   8   1   6   -0.0000000001
3   8   2   6   -0.0160302963
3   8   3   6   0.0000000000
3   8   4   6   0.0030384031
3   8   5   6   -0.0000000003
3   8   6   4   -0.0000000000
3   8   6   5   0.0000000000
3   8   7   4   0.0000000001
3   8   7   5   0.0000000001
3   9   1   6   -0.0160547255
3   9   2   6   -0.0000000003
3   9   3   6   -0.0017408332
3   9   4   6   0.0000000003
3   9   5   6   -0.0014177027
3   9   6   4   -0.0115865262
3   9   6   5   0.0096087245
3   9   7   4   -0.0096087245
3   9   7   5   -0.0115865262
3   10   1   6   -0.0000000006
3   10   2   6   -0.0020076310
3   10   3   6   -0.0000000028
3   10   4   6   0.0286967984
3   10   5   6   0.0000000064
3   10   6   4   -0.0000000004
3   10   6   5   0.0000000003
3   10   7   4   -0.0000000003
3   10   7   5   -0.0000000004
3   11   1   6   0.0020194574
3   11   2   6   -0.0000000001
3   11   3   6   0.0760561202
3   11   4   6   -0.0000000002
3   11   5   6   -0.0128644702
3   11   6   4   -0.0448415574
3   11   6   5   0.0371871746
3   11   7   4   -0.0371871745
3   11   7   5   -0.0448415573
3   12   1   6   0.0000000015
3   12   2   6   -0.0015197113
3   12   3   6   0.0000000081
3   12   4   6   -0.0072113711
3   12   5   6   0.0000000002
3   12   6   4   -0.0000000004
3   12   6   5   0.0000000005
3   12   7   4   0.0000000006
3   12   7   5   0.0000000005
3   13   1   4   -0.0000000004
3   13   1   5   0.0000000005
3   13   2   4   0.0030802064
3   13   2   5   -0.0025544200
3   13   3   4   0.0000000001
3   13   3   5   0.0000000003
3   13   4   4   -0.0638804564
3   13   4   5   0.0529761639
3   13   5   4   -0.0000000011
3   13   5   5   0.0000000011
3   13   6   6   0.0000000014
3   13   7   6   0.0000000002
3   14   1   4   0.0000000004
3   14   1   5   0.0000000003
3   14   2   4   0.0025544199
3   14   2   5   0.0030802063
3   14   3   4   0.0000000017
3   14   3   5   0.0000000017
3   14   4   4   -0.0529761629
3   14   4   5   -0.0638804557
3   14   5   4   0.0000000002
3   14   5   5   0.0000000000
3   14   6   6   0.0000000002
3   14   7   6   0.0000000035
4   8   1   6   0.0142419584
4   8   2   6   0.0000000002
4   8   3   6   0.0031539569
4   8   4   6   -0.0000000008
4   8   5   6   0.0039171759
4   8   6   4   0.0088064984
4   8   6   5   -0.0073032431
4   8   7   4   0.0073032430
4   8   7   5   0.0088064983
4   9   1   6   -0.0000000001
4   9   2   6   0.0142173473
4   9   3   6   0.0000000004
4   9   4   6   -0.0046298015
4   9   5   6   0.0000000003
4   9   6   4   0.0000000000
4   9   6   5   -0.0000000000
4   9   7   4   0.0000000000
4   9   7   5   0.0000000000
4   10   1   6   0.0035789669
4   10   2   6   0.0000000003
4   10   3   6   0.0286315314
4   10   4   6   -0.0000000036
4   10   5   6   0.0272883786
4   10   6   4   -0.0269144666
4   10   6   5   0.0223202098
4   10   7   4   -0.0223202097
4   10   7   5   -0.0269144665
4   11   1   6   -0.0000000000
4   11   2   6   -0.0031751850
4   11   3   6   -0.0000000040
4   11   4   6   0.0479295948
4   11   5   6   0.0000000076
4   11   6   4   -0.0000000002
4   11   6   5   0.0000000001
4   11   7   4   -0.0000000002
4   11   7   5   -0.0000000002
4   12   1   6   -0.0000599810
4   12   2   6   0.0000000004
4   12   3   6   -0.0072028611
4   12   4   6   0.0000000145
4   12   5   6   -0.0153394453
4   12   6   4   -0.0213977582
4   12   6   5   0.0177451948
4   12   7   4   -0.0177451944
4   12   7   5   -0.0213977578
4   13   1   4   -0.0003312050
4   13   1   5   0.0002746689
4   13   2   4   0.0000000003
4   13   2   5   -0.0000000003
4   13   3   4   -0.0624303476
4   13   3   5   0.0517735864
4   13   4   4   -0.0000000009
4   13   4   5   0.0000000011
4   13   5   4   -0.0876664186
4   13   5   5   0.0727019000
4   13   6   6   0.0147335913
4   13   7   6   0.0000000000
4   14   1   4   -0.0002746687
4   14   1   5   -0.0003312049
4   14   2   4   -0.0000000003
4   14   2   5   -0.0000000003
4   14   3   4   -0.0517735850
4   14   3   5   -0.0624303465
4   14   4   4   0.0000000011
4   14   4   5   0.0000000009
4   14   5   4   -0.0727018990
4   14   5   5   -0.0876664178
4   14   6   6   0.0000000000
4   14   7   6   0.0147335915
5   8   1   6   -0.0000000004
5   8   2   6   -0.0035857681
5   8   3   6   -0.0000000007
5   8   4   6   0.0039260954
5   8   5   6   -0.0000000003
5   8   6   4   0.0000000000
5   8   6   5   -0.0000000001
5   8   7   4   -0.0000000001
5   8   7   5   -0.0000000001
5   9   1   6   -0.0035404793
5   9   2   6   -0.0000000005
5   9   3   6   -0.0013934928
5   9   4   6   0.0000000008
5   9   5   6   -0.0035970721
5   9   6   4   -0.0030825499
5   9   6   5   0.0025563635
5   9   7   4   -0.0025563634
5   9   7   5   -0.0030825498
5   10   1   6   0.0000000007
5   10   2   6   -0.0027482429
5   10   3   6   0.0000000009
5   10   4   6   0.0271836064
5   10   5   6   -0.0000000041
5   10   6   4   -0.0000000002
5   10   6   5   0.0000000001
5   10   7   4   -0.0000000001
5   10   7   5   -0.0000000001
5   11   1   6   0.0020975210
5   11   2   6   0.0000000003
5   11   3   6   -0.0120601248
5   11   4   6   -0.0000000029
5   11   5   6   0.0472998726
5   11   6   4   -0.0193332175
5   11   6   5   0.0160330680
5   11   7   4   -0.0160330674
5   11   7   5   -0.0193332170
5   12   1   6   -0.0000000019
5   12   2   6   0.0016987734
5   12   3   6   -0.0000000028
5   12   4   6   -0.0160093740
5   12   5   6   0.0000000240
5   12   6   4   0.0000000008
5   12   6   5   -0.0000000009
5   12   7   4   -0.0000000009
5   12   7   5   -0.0000000007
5   13   1   4   0.0000000000
5   13   1   5   -0.0000000000
5   13   2   4   -0.0023550691
5   13   2   5   0.0019530625
5   13   3   4   -0.0000000000
5   13   3   5   0.0000000001
5   13   4   4   -0.0863999986
5   13   4   5   0.0716516559
5   13   5   4   -0.0000000015
5   13   5   5   0.0000000019
5   13   6   6   0.0000000021
5   13   7   6   -0.0000000001
5   14   1   4   0.0000000001
5   14   1   5   0.0000000001
5   14   2   4   -0.0019530625
5   14   2   5   -0.0023550691
5   14   3   4   0.0000000001
5   14   3   5   0.0000000001
5   14   4   4   -0.0716516544
5   14   4   5   -0.0863999973
5   14   5   4   0.0000000019
5   14   5   5   0.0000000015
5   14   6   6   -0.0000000001
5   14   7   6   0.0000000014
6   8   1   4   -0.0000000000
6   8   1   5   0.0000000000
6   8   2   4   0.0098767244
6   8   2   5   -0.0081907832
6   8   3   4   -0.0000000000
6   8   3   5   0.0000000001
6   8   4   4   0.0089972108
6   8   4   5   -0.0074614011
6   8   6   6   0.0000000004
6   8   7   6   -0.0000000001
6   9   1   4   0.0101155419
6   9   1   5   -0.0083888350
6   9   2   4   -0.0000000001
6   9   2   5   0.0000000000
6   9   3   4   -0.0118018625
6   9   3   5   0.0097873032
6   9   4   4   0.0000000001
6   9   4   5   -0.0000000001
6   9   5   4   -0.0032384268
6   9   5   5   0.0026856324
6   9   6   6   -0.0012194537
6   9   7   6   -0.0000000000
6   10   1   4   0.0000000002
6   10   1   5   -0.0000000001
6   10   2   4   -0.0078489106
6   10   2   5   0.0065091140
6   10   3   4   -0.0000000000
6   10   3   5   0.0000000000
6   10   4   4   -0.0260787358
6   10   4   5   0.0216271369
6   10   5   4   -0.0000000006
6   10   5   5   0.0000000006
6   10   6   6   0.0000000097
6   10   7   6   0.0000000004
6   11   1   4   0.0095928184
6   11   1   5   -0.0079553395
6   11   2   4   -0.0000000003
6   11   2   5   0.0000000003
6   11   3   4   -0.0421270952
6   11   3   5   0.0349360668
6   11   4   4   -0.0000000001
6   11   4   5   0.0000000002
6   11   5   4   -0.0203425863
6   11   5   5   0.0168701391
6   11   6   6   0.0622270618
6   11   7   6   0.0000000009
6   12   1   4   0.0000000001
6   12   1   5   -0.0000000001
6   12   2   4   -0.0040172654
6   12   2   5   0.0033315246
6   12   3   4   -0.0000000001
6   12   3   5   0.0000000003
6   12   4   4   -0.0218955885
6   12   4   5   0.0181580463
6   12   5   4   0.0000000004
6   12   5   5   -0.0000000005
6   12   6   6   -0.0000000213
6   12   7   6   -0.0000000001
6   13   1   6   -0.0000000004
6   13   2   6   0.0049474557
6   13   3   6   -0.0000000028
6   13   4   6   0.0139156351
6   13   5   6   0.0000000076
6   13   6   4   0.0000000005
6   13   6   5   0.0000000001
6   13   7   4   0.0000000007
6   13   7   5   0.0000000001
6   14   1   6   -0.0000000001
6   14   2   6   -0.0000000000
6   14   3   6   0.0000000000
6   14   4   6   0.0000000001
6   14   5   6   -0.0000000000
6   14   6   4   0.0000000028
6   14   6   5   0.0000000027
6   14   7   4   0.0000000001
6   14   7   5   0.0000000001
7   8   1   4   -0.0000000001
7   8   1   5   -0.0000000001
7   8   2   4   0.0081907832
7   8   2   5   0.0098767244
7   8   3   4   0.0000000001
7   8   3   5   0.0000000001
7   8   4   4   0.0074614012
7   8   4   5   0.0089972108
7   8   5   4   -0.0000000000
7   8   5   5   -0.0000000000
7   8   6   6   -0.0000000001
7   8   7   6   -0.0000000002
7   9   1   4   0.0083888349
7   9   1   5   0.0101155419
7   9   2   4   -0.0000000001
7   9   2   5   -0.0000000001
7   9   3   4   -0.0097873032
7   9   3   5   -0.0118018625
7   9   4   4   -0.0000000000
7   9   4   5   -0.0000000000
7   9   5   4   -0.0026856325
7   9   5   5   -0.0032384268
7   9   6   6   -0.0000000000
7   9   7   6   -0.0012194540
7   10   1   4   0.0000000003
7   10   1   5   0.0000000003
7   10   2   4   -0.0065091140
7   10   2   5   -0.0078489106
7   10   3   4   0.0000000000
7   10   3   5   0.0000000000
7   10   4   4   -0.0216271371
7   10   4   5   -0.0260787359
7   10   5   4   0.0000000003
7   10   5   5   0.0000000001
7   10   6   6   0.0000000004
7   10   7   6   0.0000000138
7   11   1   4   0.0079553395
7   11   1   5   0.0095928184
7   11   2   4   -0.0000000001
7   11   2   5   -0.0000000002
7   11   3   4   -0.0349360668
7   11   3   5   -0.0421270952
7   11   4   4   0.0000000005
7   11   4   5   0.0000000004
7   11   5   4   -0.0168701389
7   11   5   5   -0.0203425862
7   11   6   6   0.0000000009
7   11   7   6   0.0622270705
7   12   1   4   0.0000000000
7   12   1   5   0.0000000000
7   12   2   4   -0.0033315246
7   12   2   5   -0.0040172654
7   12   3   4   0.0000000008
7   12   3   5   0.0000000008
7   12   4   4   -0.0181580461
7   12   4   5   -0.0218955884
7   12   5   4   -0.0000000005
7   12   5   5   -0.0000000004
7   12   6   6   -0.0000000001
7   12   7   6   -0.0000000226
7   13   1   6   -0.0000000001
7   13   2   6   -0.0000000000
7   13   3   6   0.0000000000
7   13   4   6   0.0000000001
7   13   5   6   -0.0000000000
7   13   6   4   0.0000000003
7   13   6   5   -0.0000000004
7   13   7   4   0.0000000035
7   13   7   5   -0.0000000028
7   14   1   6   -0.0000000009
7   14   2   6   0.0049474556
7   14   3   6   -0.0000000026
7   14   4   6   0.0139156357
7   14   5   6   0.0000000073
7   14   6   4   0.0000000005
7   14   6   5   -0.0000000002
7   14   7   4   0.0000000039
7   14   7   5   0.0000000046

End IJKA Block
Begin IABC Block
1   4   1   6   0.0000000001
1   4   2   6   -0.0000000027
1   4   3   4   0.0000000002
1   4   3   5   0.0000000002
1   5   1   6   -0.0000000027
1   5   2   6   0.0000000001
1   5   3   4   0.0000000002
1   5   3   5   0.0000000002
1   6   1   4   -0.0000000001
1   6   1   5   -0.0000000027
1   6   2   4   -0.0000000027
1   6   2   5   0.0000000000
1   6   3   6   -0.0000000200
2   4   1   6   0.0054685333
2   4   2   6   -0.0000000000
2   4   3   4   -0.0014947787
2   4   3   5   -0.0000000001
2   5   1   6   -0.0000000000
2   5   2   6   0.0054685333
2   5   3   4   -0.0000000001
2   5   3   5   -0.0014947787
2   6   1   4   0.0054474207
2   6   1   5   -0.0000000000
2   6   2   4   -0.0000000000
2   6   2   5   0.0054474207
2   6   3   6   -0.0008083225
3   4   1   6   -0.0000000014
3   4   2   6   -0.0000000030
3   4   3   4   0.0000000014
3   4   3   5   0.0000000018
3   5   1   6   -0.0000000030
3   5   2   6   -0.0000000013
3   5   3   4   0.0000000018
3   5   3   5   0.0000000014
3   6   1   4   0.0000000002
3   6   1   5   -0.0000000009
3   6   2   4   -0.0000000009
3   6   2   5   0.0000000002
3   6   3   6   -0.0000004225
4   4   1   6   0.0155694719
4   4   2   6   0.0000000003
4   4   3   4   0.0505813195
4   4   3   5   0.0000000035
4   5   1   6   0.0000000003
4   5   2   6   0.0155694719
4   5   3   4   0.0000000035
4   5   3   5   0.0505813194
4   6   1   4   0.0152828194
4   6   1   5   0.0000000001
4   6   2   4   0.0000000001
4   6   2   5   0.0152828194
4   6   3   6   -0.0025746961
5   4   1   6   -0.0000000006
5   4   2   6   -0.0000000159
5   4   3   4   -0.0000000066
5   4   3   5   -0.0000000086
5   5   1   6   -0.0000000159
5   5   2   6   -0.0000000003
5   5   3   4   -0.0000000086
5   5   3   5   -0.0000000063
5   6   1   4   -0.0000000002
5   6   1   5   -0.0000000146
5   6   2   4   -0.0000000146
5   6   2   5   0.0000000001
5   6   3   6   0.0000011201
6   4   1   4   0.0000000022
6   4   1   5   0.0000000002
6   4   2   4   -0.0000000009
6   4   2   5   -0.0000000002
6   4   3   6   -0.0000000038
6   5   1   4   0.0000000000
6   5   1   5   0.0000000012
6   5   2   4   -0.0000000003
6   5   2   5   -0.0000000017
6   5   3   6   0.0000000052
6   6   1   6   -0.0000000121
6   6   2   6   -0.0000000253
6   6   3   4   -0.0000000053
6   6   3   5   0.0000000069
7   4   1   4   0.0000000025
7   4   1   5   -0.0000000007
7   4   2   4   0.0000000016
7   4   2   5   -0.0000000008
7   4   3   6   0.0000000077
7   5   1   4   -0.0000000008
7   5   1   5   0.0000000014
7   5   2   4   -0.0000000007
7   5   2   5   0.0000000029
7   5   3   6   0.0000000067
7   6   1   6   -0.0000001890
7   6   2   6   -0.0000001853
7   6   3   4   0.0000000084
7   6   3   5   0.0000000071

End IABC Block
