Begin IJ Block
1   1   -25.9545876480
1   2   0.0000000021
1   3   -0.4789928712
1   4   0.0000007418
1   5   -0.0517196230
2   2   -25.9547630024
2   3   -0.0000007186
2   4   -0.4932352412
2   5   -0.0000000779
3   3   -6.8659656856
3   4   0.0000000071
3   5   0.2018031993
4   4   -6.8486011882
4   5   0.0000000038
5   5   -6.3702010491
6   6   -6.3164865405
6   7   0.0000000022
7   7   -6.3164865463

End IJ Block
Begin IA Block
1   3   0.0000001001
2   3   -0.0663243953
3   3   -0.0000000020
4   3   -0.3864475072
5   3   0.0000000043
6   1   -0.0000000003
6   2   -0.0000000006
7   1   0.0000000010
7   2   0.0000000016

End IA Block
Begin AB Block
1   1   -6.1383762731
1   2   0.0000000002
2   2   -6.1383762729
3   3   -6.3213711958

End AB Block
Begin IJAB Block
1   8   1   4   0.0135844990
1   8   1   5   -0.0000000000
1   8   2   4   -0.0000000000
1   8   2   5   0.0135844989
1   8   3   6   0.0159537217
1   9   1   4   -0.0000000001
1   9   2   5   -0.0000000001
1   9   3   6   -0.0000000001
1   10   1   4   -0.0135936781
1   10   1   5   -0.0000000000
1   10   2   4   -0.0000000000
1   10   2   5   -0.0135936781
1   10   3   6   -0.0141166797
1   11   1   4   0.0000000217
1   11   1   5   0.0000000000
1   11   2   4   0.0000000000
1   11   2   5   0.0000000217
1   11   3   6   0.0000000227
1   12   1   4   -0.0014557111
1   12   1   5   0.0000000000
1   12   2   4   0.0000000000
1   12   2   5   -0.0014557111
1   12   3   6   -0.0007226614
1   13   1   6   -0.0018635850
1   13   2   6   0.0022324822
1   13   3   4   0.0011783282
1   13   3   5   -0.0014115787
1   14   1   6   -0.0022324822
1   14   2   6   -0.0018635850
1   14   3   4   0.0014115787
1   14   3   5   0.0011783282
2   8   1   4   -0.0000000001
2   8   2   5   -0.0000000001
2   8   3   6   -0.0000000001
2   9   1   4   0.0136200766
2   9   1   5   -0.0000000000
2   9   2   4   -0.0000000000
2   9   2   5   0.0136200766
2   9   3   6   0.0160381871
2   10   1   4   -0.0000000204
2   10   1   5   0.0000000000
2   10   2   4   0.0000000000
2   10   2   5   -0.0000000204
2   10   3   6   -0.0000000209
2   11   1   4   -0.0144212316
2   11   1   5   -0.0000000000
2   11   2   4   -0.0000000000
2   11   2   5   -0.0144212316
2   11   3   6   -0.0149890360
2   12   1   4   -0.0000000022
2   12   1   5   -0.0000000000
2   12   2   4   -0.0000000000
2   12   2   5   -0.0000000022
2   12   3   6   -0.0000000011
2   13   1   6   -0.0000000028
2   13   2   6   0.0000000033
2   13   3   4   0.0000000018
2   13   3   5   -0.0000000022
2   14   1   6   -0.0000000033
2   14   2   6   -0.0000000028
2   14   3   4   0.0000000022
2   14   3   5   0.0000000018
3   8   1   4   -0.0135936781
3   8   1   5   -0.0000000000
3   8   2   4   -0.0000000000
3   8   2   5   -0.0135936781
3   8   3   6   -0.0141166797
3   9   1   4   -0.0000000204
3   9   1   5   0.0000000000
3   9   2   4   0.0000000000
3   9   2   5   -0.0000000204
3   9   3   6   -0.0000000209
3   10   1   4   0.0582851042
3   10   1   5   0.0000000000
3   10   2   4   0.0000000000
3   10   2   5   0.0582851042
3   10   3   6   0.0635419189
3   11   1   4   -0.0000000002
3   11   1   5   -0.0000000000
3   11   2   4   -0.0000000000
3   11   2   5   -0.0000000002
3   11   3   6   -0.0000000012
3   12   1   4   0.0066784625
3   12   1   5   -0.0000000001
3   12   2   4   -0.0000000001
3   12   2   5   0.0066784624
3   12   3   6   -0.0209999933
3   13   1   6   0.0077956994
3   13   2   6   -0.0093388608
3   13   3   4   0.0130653272
3   13   3   5   -0.0156516132
3   14   1   6   0.0093388608
3   14   2   6   0.0077956995
3   14   3   4   0.0156516132
3   14   3   5   0.0130653275
4   8   1   4   0.0000000217
4   8   1   5   0.0000000000
4   8   2   4   0.0000000000
4   8   2   5   0.0000000217
4   8   3   6   0.0000000227
4   9   1   4   -0.0144212316
4   9   1   5   -0.0000000000
4   9   2   4   -0.0000000000
4   9   2   5   -0.0144212316
4   9   3   6   -0.0149890360
4   10   1   4   -0.0000000002
4   10   1   5   -0.0000000000
4   10   2   4   -0.0000000000
4   10   2   5   -0.0000000002
4   10   3   6   -0.0000000012
4   11   1   4   0.0650045703
4   11   1   5   -0.0000000000
4   11   2   4   -0.0000000000
4   11   2   5   0.0650045703
4   11   3   6   0.0656182918
4   12   1   4   -0.0000000001
4   12   1   5   0.0000000003
4   12   2   4   0.0000000003
4   12   2   5   0.0000000003
4   12   3   6   0.0000000001
4   13   1   6   0.0000000003
4   13   2   6   -0.0000000001
4   13   3   4   -0.0000000003
4   13   3   5   0.0000000004
4   14   1   6   -0.0000000001
4   14   2   6   -0.0000000004
4   14   3   4   -0.0000000004
4   14   3   5   -0.0000000004
5   8   1   4   -0.0014557111
5   8   1   5   0.0000000000
5   8   2   4   0.0000000000
5   8   2   5   -0.0014557111
5   8   3   6   -0.0007226614
5   9   1   4   -0.0000000022
5   9   1   5   -0.0000000000
5   9   2   4   -0.0000000000
5   9   2   5   -0.0000000022
5   9   3   6   -0.0000000011
5   10   1   4   0.0066784625
5   10   1   5   -0.0000000001
5   10   2   4   -0.0000000001
5   10   2   5   0.0066784624
5   10   3   6   -0.0209999933
5   11   1   4   -0.0000000001
5   11   1   5   0.0000000003
5   11   2   4   0.0000000003
5   11   2   5   0.0000000003
5   11   3   6   0.0000000001
5   12   1   4   0.0220278079
5   12   1   5   0.0000000001
5   12   2   4   0.0000000001
5   12   2   5   0.0220278079
5   12   3   6   0.2012703868
5   13   1   6   -0.0133245583
5   13   2   6   0.0159621590
5   13   3   4   -0.1084632946
5   13   3   5   0.1299336399
5   14   1   6   -0.0159621591
5   14   2   6   -0.0133245583
5   14   3   4   -0.1299336399
5   14   3   5   -0.1084632948
6   8   1   6   0.0011783282
6   8   2   6   -0.0014115787
6   8   3   4   -0.0018635850
6   8   3   5   0.0022324822
6   9   1   6   0.0000000018
6   9   2   6   -0.0000000022
6   9   3   4   -0.0000000028
6   9   3   5   0.0000000033
6   10   1   6   0.0130653272
6   10   2   6   -0.0156516132
6   10   3   4   0.0077956994
6   10   3   5   -0.0093388608
6   11   1   6   -0.0000000003
6   11   2   6   0.0000000004
6   11   3   4   0.0000000003
6   11   3   5   -0.0000000001
6   12   1   6   -0.1084632946
6   12   2   6   0.1299336399
6   12   3   4   -0.0133245583
6   12   3   5   0.0159621590
6   13   1   4   0.1074375956
6   13   1   5   -0.1004278791
6   13   2   4   -0.1004278791
6   13   2   5   0.1439121139
6   13   3   6   0.0243915355
6   14   1   4   0.1004278781
6   14   1   5   0.0600932081
6   14   2   4   -0.0965677301
6   14   2   5   -0.1004278784
6   14   3   6   -0.0000000000
7   8   1   6   0.0014115787
7   8   2   6   0.0011783282
7   8   3   4   -0.0022324822
7   8   3   5   -0.0018635850
7   9   1   6   0.0000000022
7   9   2   6   0.0000000018
7   9   3   4   -0.0000000033
7   9   3   5   -0.0000000028
7   10   1   6   0.0156516132
7   10   2   6   0.0130653275
7   10   3   4   0.0093388608
7   10   3   5   0.0077956995
7   11   1   6   -0.0000000004
7   11   2   6   -0.0000000004
7   11   3   4   -0.0000000001
7   11   3   5   -0.0000000004
7   12   1   6   -0.1299336399
7   12   2   6   -0.1084632948
7   12   3   4   -0.0159621591
7   12   3   5   -0.0133245583
7   13   1   4   0.1004278781
7   13   1   5   -0.0965677301
7   13   2   4   0.0600932081
7   13   2   5   -0.1004278784
7   13   3   6   -0.0000000000
7   14   1   4   0.1439121142
7   14   1   5   0.1004278793
7   14   2   4   0.1004278793
7   14   2   5   0.1074375961
7   14   3   6   0.0243915356

End IJAB Block
Begin IJKL Block
1   8   1   8   2.1635394741
1   8   1   9   -0.0000058450
1   8   1   10   0.1969369698
1   8   1   11   -0.0000009168
1   8   1   12   0.0166623059
1   8   2   8   -0.0000058450
1   8   2   9   1.9431577850
1   8   2   10   -0.0000002973
1   8   2   11   0.2031361684
1   8   2   12   -0.0000000201
1   8   3   8   0.1969369698
1   8   3   9   -0.0000002973
1   8   3   10   0.0287525813
1   8   3   11   -0.0000000890
1   8   3   12   0.0019372904
1   8   4   8   -0.0000009168
1   8   4   9   0.2031361684
1   8   4   10   -0.0000000890
1   8   4   11   0.0307164561
1   8   4   12   -0.0000000098
1   8   5   8   0.0166623059
1   8   5   9   -0.0000000201
1   8   5   10   0.0019372904
1   8   5   11   -0.0000000098
1   8   5   12   0.0112226973
1   8   6   13   0.0119637398
1   8   6   14   -0.0000000000
1   8   7   13   -0.0000000000
1   8   7   14   0.0119637399
1   9   1   8   -0.0000058450
1   9   1   9   2.1636176755
1   9   1   10   -0.0000002976
1   9   1   11   0.2034133032
1   9   1   12   -0.0000000151
1   9   2   8   1.9431577591
1   9   2   9   0.0000058447
1   9   2   10   0.1971739768
1   9   2   11   0.0000003056
1   9   2   12   0.0133534588
1   9   3   8   -0.0000002973
1   9   3   9   0.1969580591
1   9   3   10   -0.0000000003
1   9   3   11   0.0295309333
1   9   3   12   -0.0000000000
1   9   4   8   0.2031321437
1   9   4   9   0.0000003052
1   9   4   10   0.0295425642
1   9   4   11   -0.0000000001
1   9   4   12   0.0032656703
1   9   5   8   -0.0000000201
1   9   5   9   0.0166536913
1   9   5   10   -0.0000000000
1   9   5   11   0.0032784278
1   9   5   12   0.0000000001
1   9   6   13   0.0000000001
1   9   6   14   0.0000000000
1   9   7   13   0.0000000000
1   10   1   8   0.1969369698
1   10   1   9   -0.0000002976
1   10   1   10   0.5929618658
1   10   1   11   -0.0000011332
1   10   1   12   -0.0076783377
1   10   2   8   -0.0000002973
1   10   2   9   0.1971795825
1   10   2   10   -0.0000000025
1   10   2   11   0.3763850431
1   10   2   12   -0.0000000002
1   10   3   8   0.0306972316
1   10   3   9   -0.0000000002
1   10   3   10   0.0081029324
1   10   3   11   -0.0000000132
1   10   3   12   0.0009625279
1   10   4   8   -0.0000000947
1   10   4   9   0.0314606530
1   10   4   10   -0.0000000136
1   10   4   11   0.0088910338
1   10   4   12   0.0000000010
1   10   5   8   0.0019493963
1   10   5   9   -0.0000000000
1   10   5   10   0.0033500846
1   10   5   11   0.0000000025
1   10   5   12   -0.0136453733
1   10   6   13   -0.0139622932
1   10   6   14   0.0000000000
1   10   7   13   0.0000000000
1   10   7   14   -0.0139622932
1   11   1   8   -0.0000009168
1   11   1   9   0.2034133032
1   11   1   10   -0.0000011332
1   11   1   11   0.6027433782
1   11   1   12   -0.0000002282
1   11   2   8   0.2031321437
1   11   2   9   0.0000003056
1   11   2   10   0.3763988430
1   11   2   11   0.0000000006
1   11   2   12   0.0758368652
1   11   3   8   -0.0000000947
1   11   3   9   0.0314626447
1   11   3   10   -0.0000000136
1   11   3   11   0.0091331986
1   11   3   12   -0.0000000024
1   11   4   8   0.0328476841
1   11   4   9   -0.0000000000
1   11   4   10   0.0086707356
1   11   4   11   -0.0000000134
1   11   4   12   0.0001967866
1   11   5   8   -0.0000000104
1   11   5   9   0.0034544557
1   11   5   10   0.0000000025
1   11   5   11   -0.0002554851
1   11   5   12   0.0000000195
1   11   6   13   0.0000000207
1   11   6   14   -0.0000000000
1   11   7   13   -0.0000000000
1   11   7   14   0.0000000207
1   12   1   8   0.0166623059
1   12   1   9   -0.0000000151
1   12   1   10   -0.0076783377
1   12   1   11   -0.0000002282
1   12   1   12   0.5732278733
1   12   2   8   -0.0000000201
1   12   2   9   0.0133548208
1   12   2   10   -0.0000000002
1   12   2   11   0.0758359638
1   12   2   12   -0.0000000003
1   12   3   8   0.0019493963
1   12   3   9   -0.0000000000
1   12   3   10   0.0010054080
1   12   3   11   -0.0000000025
1   12   3   12   0.0057521595
1   12   4   8   -0.0000000104
1   12   4   9   0.0034401295
1   12   4   10   0.0000000009
1   12   4   11   0.0002040117
1   12   4   12   -0.0000000091
1   12   5   8   0.0137524817
1   12   5   9   0.0000000001
1   12   5   10   -0.0143784032
1   12   5   11   0.0000000207
1   12   5   12   0.0009935827
1   12   6   13   -0.0008052029
1   12   6   14   -0.0000000000
1   12   7   13   -0.0000000000
1   12   7   14   -0.0008052029
1   13   1   13   0.5771570088
1   13   1   14   -0.0000000003
1   13   2   13   0.0000000003
1   13   2   14   0.0000000006
1   13   3   13   0.0061144424
1   13   3   14   -0.0000000000
1   13   4   13   -0.0000000097
1   13   4   14   0.0000000000
1   13   5   13   0.0022016596
1   13   5   14   -0.0000000000
1   13   6   8   0.0146441581
1   13   6   9   0.0000000002
1   13   6   10   -0.0146984219
1   13   6   11   0.0000000219
1   13   6   12   -0.0009101626
1   13   7   8   -0.0000000000
1   13   7   9   0.0000000001
1   13   7   10   0.0000000000
1   13   7   11   -0.0000000001
1   13   7   12   -0.0000000000
1   14   1   13   -0.0000000003
1   14   1   14   0.5771570095
1   14   2   13   0.0000000006
1   14   2   14   -0.0000000014
1   14   3   13   -0.0000000000
1   14   3   14   0.0061144424
1   14   4   13   0.0000000000
1   14   4   14   -0.0000000097
1   14   5   13   -0.0000000000
1   14   5   14   0.0022016596
1   14   6   8   -0.0000000000
1   14   6   9   0.0000000001
1   14   6   10   0.0000000000
1   14   6   11   -0.0000000001
1   14   6   12   -0.0000000000
1   14   7   8   0.0146441581
1   14   7   9   -0.0000000000
1   14   7   10   -0.0146984219
1   14   7   11   0.0000000220
1   14   7   12   -0.0009101625
2   8   1   8   -0.0000058450
2   8   1   9   1.9431577591
2   8   1   10   -0.0000002973
2   8   1   11   0.2031321437
2   8   1   12   -0.0000000201
2   8   2   8   2.1636176755
2   8   2   9   0.0000058447
2   8   2   10   0.1969580591
2   8   2   11   0.0000003052
2   8   2   12   0.0166536913
2   8   3   8   -0.0000002976
2   8   3   9   0.1971739768
2   8   3   10   -0.0000000003
2   8   3   11   0.0295425642
2   8   3   12   -0.0000000000
2   8   4   8   0.2034133032
2   8   4   9   0.0000003056
2   8   4   10   0.0295309333
2   8   4   11   -0.0000000001
2   8   4   12   0.0032784278
2   8   5   8   -0.0000000151
2   8   5   9   0.0133534588
2   8   5   10   -0.0000000000
2   8   5   11   0.0032656703
2   8   5   12   0.0000000001
2   8   6   13   0.0000000001
2   8   6   14   0.0000000000
2   8   7   13   0.0000000000
2   9   1   8   1.9431577850
2   9   1   9   0.0000058447
2   9   1   10   0.1971795825
2   9   1   11   0.0000003056
2   9   1   12   0.0133548208
2   9   2   8   0.0000058447
2   9   2   9   2.1636988091
2   9   2   10   0.0000008886
2   9   2   11   0.2034156211
2   9   2   12   0.0000000652
2   9   3   8   0.1971795825
2   9   3   9   0.0000008886
2   9   3   10   0.0287375126
2   9   3   11   0.0000000887
2   9   3   12   0.0019425432
2   9   4   8   0.0000003056
2   9   4   9   0.2034156211
2   9   4   10   0.0000000887
2   9   4   11   0.0307383833
2   9   4   12   0.0000000099
2   9   5   8   0.0133548208
2   9   5   9   0.0000000652
2   9   5   10   0.0019425432
2   9   5   11   0.0000000099
2   9   5   12   0.0111193743
2   9   6   13   0.0119050685
2   9   6   14   -0.0000000000
2   9   7   13   -0.0000000000
2   9   7   14   0.0119050685
2   10   1   8   -0.0000002973
2   10   1   9   0.1971739768
2   10   1   10   -0.0000000025
2   10   1   11   0.3763988430
2   10   1   12   -0.0000000002
2   10   2   8   0.1969580591
2   10   2   9   0.0000008886
2   10   2   10   0.5929495948
2   10   2   11   0.0000011311
2   10   2   12   -0.0076684490
2   10   3   8   -0.0000000002
2   10   3   9   0.0306979178
2   10   3   10   0.0000000121
2   10   3   11   0.0087681558
2   10   3   12   0.0000000015
2   10   4   8   0.0314626447
2   10   4   9   0.0000000945
2   10   4   10   0.0089685847
2   10   4   11   0.0000000133
2   10   4   12   -0.0006191023
2   10   5   8   -0.0000000000
2   10   5   9   0.0019554140
2   10   5   10   0.0000000050
2   10   5   11   -0.0016605441
2   10   5   12   -0.0000000203
2   10   6   13   -0.0000000210
2   10   6   14   -0.0000000000
2   10   7   13   -0.0000000000
2   10   7   14   -0.0000000209
2   11   1   8   0.2031361684
2   11   1   9   0.0000003056
2   11   1   10   0.3763850431
2   11   1   11   0.0000000006
2   11   1   12   0.0758359638
2   11   2   8   0.0000003052
2   11   2   9   0.2034156211
2   11   2   10   0.0000011311
2   11   2   11   0.6027635567
2   11   2   12   0.0000002280
2   11   3   8   0.0314606530
2   11   3   9   0.0000000945
2   11   3   10   0.0089892100
2   11   3   11   0.0000000137
2   11   3   12   0.0016548694
2   11   4   8   -0.0000000000
2   11   4   9   0.0328576536
2   11   4   10   0.0000000130
2   11   4   11   0.0089535161
2   11   4   12   0.0000000004
2   11   5   8   0.0034401295
2   11   5   9   0.0000000104
2   11   5   10   -0.0016476875
2   11   5   11   -0.0000000004
2   11   5   12   -0.0128274862
2   11   6   13   -0.0137473416
2   11   6   14   0.0000000000
2   11   7   13   0.0000000000
2   11   7   14   -0.0137473416
2   12   1   8   -0.0000000201
2   12   1   9   0.0133534588
2   12   1   10   -0.0000000002
2   12   1   11   0.0758368652
2   12   1   12   -0.0000000003
2   12   2   8   0.0166536913
2   12   2   9   0.0000000652
2   12   2   10   -0.0076684490
2   12   2   11   0.0000002280
2   12   2   12   0.5732270599
2   12   3   8   -0.0000000000
2   12   3   9   0.0019554140
2   12   3   10   0.0000000016
2   12   3   11   0.0017008652
2   12   3   12   0.0000000086
2   12   4   8   0.0034544557
2   12   4   9   0.0000000104
2   12   4   10   -0.0005404042
2   12   4   11   0.0000000004
2   12   4   12   0.0060313780
2   12   5   8   0.0000000001
2   12   5   9   0.0136560057
2   12   5   10   -0.0000000215
2   12   5   11   -0.0136322953
2   12   5   12   0.0000000016
2   12   6   13   -0.0000000012
2   12   6   14   0.0000000000
2   12   7   13   0.0000000000
2   12   7   14   -0.0000000012
2   13   1   13   0.0000000003
2   13   1   14   0.0000000006
2   13   2   13   0.5771565450
2   13   2   14   -0.0000000003
2   13   3   13   0.0000000092
2   13   3   14   0.0000000000
2   13   4   13   0.0064651179
2   13   4   14   -0.0000000000
2   13   5   13   0.0000000034
2   13   5   14   0.0000000000
2   13   6   8   0.0000000002
2   13   6   9   0.0145921252
2   13   6   10   -0.0000000221
2   13   6   11   -0.0145932886
2   13   6   12   -0.0000000014
2   13   7   8   0.0000000001
2   13   7   9   -0.0000000000
2   13   7   10   -0.0000000001
2   13   7   11   0.0000000000
2   13   7   12   0.0000000000
2   14   1   13   0.0000000006
2   14   1   14   -0.0000000014
2   14   2   13   -0.0000000003
2   14   2   14   0.5771565457
2   14   3   13   0.0000000000
2   14   3   14   0.0000000092
2   14   4   13   -0.0000000000
2   14   4   14   0.0064651179
2   14   5   13   0.0000000000
2   14   5   14   0.0000000033
2   14   6   8   0.0000000001
2   14   6   9   -0.0000000000
2   14   6   10   -0.0000000001
2   14   6   11   0.0000000000
2   14   6   12   0.0000000000
2   14   7   8   -0.0000000000
2   14   7   9   0.0145921252
2   14   7   10   -0.0000000220
2   14   7   11   -0.0145932886
2   14   7   12   -0.0000000014
3   8   1   8   0.1969369698
3   8   1   9   -0.0000002973
3   8   1   10   0.0306972316
3   8   1   11   -0.0000000947
3   8   1   12   0.0019493963
3   8   2   8   -0.0000002976
3   8   2   9   0.1971795825
3   8   2   10   -0.0000000002
3   8   2   11   0.0314606530
3   8   2   12   -0.0000000000
3   8   3   8   0.5929618658
3   8   3   9   -0.0000000025
3   8   3   10   0.0081029324
3   8   3   11   -0.0000000136
3   8   3   12   0.0033500846
3   8   4   8   -0.0000011332
3   8   4   9   0.3763850431
3   8   4   10   -0.0000000132
3   8   4   11   0.0088910338
3   8   4   12   0.0000000025
3   8   5   8   -0.0076783377
3   8   5   9   -0.0000000002
3   8   5   10   0.0009625279
3   8   5   11   0.0000000010
3   8   5   12   -0.0136453733
3   8   6   13   -0.0139622932
3   8   6   14   0.0000000000
3   8   7   13   0.0000000000
3   8   7   14   -0.0139622932
3   9   1   8   -0.0000002973
3   9   1   9   0.1969580591
3   9   1   10   -0.0000000002
3   9   1   11   0.0314626447
3   9   1   12   -0.0000000000
3   9   2   8   0.1971739768
3   9   2   9   0.0000008886
3   9   2   10   0.0306979178
3   9   2   11   0.0000000945
3   9   2   12   0.0019554140
3   9   3   8   -0.0000000025
3   9   3   9   0.5929495948
3   9   3   10   0.0000000121
3   9   3   11   0.0089685847
3   9   3   12   0.0000000050
3   9   4   8   0.3763988430
3   9   4   9   0.0000011311
3   9   4   10   0.0087681558
3   9   4   11   0.0000000133
3   9   4   12   -0.0016605441
3   9   5   8   -0.0000000002
3   9   5   9   -0.0076684490
3   9   5   10   0.0000000015
3   9   5   11   -0.0006191023
3   9   5   12   -0.0000000203
3   9   6   13   -0.0000000210
3   9   6   14   -0.0000000000
3   9   7   13   -0.0000000000
3   9   7   14   -0.0000000209
3   10   1   8   0.0287525813
3   10   1   9   -0.0000000003
3   10   1   10   0.0081029324
3   10   1   11   -0.0000000136
3   10   1   12   0.0010054080
3   10   2   8   -0.0000000003
3   10   2   9   0.0287375126
3   10   2   10   0.0000000121
3   10   2   11   0.0089892100
3   10   2   12   0.0000000016
3   10   3   8   0.0081029324
3   10   3   9   0.0000000121
3   10   3   10   0.4488043688
3   10   3   11   -0.0000000020
3   10   3   12   -0.0214384830
3   10   4   8   -0.0000000136
3   10   4   9   0.0089892100
3   10   4   10   -0.0000000020
3   10   4   11   0.2246794557
3   10   4   12   -0.0000000003
3   10   5   8   0.0010054080
3   10   5   9   0.0000000016
3   10   5   10   -0.0214384830
3   10   5   11   -0.0000000003
3   10   5   12   0.0667817405
3   10   6   13   0.0605709210
3   10   6   14   -0.0000000001
3   10   7   13   -0.0000000001
3   10   7   14   0.0605709214
3   11   1   8   -0.0000000890
3   11   1   9   0.0295309333
3   11   1   10   -0.0000000132
3   11   1   11   0.0091331986
3   11   1   12   -0.0000000025
3   11   2   8   0.0295425642
3   11   2   9   0.0000000887
3   11   2   10   0.0087681558
3   11   2   11   0.0000000137
3   11   2   12   0.0017008652
3   11   3   8   -0.0000000136
3   11   3   9   0.0089685847
3   11   3   10   -0.0000000020
3   11   3   11   0.4441626938
3   11   3   12   -0.0000000003
3   11   4   8   0.0086707356
3   11   4   9   0.0000000130
3   11   4   10   0.2267089149
3   11   4   11   -0.0000000002
3   11   4   12   0.0544644204
3   11   5   8   0.0000000009
3   11   5   9   -0.0005404042
3   11   5   10   -0.0000000003
3   11   5   11   -0.0014085504
3   11   5   12   -0.0000000012
3   11   6   13   -0.0000000002
3   11   6   14   0.0000000001
3   11   7   13   0.0000000001
3   11   7   14   -0.0000000005
3   12   1   8   0.0019372904
3   12   1   9   -0.0000000000
3   12   1   10   0.0009625279
3   12   1   11   -0.0000000024
3   12   1   12   0.0057521595
3   12   2   8   -0.0000000000
3   12   2   9   0.0019425432
3   12   2   10   0.0000000015
3   12   2   11   0.0016548694
3   12   2   12   0.0000000086
3   12   3   8   0.0033500846
3   12   3   9   0.0000000050
3   12   3   10   -0.0214384830
3   12   3   11   -0.0000000003
3   12   3   12   0.4353332395
3   12   4   8   0.0000000025
3   12   4   9   -0.0016476875
3   12   4   10   -0.0000000003
3   12   4   11   0.0545378194
3   12   4   12   -0.0000000004
3   12   5   8   -0.0143784032
3   12   5   9   -0.0000000215
3   12   5   10   0.0683099143
3   12   5   11   -0.0000000010
3   12   5   12   -0.0171995365
3   12   6   13   0.0011631111
3   12   6   14   0.0000000001
3   12   7   13   0.0000000001
3   12   7   14   0.0011631109
3   13   1   13   0.0061144424
3   13   1   14   -0.0000000000
3   13   2   13   0.0000000092
3   13   2   14   0.0000000000
3   13   3   13   0.4308401412
3   13   3   14   -0.0000000002
3   13   4   13   -0.0000000005
3   13   4   14   0.0000000003
3   13   5   13   -0.0156773160
3   13   5   14   0.0000000001
3   13   6   8   -0.0146984219
3   13   6   9   -0.0000000221
3   13   6   10   0.0623765960
3   13   6   11   0.0000000000
3   13   6   12   0.0003443941
3   13   7   8   0.0000000000
3   13   7   9   -0.0000000001
3   13   7   10   -0.0000000001
3   13   7   11   0.0000000002
3   13   7   12   0.0000000001
3   14   1   13   -0.0000000000
3   14   1   14   0.0061144424
3   14   2   13   0.0000000000
3   14   2   14   0.0000000092
3   14   3   13   -0.0000000002
3   14   3   14   0.4308401418
3   14   4   13   0.0000000003
3   14   4   14   -0.0000000013
3   14   5   13   0.0000000001
3   14   5   14   -0.0156773162
3   14   6   8   0.0000000000
3   14   6   9   -0.0000000001
3   14   6   10   -0.0000000001
3   14   6   11   0.0000000002
3   14   6   12   0.0000000001
3   14   7   8   -0.0146984219
3   14   7   9   -0.0000000220
3   14   7   10   0.0623765963
3   14   7   11   -0.0000000004
3   14   7   12   0.0003443939
4   8   1   8   -0.0000009168
4   8   1   9   0.2031321437
4   8   1   10   -0.0000000947
4   8   1   11   0.0328476841
4   8   1   12   -0.0000000104
4   8   2   8   0.2034133032
4   8   2   9   0.0000003056
4   8   2   10   0.0314626447
4   8   2   11   -0.0000000000
4   8   2   12   0.0034544557
4   8   3   8   -0.0000011332
4   8   3   9   0.3763988430
4   8   3   10   -0.0000000136
4   8   3   11   0.0086707356
4   8   3   12   0.0000000025
4   8   4   8   0.6027433782
4   8   4   9   0.0000000006
4   8   4   10   0.0091331986
4   8   4   11   -0.0000000134
4   8   4   12   -0.0002554851
4   8   5   8   -0.0000002282
4   8   5   9   0.0758368652
4   8   5   10   -0.0000000024
4   8   5   11   0.0001967866
4   8   5   12   0.0000000195
4   8   6   13   0.0000000207
4   8   6   14   -0.0000000000
4   8   7   13   -0.0000000000
4   8   7   14   0.0000000207
4   9   1   8   0.2031361684
4   9   1   9   0.0000003052
4   9   1   10   0.0314606530
4   9   1   11   -0.0000000000
4   9   1   12   0.0034401295
4   9   2   8   0.0000003056
4   9   2   9   0.2034156211
4   9   2   10   0.0000000945
4   9   2   11   0.0328576536
4   9   2   12   0.0000000104
4   9   3   8   0.3763850431
4   9   3   9   0.0000011311
4   9   3   10   0.0089892100
4   9   3   11   0.0000000130
4   9   3   12   -0.0016476875
4   9   4   8   0.0000000006
4   9   4   9   0.6027635567
4   9   4   10   0.0000000137
4   9   4   11   0.0089535161
4   9   4   12   -0.0000000004
4   9   5   8   0.0758359638
4   9   5   9   0.0000002280
4   9   5   10   0.0016548694
4   9   5   11   0.0000000004
4   9   5   12   -0.0128274862
4   9   6   13   -0.0137473416
4   9   6   14   0.0000000000
4   9   7   13   0.0000000000
4   9   7   14   -0.0137473416
4   10   1   8   -0.0000000890
4   10   1   9   0.0295425642
4   10   1   10   -0.0000000136
4   10   1   11   0.0086707356
4   10   1   12   0.0000000009
4   10   2   8   0.0295309333
4   10   2   9   0.0000000887
4   10   2   10   0.0089685847
4   10   2   11   0.0000000130
4   10   2   12   -0.0005404042
4   10   3   8   -0.0000000132
4   10   3   9   0.0087681558
4   10   3   10   -0.0000000020
4   10   3   11   0.2267089149
4   10   3   12   -0.0000000003
4   10   4   8   0.0091331986
4   10   4   9   0.0000000137
4   10   4   10   0.4441626938
4   10   4   11   -0.0000000002
4   10   4   12   -0.0014085504
4   10   5   8   -0.0000000025
4   10   5   9   0.0017008652
4   10   5   10   -0.0000000003
4   10   5   11   0.0544644204
4   10   5   12   -0.0000000012
4   10   6   13   -0.0000000002
4   10   6   14   0.0000000001
4   10   7   13   0.0000000001
4   10   7   14   -0.0000000005
4   11   1   8   0.0307164561
4   11   1   9   -0.0000000001
4   11   1   10   0.0088910338
4   11   1   11   -0.0000000134
4   11   1   12   0.0002040117
4   11   2   8   -0.0000000001
4   11   2   9   0.0307383833
4   11   2   10   0.0000000133
4   11   2   11   0.0089535161
4   11   2   12   0.0000000004
4   11   3   8   0.0088910338
4   11   3   9   0.0000000133
4   11   3   10   0.2246794557
4   11   3   11   -0.0000000002
4   11   3   12   0.0545378194
4   11   4   8   -0.0000000134
4   11   4   9   0.0089535161
4   11   4   10   -0.0000000002
4   11   4   11   0.4508510667
4   11   4   12   0.0000000001
4   11   5   8   0.0002040117
4   11   5   9   0.0000000004
4   11   5   10   0.0545378194
4   11   5   11   0.0000000001
4   11   5   12   0.0624721043
4   11   6   13   0.0563624045
4   11   6   14   -0.0000000001
4   11   7   13   -0.0000000001
4   11   7   14   0.0563624048
4   12   1   8   -0.0000000098
4   12   1   9   0.0032656703
4   12   1   10   0.0000000010
4   12   1   11   0.0001967866
4   12   1   12   -0.0000000091
4   12   2   8   0.0032784278
4   12   2   9   0.0000000099
4   12   2   10   -0.0006191023
4   12   2   11   0.0000000004
4   12   2   12   0.0060313780
4   12   3   8   0.0000000025
4   12   3   9   -0.0016605441
4   12   3   10   -0.0000000003
4   12   3   11   0.0544644204
4   12   3   12   -0.0000000004
4   12   4   8   -0.0002554851
4   12   4   9   -0.0000000004
4   12   4   10   -0.0014085504
4   12   4   11   0.0000000001
4   12   4   12   0.4316877897
4   12   5   8   0.0000000207
4   12   5   9   -0.0136322953
4   12   5   10   -0.0000000010
4   12   5   11   0.0635001199
4   12   5   12   -0.0000000004
4   12   6   13   -0.0000000001
4   12   6   14   -0.0000000001
4   12   7   13   -0.0000000001
4   12   7   14   0.0000000002
4   13   1   13   -0.0000000097
4   13   1   14   0.0000000000
4   13   2   13   0.0064651179
4   13   2   14   -0.0000000000
4   13   3   13   -0.0000000005
4   13   3   14   0.0000000003
4   13   4   13   0.4285797033
4   13   4   14   -0.0000000002
4   13   5   13   -0.0000000006
4   13   5   14   -0.0000000000
4   13   6   8   0.0000000219
4   13   6   9   -0.0145932886
4   13   6   10   0.0000000000
4   13   6   11   0.0558560003
4   13   6   12   -0.0000000003
4   13   7   8   -0.0000000001
4   13   7   9   0.0000000000
4   13   7   10   0.0000000002
4   13   7   11   -0.0000000001
4   13   7   12   -0.0000000002
4   14   1   13   0.0000000000
4   14   1   14   -0.0000000097
4   14   2   13   -0.0000000000
4   14   2   14   0.0064651179
4   14   3   13   0.0000000003
4   14   3   14   -0.0000000013
4   14   4   13   -0.0000000002
4   14   4   14   0.4285797037
4   14   5   13   -0.0000000000
4   14   5   14   -0.0000000005
4   14   6   8   -0.0000000001
4   14   6   9   0.0000000000
4   14   6   10   0.0000000002
4   14   6   11   -0.0000000001
4   14   6   12   -0.0000000002
4   14   7   8   0.0000000220
4   14   7   9   -0.0145932886
4   14   7   10   -0.0000000004
4   14   7   11   0.0558560005
4   14   7   12   0.0000000003
5   8   1   8   0.0166623059
5   8   1   9   -0.0000000201
5   8   1   10   0.0019493963
5   8   1   11   -0.0000000104
5   8   1   12   0.0137524817
5   8   2   8   -0.0000000151
5   8   2   9   0.0133548208
5   8   2   10   -0.0000000000
5   8   2   11   0.0034401295
5   8   2   12   0.0000000001
5   8   3   8   -0.0076783377
5   8   3   9   -0.0000000002
5   8   3   10   0.0010054080
5   8   3   11   0.0000000009
5   8   3   12   -0.0143784032
5   8   4   8   -0.0000002282
5   8   4   9   0.0758359638
5   8   4   10   -0.0000000025
5   8   4   11   0.0002040117
5   8   4   12   0.0000000207
5   8   5   8   0.5732278733
5   8   5   9   -0.0000000003
5   8   5   10   0.0057521595
5   8   5   11   -0.0000000091
5   8   5   12   0.0009935827
5   8   6   13   -0.0008052029
5   8   6   14   -0.0000000000
5   8   7   13   -0.0000000000
5   8   7   14   -0.0008052029
5   9   1   8   -0.0000000201
5   9   1   9   0.0166536913
5   9   1   10   -0.0000000000
5   9   1   11   0.0034544557
5   9   1   12   0.0000000001
5   9   2   8   0.0133534588
5   9   2   9   0.0000000652
5   9   2   10   0.0019554140
5   9   2   11   0.0000000104
5   9   2   12   0.0136560057
5   9   3   8   -0.0000000002
5   9   3   9   -0.0076684490
5   9   3   10   0.0000000016
5   9   3   11   -0.0005404042
5   9   3   12   -0.0000000215
5   9   4   8   0.0758368652
5   9   4   9   0.0000002280
5   9   4   10   0.0017008652
5   9   4   11   0.0000000004
5   9   4   12   -0.0136322953
5   9   5   8   -0.0000000003
5   9   5   9   0.5732270599
5   9   5   10   0.0000000086
5   9   5   11   0.0060313780
5   9   5   12   0.0000000016
5   9   6   13   -0.0000000012
5   9   6   14   0.0000000000
5   9   7   13   0.0000000000
5   9   7   14   -0.0000000012
5   10   1   8   0.0019372904
5   10   1   9   -0.0000000000
5   10   1   10   0.0033500846
5   10   1   11   0.0000000025
5   10   1   12   -0.0143784032
5   10   2   8   -0.0000000000
5   10   2   9   0.0019425432
5   10   2   10   0.0000000050
5   10   2   11   -0.0016476875
5   10   2   12   -0.0000000215
5   10   3   8   0.0009625279
5   10   3   9   0.0000000015
5   10   3   10   -0.0214384830
5   10   3   11   -0.0000000003
5   10   3   12   0.0683099143
5   10   4   8   -0.0000000024
5   10   4   9   0.0016548694
5   10   4   10   -0.0000000003
5   10   4   11   0.0545378194
5   10   4   12   -0.0000000010
5   10   5   8   0.0057521595
5   10   5   9   0.0000000086
5   10   5   10   0.4353332395
5   10   5   11   -0.0000000004
5   10   5   12   -0.0171995365
5   10   6   13   0.0011631111
5   10   6   14   0.0000000001
5   10   7   13   0.0000000001
5   10   7   14   0.0011631109
5   11   1   8   -0.0000000098
5   11   1   9   0.0032784278
5   11   1   10   0.0000000025
5   11   1   11   -0.0002554851
5   11   1   12   0.0000000207
5   11   2   8   0.0032656703
5   11   2   9   0.0000000099
5   11   2   10   -0.0016605441
5   11   2   11   -0.0000000004
5   11   2   12   -0.0136322953
5   11   3   8   0.0000000010
5   11   3   9   -0.0006191023
5   11   3   10   -0.0000000003
5   11   3   11   -0.0014085504
5   11   3   12   -0.0000000010
5   11   4   8   0.0001967866
5   11   4   9   0.0000000004
5   11   4   10   0.0544644204
5   11   4   11   0.0000000001
5   11   4   12   0.0635001199
5   11   5   8   -0.0000000091
5   11   5   9   0.0060313780
5   11   5   10   -0.0000000004
5   11   5   11   0.4316877897
5   11   5   12   -0.0000000004
5   11   6   13   -0.0000000001
5   11   6   14   -0.0000000001
5   11   7   13   -0.0000000001
5   11   7   14   0.0000000002
5   12   1   8   0.0112226973
5   12   1   9   0.0000000001
5   12   1   10   -0.0136453733
5   12   1   11   0.0000000195
5   12   1   12   0.0009935827
5   12   2   8   0.0000000001
5   12   2   9   0.0111193743
5   12   2   10   -0.0000000203
5   12   2   11   -0.0128274862
5   12   2   12   0.0000000016
5   12   3   8   -0.0136453733
5   12   3   9   -0.0000000203
5   12   3   10   0.0667817405
5   12   3   11   -0.0000000012
5   12   3   12   -0.0171995365
5   12   4   8   0.0000000195
5   12   4   9   -0.0128274862
5   12   4   10   -0.0000000012
5   12   4   11   0.0624721043
5   12   4   12   -0.0000000004
5   12   5   8   0.0009935827
5   12   5   9   0.0000000016
5   12   5   10   -0.0171995365
5   12   5   11   -0.0000000004
5   12   5   12   0.4402269772
5   12   6   13   0.0132931769
5   12   6   14   -0.0000000002
5   12   7   13   -0.0000000002
5   12   7   14   0.0132931773
5   13   1   13   0.0022016596
5   13   1   14   -0.0000000000
5   13   2   13   0.0000000034
5   13   2   14   0.0000000000
5   13   3   13   -0.0156773160
5   13   3   14   0.0000000001
5   13   4   13   -0.0000000006
5   13   4   14   -0.0000000000
5   13   5   13   0.4113375033
5   13   5   14   -0.0000000002
5   13   6   8   -0.0009101626
5   13   6   9   -0.0000000014
5   13   6   10   0.0003443941
5   13   6   11   -0.0000000003
5   13   6   12   0.0103293906
5   13   7   8   -0.0000000000
5   13   7   9   0.0000000000
5   13   7   10   0.0000000001
5   13   7   11   -0.0000000002
5   13   7   12   -0.0000000001
5   14   1   13   -0.0000000000
5   14   1   14   0.0022016596
5   14   2   13   0.0000000000
5   14   2   14   0.0000000033
5   14   3   13   0.0000000001
5   14   3   14   -0.0156773162
5   14   4   13   -0.0000000000
5   14   4   14   -0.0000000005
5   14   5   13   -0.0000000002
5   14   5   14   0.4113375039
5   14   6   8   -0.0000000000
5   14   6   9   0.0000000000
5   14   6   10   0.0000000001
5   14   6   11   -0.0000000002
5   14   6   12   -0.0000000001
5   14   7   8   -0.0009101625
5   14   7   9   -0.0000000014
5   14   7   10   0.0003443939
5   14   7   11   0.0000000003
5   14   7   12   0.0103293909
6   8   1   13   0.0146441581
6   8   1   14   -0.0000000000
6   8   2   13   0.0000000002
6   8   2   14   0.0000000001
6   8   3   13   -0.0146984219
6   8   3   14   0.0000000000
6   8   4   13   0.0000000219
6   8   4   14   -0.0000000001
6   8   5   13   -0.0009101626
6   8   5   14   -0.0000000000
6   8   6   8   0.5771570088
6   8   6   9   0.0000000003
6   8   6   10   0.0061144424
6   8   6   11   -0.0000000097
6   8   6   12   0.0022016596
6   8   7   8   -0.0000000003
6   8   7   9   0.0000000006
6   8   7   10   -0.0000000000
6   8   7   11   0.0000000000
6   8   7   12   -0.0000000000
6   9   1   13   0.0000000002
6   9   1   14   0.0000000001
6   9   2   13   0.0145921252
6   9   2   14   -0.0000000000
6   9   3   13   -0.0000000221
6   9   3   14   -0.0000000001
6   9   4   13   -0.0145932886
6   9   4   14   0.0000000000
6   9   5   13   -0.0000000014
6   9   5   14   0.0000000000
6   9   6   8   0.0000000003
6   9   6   9   0.5771565450
6   9   6   10   0.0000000092
6   9   6   11   0.0064651179
6   9   6   12   0.0000000034
6   9   7   8   0.0000000006
6   9   7   9   -0.0000000003
6   9   7   10   0.0000000000
6   9   7   11   -0.0000000000
6   9   7   12   0.0000000000
6   10   1   13   -0.0146984219
6   10   1   14   0.0000000000
6   10   2   13   -0.0000000221
6   10   2   14   -0.0000000001
6   10   3   13   0.0623765960
6   10   3   14   -0.0000000001
6   10   4   13   0.0000000000
6   10   4   14   0.0000000002
6   10   5   13   0.0003443941
6   10   5   14   0.0000000001
6   10   6   8   0.0061144424
6   10   6   9   0.0000000092
6   10   6   10   0.4308401412
6   10   6   11   -0.0000000005
6   10   6   12   -0.0156773160
6   10   7   8   -0.0000000000
6   10   7   9   0.0000000000
6   10   7   10   -0.0000000002
6   10   7   11   0.0000000003
6   10   7   12   0.0000000001
6   11   1   13   0.0000000219
6   11   1   14   -0.0000000001
6   11   2   13   -0.0145932886
6   11   2   14   0.0000000000
6   11   3   13   0.0000000000
6   11   3   14   0.0000000002
6   11   4   13   0.0558560003
6   11   4   14   -0.0000000001
6   11   5   13   -0.0000000003
6   11   5   14   -0.0000000002
6   11   6   8   -0.0000000097
6   11   6   9   0.0064651179
6   11   6   10   -0.0000000005
6   11   6   11   0.4285797033
6   11   6   12   -0.0000000006
6   11   7   8   0.0000000000
6   11   7   9   -0.0000000000
6   11   7   10   0.0000000003
6   11   7   11   -0.0000000002
6   11   7   12   -0.0000000000
6   12   1   13   -0.0009101626
6   12   1   14   -0.0000000000
6   12   2   13   -0.0000000014
6   12   2   14   0.0000000000
6   12   3   13   0.0003443941
6   12   3   14   0.0000000001
6   12   4   13   -0.0000000003
6   12   4   14   -0.0000000002
6   12   5   13   0.0103293906
6   12   5   14   -0.0000000001
6   12   6   8   0.0022016596
6   12   6   9   0.0000000034
6   12   6   10   -0.0156773160
6   12   6   11   -0.0000000006
6   12   6   12   0.4113375033
6   12   7   8   -0.0000000000
6   12   7   9   0.0000000000
6   12   7   10   0.0000000001
6   12   7   11   -0.0000000000
6   12   7   12   -0.0000000002
6   13   1   8   0.0119637398
6   13   1   9   0.0000000001
6   13   1   10   -0.0139622932
6   13   1   11   0.0000000207
6   13   1   12   -0.0008052029
6   13   2   8   0.0000000001
6   13   2   9   0.0119050685
6   13   2   10   -0.0000000210
6   13   2   11   -0.0137473416
6   13   2   12   -0.0000000012
6   13   3   8   -0.0139622932
6   13   3   9   -0.0000000210
6   13   3   10   0.0605709210
6   13   3   11   -0.0000000002
6   13   3   12   0.0011631111
6   13   4   8   0.0000000207
6   13   4   9   -0.0137473416
6   13   4   10   -0.0000000002
6   13   4   11   0.0563624045
6   13   4   12   -0.0000000001
6   13   5   8   -0.0008052029
6   13   5   9   -0.0000000012
6   13   5   10   0.0011631111
6   13   5   11   -0.0000000001
6   13   5   12   0.0132931769
6   13   6   13   0.4300871454
6   13   6   14   0.0000000004
6   13   7   13   0.0000000004
6   13   7   14   0.0130321967
6   14   1   8   -0.0000000000
6   14   1   9   0.0000000000
6   14   1   10   0.0000000000
6   14   1   11   -0.0000000000
6   14   1   12   -0.0000000000
6   14   2   8   0.0000000000
6   14   2   9   -0.0000000000
6   14   2   10   -0.0000000000
6   14   2   11   0.0000000000
6   14   2   12   0.0000000000
6   14   3   8   0.0000000000
6   14   3   9   -0.0000000000
6   14   3   10   -0.0000000001
6   14   3   11   0.0000000001
6   14   3   12   0.0000000001
6   14   4   8   -0.0000000000
6   14   4   9   0.0000000000
6   14   4   10   0.0000000001
6   14   4   11   -0.0000000001
6   14   4   12   -0.0000000001
6   14   5   8   -0.0000000000
6   14   5   9   0.0000000000
6   14   5   10   0.0000000001
6   14   5   11   -0.0000000001
6   14   5   12   -0.0000000002
6   14   6   13   0.0000000004
6   14   6   14   0.4084900789
6   14   7   13   0.0085648698
6   14   7   14   -0.0000000010
7   8   1   13   -0.0000000000
7   8   1   14   0.0146441581
7   8   2   13   0.0000000001
7   8   2   14   -0.0000000000
7   8   3   13   0.0000000000
7   8   3   14   -0.0146984219
7   8   4   13   -0.0000000001
7   8   4   14   0.0000000220
7   8   5   13   -0.0000000000
7   8   5   14   -0.0009101625
7   8   6   8   -0.0000000003
7   8   6   9   0.0000000006
7   8   6   10   -0.0000000000
7   8   6   11   0.0000000000
7   8   6   12   -0.0000000000
7   8   7   8   0.5771570095
7   8   7   9   -0.0000000014
7   8   7   10   0.0061144424
7   8   7   11   -0.0000000097
7   8   7   12   0.0022016596
7   9   1   13   0.0000000001
7   9   1   14   -0.0000000000
7   9   2   13   -0.0000000000
7   9   2   14   0.0145921252
7   9   3   13   -0.0000000001
7   9   3   14   -0.0000000220
7   9   4   13   0.0000000000
7   9   4   14   -0.0145932886
7   9   5   13   0.0000000000
7   9   5   14   -0.0000000014
7   9   6   8   0.0000000006
7   9   6   9   -0.0000000003
7   9   6   10   0.0000000000
7   9   6   11   -0.0000000000
7   9   6   12   0.0000000000
7   9   7   8   -0.0000000014
7   9   7   9   0.5771565457
7   9   7   10   0.0000000092
7   9   7   11   0.0064651179
7   9   7   12   0.0000000033
7   10   1   13   0.0000000000
7   10   1   14   -0.0146984219
7   10   2   13   -0.0000000001
7   10   2   14   -0.0000000220
7   10   3   13   -0.0000000001
7   10   3   14   0.0623765963
7   10   4   13   0.0000000002
7   10   4   14   -0.0000000004
7   10   5   13   0.0000000001
7   10   5   14   0.0003443939
7   10   6   8   -0.0000000000
7   10   6   9   0.0000000000
7   10   6   10   -0.0000000002
7   10   6   11   0.0000000003
7   10   6   12   0.0000000001
7   10   7   8   0.0061144424
7   10   7   9   0.0000000092
7   10   7   10   0.4308401418
7   10   7   11   -0.0000000013
7   10   7   12   -0.0156773162
7   11   1   13   -0.0000000001
7   11   1   14   0.0000000220
7   11   2   13   0.0000000000
7   11   2   14   -0.0145932886
7   11   3   13   0.0000000002
7   11   3   14   -0.0000000004
7   11   4   13   -0.0000000001
7   11   4   14   0.0558560005
7   11   5   13   -0.0000000002
7   11   5   14   0.0000000003
7   11   6   8   0.0000000000
7   11   6   9   -0.0000000000
7   11   6   10   0.0000000003
7   11   6   11   -0.0000000002
7   11   6   12   -0.0000000000
7   11   7   8   -0.0000000097
7   11   7   9   0.0064651179
7   11   7   10   -0.0000000013
7   11   7   11   0.4285797037
7   11   7   12   -0.0000000005
7   12   1   13   -0.0000000000
7   12   1   14   -0.0009101625
7   12   2   13   0.0000000000
7   12   2   14   -0.0000000014
7   12   3   13   0.0000000001
7   12   3   14   0.0003443939
7   12   4   13   -0.0000000002
7   12   4   14   0.0000000003
7   12   5   13   -0.0000000001
7   12   5   14   0.0103293909
7   12   6   8   -0.0000000000
7   12   6   9   0.0000000000
7   12   6   10   0.0000000001
7   12   6   11   -0.0000000000
7   12   6   12   -0.0000000002
7   12   7   8   0.0022016596
7   12   7   9   0.0000000033
7   12   7   10   -0.0156773162
7   12   7   11   -0.0000000005
7   12   7   12   0.4113375039
7   13   1   8   -0.0000000000
7   13   1   9   0.0000000000
7   13   1   10   0.0000000000
7   13   1   11   -0.0000000000
7   13   1   12   -0.0000000000
7   13   2   8   0.0000000000
7   13   2   9   -0.0000000000
7   13   2   10   -0.0000000000
7   13   2   11   0.0000000000
7   13   2   12   0.0000000000
7   13   3   8   0.0000000000
7   13   3   9   -0.0000000000
7   13   3   10   -0.0000000001
7   13   3   11   0.0000000001
7   13   3   12   0.0000000001
7   13   4   8   -0.0000000000
7   13   4   9   0.0000000000
7   13   4   10   0.0000000001
7   13   4   11   -0.0000000001
7   13   4   12   -0.0000000001
7   13   5   8   -0.0000000000
7   13   5   9   0.0000000000
7   13   5   10   0.0000000001
7   13   5   11   -0.0000000001
7   13   5   12   -0.0000000002
7   13   6   13   0.0000000004
7   13   6   14   0.0085648698
7   13   7   13   0.4084900789
7   13   7   14   -0.0000000010
7   14   1   8   0.0119637399
7   14   1   10   -0.0139622932
7   14   1   11   0.0000000207
7   14   1   12   -0.0008052029
7   14   2   9   0.0119050685
7   14   2   10   -0.0000000209
7   14   2   11   -0.0137473416
7   14   2   12   -0.0000000012
7   14   3   8   -0.0139622932
7   14   3   9   -0.0000000209
7   14   3   10   0.0605709214
7   14   3   11   -0.0000000005
7   14   3   12   0.0011631109
7   14   4   8   0.0000000207
7   14   4   9   -0.0137473416
7   14   4   10   -0.0000000005
7   14   4   11   0.0563624048
7   14   4   12   0.0000000002
7   14   5   8   -0.0008052029
7   14   5   9   -0.0000000012
7   14   5   10   0.0011631109
7   14   5   11   0.0000000002
7   14   5   12   0.0132931773
7   14   6   13   0.0130321967
7   14   6   14   -0.0000000010
7   14   7   13   -0.0000000010
7   14   7   14   0.4300871469

End IJKL Block
Begin ABCD Block
1   4   1   4   0.4284924563
1   4   1   5   -0.0000000008
1   4   2   4   -0.0000000008
1   4   2   5   0.0163204039
1   4   3   6   0.0177759322
1   5   1   4   -0.0000000008
1   5   1   5   0.3972927182
1   5   2   4   0.0148793365
1   5   2   5   0.0000000008
1   5   3   6   -0.0000000000
1   6   1   6   0.4099476836
1   6   2   6   0.0000000001
1   6   3   4   0.0166656108
1   6   3   5   -0.0000000000
2   4   1   4   -0.0000000008
2   4   1   5   0.0148793365
2   4   2   4   0.3972927182
2   4   2   5   0.0000000008
2   4   3   6   -0.0000000000
2   5   1   4   0.0163204039
2   5   1   5   0.0000000008
2   5   2   4   0.0000000008
2   5   2   5   0.4284924563
2   5   3   6   0.0177759322
2   6   1   6   0.0000000001
2   6   2   6   0.4099476837
2   6   3   4   -0.0000000000
2   6   3   5   0.0166656108
3   4   1   6   0.0166656108
3   4   2   6   -0.0000000000
3   4   3   4   0.4099476836
3   4   3   5   0.0000000001
3   5   1   6   -0.0000000000
3   5   2   6   0.0166656108
3   5   3   4   0.0000000001
3   5   3   5   0.4099476837
3   6   1   4   0.0177759322
3   6   1   5   -0.0000000000
3   6   2   4   -0.0000000000
3   6   2   5   0.0177759322
3   6   3   6   0.4585811275

End ABCD Block
Begin AIJB Block
1   8   1   4   0.0127298858
1   8   2   4   -0.0000000000
1   8   2   5   -0.0000000000
1   8   3   4   -0.0127053692
1   8   3   5   -0.0000000000
1   8   4   4   0.0000000202
1   8   4   5   0.0000000000
1   8   5   4   -0.0011962427
1   8   5   5   0.0000000000
1   8   6   6   0.0012787777
1   8   7   6   0.0015319121
1   9   1   4   -0.0000000000
1   9   1   5   -0.0000000000
1   9   2   4   0.0127639456
1   9   3   4   -0.0000000191
1   9   3   5   0.0000000000
1   9   4   4   -0.0134178074
1   9   4   5   -0.0000000000
1   9   5   4   -0.0000000018
1   9   5   5   -0.0000000000
1   9   6   6   0.0000000019
1   9   7   6   0.0000000023
1   10   1   4   -0.0127053692
1   10   1   5   -0.0000000000
1   10   2   4   -0.0000000191
1   10   2   5   0.0000000000
1   10   3   4   0.0579926385
1   10   3   5   0.0000000000
1   10   4   4   0.0000000002
1   10   4   5   -0.0000000001
1   10   5   4   0.0068812372
1   10   5   5   -0.0000000000
1   10   6   6   0.0122487295
1   10   7   6   0.0146733697
1   11   1   4   0.0000000202
1   11   1   5   0.0000000000
1   11   2   4   -0.0134178074
1   11   2   5   -0.0000000000
1   11   3   4   0.0000000002
1   11   3   5   -0.0000000001
1   11   4   4   0.0667185491
1   11   4   5   0.0000000000
1   11   5   4   -0.0000000001
1   11   5   5   0.0000000001
1   11   6   6   0.0000000000
1   11   7   6   -0.0000000003
1   12   1   4   -0.0011962427
1   12   1   5   0.0000000000
1   12   2   4   -0.0000000018
1   12   2   5   -0.0000000000
1   12   3   4   0.0068812372
1   12   3   5   -0.0000000000
1   12   4   4   -0.0000000001
1   12   4   5   0.0000000001
1   12   5   4   0.0237778055
1   12   6   6   -0.1092234486
1   12   7   6   -0.1308442666
1   13   1   6   -0.0015147916
1   13   2   6   -0.0000000023
1   13   3   6   0.0056970182
1   13   4   6   0.0000000010
1   13   5   6   -0.0110351509
1   13   6   4   0.1065976288
1   13   6   5   -0.0977579010
1   13   7   4   0.0977579001
1   13   7   5   -0.0982965525
1   14   1   6   -0.0018146451
1   14   2   6   -0.0000000027
1   14   3   6   0.0068247449
1   14   4   6   -0.0000000003
1   14   5   6   -0.0132195626
1   14   6   4   0.0977579001
1   14   6   5   0.0627917430
1   14   7   4   0.1421024347
1   14   7   5   0.0977579011
2   8   1   5   0.0127298858
2   8   2   4   -0.0000000000
2   8   2   5   -0.0000000000
2   8   3   4   -0.0000000000
2   8   3   5   -0.0127053692
2   8   4   4   0.0000000000
2   8   4   5   0.0000000202
2   8   5   4   0.0000000000
2   8   5   5   -0.0011962427
2   8   6   6   -0.0015319121
2   8   7   6   0.0012787777
2   9   1   4   -0.0000000000
2   9   1   5   -0.0000000000
2   9   2   5   0.0127639456
2   9   3   4   0.0000000000
2   9   3   5   -0.0000000191
2   9   4   4   -0.0000000000
2   9   4   5   -0.0134178074
2   9   5   4   -0.0000000000
2   9   5   5   -0.0000000018
2   9   6   6   -0.0000000023
2   9   7   6   0.0000000019
2   10   1   4   -0.0000000000
2   10   1   5   -0.0127053692
2   10   2   4   0.0000000000
2   10   2   5   -0.0000000191
2   10   3   4   0.0000000000
2   10   3   5   0.0579926385
2   10   4   4   -0.0000000001
2   10   4   5   0.0000000001
2   10   5   4   -0.0000000000
2   10   5   5   0.0068812372
2   10   6   6   -0.0146733696
2   10   7   6   0.0122487296
2   11   1   4   0.0000000000
2   11   1   5   0.0000000202
2   11   2   4   -0.0000000000
2   11   2   5   -0.0134178074
2   11   3   4   -0.0000000001
2   11   3   5   0.0000000001
2   11   4   4   0.0000000000
2   11   4   5   0.0667185491
2   11   5   4   0.0000000001
2   11   5   5   0.0000000001
2   11   6   6   0.0000000002
2   11   7   6   -0.0000000005
2   12   1   4   0.0000000000
2   12   1   5   -0.0011962427
2   12   2   4   -0.0000000000
2   12   2   5   -0.0000000018
2   12   3   4   -0.0000000000
2   12   3   5   0.0068812372
2   12   4   4   0.0000000001
2   12   4   5   0.0000000001
2   12   5   5   0.0237778055
2   12   6   6   0.1308442666
2   12   7   6   -0.1092234487
2   13   1   6   0.0018146451
2   13   2   6   0.0000000027
2   13   3   6   -0.0068247449
2   13   4   6   -0.0000000002
2   13   5   6   0.0132195626
2   13   6   4   -0.0977579010
2   13   6   5   0.1421024347
2   13   7   4   0.0627917430
2   13   7   5   -0.0977579002
2   14   1   6   -0.0015147916
2   14   2   6   -0.0000000023
2   14   3   6   0.0056970183
2   14   4   6   -0.0000000011
2   14   5   6   -0.0110351508
2   14   6   4   -0.0982965525
2   14   6   5   -0.0977579002
2   14   7   4   0.0977579011
2   14   7   5   0.1065976291
3   8   1   6   0.0148536135
3   8   2   6   -0.0000000001
3   8   3   6   -0.0130529815
3   8   4   6   0.0000000212
3   8   5   6   -0.0010599946
3   8   6   4   -0.0015147916
3   8   6   5   0.0018146451
3   8   7   4   -0.0018146451
3   8   7   5   -0.0015147916
3   9   1   6   -0.0000000001
3   9   2   6   0.0149386609
3   9   3   6   -0.0000000193
3   9   4   6   -0.0139916839
3   9   5   6   -0.0000000016
3   9   6   4   -0.0000000023
3   9   6   5   0.0000000027
3   9   7   4   -0.0000000027
3   9   7   5   -0.0000000023
3   10   1   6   -0.0130529815
3   10   2   6   -0.0000000193
3   10   3   6   0.0606969016
3   10   4   6   -0.0000000017
3   10   5   6   -0.0176980020
3   10   6   4   0.0056970182
3   10   6   5   -0.0068247449
3   10   7   4   0.0068247449
3   10   7   5   0.0056970183
3   11   1   6   0.0000000212
3   11   2   6   -0.0139916839
3   11   3   6   -0.0000000017
3   11   4   6   0.0657004438
3   11   5   6   0.0000000005
3   11   6   4   0.0000000010
3   11   6   5   -0.0000000002
3   11   7   4   -0.0000000003
3   11   7   5   -0.0000000011
3   12   1   6   -0.0010599946
3   12   2   6   -0.0000000016
3   12   3   6   -0.0176980020
3   12   4   6   0.0000000005
3   12   5   6   0.2013572639
3   12   6   4   -0.0110351509
3   12   6   5   0.0132195626
3   12   7   4   -0.0132195626
3   12   7   5   -0.0110351508
3   13   1   4   0.0012787777
3   13   1   5   -0.0015319121
3   13   2   4   0.0000000019
3   13   2   5   -0.0000000023
3   13   3   4   0.0122487295
3   13   3   5   -0.0146733696
3   13   4   4   0.0000000000
3   13   4   5   0.0000000002
3   13   5   4   -0.1092234486
3   13   5   5   0.1308442666
3   13   6   6   0.0249889538
3   13   7   6   0.0000000000
3   14   1   4   0.0015319121
3   14   1   5   0.0012787777
3   14   2   4   0.0000000023
3   14   2   5   0.0000000019
3   14   3   4   0.0146733697
3   14   3   5   0.0122487296
3   14   4   4   -0.0000000003
3   14   4   5   -0.0000000005
3   14   5   4   -0.1308442666
3   14   5   5   -0.1092234487
3   14   6   6   0.0000000000
3   14   7   6   0.0249889537

1   8   8   1   -0.5556475383
1   8   8   2   -0.0000000000
1   8   9   1   -0.0000000004
1   8   9   2   0.0000000002
1   8   10   1   -0.0049805692
1   8   11   1   0.0000000079
1   8   11   2   -0.0000000000
1   8   12   1   -0.0013445246
1   8   12   2   -0.0000000000
1   8   13   3   0.0016358756
1   8   14   3   0.0019596977
1   9   8   1   -0.0000000004
1   9   8   2   0.0000000002
1   9   9   1   -0.5556478934
1   9   9   2   -0.0000000000
1   9   10   1   -0.0000000075
1   9   10   2   -0.0000000000
1   9   11   1   -0.0052599591
1   9   12   1   -0.0000000020
1   9   12   2   -0.0000000000
1   9   13   3   0.0000000025
1   9   14   3   0.0000000030
1   10   8   1   -0.0049805692
1   10   9   1   -0.0000000075
1   10   9   2   -0.0000000000
1   10   10   1   -0.4299735272
1   10   10   2   0.0000000000
1   10   11   1   0.0000000002
1   10   11   2   -0.0000000000
1   10   12   1   0.0080758243
1   10   12   2   -0.0000000000
1   10   13   3   -0.0066765070
1   10   14   3   -0.0079981237
1   11   8   1   0.0000000079
1   11   8   2   -0.0000000000
1   11   9   1   -0.0052599591
1   11   10   1   0.0000000002
1   11   10   2   -0.0000000000
1   11   11   1   -0.4332726061
1   11   11   2   -0.0000000000
1   11   12   1   -0.0000000004
1   11   12   2   0.0000000001
1   11   13   3   0.0000000003
1   11   14   3   -0.0000000001
1   12   8   1   -0.0013445246
1   12   8   2   -0.0000000000
1   12   9   1   -0.0000000020
1   12   9   2   -0.0000000000
1   12   10   1   0.0080758243
1   12   10   2   -0.0000000000
1   12   11   1   -0.0000000004
1   12   11   2   0.0000000001
1   12   12   1   -0.4150600201
1   12   12   2   0.0000000000
1   12   13   3   0.0111888961
1   12   14   3   0.0134037418
1   13   8   3   0.0015946730
1   13   9   3   0.0000000024
1   13   10   3   -0.0069720107
1   13   11   3   0.0000000002
1   13   12   3   0.0126657819
1   13   13   1   -0.4295950937
1   13   13   2   0.0189881744
1   13   14   1   -0.0189881734
1   13   14   2   0.0023108742
1   14   8   3   0.0019103390
1   14   9   3   0.0000000029
1   14   10   3   -0.0083521226
1   14   11   3   -0.0000000000
1   14   12   3   0.0151729776
1   14   13   1   -0.0189881734
1   14   13   2   0.0045854650
1   14   14   1   -0.4364914295
1   14   14   2   -0.0189881744
2   8   8   1   -0.0000000000
2   8   8   2   -0.5556475383
2   8   9   1   0.0000000002
2   8   9   2   -0.0000000002
2   8   10   2   -0.0049805692
2   8   11   1   -0.0000000000
2   8   11   2   0.0000000079
2   8   12   1   -0.0000000000
2   8   12   2   -0.0013445246
2   8   13   3   -0.0019596977
2   8   14   3   0.0016358756
2   9   8   1   0.0000000002
2   9   8   2   -0.0000000002
2   9   9   1   -0.0000000000
2   9   9   2   -0.5556478934
2   9   10   1   -0.0000000000
2   9   10   2   -0.0000000075
2   9   11   2   -0.0052599591
2   9   12   1   -0.0000000000
2   9   12   2   -0.0000000020
2   9   13   3   -0.0000000030
2   9   14   3   0.0000000025
2   10   8   2   -0.0049805692
2   10   9   1   -0.0000000000
2   10   9   2   -0.0000000075
2   10   10   1   0.0000000000
2   10   10   2   -0.4299735271
2   10   11   1   -0.0000000000
2   10   11   2   0.0000000002
2   10   12   1   -0.0000000000
2   10   12   2   0.0080758243
2   10   13   3   0.0079981237
2   10   14   3   -0.0066765070
2   11   8   1   -0.0000000000
2   11   8   2   0.0000000079
2   11   9   2   -0.0052599591
2   11   10   1   -0.0000000000
2   11   10   2   0.0000000002
2   11   11   1   -0.0000000000
2   11   11   2   -0.4332726061
2   11   12   1   0.0000000001
2   11   12   2   -0.0000000003
2   11   13   3   -0.0000000000
2   11   14   3   -0.0000000003
2   12   8   1   -0.0000000000
2   12   8   2   -0.0013445246
2   12   9   1   -0.0000000000
2   12   9   2   -0.0000000020
2   12   10   1   -0.0000000000
2   12   10   2   0.0080758243
2   12   11   1   0.0000000001
2   12   11   2   -0.0000000003
2   12   12   1   0.0000000000
2   12   12   2   -0.4150600201
2   12   13   3   -0.0134037418
2   12   14   3   0.0111888961
2   13   8   3   -0.0019103390
2   13   9   3   -0.0000000029
2   13   10   3   0.0083521226
2   13   11   3   -0.0000000001
2   13   12   3   -0.0151729776
2   13   13   1   0.0189881744
2   13   13   2   -0.4364914292
2   13   14   1   0.0045854650
2   13   14   2   0.0189881736
2   14   8   3   0.0015946730
2   14   9   3   0.0000000024
2   14   10   3   -0.0069720107
2   14   11   3   -0.0000000001
2   14   12   3   0.0126657819
2   14   13   1   0.0023108742
2   14   13   2   0.0189881736
2   14   14   1   -0.0189881744
2   14   14   2   -0.4295950941
3   8   8   3   -0.5833685260
3   8   9   3   -0.0000000001
3   8   10   3   -0.0055052212
3   8   11   3   0.0000000094
3   8   12   3   -0.0057358460
3   8   13   1   0.0015946730
3   8   13   2   -0.0019103390
3   8   14   1   0.0019103390
3   8   14   2   0.0015946730
3   9   8   3   -0.0000000001
3   9   9   3   -0.5833664526
3   9   10   3   -0.0000000083
3   9   11   3   -0.0062895860
3   9   12   3   -0.0000000083
3   9   13   1   0.0000000024
3   9   13   2   -0.0000000029
3   9   14   1   0.0000000029
3   9   14   2   0.0000000024
3   10   8   3   -0.0055052212
3   10   9   3   -0.0000000083
3   10   10   3   -0.4470404481
3   10   11   3   0.0000000004
3   10   12   3   0.0257779849
3   10   13   1   -0.0069720107
3   10   13   2   0.0083521226
3   10   14   1   -0.0083521226
3   10   14   2   -0.0069720107
3   11   8   3   0.0000000094
3   11   9   3   -0.0062895860
3   11   10   3   0.0000000004
3   11   11   3   -0.4443296586
3   11   12   3   -0.0000000020
3   11   13   1   0.0000000002
3   11   13   2   -0.0000000001
3   11   14   1   -0.0000000000
3   11   14   2   -0.0000000001
3   12   8   3   -0.0057358460
3   12   9   3   -0.0000000083
3   12   10   3   0.0257779849
3   12   11   3   -0.0000000020
3   12   12   3   -0.4645266000
3   12   13   1   0.0126657819
3   12   13   2   -0.0151729776
3   12   14   1   0.0151729776
3   12   14   2   0.0126657819
3   13   8   1   0.0016358756
3   13   8   2   -0.0019596977
3   13   9   1   0.0000000025
3   13   9   2   -0.0000000030
3   13   10   1   -0.0066765070
3   13   10   2   0.0079981237
3   13   11   1   0.0000000003
3   13   11   2   -0.0000000000
3   13   12   1   0.0111888961
3   13   12   2   -0.0134037418
3   13   13   3   -0.4273029177
3   13   14   3   0.0000000001
3   14   8   1   0.0019596977
3   14   8   2   0.0016358756
3   14   9   1   0.0000000030
3   14   9   2   0.0000000025
3   14   10   1   -0.0079981237
3   14   10   2   -0.0066765070
3   14   11   1   -0.0000000001
3   14   11   2   -0.0000000003
3   14   12   1   0.0134037418
3   14   12   2   0.0111888961
3   14   13   3   0.0000000001
3   14   14   3   -0.4273029179

End AIJB Block
Begin IJKA Block
1   8   1   6   -0.0000001667
1   8   2   6   0.0379373011
1   8   3   6   -0.0000000186
1   8   4   6   0.0048639924
1   8   5   6   0.0000000377
1   8   6   4   -0.0000000250
1   8   6   5   0.0000000300
1   8   7   4   -0.0000000300
1   8   7   5   -0.0000000250
1   9   1   6   0.0349321011
1   9   2   6   0.0000000570
1   9   3   6   0.0061953340
1   9   4   6   0.0000000000
1   9   5   6   -0.0125863152
1   9   6   4   0.0083300468
1   9   6   5   -0.0099789823
1   9   7   4   0.0099789823
1   9   7   5   0.0083300468
1   10   1   6   -0.0000001421
1   10   2   6   0.0472275320
1   10   3   6   -0.0000000017
1   10   4   6   0.0026375333
1   10   5   6   -0.0000000200
1   10   6   4   0.0000000129
1   10   6   5   -0.0000000155
1   10   7   4   0.0000000155
1   10   7   5   0.0000000129
1   11   1   6   0.0387709494
1   11   2   6   -0.0000000004
1   11   3   6   0.0007109487
1   11   4   6   -0.0000000037
1   11   5   6   0.0140870809
1   11   6   4   -0.0091144713
1   11   6   5   0.0109186840
1   11   7   4   -0.0109186840
1   11   7   5   -0.0091144714
1   12   1   6   0.0000009240
1   12   2   6   -0.3072429612
1   12   3   6   0.0000000052
1   12   4   6   -0.0033989131
1   12   5   6   -0.0000000007
1   12   6   4   0.0000000012
1   12   6   5   -0.0000000014
1   12   7   4   0.0000000014
1   12   7   5   0.0000000012
1   13   1   4   -0.0000006251
1   13   1   5   0.0000007491
1   13   2   4   0.2078766548
1   13   2   5   -0.2490259079
1   13   3   4   -0.0000000036
1   13   3   5   0.0000000043
1   13   4   4   0.0022422373
1   13   4   5   -0.0026860889
1   13   5   4   0.0000000014
1   13   5   5   -0.0000000016
1   13   6   6   0.0000000035
1   13   7   6   -0.0000000000
1   14   1   4   -0.0000007492
1   14   1   5   -0.0000006255
1   14   2   4   0.2490259080
1   14   2   5   0.2078766552
1   14   3   4   -0.0000000043
1   14   3   5   -0.0000000035
1   14   4   4   0.0026860889
1   14   4   5   0.0022422373
1   14   5   4   0.0000000016
1   14   5   5   0.0000000014
1   14   6   6   -0.0000000000
1   14   7   6   0.0000000035
2   8   1   6   0.0379393629
2   8   2   6   0.0000000615
2   8   3   6   0.0061829444
2   8   4   6   0.0000000000
2   8   5   6   -0.0124967201
2   8   6   4   0.0083022853
2   8   6   5   -0.0099457255
2   8   7   4   0.0099457255
2   8   7   5   0.0083022853
2   9   1   6   0.0000000570
2   9   2   6   0.0349468796
2   9   3   6   0.0000000186
2   9   4   6   0.0048545598
2   9   5   6   -0.0000000377
2   9   6   4   0.0000000250
2   9   6   5   -0.0000000300
2   9   7   4   0.0000000300
2   9   7   5   0.0000000250
2   10   1   6   0.0472266768
2   10   2   6   0.0000001420
2   10   3   6   0.0011011562
2   10   4   6   0.0000000039
2   10   5   6   0.0131125259
2   10   6   4   -0.0085710423
2   10   6   5   0.0102676830
2   10   7   4   -0.0102676830
2   10   7   5   -0.0085710424
2   11   1   6   -0.0000000004
2   11   2   6   0.0387587856
2   11   3   6   0.0000000010
2   11   4   6   0.0023944168
2   11   5   6   0.0000000210
2   11   6   4   -0.0000000137
2   11   6   5   0.0000000164
2   11   7   4   -0.0000000164
2   11   7   5   -0.0000000137
2   12   1   6   -0.3072355810
2   12   2   6   -0.0000009243
2   12   3   6   -0.0034372614
2   12   4   6   -0.0000000051
2   12   5   6   0.0005105467
2   12   6   4   -0.0007750989
2   12   6   5   0.0009285299
2   12   7   4   -0.0009285299
2   12   7   5   -0.0007750989
2   13   1   4   0.2078721270
2   13   1   5   -0.2490204839
2   13   2   4   0.0000006254
2   13   2   5   -0.0000007490
2   13   3   4   0.0023555385
2   13   3   5   -0.0028218182
2   13   4   4   0.0000000033
2   13   4   5   -0.0000000040
2   13   5   4   -0.0009292048
2   13   5   5   0.0011131412
2   13   6   6   -0.0023455427
2   13   7   6   0.0000000000
2   14   1   4   0.2490204840
2   14   1   5   0.2078721275
2   14   2   4   0.0000007489
2   14   2   5   0.0000006250
2   14   3   4   0.0028218182
2   14   3   5   0.0023555385
2   14   4   4   0.0000000040
2   14   4   5   0.0000000034
2   14   5   4   -0.0011131412
2   14   5   5   -0.0009292048
2   14   6   6   0.0000000000
2   14   7   6   -0.0023455427
3   8   1   6   -0.0000000195
3   8   2   6   0.0064531417
3   8   3   6   0.0000000020
3   8   4   6   0.0037568620
3   8   5   6   -0.0000000229
3   8   6   4   0.0000000137
3   8   6   5   -0.0000000165
3   8   7   4   0.0000000165
3   8   7   5   0.0000000138
3   9   1   6   0.0064650930
3   9   2   6   0.0000000194
3   9   3   6   -0.0013112289
3   9   4   6   0.0000000056
3   9   5   6   0.0151188523
3   9   6   4   -0.0091212535
3   9   6   5   0.0109268087
3   9   7   4   -0.0109268087
3   9   7   5   -0.0091212536
3   10   1   6   -0.0000000016
3   10   2   6   0.0010124608
3   10   3   6   -0.0000000004
3   10   4   6   0.0186569642
3   10   5   6   0.0000000007
3   10   6   4   -0.0000000001
3   10   6   5   0.0000000003
3   10   7   4   -0.0000000004
3   10   7   5   -0.0000000005
3   11   1   6   0.0005945072
3   11   2   6   0.0000000008
3   11   3   6   0.0306567275
3   11   4   6   -0.0000000002
3   11   5   6   -0.0626135961
3   11   6   4   0.0397036698
3   11   6   5   -0.0475630246
3   11   7   4   0.0475630247
3   11   7   5   0.0397036701
3   12   1   6   0.0000000054
3   12   2   6   -0.0036247956
3   12   3   6   0.0000000009
3   12   4   6   -0.1931271797
3   12   5   6   -0.0000000002
3   12   6   4   -0.0000000002
3   12   6   5   -0.0000000000
3   12   7   4   0.0000000001
3   12   7   5   0.0000000002
3   13   1   4   -0.0000000039
3   13   1   5   0.0000000047
3   13   2   4   0.0025757962
3   13   2   5   -0.0030856759
3   13   3   4   -0.0000000007
3   13   3   5   0.0000000009
3   13   4   4   0.1308634305
3   13   4   5   -0.1567678902
3   13   5   4   0.0000000000
3   13   5   5   0.0000000000
3   13   6   6   -0.0000000002
3   13   7   6   -0.0000000001
3   14   1   4   -0.0000000046
3   14   1   5   -0.0000000038
3   14   2   4   0.0030856759
3   14   2   5   0.0025757962
3   14   3   4   -0.0000000010
3   14   3   5   -0.0000000009
3   14   4   4   0.1567678903
3   14   4   5   0.1308634308
3   14   5   4   -0.0000000000
3   14   5   5   -0.0000000001
3   14   6   6   -0.0000000001
3   14   7   6   0.0000000000
4   8   1   6   0.0050901207
4   8   2   6   0.0000000000
4   8   3   6   0.0038232718
4   8   4   6   -0.0000000043
4   8   5   6   0.0145593009
4   8   6   4   -0.0090782971
4   8   6   5   0.0108753491
4   8   7   4   -0.0108753491
4   8   7   5   -0.0090782972
4   9   1   6   0.0000000000
4   9   2   6   0.0050821254
4   9   3   6   0.0000000057
4   9   4   6   0.0028897925
4   9   5   6   0.0000000217
4   9   6   4   -0.0000000137
4   9   6   5   0.0000000164
4   9   7   4   -0.0000000164
4   9   7   5   -0.0000000137
4   10   1   6   0.0024705176
4   10   2   6   0.0000000036
4   10   3   6   0.0180473783
4   10   4   6   -0.0000000002
4   10   5   6   -0.0487393459
4   10   6   4   0.0364551711
4   10   6   5   -0.0436714845
4   10   7   4   0.0436714846
4   10   7   5   0.0364551714
4   11   1   6   -0.0000000035
4   11   2   6   0.0022510768
4   11   3   6   -0.0000000001
4   11   4   6   0.0126060540
4   11   5   6   0.0000000007
4   11   6   4   0.0000000003
4   11   6   5   -0.0000000001
4   11   7   4   0.0000000000
4   11   7   5   -0.0000000001
4   12   1   6   -0.0036346639
4   12   2   6   -0.0000000055
4   12   3   6   -0.1934415126
4   12   4   6   -0.0000000007
4   12   5   6   -0.0480086601
4   12   6   4   0.0040420042
4   12   6   5   -0.0048421203
4   12   7   4   0.0048421203
4   12   7   5   0.0040420042
4   13   1   4   0.0025374003
4   13   1   5   -0.0030396795
4   13   2   4   0.0000000038
4   13   2   5   -0.0000000046
4   13   3   4   0.1306563557
4   13   3   5   -0.1565198248
4   13   4   4   0.0000000004
4   13   4   5   -0.0000000003
4   13   5   4   0.0305479095
4   13   5   5   -0.0365948783
4   13   6   6   0.0049247667
4   13   7   6   -0.0000000000
4   14   1   4   0.0030396795
4   14   1   5   0.0025374003
4   14   2   4   0.0000000046
4   14   2   5   0.0000000039
4   14   3   4   0.1565198249
4   14   3   5   0.1306563559
4   14   4   4   0.0000000003
4   14   4   5   0.0000000002
4   14   5   4   0.0365948783
4   14   5   5   0.0305479094
4   14   6   6   -0.0000000000
4   14   7   6   0.0049247668
5   8   1   6   0.0000000432
5   8   2   6   -0.0143386485
5   8   3   6   -0.0000000243
5   8   4   6   0.0155727530
5   8   5   6   -0.0000000016
5   8   6   4   0.0000000009
5   8   6   5   -0.0000000011
5   8   7   4   0.0000000011
5   8   7   5   0.0000000009
5   9   1   6   -0.0144199128
5   9   2   6   -0.0000000433
5   9   3   6   0.0160937591
5   9   4   6   0.0000000233
5   9   5   6   0.0010205290
5   9   6   4   -0.0006055245
5   9   6   5   0.0007253883
5   9   7   4   -0.0007253883
5   9   7   5   -0.0006055245
5   10   1   6   -0.0000000198
5   10   2   6   0.0129014806
5   10   3   6   0.0000000011
5   10   4   6   -0.0492578767
5   10   5   6   -0.0000000000
5   10   6   4   -0.0000000000
5   10   6   5   -0.0000000001
5   10   7   4   0.0000000001
5   10   7   5   0.0000000001
5   11   1   6   0.0136564222
5   11   2   6   0.0000000202
5   11   3   6   -0.0630244386
5   11   4   6   0.0000000009
5   11   5   6   0.0170473514
5   11   6   4   0.0024783008
5   11   6   5   -0.0029688812
5   11   7   4   0.0029688812
5   11   7   5   0.0024783007
5   12   1   6   -0.0000000001
5   12   2   6   0.0001213342
5   12   3   6   -0.0000000006
5   12   4   6   -0.0485153163
5   12   5   6   -0.0000000002
5   12   6   4   0.0000000001
5   12   6   5   0.0000000001
5   12   7   4   -0.0000000002
5   12   7   5   -0.0000000003
5   13   1   4   0.0000000011
5   13   1   5   -0.0000000013
5   13   2   4   -0.0007075190
5   13   2   5   0.0008475726
5   13   3   4   -0.0000000003
5   13   3   5   0.0000000001
5   13   4   4   0.0302743052
5   13   4   5   -0.0362671141
5   13   5   4   -0.0000000011
5   13   5   5   0.0000000005
5   13   6   6   0.0000000002
5   13   7   6   0.0000000001
5   14   1   4   0.0000000013
5   14   1   5   0.0000000011
5   14   2   4   -0.0008475726
5   14   2   5   -0.0007075190
5   14   3   4   0.0000000000
5   14   3   5   0.0000000002
5   14   4   4   0.0362671141
5   14   4   5   0.0302743053
5   14   5   4   -0.0000000002
5   14   5   5   0.0000000005
5   14   6   6   0.0000000001
5   14   7   6   -0.0000000001
6   8   1   4   -0.0000000291
6   8   1   5   0.0000000350
6   8   2   4   0.0097011806
6   8   2   5   -0.0116215325
6   8   3   4   0.0000000149
6   8   3   5   -0.0000000179
6   8   4   4   -0.0098791064
6   8   4   5   0.0118346789
6   8   5   4   0.0000000012
6   8   5   5   -0.0000000015
6   8   6   6   0.0000000011
6   8   7   6   -0.0000000000
6   9   1   4   0.0097238510
6   9   1   5   -0.0116486906
6   9   2   4   0.0000000293
6   9   2   5   -0.0000000350
6   9   3   4   -0.0099178669
6   9   3   5   0.0118811120
6   9   4   4   -0.0000000149
6   9   4   5   0.0000000178
6   9   5   4   -0.0008286837
6   9   5   5   0.0009927219
6   9   6   6   -0.0007575354
6   9   7   6   -0.0000000000
6   10   1   4   0.0000000129
6   10   1   5   -0.0000000155
6   10   2   4   -0.0085954275
6   10   2   5   0.0102968953
6   10   3   4   -0.0000000000
6   10   3   5   0.0000000002
6   10   4   4   0.0367186438
6   10   4   5   -0.0439871117
6   10   5   4   0.0000000002
6   10   5   5   -0.0000000002
6   10   6   6   0.0000000007
6   10   7   6   0.0000000002
6   11   1   4   -0.0089904928
6   11   1   5   0.0107701639
6   11   2   4   -0.0000000135
6   11   2   5   0.0000000162
6   11   3   4   0.0395492881
6   11   3   5   -0.0473780829
6   11   4   4   0.0000000001
6   11   4   5   -0.0000000002
6   11   5   4   0.0037504011
6   11   5   5   -0.0044927942
6   11   6   6   0.0252805558
6   11   7   6   -0.0000000000
6   12   1   4   0.0000000009
6   12   1   5   -0.0000000010
6   12   2   4   -0.0005688804
6   12   2   5   0.0006814905
6   12   3   4   -0.0000000001
6   12   3   5   -0.0000000000
6   12   4   4   0.0048188886
6   12   4   5   -0.0057727893
6   12   5   4   -0.0000000011
6   12   5   5   0.0000000005
6   12   6   6   -0.0000000006
6   12   7   6   -0.0000000006
6   13   1   6   0.0000000032
6   13   2   6   -0.0021199579
6   13   3   6   -0.0000000000
6   13   4   6   0.0054191200
6   13   5   6   0.0000000019
6   13   6   4   0.0000000001
6   13   6   5   0.0000000000
6   13   7   4   -0.0000000001
6   13   7   5   -0.0000000004
6   14   1   6   0.0000000000
6   14   2   6   0.0000000000
6   14   3   6   0.0000000001
6   14   4   6   -0.0000000000
6   14   5   6   0.0000000013
6   14   6   4   0.0000000000
6   14   6   5   0.0000000000
6   14   7   4   0.0000000002
6   14   7   5   0.0000000003
7   8   1   4   -0.0000000350
7   8   1   5   -0.0000000292
7   8   2   4   0.0116215325
7   8   2   5   0.0097011806
7   8   3   4   0.0000000179
7   8   3   5   0.0000000150
7   8   4   4   -0.0118346789
7   8   4   5   -0.0098791065
7   8   5   4   0.0000000015
7   8   5   5   0.0000000012
7   8   6   6   -0.0000000000
7   8   7   6   0.0000000011
7   9   1   4   0.0116486906
7   9   1   5   0.0097238511
7   9   2   4   0.0000000350
7   9   2   5   0.0000000292
7   9   3   4   -0.0118811120
7   9   3   5   -0.0099178669
7   9   4   4   -0.0000000178
7   9   4   5   -0.0000000149
7   9   5   4   -0.0009927219
7   9   5   5   -0.0008286837
7   9   6   6   -0.0000000000
7   9   7   6   -0.0007575354
7   10   1   4   0.0000000155
7   10   1   5   0.0000000130
7   10   2   4   -0.0102968953
7   10   2   5   -0.0085954275
7   10   3   4   -0.0000000002
7   10   3   5   -0.0000000003
7   10   4   4   0.0439871117
7   10   4   5   0.0367186440
7   10   5   4   0.0000000001
7   10   5   5   0.0000000001
7   10   6   6   0.0000000002
7   10   7   6   0.0000000002
7   11   1   4   -0.0107701639
7   11   1   5   -0.0089904928
7   11   2   4   -0.0000000162
7   11   2   5   -0.0000000135
7   11   3   4   0.0473780830
7   11   3   5   0.0395492883
7   11   4   4   0.0000000002
7   11   4   5   0.0000000003
7   11   5   4   0.0044927942
7   11   5   5   0.0037504010
7   11   6   6   -0.0000000000
7   11   7   6   0.0252805559
7   12   1   4   0.0000000010
7   12   1   5   0.0000000008
7   12   2   4   -0.0006814905
7   12   2   5   -0.0005688805
7   12   3   4   0.0000000001
7   12   3   5   0.0000000002
7   12   4   4   0.0057727893
7   12   4   5   0.0048188888
7   12   5   4   -0.0000000001
7   12   5   5   0.0000000007
7   12   6   6   -0.0000000006
7   12   7   6   0.0000000009
7   13   1   6   0.0000000000
7   13   2   6   0.0000000000
7   13   3   6   0.0000000001
7   13   4   6   -0.0000000000
7   13   5   6   0.0000000013
7   13   6   4   0.0000000000
7   13   6   5   -0.0000000001
7   13   7   4   -0.0000000000
7   13   7   5   0.0000000004
7   14   1   6   0.0000000032
7   14   2   6   -0.0021199579
7   14   3   6   -0.0000000002
7   14   4   6   0.0054191201
7   14   5   6   -0.0000000016
7   14   6   4   0.0000000003
7   14   6   5   0.0000000003
7   14   7   4   -0.0000000007
7   14   7   5   -0.0000000010

End IJKA Block
Begin IABC Block
1   4   1   6   0.0000000035
1   4   2   6   -0.0000000000
1   4   3   4   0.0000000004
1   4   3   5   -0.0000000000
1   5   1   6   -0.0000000000
1   5   2   6   0.0000000035
1   5   3   4   -0.0000000000
1   5   3   5   0.0000000004
1   6   1   4   0.0000000033
1   6   1   5   -0.0000000000
1   6   2   4   -0.0000000000
1   6   2   5   0.0000000033
1   6   3   6   0.0000000067
2   4   1   6   -0.0022981030
2   4   3   4   -0.0002425347
2   4   3   5   -0.0000000000
2   5   2   6   -0.0022981030
2   5   3   4   -0.0000000000
2   5   3   5   -0.0002425347
2   6   1   4   -0.0022114848
2   6   2   5   -0.0022114848
2   6   3   6   -0.0042692408
3   4   1   6   0.0000000002
3   4   2   6   -0.0000000003
3   4   3   4   -0.0000000007
3   4   3   5   -0.0000000001
3   5   1   6   -0.0000000003
3   5   2   6   -0.0000000001
3   5   3   4   -0.0000000001
3   5   3   5   -0.0000000008
3   6   1   4   0.0000000001
3   6   1   5   -0.0000000001
3   6   2   4   -0.0000000001
3   6   2   5   -0.0000000001
3   6   3   6   -0.0000000027
4   4   1   6   0.0081200156
4   4   2   6   -0.0000000000
4   4   3   4   0.0229385666
4   4   3   5   0.0000000000
4   5   1   6   -0.0000000000
4   5   2   6   0.0081200156
4   5   3   4   0.0000000000
4   5   3   5   0.0229385667
4   6   1   4   0.0062024015
4   6   1   5   0.0000000000
4   6   2   4   0.0000000000
4   6   2   5   0.0062024015
4   6   3   6   0.0323832755
5   4   1   6   0.0000000002
5   4   2   6   -0.0000000007
5   4   3   4   -0.0000000004
5   4   3   5   0.0000000005
5   5   1   6   -0.0000000007
5   5   2   6   -0.0000000005
5   5   3   4   0.0000000005
5   5   3   5   0.0000000001
5   6   1   4   0.0000000004
5   6   1   5   -0.0000000011
5   6   2   4   -0.0000000011
5   6   2   5   -0.0000000006
5   6   3   6   -0.0000000002
6   4   1   4   0.0000000007
6   4   1   5   -0.0000000004
6   4   2   4   -0.0000000003
6   4   2   5   0.0000000004
6   4   3   6   0.0000000020
6   5   1   4   -0.0000000004
6   5   1   5   0.0000000003
6   5   2   4   0.0000000003
6   5   2   5   -0.0000000001
6   5   3   6   -0.0000000003
6   6   1   6   0.0000000015
6   6   2   6   -0.0000000005
6   6   3   4   0.0000000017
6   6   3   5   -0.0000000008
7   4   1   4   0.0000000003
7   4   1   5   -0.0000000001
7   4   2   4   -0.0000000002
7   4   2   5   -0.0000000002
7   4   3   6   -0.0000000007
7   5   1   4   -0.0000000003
7   5   1   5   -0.0000000002
7   5   2   4   -0.0000000001
7   5   2   5   -0.0000000003
7   5   3   6   -0.0000000023
7   6   1   6   -0.0000000002
7   6   2   6   -0.0000000012
7   6   3   4   0.0000000002
7   6   3   5   -0.0000000009

End IABC Block
