0   1   5   6      -0.132615514451
0   1   6   5       0.132615514455
0   2   4   6      -0.094812668508
0   2   6   4       0.094812668505
1   0   5   6       0.132615514451
1   0   6   5      -0.132615514455
1   2   4   5      -0.094812667714
1   2   5   4       0.094812667712
2   0   4   6       0.094812668508
2   0   6   4      -0.094812668505
2   1   4   5       0.094812667714
2   1   5   4      -0.094812667712
0   53   5   12      -0.154997831231
0   53   5   13       0.228497903598
0   53   6   12       0.228497903953
0   53   6   13      -0.561461673701
0   54   5   12       0.228497895672
0   54   5   13      -0.269539691366
0   54   6   12      -0.136924172771
0   54   6   13      -0.228497897537
0   55   4   12       0.120058745644
0   55   4   13      -0.267459371991
0   55   5   11       0.077498671951
0   55   6   11      -0.172646699031
1   53   5   12       0.228497895989
1   53   5   13      -0.136924172194
1   53   6   12      -0.269539691934
1   53   6   13      -0.228497897219
1   54   5   12      -0.561461667271
1   54   5   13      -0.228497902774
1   54   6   12      -0.228497903110
1   54   6   13      -0.154997833629
1   55   4   12      -0.267459369814
1   55   4   13      -0.120058746169
1   55   5   11      -0.172646697634
1   55   6   11      -0.077498672281
2   53   4   12       0.077498671951
2   53   4   13      -0.172646699040
2   53   5   11       0.120058745643
2   53   6   11      -0.267459371987
2   54   4   12      -0.172646697638
2   54   4   13      -0.077498672289
2   54   5   11      -0.267459369814
2   54   6   11      -0.120058746166
2   55   4   11      -0.450814193025
0   53   12   5       0.154997831231
0   53   12   6      -0.228497903953
0   53   13   5      -0.228497903598
0   53   13   6       0.561461673701
0   54   12   5      -0.228497895672
0   54   12   6       0.136924172771
0   54   13   5       0.269539691366
0   54   13   6       0.228497897537
0   55   11   5      -0.077498671951
0   55   11   6       0.172646699031
0   55   12   4      -0.120058745644
0   55   13   4       0.267459371991
1   53   12   5      -0.228497895989
1   53   12   6       0.269539691934
1   53   13   5       0.136924172194
1   53   13   6       0.228497897219
1   54   12   5       0.561461667271
1   54   12   6       0.228497903110
1   54   13   5       0.228497902774
1   54   13   6       0.154997833629
1   55   11   5       0.172646697634
1   55   11   6       0.077498672281
1   55   12   4       0.267459369814
1   55   13   4       0.120058746169
2   53   11   5      -0.120058745643
2   53   11   6       0.267459371987
2   53   12   4      -0.077498671951
2   53   13   4       0.172646699040
2   54   11   5       0.267459369814
2   54   11   6       0.120058746166
2   54   12   4       0.172646697638
2   54   13   4       0.077498672289
2   55   11   4       0.450814193025
0   60   6   13      -0.061390438455
1   61   5   12       0.061390432850
2   58   4   11      -0.059730636160
0   60   13   6       0.061390438455
1   61   12   5      -0.061390432850
2   58   11   4       0.059730636160
5   55   4   11      -0.059730636160
7   53   6   13      -0.061390438445
8   54   5   12       0.061390432840
5   55   11   4       0.059730636160
7   53   13   6       0.061390438445
8   54   12   5      -0.061390432840
53   0   5   12       0.154997831231
53   0   5   13      -0.228497903598
53   0   6   12      -0.228497903953
53   0   6   13       0.561461673701
53   1   5   12      -0.228497895989
53   1   5   13       0.136924172194
53   1   6   12       0.269539691934
53   1   6   13       0.228497897219
53   2   4   12      -0.077498671951
53   2   4   13       0.172646699040
53   2   5   11      -0.120058745643
53   2   6   11       0.267459371987
54   0   5   12      -0.228497895672
54   0   5   13       0.269539691366
54   0   6   12       0.136924172771
54   0   6   13       0.228497897537
54   1   5   12       0.561461667271
54   1   5   13       0.228497902774
54   1   6   12       0.228497903110
54   1   6   13       0.154997833629
54   2   4   12       0.172646697638
54   2   4   13       0.077498672289
54   2   5   11       0.267459369814
54   2   6   11       0.120058746166
55   0   4   12      -0.120058745644
55   0   4   13       0.267459371991
55   0   5   11      -0.077498671951
55   0   6   11       0.172646699031
55   1   4   12       0.267459369814
55   1   4   13       0.120058746169
55   1   5   11       0.172646697634
55   1   6   11       0.077498672281
55   2   4   11       0.450814193025
53   0   12   5      -0.154997831231
53   0   12   6       0.228497903953
53   0   13   5       0.228497903598
53   0   13   6      -0.561461673701
53   1   12   5       0.228497895989
53   1   12   6      -0.269539691934
53   1   13   5      -0.136924172194
53   1   13   6      -0.228497897219
53   2   11   5       0.120058745643
53   2   11   6      -0.267459371987
53   2   12   4       0.077498671951
53   2   13   4      -0.172646699040
54   0   12   5       0.228497895672
54   0   12   6      -0.136924172771
54   0   13   5      -0.269539691366
54   0   13   6      -0.228497897537
54   1   12   5      -0.561461667271
54   1   12   6      -0.228497903110
54   1   13   5      -0.228497902774
54   1   13   6      -0.154997833629
54   2   11   5      -0.267459369814
54   2   11   6      -0.120058746166
54   2   12   4      -0.172646697638
54   2   13   4      -0.077498672289
55   0   11   5       0.077498671951
55   0   11   6      -0.172646699031
55   0   12   4       0.120058745644
55   0   13   4      -0.267459371991
55   1   11   5      -0.172646697634
55   1   11   6      -0.077498672281
55   1   12   4      -0.267459369814
55   1   13   4      -0.120058746169
55   2   11   4      -0.450814193025
53   7   6   13       0.061390438445
54   8   5   12      -0.061390432840
55   5   4   11       0.059730636160
53   7   13   6      -0.061390438445
54   8   12   5       0.061390432840
55   5   11   4      -0.059730636160
53   54   12   13      -0.132615514451
53   54   13   12       0.132615514455
53   55   11   13      -0.094812668508
53   55   13   11       0.094812668505
54   53   12   13       0.132615514451
54   53   13   12      -0.132615514455
54   55   11   12      -0.094812667714
54   55   12   11       0.094812667712
55   53   11   13       0.094812668508
55   53   13   11      -0.094812668505
55   54   11   12       0.094812667714
55   54   12   11      -0.094812667712
58   2   4   11       0.059730636160
60   0   6   13       0.061390438455
61   1   5   12      -0.061390432850
58   2   11   4      -0.059730636160
60   0   13   6      -0.061390438455
61   1   12   5       0.061390432850

