0   1   5   6      -0.166475154840
0   1   6   5       0.166475154854
0   2   4   5      -0.123180081481
0   2   4   6       0.101913919045
0   2   5   4       0.123180081551
0   2   6   4      -0.101913919045
1   0   5   6       0.166475154840
1   0   6   5      -0.166475154854
1   2   4   5       0.101913919037
1   2   4   6       0.123180081504
1   2   5   4      -0.101913919057
1   2   6   4      -0.123180081534
2   0   4   5       0.123180081481
2   0   4   6      -0.101913919045
2   0   5   4      -0.123180081551
2   0   6   4       0.101913919045
2   1   4   5      -0.101913919037
2   1   4   6      -0.123180081504
2   1   5   4       0.101913919057
2   1   6   4       0.123180081534
0   53   5   12      -0.498205145485
0   53   5   13       0.369397859467
0   53   6   12       0.369397859537
0   53   6   13      -0.357349770128
0   54   5   12       0.369397876538
0   54   6   12       0.153665270561
0   54   6   13      -0.369397876541
0   55   4   12      -0.329674368698
0   55   4   13       0.272758440397
0   55   5   11      -0.206494287338
0   55   6   11       0.170844521433
0   62   5   12      -0.055453434410
1   53   5   12       0.369397876609
1   53   5   13       0.153665270691
1   53   6   13      -0.369397876622
1   54   5   12      -0.357349770087
1   54   5   13      -0.369397859445
1   54   6   12      -0.369397859471
1   54   6   13      -0.498205145443
1   55   4   12       0.272758440374
1   55   4   13       0.329674368696
1   55   5   11       0.170844521452
1   55   6   11       0.206494287270
1   61   6   13       0.055453434407
2   53   4   12      -0.206494287199
2   53   4   13       0.170844521435
2   53   5   11      -0.329674368670
2   53   6   11       0.272758440395
2   54   4   12       0.170844521391
2   54   4   13       0.206494287250
2   54   5   11       0.272758440386
2   54   6   11       0.329674368644
2   55   4   11      -0.694590638753
2   59   4   11       0.061651042100
6   55   4   11       0.061651042100
8   54   6   13       0.055453434406
9   53   5   12      -0.055453434411
0   53   12   5       0.498205145485
0   53   12   6      -0.369397859537
0   53   13   5      -0.369397859467
0   53   13   6       0.357349770128
0   54   12   5      -0.369397876538
0   54   12   6      -0.153665270561
0   54   13   6       0.369397876541
0   55   11   5       0.206494287338
0   55   11   6      -0.170844521433
0   55   12   4       0.329674368698
0   55   13   4      -0.272758440397
0   62   12   5       0.055453434410
1   53   12   5      -0.369397876609
1   53   13   5      -0.153665270691
1   53   13   6       0.369397876622
1   54   12   5       0.357349770087
1   54   12   6       0.369397859471
1   54   13   5       0.369397859445
1   54   13   6       0.498205145443
1   55   11   5      -0.170844521452
1   55   11   6      -0.206494287270
1   55   12   4      -0.272758440374
1   55   13   4      -0.329674368696
1   61   13   6      -0.055453434407
2   53   11   5       0.329674368670
2   53   11   6      -0.272758440395
2   53   12   4       0.206494287199
2   53   13   4      -0.170844521435
2   54   11   5      -0.272758440386
2   54   11   6      -0.329674368644
2   54   12   4      -0.170844521391
2   54   13   4      -0.206494287250
2   55   11   4       0.694590638753
2   59   11   4      -0.061651042100
6   55   11   4      -0.061651042100
8   54   13   6      -0.055453434406
9   53   12   5       0.055453434411
53   0   5   12       0.498205145485
53   0   5   13      -0.369397859467
53   0   6   12      -0.369397859537
53   0   6   13       0.357349770128
53   1   5   12      -0.369397876609
53   1   5   13      -0.153665270691
53   1   6   13       0.369397876622
53   2   4   12       0.206494287199
53   2   4   13      -0.170844521435
53   2   5   11       0.329674368670
53   2   6   11      -0.272758440395
53   9   5   12       0.055453434411
54   0   5   12      -0.369397876538
54   0   6   12      -0.153665270561
54   0   6   13       0.369397876541
54   1   5   12       0.357349770087
54   1   5   13       0.369397859445
54   1   6   12       0.369397859471
54   1   6   13       0.498205145443
54   2   4   12      -0.170844521391
54   2   4   13      -0.206494287250
54   2   5   11      -0.272758440386
54   2   6   11      -0.329674368644
54   8   6   13      -0.055453434406
55   0   4   12       0.329674368698
55   0   4   13      -0.272758440397
55   0   5   11       0.206494287338
55   0   6   11      -0.170844521433
55   1   4   12      -0.272758440374
55   1   4   13      -0.329674368696
55   1   5   11      -0.170844521452
55   1   6   11      -0.206494287270
55   2   4   11       0.694590638753
55   6   4   11      -0.061651042100
59   2   4   11      -0.061651042100
61   1   6   13      -0.055453434407
62   0   5   12       0.055453434410
53   0   12   5      -0.498205145485
53   0   12   6       0.369397859537
53   0   13   5       0.369397859467
53   0   13   6      -0.357349770128
53   1   12   5       0.369397876609
53   1   13   5       0.153665270691
53   1   13   6      -0.369397876622
53   2   11   5      -0.329674368670
53   2   11   6       0.272758440395
53   2   12   4      -0.206494287199
53   2   13   4       0.170844521435
53   9   12   5      -0.055453434411
54   0   12   5       0.369397876538
54   0   12   6       0.153665270561
54   0   13   6      -0.369397876541
54   1   12   5      -0.357349770087
54   1   12   6      -0.369397859471
54   1   13   5      -0.369397859445
54   1   13   6      -0.498205145443
54   2   11   5       0.272758440386
54   2   11   6       0.329674368644
54   2   12   4       0.170844521391
54   2   13   4       0.206494287250
54   8   13   6       0.055453434406
55   0   11   5      -0.206494287338
55   0   11   6       0.170844521433
55   0   12   4      -0.329674368698
55   0   13   4       0.272758440397
55   1   11   5       0.170844521452
55   1   11   6       0.206494287270
55   1   12   4       0.272758440374
55   1   13   4       0.329674368696
55   2   11   4      -0.694590638753
55   6   11   4       0.061651042100
59   2   11   4       0.061651042100
61   1   13   6       0.055453434407
62   0   12   5      -0.055453434410
53   54   12   13      -0.166475154840
53   54   13   12       0.166475154854
53   55   11   12      -0.123180081481
53   55   11   13       0.101913919045
53   55   12   11       0.123180081551
53   55   13   11      -0.101913919045
54   53   12   13       0.166475154840
54   53   13   12      -0.166475154854
54   55   11   12       0.101913919037
54   55   11   13       0.123180081504
54   55   12   11      -0.101913919057
54   55   13   11      -0.123180081534
55   53   11   12       0.123180081481
55   53   11   13      -0.101913919045
55   53   12   11      -0.123180081551
55   53   13   11       0.101913919045
55   54   11   12      -0.101913919037
55   54   11   13      -0.123180081504
55   54   12   11       0.101913919057
55   54   13   11       0.123180081534

