Begin IJ Block
1   1   -25.6856037752
1   2   0.0000008719
1   3   0.4825932102
1   4   -0.0004631468
1   5   -0.0250812194
2   2   -25.6856405578
2   3   0.0004569648
2   4   0.4889828846
2   5   -0.0000238086
3   3   -6.5831328003
3   4   0.0000006559
3   5   -0.1411468654
4   4   -6.5977268138
4   5   -0.0000002920
5   5   -6.0999490930
6   6   -6.0925632578
6   7   -0.0000000002
7   7   -6.0925632581

End IJ Block
Begin IA Block
1   3   0.0000320880
2   3   -0.0338019621
3   3   -0.0000004848
4   3   0.2592702387
5   3   -0.0000003627
6   1   -0.0000000210
6   2   -0.0000003485
7   1   -0.0000003485
7   2   0.0000000210

End IA Block
Begin AB Block
1   1   -5.9052553006
1   2   -0.0000000000
2   2   -5.9052553005
3   3   -6.0488332930

End AB Block
Begin IJAB Block
1   8   1   4   0.0130972847
1   8   2   5   0.0130972847
1   8   3   6   0.0142978100
1   9   1   4   -0.0000000160
1   9   2   5   -0.0000000160
1   9   3   6   -0.0000000421
1   10   1   4   0.0137094264
1   10   2   5   0.0137094264
1   10   3   6   0.0143011561
1   11   1   4   -0.0000133791
1   11   2   5   -0.0000133791
1   11   3   6   -0.0000140869
1   12   1   4   -0.0006354059
1   12   1   5   0.0000000000
1   12   2   4   0.0000000000
1   12   2   5   -0.0006354059
1   12   3   6   -0.0003440351
1   13   1   6   0.0001004462
1   13   2   6   0.0016639534
1   13   3   4   -0.0000741391
1   13   3   5   -0.0012281610
1   14   1   6   0.0016639534
1   14   2   6   -0.0001004462
1   14   3   4   -0.0012281610
1   14   3   5   0.0000741391
2   8   1   4   -0.0000000160
2   8   2   5   -0.0000000160
2   8   3   6   -0.0000000421
2   9   1   4   0.0131184382
2   9   2   5   0.0131184382
2   9   3   6   0.0143451934
2   10   1   4   0.0000129865
2   10   1   5   -0.0000000000
2   10   2   4   -0.0000000000
2   10   2   5   0.0000129865
2   10   3   6   0.0000135451
2   11   1   4   0.0141309241
2   11   1   5   -0.0000000000
2   11   2   4   -0.0000000000
2   11   2   5   0.0141309241
2   11   3   6   0.0148764581
2   12   1   4   -0.0000006034
2   12   1   5   -0.0000000000
2   12   2   4   -0.0000000000
2   12   2   5   -0.0000006034
2   12   3   6   -0.0000003276
2   13   1   6   0.0000000953
2   13   2   6   0.0000015785
2   13   3   4   -0.0000000704
2   13   3   5   -0.0000011657
2   14   1   6   0.0000015785
2   14   2   6   -0.0000000953
2   14   3   4   -0.0000011657
2   14   3   5   0.0000000704
3   8   1   4   0.0137094264
3   8   2   5   0.0137094264
3   8   3   6   0.0143011561
3   9   1   4   0.0000129865
3   9   1   5   -0.0000000000
3   9   2   4   -0.0000000000
3   9   2   5   0.0000129865
3   9   3   6   0.0000135451
3   10   1   4   0.0593748797
3   10   1   5   -0.0000000000
3   10   2   4   -0.0000000000
3   10   2   5   0.0593748798
3   10   3   6   0.0625095084
3   11   1   4   0.0000000139
3   11   1   5   -0.0000000000
3   11   2   4   -0.0000000000
3   11   2   5   0.0000000140
3   11   3   6   0.0000000101
3   12   1   4   -0.0030019988
3   12   1   5   0.0000000000
3   12   2   4   0.0000000000
3   12   2   5   -0.0030019989
3   12   3   6   0.0116236100
3   13   1   6   0.0004355217
3   13   2   6   0.0072146878
3   13   3   4   0.0005759028
3   13   3   5   0.0095401883
3   14   1   6   0.0072146879
3   14   2   6   -0.0004355217
3   14   3   4   0.0095401883
3   14   3   5   -0.0005759028
4   8   1   4   -0.0000133791
4   8   2   5   -0.0000133791
4   8   3   6   -0.0000140869
4   9   1   4   0.0141309241
4   9   1   5   -0.0000000000
4   9   2   4   -0.0000000000
4   9   2   5   0.0141309241
4   9   3   6   0.0148764581
4   10   1   4   0.0000000139
4   10   1   5   -0.0000000000
4   10   2   4   -0.0000000000
4   10   2   5   0.0000000140
4   10   3   6   0.0000000101
4   11   1   4   0.0628001349
4   11   1   5   -0.0000000001
4   11   2   4   -0.0000000001
4   11   2   5   0.0628001351
4   11   3   6   0.0657064693
4   12   1   4   -0.0000000077
4   12   1   5   -0.0000000001
4   12   2   4   -0.0000000001
4   12   2   5   -0.0000000076
4   12   3   6   0.0000000132
4   13   1   6   0.0000000007
4   13   2   6   0.0000000116
4   13   3   4   0.0000000007
4   13   3   5   0.0000000122
4   14   1   6   0.0000000116
4   14   2   6   -0.0000000007
4   14   3   4   0.0000000121
4   14   3   5   -0.0000000008
5   8   1   4   -0.0006354059
5   8   1   5   0.0000000000
5   8   2   4   0.0000000000
5   8   2   5   -0.0006354059
5   8   3   6   -0.0003440351
5   9   1   4   -0.0000006034
5   9   1   5   -0.0000000000
5   9   2   4   -0.0000000000
5   9   2   5   -0.0000006034
5   9   3   6   -0.0000003276
5   10   1   4   -0.0030019988
5   10   1   5   0.0000000000
5   10   2   4   0.0000000000
5   10   2   5   -0.0030019989
5   10   3   6   0.0116236100
5   11   1   4   -0.0000000077
5   11   1   5   -0.0000000001
5   11   2   4   -0.0000000001
5   11   2   5   -0.0000000076
5   11   3   6   0.0000000132
5   12   1   4   0.0230299239
5   12   1   5   -0.0000000000
5   12   2   4   -0.0000000000
5   12   2   5   0.0230299239
5   12   3   6   0.2387047834
5   13   1   6   0.0014460076
5   13   2   6   0.0239540168
5   13   3   4   0.0118624949
5   13   3   5   0.1965096115
5   14   1   6   0.0239540168
5   14   2   6   -0.0014460077
5   14   3   4   0.1965096114
5   14   3   5   -0.0118624949
6   8   1   6   -0.0000741391
6   8   2   6   -0.0012281610
6   8   3   4   0.0001004462
6   8   3   5   0.0016639534
6   9   1   6   -0.0000000704
6   9   2   6   -0.0000011657
6   9   3   4   0.0000000953
6   9   3   5   0.0000015785
6   10   1   6   0.0005759028
6   10   2   6   0.0095401883
6   10   3   4   0.0004355217
6   10   3   5   0.0072146878
6   11   1   6   0.0000000007
6   11   2   6   0.0000000122
6   11   3   4   0.0000000007
6   11   3   5   0.0000000116
6   12   1   6   0.0118624949
6   12   2   6   0.1965096115
6   12   3   4   0.0014460076
6   12   3   5   0.0239540168
6   13   1   4   0.0249832942
6   13   1   5   0.0136544560
6   13   2   4   0.0136544560
6   13   2   5   0.2503535337
6   13   3   6   0.0247416667
6   14   1   4   0.0136544489
6   14   1   5   0.0244399742
6   14   2   4   0.2009302666
6   14   2   5   -0.0136544490
6   14   3   6   -0.0000000000
7   8   1   6   -0.0012281610
7   8   2   6   0.0000741391
7   8   3   4   0.0016639534
7   8   3   5   -0.0001004462
7   9   1   6   -0.0000011657
7   9   2   6   0.0000000704
7   9   3   4   0.0000015785
7   9   3   5   -0.0000000953
7   10   1   6   0.0095401883
7   10   2   6   -0.0005759028
7   10   3   4   0.0072146879
7   10   3   5   -0.0004355217
7   11   1   6   0.0000000121
7   11   2   6   -0.0000000008
7   11   3   4   0.0000000116
7   11   3   5   -0.0000000007
7   12   1   6   0.1965096114
7   12   2   6   -0.0118624949
7   12   3   4   0.0239540168
7   12   3   5   -0.0014460077
7   13   1   4   0.0136544489
7   13   1   5   0.2009302666
7   13   2   4   0.0244399742
7   13   2   5   -0.0136544490
7   13   3   6   -0.0000000000
7   14   1   4   0.2503535337
7   14   1   5   -0.0136544560
7   14   2   4   -0.0136544560
7   14   2   5   0.0249832942
7   14   3   6   0.0247416667

End IJAB Block
Begin IJKL Block
1   8   1   8   2.1508026340
1   8   1   9   -0.0037356992
1   8   1   10   -0.1993876886
1   8   1   11   0.0005758591
1   8   1   12   0.0068925083
1   8   2   8   -0.0037356992
1   8   2   9   1.9683515409
1   8   2   10   0.0001897055
1   8   2   11   -0.2023845550
1   8   2   12   -0.0000043329
1   8   3   8   -0.1993876886
1   8   3   9   0.0001897055
1   8   3   10   0.0290751272
1   8   3   11   -0.0000559451
1   8   3   12   -0.0007328847
1   8   4   8   0.0005758591
1   8   4   9   -0.2023845550
1   8   4   10   -0.0000559451
1   8   4   11   0.0299838941
1   8   4   12   0.0000027897
1   8   5   8   0.0068925083
1   8   5   9   -0.0000043329
1   8   5   10   -0.0007328847
1   8   5   11   0.0000027897
1   8   5   12   0.0121196520
1   8   6   13   0.0125987060
1   8   7   14   0.0125987060
1   9   1   8   -0.0037356992
1   9   1   9   2.1508047093
1   9   1   10   0.0001898052
1   9   1   11   -0.2024753819
1   9   1   12   -0.0000021411
1   9   2   8   1.9683552550
1   9   2   9   0.0037356704
1   9   2   10   -0.1994885366
1   9   2   11   -0.0001924237
1   9   2   12   0.0045751254
1   9   3   8   0.0001897153
1   9   3   9   -0.1993939354
1   9   3   10   -0.0000000952
1   9   3   11   0.0294688680
1   9   3   12   0.0000000034
1   9   4   8   -0.2023749025
1   9   4   9   -0.0001923283
1   9   4   10   0.0294809688
1   9   4   11   0.0000000871
1   9   4   12   -0.0014682192
1   9   5   8   -0.0000043352
1   9   5   9   0.0068878077
1   9   5   10   0.0000000034
1   9   5   11   -0.0014736453
1   9   5   12   0.0000000543
1   9   6   13   0.0000000247
1   9   6   14   0.0000000000
1   9   7   13   0.0000000000
1   9   7   14   0.0000000247
1   10   1   8   -0.1993876886
1   10   1   9   0.0001898052
1   10   1   10   0.5756532458
1   10   1   11   -0.0007527336
1   10   1   12   0.0065087640
1   10   2   8   0.0001897153
1   10   2   9   -0.1994988787
1   10   2   10   -0.0000015211
1   10   2   11   0.3965910678
1   10   2   12   0.0000000815
1   10   3   8   0.0313901798
1   10   3   9   -0.0000001231
1   10   3   10   -0.0083410286
1   10   3   11   0.0000082686
1   10   3   12   0.0004000434
1   10   4   8   -0.0000600385
1   10   4   9   0.0316277850
1   10   4   10   0.0000084068
1   10   4   11   -0.0089625336
1   10   4   12   0.0000004084
1   10   5   8   -0.0007597528
1   10   5   9   0.0000000052
1   10   5   10   0.0017131388
1   10   5   11   0.0000014177
1   10   5   12   0.0140312185
1   10   6   13   0.0142332038
1   10   7   14   0.0142332038
1   11   1   8   0.0005758591
1   11   1   9   -0.2024753819
1   11   1   10   -0.0007527336
1   11   1   11   0.5818770955
1   11   1   12   0.0000809512
1   11   2   8   -0.2023749025
1   11   2   9   -0.0001924146
1   11   2   10   0.3966112212
1   11   2   11   0.0000014759
1   11   2   12   -0.0426510615
1   11   3   8   -0.0000600385
1   11   3   9   0.0316353217
1   11   3   10   0.0000085577
1   11   3   11   -0.0089338990
1   11   3   12   -0.0000007233
1   11   4   8   0.0324137435
1   11   4   9   0.0000001127
1   11   4   10   -0.0086583331
1   11   4   11   0.0000082130
1   11   4   12   -0.0000290369
1   11   5   8   0.0000027678
1   11   5   9   -0.0014633055
1   11   5   10   0.0000013176
1   11   5   11   -0.0000485887
1   11   5   12   -0.0000128023
1   11   6   13   -0.0000133541
1   11   6   14   0.0000000000
1   11   7   13   0.0000000000
1   11   7   14   -0.0000133541
1   12   1   8   0.0068925083
1   12   1   9   -0.0000021411
1   12   1   10   0.0065087640
1   12   1   11   0.0000809512
1   12   1   12   0.5594710723
1   12   2   8   -0.0000043352
1   12   2   9   0.0045776314
1   12   2   10   0.0000000815
1   12   2   11   -0.0426489122
1   12   2   12   -0.0000001305
1   12   3   8   -0.0007597528
1   12   3   9   0.0000000052
1   12   3   10   0.0003955116
1   12   3   11   -0.0000007094
1   12   3   12   -0.0059555394
1   12   4   8   0.0000027678
1   12   4   9   -0.0014555926
1   12   4   10   0.0000003161
1   12   4   11   0.0000225861
1   12   4   12   0.0000057491
1   12   5   8   0.0143040309
1   12   5   9   0.0000000462
1   12   5   10   0.0148068939
1   12   5   11   -0.0000136246
1   12   5   12   0.0008189628
1   12   6   13   -0.0003286677
1   12   6   14   0.0000000000
1   12   7   13   0.0000000000
1   12   7   14   -0.0003286677
1   13   1   13   0.5654935420
1   13   1   14   0.0000000000
1   13   2   13   -0.0000001785
1   13   2   14   0.0000000000
1   13   3   13   -0.0062974015
1   13   3   14   -0.0000000000
1   13   4   13   0.0000060767
1   13   4   14   0.0000000000
1   13   5   13   0.0013137796
1   13   5   14   -0.0000000000
1   13   6   8   0.0150168919
1   13   6   9   0.0000000186
1   13   6   10   0.0151406859
1   13   6   11   -0.0000143179
1   13   6   12   -0.0004474034
1   13   7   8   0.0000000000
1   13   7   11   0.0000000000
1   13   7   12   0.0000000000
1   14   1   13   0.0000000000
1   14   1   14   0.5654935421
1   14   2   13   0.0000000000
1   14   2   14   -0.0000001784
1   14   3   13   -0.0000000000
1   14   3   14   -0.0062974015
1   14   4   13   0.0000000000
1   14   4   14   0.0000060767
1   14   5   13   -0.0000000000
1   14   5   14   0.0013137796
1   14   6   8   0.0000000000
1   14   6   11   0.0000000000
1   14   6   12   0.0000000000
1   14   7   8   0.0150168919
1   14   7   9   0.0000000186
1   14   7   10   0.0151406859
1   14   7   11   -0.0000143179
1   14   7   12   -0.0004474034
2   8   1   8   -0.0037356992
2   8   1   9   1.9683552550
2   8   1   10   0.0001897153
2   8   1   11   -0.2023749025
2   8   1   12   -0.0000043352
2   8   2   8   2.1508047093
2   8   2   9   0.0037356704
2   8   2   10   -0.1993939354
2   8   2   11   -0.0001923283
2   8   2   12   0.0068878077
2   8   3   8   0.0001898052
2   8   3   9   -0.1994885366
2   8   3   10   -0.0000000952
2   8   3   11   0.0294809688
2   8   3   12   0.0000000034
2   8   4   8   -0.2024753819
2   8   4   9   -0.0001924237
2   8   4   10   0.0294688680
2   8   4   11   0.0000000871
2   8   4   12   -0.0014736453
2   8   5   8   -0.0000021411
2   8   5   9   0.0045751254
2   8   5   10   0.0000000034
2   8   5   11   -0.0014682192
2   8   5   12   0.0000000543
2   8   6   13   0.0000000247
2   8   6   14   0.0000000000
2   8   7   13   0.0000000000
2   8   7   14   0.0000000247
2   9   1   8   1.9683515409
2   9   1   9   0.0037356704
2   9   1   10   -0.1994988787
2   9   1   11   -0.0001924146
2   9   1   12   0.0045776314
2   9   2   8   0.0037356704
2   9   2   9   2.1508303392
2   9   2   10   -0.0005674284
2   9   2   11   -0.2024700305
2   9   2   12   0.0000152252
2   9   3   8   -0.1994988787
2   9   3   9   -0.0005674284
2   9   3   10   0.0290531343
2   9   3   11   0.0000559341
2   9   3   12   -0.0007339971
2   9   4   8   -0.0001924146
2   9   4   9   -0.2024700305
2   9   4   10   0.0000559341
2   9   4   11   0.0300064728
2   9   4   12   -0.0000027935
2   9   5   8   0.0045776314
2   9   5   9   0.0000152252
2   9   5   10   -0.0007339971
2   9   5   11   -0.0000027935
2   9   5   12   0.0120582520
2   9   6   13   0.0125653503
2   9   7   14   0.0125653503
2   10   1   8   0.0001897055
2   10   1   9   -0.1994885366
2   10   1   10   -0.0000015211
2   10   1   11   0.3966112212
2   10   1   12   0.0000000815
2   10   2   8   -0.1993939354
2   10   2   9   -0.0005674284
2   10   2   10   0.5756401658
2   10   2   11   0.0007526626
2   10   2   12   0.0065038305
2   10   3   8   -0.0000001231
2   10   3   9   0.0313888842
2   10   3   10   -0.0000078635
2   10   3   11   -0.0086931141
2   10   3   12   0.0000003793
2   10   4   8   0.0316353217
2   10   4   9   0.0000600268
2   10   4   10   -0.0088394071
2   10   4   11   -0.0000085204
2   10   4   12   -0.0004291492
2   10   5   8   0.0000000052
2   10   5   9   -0.0007627922
2   10   5   10   0.0000016313
2   10   5   11   -0.0014897067
2   10   5   12   0.0000132838
2   10   6   13   0.0000134718
2   10   7   14   0.0000134718
2   11   1   8   -0.2023845550
2   11   1   9   -0.0001924237
2   11   1   10   0.3965910678
2   11   1   11   0.0000014759
2   11   1   12   -0.0426489122
2   11   2   8   -0.0001923283
2   11   2   9   -0.2024700305
2   11   2   10   0.0007526626
2   11   2   11   0.5818930566
2   11   2   12   -0.0000809373
2   11   3   8   0.0316277850
2   11   3   9   0.0000600268
2   11   3   10   -0.0089983133
2   11   3   11   -0.0000084937
2   11   3   12   0.0007633228
2   11   4   8   0.0000001127
2   11   4   9   0.0324177341
2   11   4   10   -0.0000082324
2   11   4   11   -0.0087072285
2   11   4   12   -0.0000000267
2   11   5   8   -0.0014555926
2   11   5   9   -0.0000027719
2   11   5   10   -0.0013843436
2   11   5   11   -0.0000000514
2   11   5   12   0.0135141888
2   11   6   13   0.0140931266
2   11   7   14   0.0140931266
2   12   1   8   -0.0000043329
2   12   1   9   0.0045751254
2   12   1   10   0.0000000815
2   12   1   11   -0.0426510615
2   12   1   12   -0.0000001305
2   12   2   8   0.0068878077
2   12   2   9   0.0000152252
2   12   2   10   0.0065038305
2   12   2   11   -0.0000809373
2   12   2   12   0.5594712942
2   12   3   8   0.0000000052
2   12   3   9   -0.0007627922
2   12   3   10   0.0000003749
2   12   3   11   0.0007486793
2   12   3   12   -0.0000056372
2   12   4   8   -0.0014633055
2   12   4   9   -0.0000027719
2   12   4   10   -0.0003321587
2   12   4   11   0.0000000224
2   12   4   12   -0.0060676240
2   12   5   8   0.0000000462
2   12   5   9   0.0142480410
2   12   5   10   0.0000140165
2   12   5   11   0.0143803539
2   12   5   12   0.0000007766
2   12   6   13   -0.0000003120
2   12   6   14   -0.0000000000
2   12   7   13   -0.0000000000
2   12   7   14   -0.0000003120
2   13   1   13   -0.0000001785
2   13   1   14   0.0000000000
2   13   2   13   0.5654947414
2   13   2   14   0.0000000000
2   13   3   13   -0.0000059604
2   13   3   14   0.0000000000
2   13   4   13   -0.0064129819
2   13   4   14   -0.0000000000
2   13   5   13   0.0000012469
2   13   6   8   0.0000000186
2   13   6   9   0.0149882637
2   13   6   10   0.0000143299
2   13   6   11   0.0151095056
2   13   6   12   -0.0000004249
2   13   7   9   0.0000000000
2   13   7   12   -0.0000000000
2   14   1   13   0.0000000000
2   14   1   14   -0.0000001784
2   14   2   13   0.0000000000
2   14   2   14   0.5654947414
2   14   3   13   0.0000000000
2   14   3   14   -0.0000059604
2   14   4   13   -0.0000000000
2   14   4   14   -0.0064129819
2   14   5   14   0.0000012469
2   14   6   9   0.0000000000
2   14   6   12   -0.0000000000
2   14   7   8   0.0000000186
2   14   7   9   0.0149882637
2   14   7   10   0.0000143299
2   14   7   11   0.0151095056
2   14   7   12   -0.0000004249
3   8   1   8   -0.1993876886
3   8   1   9   0.0001897153
3   8   1   10   0.0313901798
3   8   1   11   -0.0000600385
3   8   1   12   -0.0007597528
3   8   2   8   0.0001898052
3   8   2   9   -0.1994988787
3   8   2   10   -0.0000001231
3   8   2   11   0.0316277850
3   8   2   12   0.0000000052
3   8   3   8   0.5756532458
3   8   3   9   -0.0000015211
3   8   3   10   -0.0083410286
3   8   3   11   0.0000084068
3   8   3   12   0.0017131388
3   8   4   8   -0.0007527336
3   8   4   9   0.3965910678
3   8   4   10   0.0000082686
3   8   4   11   -0.0089625336
3   8   4   12   0.0000014177
3   8   5   8   0.0065087640
3   8   5   9   0.0000000815
3   8   5   10   0.0004000434
3   8   5   11   0.0000004084
3   8   5   12   0.0140312185
3   8   6   13   0.0142332038
3   8   7   14   0.0142332038
3   9   1   8   0.0001897055
3   9   1   9   -0.1993939354
3   9   1   10   -0.0000001231
3   9   1   11   0.0316353217
3   9   1   12   0.0000000052
3   9   2   8   -0.1994885366
3   9   2   9   -0.0005674284
3   9   2   10   0.0313888842
3   9   2   11   0.0000600268
3   9   2   12   -0.0007627922
3   9   3   8   -0.0000015211
3   9   3   9   0.5756401658
3   9   3   10   -0.0000078635
3   9   3   11   -0.0088394071
3   9   3   12   0.0000016313
3   9   4   8   0.3966112212
3   9   4   9   0.0007526626
3   9   4   10   -0.0086931141
3   9   4   11   -0.0000085204
3   9   4   12   -0.0014897067
3   9   5   8   0.0000000815
3   9   5   9   0.0065038305
3   9   5   10   0.0000003793
3   9   5   11   -0.0004291492
3   9   5   12   0.0000132838
3   9   6   13   0.0000134718
3   9   7   14   0.0000134718
3   10   1   8   0.0290751272
3   10   1   9   -0.0000000952
3   10   1   10   -0.0083410286
3   10   1   11   0.0000085577
3   10   1   12   0.0003955116
3   10   2   8   -0.0000000952
3   10   2   9   0.0290531343
3   10   2   10   -0.0000078635
3   10   2   11   -0.0089983133
3   10   2   12   0.0000003749
3   10   3   8   -0.0083410286
3   10   3   9   -0.0000078635
3   10   3   10   0.4286879906
3   10   3   11   -0.0000009564
3   10   3   12   0.0121530954
3   10   4   8   0.0000085577
3   10   4   9   -0.0089983133
3   10   4   10   -0.0000009564
3   10   4   11   0.2452457038
3   10   4   12   0.0000000809
3   10   5   8   0.0003955116
3   10   5   9   0.0000003749
3   10   5   10   0.0121530954
3   10   5   11   0.0000000809
3   10   5   12   0.0633932420
3   10   6   13   0.0603578900
3   10   6   14   -0.0000000000
3   10   7   13   -0.0000000000
3   10   7   14   0.0603578899
3   11   1   8   -0.0000559451
3   11   1   9   0.0294688680
3   11   1   10   0.0000082686
3   11   1   11   -0.0089338990
3   11   1   12   -0.0000007094
3   11   2   8   0.0294809688
3   11   2   9   0.0000559341
3   11   2   10   -0.0086931141
3   11   2   11   -0.0000084937
3   11   2   12   0.0007486793
3   11   3   8   0.0000084068
3   11   3   9   -0.0088394071
3   11   3   10   -0.0000009564
3   11   3   11   0.4272422778
3   11   3   12   0.0000001490
3   11   4   8   -0.0086583331
3   11   4   9   -0.0000082324
3   11   4   10   0.2477264060
3   11   4   11   0.0000009108
3   11   4   12   -0.0333470215
3   11   5   8   0.0000003161
3   11   5   9   -0.0003321587
3   11   5   10   0.0000000797
3   11   5   11   0.0031778786
3   11   5   12   -0.0000000089
3   11   6   13   -0.0000000255
3   11   6   14   -0.0000000000
3   11   7   13   -0.0000000000
3   11   7   14   -0.0000000256
3   12   1   8   -0.0007328847
3   12   1   9   0.0000000034
3   12   1   10   0.0004000434
3   12   1   11   -0.0000007233
3   12   1   12   -0.0059555394
3   12   2   8   0.0000000034
3   12   2   9   -0.0007339971
3   12   2   10   0.0000003793
3   12   2   11   0.0007633228
3   12   2   12   -0.0000056372
3   12   3   8   0.0017131388
3   12   3   9   0.0000016313
3   12   3   10   0.0121530954
3   12   3   11   0.0000001490
3   12   3   12   0.4157287569
3   12   4   8   0.0000013176
3   12   4   9   -0.0013843436
3   12   4   10   0.0000000797
3   12   4   11   -0.0329304208
3   12   4   12   -0.0000000830
3   12   5   8   0.0148068939
3   12   5   9   0.0000140165
3   12   5   10   0.0636034037
3   12   5   11   -0.0000000118
3   12   5   12   0.0125341258
3   12   6   13   -0.0004289433
3   12   6   14   0.0000000000
3   12   7   13   0.0000000000
3   12   7   14   -0.0004289432
3   13   1   13   -0.0062974015
3   13   1   14   -0.0000000000
3   13   2   13   -0.0000059604
3   13   2   14   0.0000000000
3   13   3   13   0.4150547767
3   13   3   14   0.0000000000
3   13   4   13   -0.0000001151
3   13   5   13   0.0107945355
3   13   5   14   -0.0000000000
3   13   6   8   0.0151406859
3   13   6   9   0.0000143299
3   13   6   10   0.0611726201
3   13   6   11   -0.0000000250
3   13   6   12   0.0002564978
3   13   7   10   0.0000000000
3   13   7   11   -0.0000000000
3   13   7   12   0.0000000000
3   14   1   13   -0.0000000000
3   14   1   14   -0.0062974015
3   14   2   13   0.0000000000
3   14   2   14   -0.0000059604
3   14   3   13   0.0000000000
3   14   3   14   0.4150547768
3   14   4   14   -0.0000001151
3   14   5   13   -0.0000000000
3   14   5   14   0.0107945355
3   14   6   10   0.0000000000
3   14   6   11   -0.0000000000
3   14   6   12   0.0000000000
3   14   7   8   0.0151406859
3   14   7   9   0.0000143299
3   14   7   10   0.0611726201
3   14   7   11   -0.0000000250
3   14   7   12   0.0002564978
4   8   1   8   0.0005758591
4   8   1   9   -0.2023749025
4   8   1   10   -0.0000600385
4   8   1   11   0.0324137435
4   8   1   12   0.0000027678
4   8   2   8   -0.2024753819
4   8   2   9   -0.0001924146
4   8   2   10   0.0316353217
4   8   2   11   0.0000001127
4   8   2   12   -0.0014633055
4   8   3   8   -0.0007527336
4   8   3   9   0.3966112212
4   8   3   10   0.0000085577
4   8   3   11   -0.0086583331
4   8   3   12   0.0000013176
4   8   4   8   0.5818770955
4   8   4   9   0.0000014759
4   8   4   10   -0.0089338990
4   8   4   11   0.0000082130
4   8   4   12   -0.0000485887
4   8   5   8   0.0000809512
4   8   5   9   -0.0426510615
4   8   5   10   -0.0000007233
4   8   5   11   -0.0000290369
4   8   5   12   -0.0000128023
4   8   6   13   -0.0000133541
4   8   6   14   0.0000000000
4   8   7   13   0.0000000000
4   8   7   14   -0.0000133541
4   9   1   8   -0.2023845550
4   9   1   9   -0.0001923283
4   9   1   10   0.0316277850
4   9   1   11   0.0000001127
4   9   1   12   -0.0014555926
4   9   2   8   -0.0001924237
4   9   2   9   -0.2024700305
4   9   2   10   0.0000600268
4   9   2   11   0.0324177341
4   9   2   12   -0.0000027719
4   9   3   8   0.3965910678
4   9   3   9   0.0007526626
4   9   3   10   -0.0089983133
4   9   3   11   -0.0000082324
4   9   3   12   -0.0013843436
4   9   4   8   0.0000014759
4   9   4   9   0.5818930566
4   9   4   10   -0.0000084937
4   9   4   11   -0.0087072285
4   9   4   12   -0.0000000514
4   9   5   8   -0.0426489122
4   9   5   9   -0.0000809373
4   9   5   10   0.0007633228
4   9   5   11   -0.0000000267
4   9   5   12   0.0135141888
4   9   6   13   0.0140931266
4   9   7   14   0.0140931266
4   10   1   8   -0.0000559451
4   10   1   9   0.0294809688
4   10   1   10   0.0000084068
4   10   1   11   -0.0086583331
4   10   1   12   0.0000003161
4   10   2   8   0.0294688680
4   10   2   9   0.0000559341
4   10   2   10   -0.0088394071
4   10   2   11   -0.0000082324
4   10   2   12   -0.0003321587
4   10   3   8   0.0000082686
4   10   3   9   -0.0086931141
4   10   3   10   -0.0000009564
4   10   3   11   0.2477264060
4   10   3   12   0.0000000797
4   10   4   8   -0.0089338990
4   10   4   9   -0.0000084937
4   10   4   10   0.4272422778
4   10   4   11   0.0000009108
4   10   4   12   0.0031778786
4   10   5   8   -0.0000007094
4   10   5   9   0.0007486793
4   10   5   10   0.0000001490
4   10   5   11   -0.0333470215
4   10   5   12   -0.0000000089
4   10   6   13   -0.0000000255
4   10   6   14   -0.0000000000
4   10   7   13   -0.0000000000
4   10   7   14   -0.0000000256
4   11   1   8   0.0299838941
4   11   1   9   0.0000000871
4   11   1   10   -0.0089625336
4   11   1   11   0.0000082130
4   11   1   12   0.0000225861
4   11   2   8   0.0000000871
4   11   2   9   0.0300064728
4   11   2   10   -0.0000085204
4   11   2   11   -0.0087072285
4   11   2   12   0.0000000224
4   11   3   8   -0.0089625336
4   11   3   9   -0.0000085204
4   11   3   10   0.2452457038
4   11   3   11   0.0000009108
4   11   3   12   -0.0329304208
4   11   4   8   0.0000082130
4   11   4   9   -0.0087072285
4   11   4   10   0.0000009108
4   11   4   11   0.4323353777
4   11   4   12   -0.0000001208
4   11   5   8   0.0000225861
4   11   5   9   0.0000000224
4   11   5   10   -0.0329304208
4   11   5   11   -0.0000001208
4   11   5   12   0.0585204327
4   11   6   13   0.0580675208
4   11   6   14   -0.0000000000
4   11   7   13   -0.0000000000
4   11   7   14   0.0580675207
4   12   1   8   0.0000027897
4   12   1   9   -0.0014682192
4   12   1   10   0.0000004084
4   12   1   11   -0.0000290369
4   12   1   12   0.0000057491
4   12   2   8   -0.0014736453
4   12   2   9   -0.0000027935
4   12   2   10   -0.0004291492
4   12   2   11   -0.0000000267
4   12   2   12   -0.0060676240
4   12   3   8   0.0000014177
4   12   3   9   -0.0014897067
4   12   3   10   0.0000000809
4   12   3   11   -0.0333470215
4   12   3   12   -0.0000000830
4   12   4   8   -0.0000485887
4   12   4   9   -0.0000000514
4   12   4   10   0.0031778786
4   12   4   11   -0.0000001208
4   12   4   12   0.4150461774
4   12   5   8   -0.0000136246
4   12   5   9   0.0143803539
4   12   5   10   -0.0000000118
4   12   5   11   0.0579290092
4   12   5   12   0.0000000325
4   12   6   13   -0.0000000001
4   12   6   14   -0.0000000000
4   12   7   13   -0.0000000000
4   12   7   14   -0.0000000002
4   13   1   13   0.0000060767
4   13   1   14   0.0000000000
4   13   2   13   -0.0064129819
4   13   2   14   -0.0000000000
4   13   3   13   -0.0000001151
4   13   4   13   0.4149647283
4   13   4   14   0.0000000000
4   13   5   13   0.0000000319
4   13   5   14   -0.0000000000
4   13   6   8   -0.0000143179
4   13   6   9   0.0151095056
4   13   6   10   -0.0000000250
4   13   6   11   0.0569807669
4   13   6   12   0.0000000022
4   13   7   8   0.0000000000
4   13   7   10   -0.0000000000
4   13   7   11   -0.0000000000
4   13   7   12   -0.0000000001
4   14   1   13   0.0000000000
4   14   1   14   0.0000060767
4   14   2   13   -0.0000000000
4   14   2   14   -0.0064129819
4   14   3   14   -0.0000001151
4   14   4   13   0.0000000000
4   14   4   14   0.4149647283
4   14   5   13   -0.0000000000
4   14   5   14   0.0000000318
4   14   6   8   0.0000000000
4   14   6   10   -0.0000000000
4   14   6   11   -0.0000000000
4   14   6   12   -0.0000000001
4   14   7   8   -0.0000143179
4   14   7   9   0.0151095056
4   14   7   10   -0.0000000250
4   14   7   11   0.0569807668
4   14   7   12   0.0000000021
5   8   1   8   0.0068925083
5   8   1   9   -0.0000043352
5   8   1   10   -0.0007597528
5   8   1   11   0.0000027678
5   8   1   12   0.0143040309
5   8   2   8   -0.0000021411
5   8   2   9   0.0045776314
5   8   2   10   0.0000000052
5   8   2   11   -0.0014555926
5   8   2   12   0.0000000462
5   8   3   8   0.0065087640
5   8   3   9   0.0000000815
5   8   3   10   0.0003955116
5   8   3   11   0.0000003161
5   8   3   12   0.0148068939
5   8   4   8   0.0000809512
5   8   4   9   -0.0426489122
5   8   4   10   -0.0000007094
5   8   4   11   0.0000225861
5   8   4   12   -0.0000136246
5   8   5   8   0.5594710723
5   8   5   9   -0.0000001305
5   8   5   10   -0.0059555394
5   8   5   11   0.0000057491
5   8   5   12   0.0008189628
5   8   6   13   -0.0003286677
5   8   6   14   0.0000000000
5   8   7   13   0.0000000000
5   8   7   14   -0.0003286677
5   9   1   8   -0.0000043329
5   9   1   9   0.0068878077
5   9   1   10   0.0000000052
5   9   1   11   -0.0014633055
5   9   1   12   0.0000000462
5   9   2   8   0.0045751254
5   9   2   9   0.0000152252
5   9   2   10   -0.0007627922
5   9   2   11   -0.0000027719
5   9   2   12   0.0142480410
5   9   3   8   0.0000000815
5   9   3   9   0.0065038305
5   9   3   10   0.0000003749
5   9   3   11   -0.0003321587
5   9   3   12   0.0000140165
5   9   4   8   -0.0426510615
5   9   4   9   -0.0000809373
5   9   4   10   0.0007486793
5   9   4   11   0.0000000224
5   9   4   12   0.0143803539
5   9   5   8   -0.0000001305
5   9   5   9   0.5594712942
5   9   5   10   -0.0000056372
5   9   5   11   -0.0060676240
5   9   5   12   0.0000007766
5   9   6   13   -0.0000003120
5   9   6   14   -0.0000000000
5   9   7   13   -0.0000000000
5   9   7   14   -0.0000003120
5   10   1   8   -0.0007328847
5   10   1   9   0.0000000034
5   10   1   10   0.0017131388
5   10   1   11   0.0000013176
5   10   1   12   0.0148068939
5   10   2   8   0.0000000034
5   10   2   9   -0.0007339971
5   10   2   10   0.0000016313
5   10   2   11   -0.0013843436
5   10   2   12   0.0000140165
5   10   3   8   0.0004000434
5   10   3   9   0.0000003793
5   10   3   10   0.0121530954
5   10   3   11   0.0000000797
5   10   3   12   0.0636034037
5   10   4   8   -0.0000007233
5   10   4   9   0.0007633228
5   10   4   10   0.0000001490
5   10   4   11   -0.0329304208
5   10   4   12   -0.0000000118
5   10   5   8   -0.0059555394
5   10   5   9   -0.0000056372
5   10   5   10   0.4157287569
5   10   5   11   -0.0000000830
5   10   5   12   0.0125341258
5   10   6   13   -0.0004289433
5   10   6   14   0.0000000000
5   10   7   13   0.0000000000
5   10   7   14   -0.0004289432
5   11   1   8   0.0000027897
5   11   1   9   -0.0014736453
5   11   1   10   0.0000014177
5   11   1   11   -0.0000485887
5   11   1   12   -0.0000136246
5   11   2   8   -0.0014682192
5   11   2   9   -0.0000027935
5   11   2   10   -0.0014897067
5   11   2   11   -0.0000000514
5   11   2   12   0.0143803539
5   11   3   8   0.0000004084
5   11   3   9   -0.0004291492
5   11   3   10   0.0000000809
5   11   3   11   0.0031778786
5   11   3   12   -0.0000000118
5   11   4   8   -0.0000290369
5   11   4   9   -0.0000000267
5   11   4   10   -0.0333470215
5   11   4   11   -0.0000001208
5   11   4   12   0.0579290092
5   11   5   8   0.0000057491
5   11   5   9   -0.0060676240
5   11   5   10   -0.0000000830
5   11   5   11   0.4150461774
5   11   5   12   0.0000000325
5   11   6   13   -0.0000000001
5   11   6   14   -0.0000000000
5   11   7   13   -0.0000000000
5   11   7   14   -0.0000000002
5   12   1   8   0.0121196520
5   12   1   9   0.0000000543
5   12   1   10   0.0140312185
5   12   1   11   -0.0000128023
5   12   1   12   0.0008189628
5   12   2   8   0.0000000543
5   12   2   9   0.0120582520
5   12   2   10   0.0000132838
5   12   2   11   0.0135141888
5   12   2   12   0.0000007766
5   12   3   8   0.0140312185
5   12   3   9   0.0000132838
5   12   3   10   0.0633932420
5   12   3   11   -0.0000000089
5   12   3   12   0.0125341258
5   12   4   8   -0.0000128023
5   12   4   9   0.0135141888
5   12   4   10   -0.0000000089
5   12   4   11   0.0585204327
5   12   4   12   0.0000000325
5   12   5   8   0.0008189628
5   12   5   9   0.0000007766
5   12   5   10   0.0125341258
5   12   5   11   0.0000000325
5   12   5   12   0.4216415282
5   12   6   13   0.0140310096
5   12   6   14   -0.0000000000
5   12   7   13   -0.0000000000
5   12   7   14   0.0140310095
5   13   1   13   0.0013137796
5   13   1   14   -0.0000000000
5   13   2   13   0.0000012469
5   13   3   13   0.0107945355
5   13   3   14   -0.0000000000
5   13   4   13   0.0000000319
5   13   4   14   -0.0000000000
5   13   5   13   0.3968276907
5   13   5   14   -0.0000000000
5   13   6   8   -0.0004474034
5   13   6   9   -0.0000004249
5   13   6   10   0.0002564978
5   13   6   11   0.0000000022
5   13   6   12   0.0077096233
5   13   7   8   0.0000000000
5   13   7   9   -0.0000000000
5   13   7   10   0.0000000000
5   13   7   11   -0.0000000001
5   13   7   12   -0.0000000000
5   14   1   13   -0.0000000000
5   14   1   14   0.0013137796
5   14   2   14   0.0000012469
5   14   3   13   -0.0000000000
5   14   3   14   0.0107945355
5   14   4   13   -0.0000000000
5   14   4   14   0.0000000318
5   14   5   13   -0.0000000000
5   14   5   14   0.3968276907
5   14   6   8   0.0000000000
5   14   6   9   -0.0000000000
5   14   6   10   0.0000000000
5   14   6   11   -0.0000000001
5   14   6   12   -0.0000000000
5   14   7   8   -0.0004474034
5   14   7   9   -0.0000004249
5   14   7   10   0.0002564978
5   14   7   11   0.0000000021
5   14   7   12   0.0077096232
6   8   1   13   0.0150168919
6   8   1   14   0.0000000000
6   8   2   13   0.0000000186
6   8   3   13   0.0151406859
6   8   4   13   -0.0000143179
6   8   4   14   0.0000000000
6   8   5   13   -0.0004474034
6   8   5   14   0.0000000000
6   8   6   8   0.5654935420
6   8   6   9   -0.0000001785
6   8   6   10   -0.0062974015
6   8   6   11   0.0000060767
6   8   6   12   0.0013137796
6   8   7   8   0.0000000000
6   8   7   9   0.0000000000
6   8   7   10   -0.0000000000
6   8   7   11   0.0000000000
6   8   7   12   -0.0000000000
6   9   1   13   0.0000000186
6   9   2   13   0.0149882637
6   9   2   14   0.0000000000
6   9   3   13   0.0000143299
6   9   4   13   0.0151095056
6   9   5   13   -0.0000004249
6   9   5   14   -0.0000000000
6   9   6   8   -0.0000001785
6   9   6   9   0.5654947414
6   9   6   10   -0.0000059604
6   9   6   11   -0.0064129819
6   9   6   12   0.0000012469
6   9   7   8   0.0000000000
6   9   7   9   0.0000000000
6   9   7   10   0.0000000000
6   9   7   11   -0.0000000000
6   10   1   13   0.0151406859
6   10   2   13   0.0000143299
6   10   3   13   0.0611726201
6   10   3   14   0.0000000000
6   10   4   13   -0.0000000250
6   10   4   14   -0.0000000000
6   10   5   13   0.0002564978
6   10   5   14   0.0000000000
6   10   6   8   -0.0062974015
6   10   6   9   -0.0000059604
6   10   6   10   0.4150547767
6   10   6   11   -0.0000001151
6   10   6   12   0.0107945355
6   10   7   8   -0.0000000000
6   10   7   9   0.0000000000
6   10   7   10   0.0000000000
6   10   7   12   -0.0000000000
6   11   1   13   -0.0000143179
6   11   1   14   0.0000000000
6   11   2   13   0.0151095056
6   11   3   13   -0.0000000250
6   11   3   14   -0.0000000000
6   11   4   13   0.0569807669
6   11   4   14   -0.0000000000
6   11   5   13   0.0000000022
6   11   5   14   -0.0000000001
6   11   6   8   0.0000060767
6   11   6   9   -0.0064129819
6   11   6   10   -0.0000001151
6   11   6   11   0.4149647283
6   11   6   12   0.0000000319
6   11   7   8   0.0000000000
6   11   7   9   -0.0000000000
6   11   7   11   0.0000000000
6   11   7   12   -0.0000000000
6   12   1   13   -0.0004474034
6   12   1   14   0.0000000000
6   12   2   13   -0.0000004249
6   12   2   14   -0.0000000000
6   12   3   13   0.0002564978
6   12   3   14   0.0000000000
6   12   4   13   0.0000000022
6   12   4   14   -0.0000000001
6   12   5   13   0.0077096233
6   12   5   14   -0.0000000000
6   12   6   8   0.0013137796
6   12   6   9   0.0000012469
6   12   6   10   0.0107945355
6   12   6   11   0.0000000319
6   12   6   12   0.3968276907
6   12   7   8   -0.0000000000
6   12   7   10   -0.0000000000
6   12   7   11   -0.0000000000
6   12   7   12   -0.0000000000
6   13   1   8   0.0125987060
6   13   1   9   0.0000000247
6   13   1   10   0.0142332038
6   13   1   11   -0.0000133541
6   13   1   12   -0.0003286677
6   13   2   8   0.0000000247
6   13   2   9   0.0125653503
6   13   2   10   0.0000134718
6   13   2   11   0.0140931266
6   13   2   12   -0.0000003120
6   13   3   8   0.0142332038
6   13   3   9   0.0000134718
6   13   3   10   0.0603578900
6   13   3   11   -0.0000000255
6   13   3   12   -0.0004289433
6   13   4   8   -0.0000133541
6   13   4   9   0.0140931266
6   13   4   10   -0.0000000255
6   13   4   11   0.0580675208
6   13   4   12   -0.0000000001
6   13   5   8   -0.0003286677
6   13   5   9   -0.0000003120
6   13   5   10   -0.0004289433
6   13   5   11   -0.0000000001
6   13   5   12   0.0140310096
6   13   6   13   0.4157452467
6   13   6   14   0.0000000025
6   13   7   13   0.0000000025
6   13   7   14   0.0139145163
6   14   1   9   0.0000000000
6   14   1   11   0.0000000000
6   14   1   12   0.0000000000
6   14   2   8   0.0000000000
6   14   2   12   -0.0000000000
6   14   3   10   -0.0000000000
6   14   3   11   -0.0000000000
6   14   3   12   0.0000000000
6   14   4   8   0.0000000000
6   14   4   10   -0.0000000000
6   14   4   11   -0.0000000000
6   14   4   12   -0.0000000000
6   14   5   8   0.0000000000
6   14   5   9   -0.0000000000
6   14   5   10   0.0000000000
6   14   5   11   -0.0000000000
6   14   5   12   -0.0000000000
6   14   6   13   0.0000000025
6   14   6   14   0.3960335478
6   14   7   13   0.0057971822
6   14   7   14   -0.0000000025
7   8   1   13   0.0000000000
7   8   1   14   0.0150168919
7   8   2   14   0.0000000186
7   8   3   14   0.0151406859
7   8   4   13   0.0000000000
7   8   4   14   -0.0000143179
7   8   5   13   0.0000000000
7   8   5   14   -0.0004474034
7   8   6   8   0.0000000000
7   8   6   9   0.0000000000
7   8   6   10   -0.0000000000
7   8   6   11   0.0000000000
7   8   6   12   -0.0000000000
7   8   7   8   0.5654935421
7   8   7   9   -0.0000001784
7   8   7   10   -0.0062974015
7   8   7   11   0.0000060767
7   8   7   12   0.0013137796
7   9   1   14   0.0000000186
7   9   2   13   0.0000000000
7   9   2   14   0.0149882637
7   9   3   14   0.0000143299
7   9   4   14   0.0151095056
7   9   5   13   -0.0000000000
7   9   5   14   -0.0000004249
7   9   6   8   0.0000000000
7   9   6   9   0.0000000000
7   9   6   10   0.0000000000
7   9   6   11   -0.0000000000
7   9   7   8   -0.0000001784
7   9   7   9   0.5654947414
7   9   7   10   -0.0000059604
7   9   7   11   -0.0064129819
7   9   7   12   0.0000012469
7   10   1   14   0.0151406859
7   10   2   14   0.0000143299
7   10   3   13   0.0000000000
7   10   3   14   0.0611726201
7   10   4   13   -0.0000000000
7   10   4   14   -0.0000000250
7   10   5   13   0.0000000000
7   10   5   14   0.0002564978
7   10   6   8   -0.0000000000
7   10   6   9   0.0000000000
7   10   6   10   0.0000000000
7   10   6   12   -0.0000000000
7   10   7   8   -0.0062974015
7   10   7   9   -0.0000059604
7   10   7   10   0.4150547768
7   10   7   11   -0.0000001151
7   10   7   12   0.0107945355
7   11   1   13   0.0000000000
7   11   1   14   -0.0000143179
7   11   2   14   0.0151095056
7   11   3   13   -0.0000000000
7   11   3   14   -0.0000000250
7   11   4   13   -0.0000000000
7   11   4   14   0.0569807668
7   11   5   13   -0.0000000001
7   11   5   14   0.0000000021
7   11   6   8   0.0000000000
7   11   6   9   -0.0000000000
7   11   6   11   0.0000000000
7   11   6   12   -0.0000000000
7   11   7   8   0.0000060767
7   11   7   9   -0.0064129819
7   11   7   10   -0.0000001151
7   11   7   11   0.4149647283
7   11   7   12   0.0000000318
7   12   1   13   0.0000000000
7   12   1   14   -0.0004474034
7   12   2   13   -0.0000000000
7   12   2   14   -0.0000004249
7   12   3   13   0.0000000000
7   12   3   14   0.0002564978
7   12   4   13   -0.0000000001
7   12   4   14   0.0000000021
7   12   5   13   -0.0000000000
7   12   5   14   0.0077096232
7   12   6   8   -0.0000000000
7   12   6   10   -0.0000000000
7   12   6   11   -0.0000000000
7   12   6   12   -0.0000000000
7   12   7   8   0.0013137796
7   12   7   9   0.0000012469
7   12   7   10   0.0107945355
7   12   7   11   0.0000000318
7   12   7   12   0.3968276907
7   13   1   9   0.0000000000
7   13   1   11   0.0000000000
7   13   1   12   0.0000000000
7   13   2   8   0.0000000000
7   13   2   12   -0.0000000000
7   13   3   10   -0.0000000000
7   13   3   11   -0.0000000000
7   13   3   12   0.0000000000
7   13   4   8   0.0000000000
7   13   4   10   -0.0000000000
7   13   4   11   -0.0000000000
7   13   4   12   -0.0000000000
7   13   5   8   0.0000000000
7   13   5   9   -0.0000000000
7   13   5   10   0.0000000000
7   13   5   11   -0.0000000000
7   13   5   12   -0.0000000000
7   13   6   13   0.0000000025
7   13   6   14   0.0057971822
7   13   7   13   0.3960335478
7   13   7   14   -0.0000000025
7   14   1   8   0.0125987060
7   14   1   9   0.0000000247
7   14   1   10   0.0142332038
7   14   1   11   -0.0000133541
7   14   1   12   -0.0003286677
7   14   2   8   0.0000000247
7   14   2   9   0.0125653503
7   14   2   10   0.0000134718
7   14   2   11   0.0140931266
7   14   2   12   -0.0000003120
7   14   3   8   0.0142332038
7   14   3   9   0.0000134718
7   14   3   10   0.0603578899
7   14   3   11   -0.0000000256
7   14   3   12   -0.0004289432
7   14   4   8   -0.0000133541
7   14   4   9   0.0140931266
7   14   4   10   -0.0000000256
7   14   4   11   0.0580675207
7   14   4   12   -0.0000000002
7   14   5   8   -0.0003286677
7   14   5   9   -0.0000003120
7   14   5   10   -0.0004289432
7   14   5   11   -0.0000000002
7   14   5   12   0.0140310095
7   14   6   13   0.0139145163
7   14   6   14   -0.0000000025
7   14   7   13   -0.0000000025
7   14   7   14   0.4157452467

End IJKL Block
Begin ABCD Block
1   4   1   4   0.4116147338
1   4   1   5   -0.0000000040
1   4   2   4   -0.0000000040
1   4   2   5   0.0159437144
1   4   3   6   0.0168012913
1   5   1   4   -0.0000000040
1   5   1   5   0.3813259116
1   5   2   4   0.0143451111
1   5   2   5   0.0000000040
1   6   1   6   0.3910563228
1   6   2   6   0.0000000000
1   6   3   4   0.0153728107
1   6   3   5   -0.0000000000
2   4   1   4   -0.0000000040
2   4   1   5   0.0143451111
2   4   2   4   0.3813259116
2   4   2   5   0.0000000040
2   5   1   4   0.0159437144
2   5   1   5   0.0000000040
2   5   2   4   0.0000000040
2   5   2   5   0.4116147338
2   5   3   6   0.0168012913
2   6   1   6   0.0000000000
2   6   2   6   0.3910563228
2   6   3   4   -0.0000000000
2   6   3   5   0.0153728107
3   4   1   6   0.0153728107
3   4   2   6   -0.0000000000
3   4   3   4   0.3910563228
3   4   3   5   0.0000000000
3   5   1   6   -0.0000000000
3   5   2   6   0.0153728107
3   5   3   4   0.0000000000
3   5   3   5   0.3910563228
3   6   1   4   0.0168012913
3   6   2   5   0.0168012913
3   6   3   6   0.4340160609

End ABCD Block
Begin AIJB Block
1   8   1   4   0.0125826986
1   8   2   4   -0.0000000153
1   8   3   4   0.0128010303
1   8   4   4   -0.0000124741
1   8   5   4   -0.0004557663
1   8   6   6   -0.0000810150
1   8   7   6   -0.0013420646
1   9   1   4   -0.0000000153
1   9   2   4   0.0126028268
1   9   3   4   0.0000121262
1   9   4   4   0.0131753418
1   9   5   4   -0.0000004327
1   9   5   5   -0.0000000000
1   9   6   6   -0.0000000769
1   9   7   6   -0.0000012735
1   10   1   4   0.0128010303
1   10   2   4   0.0000121262
1   10   3   4   0.0610126737
1   10   3   5   0.0000000000
1   10   4   4   0.0000000105
1   10   4   5   -0.0000000000
1   10   5   4   -0.0038319466
1   10   5   5   0.0000000000
1   10   6   6   0.0005008911
1   10   7   6   0.0082975724
1   11   1   4   -0.0000124741
1   11   2   4   0.0131753418
1   11   3   4   0.0000000105
1   11   3   5   -0.0000000000
1   11   4   4   0.0665212734
1   11   4   5   -0.0000000000
1   11   5   4   -0.0000000098
1   11   5   5   -0.0000000000
1   11   6   6   0.0000000006
1   11   7   6   0.0000000098
1   12   1   4   -0.0004557663
1   12   2   4   -0.0000004327
1   12   2   5   -0.0000000000
1   12   3   4   -0.0038319466
1   12   3   5   0.0000000000
1   12   4   4   -0.0000000098
1   12   4   5   -0.0000000000
1   12   5   4   0.0260060693
1   12   6   6   0.0117665635
1   12   7   6   0.1949204482
1   13   1   6   0.0000786729
1   13   2   6   0.0000000746
1   13   3   6   0.0002837093
1   13   4   6   0.0000000004
1   13   5   6   0.0011164202
1   13   6   4   0.0289278157
1   13   6   5   0.0131519753
1   13   7   4   0.0131519689
1   13   7   5   0.1987503754
1   14   1   6   0.0013032662
1   14   2   6   0.0000012365
1   14   3   6   0.0046998220
1   14   4   6   0.0000000064
1   14   5   6   0.0184941955
1   14   6   4   0.0131519689
1   14   6   5   0.0183262972
1   14   7   4   0.2460044872
1   14   7   5   -0.0131519753
2   8   1   5   0.0125826986
2   8   2   5   -0.0000000153
2   8   3   5   0.0128010303
2   8   4   5   -0.0000124741
2   8   5   5   -0.0004557663
2   8   6   6   -0.0013420646
2   8   7   6   0.0000810150
2   9   1   5   -0.0000000153
2   9   2   5   0.0126028268
2   9   3   5   0.0000121262
2   9   4   5   0.0131753418
2   9   5   4   -0.0000000000
2   9   5   5   -0.0000004327
2   9   6   6   -0.0000012735
2   9   7   6   0.0000000769
2   10   1   5   0.0128010303
2   10   2   5   0.0000121262
2   10   3   4   0.0000000000
2   10   3   5   0.0610126737
2   10   4   4   -0.0000000000
2   10   4   5   0.0000000105
2   10   5   4   0.0000000000
2   10   5   5   -0.0038319466
2   10   6   6   0.0082975724
2   10   7   6   -0.0005008911
2   11   1   5   -0.0000124741
2   11   2   5   0.0131753418
2   11   3   4   -0.0000000000
2   11   3   5   0.0000000105
2   11   4   4   -0.0000000000
2   11   4   5   0.0665212734
2   11   5   4   -0.0000000000
2   11   5   5   -0.0000000097
2   11   6   6   0.0000000098
2   11   7   6   -0.0000000006
2   12   1   5   -0.0004557663
2   12   2   4   -0.0000000000
2   12   2   5   -0.0000004327
2   12   3   4   0.0000000000
2   12   3   5   -0.0038319466
2   12   4   4   -0.0000000000
2   12   4   5   -0.0000000097
2   12   5   5   0.0260060693
2   12   6   6   0.1949204482
2   12   7   6   -0.0117665635
2   13   1   6   0.0013032662
2   13   2   6   0.0000012365
2   13   3   6   0.0046998221
2   13   4   6   0.0000000064
2   13   5   6   0.0184941955
2   13   6   4   0.0131519753
2   13   6   5   0.2460044872
2   13   7   4   0.0183262972
2   13   7   5   -0.0131519689
2   14   1   6   -0.0000786729
2   14   2   6   -0.0000000746
2   14   3   6   -0.0002837094
2   14   4   6   -0.0000000004
2   14   5   6   -0.0011164202
2   14   6   4   0.1987503754
2   14   6   5   -0.0131519689
2   14   7   4   -0.0131519753
2   14   7   5   0.0289278157
3   8   1   6   0.0136575364
3   8   2   6   -0.0000000422
3   8   3   6   0.0132488315
3   8   4   6   -0.0000131107
3   8   5   6   -0.0006396024
3   8   6   4   0.0000786729
3   8   6   5   0.0013032662
3   8   7   4   0.0013032662
3   8   7   5   -0.0000786729
3   9   1   6   -0.0000000422
3   9   2   6   0.0137043306
3   9   3   6   0.0000125484
3   9   4   6   0.0138454358
3   9   5   6   -0.0000006074
3   9   6   4   0.0000000746
3   9   6   5   0.0000012365
3   9   7   4   0.0000012365
3   9   7   5   -0.0000000746
3   10   1   6   0.0132488315
3   10   2   6   0.0000125484
3   10   3   6   0.0620469507
3   10   4   6   0.0000000031
3   10   5   6   0.0077496671
3   10   6   4   0.0002837093
3   10   6   5   0.0046998221
3   10   7   4   0.0046998220
3   10   7   5   -0.0002837094
3   11   1   6   -0.0000131107
3   11   2   6   0.0138454358
3   11   3   6   0.0000000031
3   11   4   6   0.0675733930
3   11   5   6   0.0000000038
3   11   6   4   0.0000000004
3   11   6   5   0.0000000064
3   11   7   4   0.0000000064
3   11   7   5   -0.0000000004
3   12   1   6   -0.0006396024
3   12   2   6   -0.0000006074
3   12   3   6   0.0077496671
3   12   4   6   0.0000000038
3   12   5   6   0.2346878379
3   12   6   4   0.0011164202
3   12   6   5   0.0184941955
3   12   7   4   0.0184941955
3   12   7   5   -0.0011164202
3   13   1   4   -0.0000810150
3   13   1   5   -0.0013420646
3   13   2   4   -0.0000000769
3   13   2   5   -0.0000012735
3   13   3   4   0.0005008911
3   13   3   5   0.0082975724
3   13   4   4   0.0000000006
3   13   4   5   0.0000000098
3   13   5   4   0.0117665635
3   13   5   5   0.1949204482
3   13   6   6   0.0277239723
3   13   7   6   -0.0000000000
3   14   1   4   -0.0013420646
3   14   1   5   0.0000810150
3   14   2   4   -0.0000012735
3   14   2   5   0.0000000769
3   14   3   4   0.0082975724
3   14   3   5   -0.0005008911
3   14   4   4   0.0000000098
3   14   4   5   -0.0000000006
3   14   5   4   0.1949204482
3   14   5   5   -0.0117665635
3   14   6   6   -0.0000000000
3   14   7   6   0.0277239722

1   8   8   1   -0.5371442914
1   8   9   1   -0.0000001255
1   8   9   2   0.0000000000
1   8   10   1   0.0049480746
1   8   11   1   -0.0000048192
1   8   12   1   -0.0009754472
1   8   13   3   -0.0000878228
1   8   14   3   -0.0014548400
1   9   8   1   -0.0000001255
1   9   8   2   0.0000000000
1   9   9   1   -0.5371440791
1   9   10   1   0.0000046872
1   9   11   1   0.0050900613
1   9   12   1   -0.0000009253
1   9   13   3   -0.0000000833
1   9   14   3   -0.0000013804
1   10   8   1   0.0049480746
1   10   9   1   0.0000046872
1   10   10   1   -0.4135903200
1   10   11   1   -0.0000000706
1   10   11   2   0.0000000000
1   10   12   1   -0.0068411080
1   10   12   2   -0.0000000000
1   10   13   3   -0.0003309427
1   10   14   3   -0.0054822710
1   11   8   1   -0.0000048192
1   11   9   1   0.0050900613
1   11   10   1   -0.0000000706
1   11   10   2   0.0000000000
1   11   11   1   -0.4163086857
1   11   11   2   0.0000000000
1   11   12   1   0.0000000008
1   11   12   2   0.0000000000
1   11   13   3   -0.0000000006
1   11   14   3   -0.0000000099
1   12   8   1   -0.0009754472
1   12   9   1   -0.0000009253
1   12   10   1   -0.0068411080
1   12   10   2   -0.0000000000
1   12   11   1   0.0000000008
1   12   11   2   0.0000000000
1   12   12   1   -0.4004383542
1   12   12   2   -0.0000000000
1   12   13   3   -0.0011052533
1   12   14   3   -0.0183092091
1   13   8   3   -0.0000839856
1   13   9   3   -0.0000000797
1   13   10   3   -0.0003526970
1   13   11   3   -0.0000000006
1   13   12   3   -0.0012295379
1   13   13   1   -0.4017523220
1   13   13   2   -0.0023773300
1   13   14   1   -0.0023773242
1   13   14   2   -0.0187813215
1   14   8   3   -0.0013912738
1   14   9   3   -0.0000013201
1   14   10   3   -0.0058426456
1   14   11   3   -0.0000000104
1   14   12   3   -0.0203680598
1   14   13   1   -0.0023773242
1   14   13   2   -0.0204570719
1   14   14   1   -0.4409907144
1   14   14   2   0.0023773300
2   8   8   2   -0.5371442914
2   8   9   1   0.0000000000
2   8   9   2   -0.0000001255
2   8   10   2   0.0049480746
2   8   11   2   -0.0000048192
2   8   12   2   -0.0009754472
2   8   13   3   -0.0014548400
2   8   14   3   0.0000878228
2   9   8   1   0.0000000000
2   9   8   2   -0.0000001255
2   9   9   2   -0.5371440791
2   9   10   2   0.0000046872
2   9   11   2   0.0050900613
2   9   12   2   -0.0000009253
2   9   13   3   -0.0000013804
2   9   14   3   0.0000000833
2   10   8   2   0.0049480746
2   10   9   2   0.0000046872
2   10   10   2   -0.4135903200
2   10   11   1   0.0000000000
2   10   11   2   -0.0000000706
2   10   12   1   -0.0000000000
2   10   12   2   -0.0068411080
2   10   13   3   -0.0054822710
2   10   14   3   0.0003309426
2   11   8   2   -0.0000048192
2   11   9   2   0.0050900613
2   11   10   1   0.0000000000
2   11   10   2   -0.0000000706
2   11   11   1   0.0000000000
2   11   11   2   -0.4163086857
2   11   12   1   0.0000000000
2   11   12   2   0.0000000008
2   11   13   3   -0.0000000099
2   11   14   3   0.0000000006
2   12   8   2   -0.0009754472
2   12   9   2   -0.0000009253
2   12   10   1   -0.0000000000
2   12   10   2   -0.0068411080
2   12   11   1   0.0000000000
2   12   11   2   0.0000000008
2   12   12   1   -0.0000000000
2   12   12   2   -0.4004383542
2   12   13   3   -0.0183092091
2   12   14   3   0.0011052533
2   13   8   3   -0.0013912738
2   13   9   3   -0.0000013201
2   13   10   3   -0.0058426456
2   13   11   3   -0.0000000103
2   13   12   3   -0.0203680598
2   13   13   1   -0.0023773300
2   13   13   2   -0.4409907144
2   13   14   1   -0.0204570719
2   13   14   2   0.0023773242
2   14   8   3   0.0000839856
2   14   9   3   0.0000000797
2   14   10   3   0.0003526970
2   14   11   3   0.0000000006
2   14   12   3   0.0012295378
2   14   13   1   -0.0187813215
2   14   13   2   0.0023773242
2   14   14   1   0.0023773300
2   14   14   2   -0.4017523220
3   8   8   3   -0.5561193777
3   8   9   3   -0.0000000853
3   8   10   3   0.0052939970
3   8   11   3   -0.0000052679
3   8   12   3   -0.0035062829
3   8   13   1   -0.0000839856
3   8   13   2   -0.0013912738
3   8   14   1   -0.0013912738
3   8   14   2   0.0000839856
3   9   8   3   -0.0000000853
3   9   9   3   -0.5561181298
3   9   10   3   0.0000050140
3   9   11   3   0.0055630710
3   9   12   3   -0.0000033264
3   9   13   1   -0.0000000797
3   9   13   2   -0.0000013201
3   9   14   1   -0.0000013201
3   9   14   2   0.0000000797
3   10   8   3   0.0052939970
3   10   9   3   0.0000050140
3   10   10   3   -0.4254453698
3   10   11   3   -0.0000000466
3   10   12   3   -0.0164134571
3   10   13   1   -0.0003526970
3   10   13   2   -0.0058426456
3   10   14   1   -0.0058426456
3   10   14   2   0.0003526970
3   11   8   3   -0.0000052679
3   11   9   3   0.0055630710
3   11   10   3   -0.0000000466
3   11   11   3   -0.4261896240
3   11   12   3   -0.0000000177
3   11   13   1   -0.0000000006
3   11   13   2   -0.0000000103
3   11   14   1   -0.0000000104
3   11   14   2   0.0000000006
3   12   8   3   -0.0035062829
3   12   9   3   -0.0000033264
3   12   10   3   -0.0164134571
3   12   11   3   -0.0000000177
3   12   12   3   -0.4486179028
3   12   13   1   -0.0012295379
3   12   13   2   -0.0203680598
3   12   14   1   -0.0203680598
3   12   14   2   0.0012295378
3   13   8   1   -0.0000878228
3   13   8   2   -0.0014548400
3   13   9   1   -0.0000000833
3   13   9   2   -0.0000013804
3   13   10   1   -0.0003309427
3   13   10   2   -0.0054822710
3   13   11   1   -0.0000000006
3   13   11   2   -0.0000000099
3   13   12   1   -0.0011052533
3   13   12   2   -0.0183092091
3   13   13   3   -0.4117999227
3   13   14   3   -0.0000000000
3   14   8   1   -0.0014548400
3   14   8   2   0.0000878228
3   14   9   1   -0.0000013804
3   14   9   2   0.0000000833
3   14   10   1   -0.0054822710
3   14   10   2   0.0003309426
3   14   11   1   -0.0000000099
3   14   11   2   0.0000000006
3   14   12   1   -0.0183092091
3   14   12   2   0.0011052533
3   14   13   3   -0.0000000000
3   14   14   3   -0.4117999227

End AIJB Block
Begin IJKA Block
1   8   1   6   -0.0000574685
1   8   2   6   0.0208571757
1   8   3   6   0.0000061756
1   8   4   6   -0.0025634561
1   8   5   6   0.0000244044
1   8   6   4   0.0000014911
1   8   6   5   0.0000247011
1   8   7   4   0.0000247011
1   8   7   5   -0.0000014911
1   9   1   6   0.0188418814
1   9   2   6   0.0000197834
1   9   3   6   -0.0032546783
1   9   4   6   -0.0000000088
1   9   5   6   -0.0128835371
1   9   6   4   -0.0007863937
1   9   6   5   -0.0130271018
1   9   7   4   -0.0130271018
1   9   7   5   0.0007863937
1   10   1   6   0.0000458184
1   10   2   6   -0.0241181283
1   10   3   6   -0.0000006909
1   10   4   6   0.0014858660
1   10   5   6   0.0000127818
1   10   6   4   0.0000007866
1   10   6   5   0.0000130311
1   10   7   4   0.0000130311
1   10   7   5   -0.0000007866
1   11   1   6   -0.0239707651
1   11   2   6   -0.0000000439
1   11   3   6   0.0004458805
1   11   4   6   -0.0000011981
1   11   5   6   -0.0140795344
1   11   6   4   -0.0008540511
1   11   6   5   -0.0141478885
1   11   7   4   -0.0141478885
1   11   7   5   0.0008540511
1   12   1   6   0.0006501364
1   12   2   6   -0.3425625369
1   12   3   6   -0.0000034543
1   12   4   6   0.0036192452
1   12   5   6   -0.0000005282
1   12   6   4   -0.0000000263
1   12   6   5   -0.0000004361
1   12   7   4   -0.0000004361
1   12   7   5   0.0000000263
1   13   1   4   0.0000399515
1   13   1   5   0.0006618218
1   13   2   4   -0.0210507876
1   13   2   5   -0.3487194002
1   13   3   4   -0.0000002086
1   13   3   5   -0.0000034551
1   13   4   4   0.0002155424
1   13   4   5   0.0035705934
1   13   5   4   -0.0000000744
1   13   5   5   -0.0000012330
1   13   6   6   0.0000012369
1   14   1   4   0.0006618218
1   14   1   5   -0.0000399515
1   14   2   4   -0.3487194002
1   14   2   5   0.0210507877
1   14   3   4   -0.0000034551
1   14   3   5   0.0000002086
1   14   4   4   0.0035705934
1   14   4   5   -0.0002155424
1   14   5   4   -0.0000012330
1   14   5   5   0.0000000744
1   14   7   6   0.0000012369
2   8   1   6   0.0208583487
2   8   2   6   0.0000216967
2   8   3   6   -0.0032473636
2   8   4   6   -0.0000000088
2   8   5   6   -0.0128329286
2   8   6   4   -0.0007848967
2   8   6   5   -0.0130023026
2   8   7   4   -0.0130023026
2   8   7   5   0.0007848967
2   9   1   6   0.0000197845
2   9   2   6   0.0188478009
2   9   3   6   -0.0000061644
2   9   4   6   -0.0025598687
2   9   5   6   -0.0000244021
2   9   6   4   -0.0000014910
2   9   6   5   -0.0000246993
2   9   7   4   -0.0000246993
2   9   7   5   0.0000014910
2   10   1   6   -0.0241182889
2   10   2   6   -0.0000457282
2   10   3   6   0.0007240724
2   10   4   6   0.0000014090
2   10   5   6   -0.0134399903
2   10   6   4   -0.0008271805
2   10   6   5   -0.0137027604
2   10   7   4   -0.0137027604
2   10   7   5   0.0008271805
2   11   1   6   -0.0000000439
2   11   2   6   -0.0239636304
2   11   3   6   0.0000004219
2   11   4   6   0.0012663928
2   11   5   6   -0.0000133847
2   11   6   4   -0.0000008119
2   11   6   5   -0.0000134504
2   11   7   4   -0.0000134504
2   11   7   5   0.0000008119
2   12   1   6   -0.3425581245
2   12   2   6   -0.0006501349
2   12   3   6   0.0036342323
2   12   4   6   0.0000034426
2   12   5   6   0.0005568776
2   12   6   4   0.0000277483
2   12   6   5   0.0004596675
2   12   7   4   0.0004596675
2   12   7   5   -0.0000277483
2   13   1   4   -0.0210505638
2   13   1   5   -0.3487156924
2   13   2   4   -0.0000399515
2   13   2   5   -0.0006618206
2   13   3   4   0.0002194289
2   13   3   5   0.0036349764
2   13   4   4   0.0000002050
2   13   4   5   0.0000033962
2   13   5   4   0.0000784018
2   13   5   5   0.0012987747
2   13   6   6   -0.0013026648
2   13   7   6   0.0000000000
2   14   1   4   -0.3487156923
2   14   1   5   0.0210505638
2   14   2   4   -0.0006618206
2   14   2   5   0.0000399514
2   14   3   4   0.0036349764
2   14   3   5   -0.0002194289
2   14   4   4   0.0000033962
2   14   4   5   -0.0000002050
2   14   5   4   0.0012987747
2   14   5   5   -0.0000784018
2   14   6   6   0.0000000000
2   14   7   6   -0.0013026648
3   8   1   6   0.0000064833
3   8   2   6   -0.0034091168
3   8   3   6   0.0000005675
3   8   4   6   0.0023999033
3   8   5   6   0.0000140766
3   8   6   4   0.0000008271
3   8   6   5   0.0000137016
3   8   7   4   0.0000137016
3   8   7   5   -0.0000008271
3   9   1   6   -0.0034167247
3   9   2   6   -0.0000064713
3   9   3   6   -0.0006081949
3   9   4   6   0.0000022735
3   9   5   6   -0.0148037062
3   9   6   4   -0.0008697948
3   9   6   5   -0.0144086928
3   9   7   4   -0.0144086928
3   9   7   5   0.0008697948
3   10   1   6   -0.0000006735
3   10   2   6   0.0007063450
3   10   3   6   0.0000000636
3   10   4   6   -0.0078487375
3   10   5   6   0.0000002294
3   10   6   4   0.0000000141
3   10   6   5   0.0000002344
3   10   7   4   0.0000002344
3   10   7   5   -0.0000000142
3   11   1   6   0.0003858688
3   11   2   6   0.0000003653
3   11   3   6   -0.0186857692
3   11   4   6   -0.0000000261
3   11   5   6   -0.0629420790
3   11   6   4   -0.0037456813
3   11   6   5   -0.0620495409
3   11   7   4   -0.0620495410
3   11   7   5   0.0037456812
3   12   1   6   -0.0000039194
3   12   2   6   0.0041248045
3   12   3   6   0.0000008511
3   12   4   6   -0.2201916547
3   12   5   6   -0.0000000546
3   12   6   4   -0.0000000002
3   12   6   5   -0.0000000041
3   12   7   4   -0.0000000040
3   12   7   5   0.0000000003
3   13   1   4   -0.0000002421
3   13   1   5   -0.0000040107
3   13   2   4   0.0002547896
3   13   2   5   0.0042207483
3   13   3   4   0.0000000525
3   13   3   5   0.0000008693
3   13   4   4   -0.0135523657
3   13   4   5   -0.2245033742
3   13   5   4   -0.0000000033
3   13   5   5   -0.0000000555
3   13   6   6   0.0000000059
3   13   7   6   -0.0000000000
3   14   1   4   -0.0000040107
3   14   1   5   0.0000002421
3   14   2   4   0.0042207483
3   14   2   5   -0.0002547896
3   14   3   4   0.0000008693
3   14   3   5   -0.0000000525
3   14   4   4   -0.2245033742
3   14   4   5   0.0135523658
3   14   5   4   -0.0000000555
3   14   5   5   0.0000000034
3   14   6   6   -0.0000000000
3   14   7   6   0.0000000059
4   8   1   6   -0.0027023306
4   8   2   6   -0.0000000081
4   8   3   6   0.0024271811
4   8   4   6   -0.0000012569
4   8   5   6   -0.0143863931
4   8   6   4   -0.0008664875
4   8   6   5   -0.0143539052
4   8   7   4   -0.0143539052
4   8   7   5   0.0008664875
4   9   1   6   -0.0000000081
4   9   2   6   -0.0026994358
4   9   3   6   0.0000022995
4   9   4   6   0.0013341443
4   9   5   6   -0.0000136785
4   9   6   4   -0.0000008238
4   9   6   5   -0.0000136469
4   9   7   4   -0.0000136469
4   9   7   5   0.0000008238
4   10   1   6   0.0014300892
4   10   2   6   0.0000013565
4   10   3   6   -0.0072628540
4   10   4   6   -0.0000000102
4   10   5   6   -0.0554328347
4   10   6   4   -0.0035679252
4   10   6   5   -0.0591049018
4   10   7   4   -0.0591049019
4   10   7   5   0.0035679252
4   11   1   6   -0.0000011517
4   11   2   6   0.0012176008
4   11   3   6   -0.0000000245
4   11   4   6   -0.0098146886
4   11   5   6   -0.0000002220
4   11   6   4   -0.0000000137
4   11   6   5   -0.0000002268
4   11   7   4   -0.0000002268
4   11   7   5   0.0000000137
4   12   1   6   0.0041291096
4   12   2   6   0.0000039288
4   12   3   6   -0.2204340216
4   12   4   6   -0.0000008301
4   12   5   6   0.0300085349
4   12   6   4   0.0001710216
4   12   6   5   0.0028330795
4   12   7   4   0.0028330795
4   12   7   5   -0.0001710216
4   13   1   4   0.0002546058
4   13   1   5   0.0042177040
4   13   2   4   0.0000002422
4   13   2   5   0.0000040130
4   13   3   4   -0.0135400489
4   13   3   5   -0.2242993383
4   13   4   4   -0.0000000508
4   13   4   5   -0.0000008419
4   13   5   4   0.0017586615
4   13   5   5   0.0291333219
4   13   6   6   -0.0018868912
4   13   7   6   0.0000000000
4   14   1   4   0.0042177040
4   14   1   5   -0.0002546058
4   14   2   4   0.0000040130
4   14   2   5   -0.0000002423
4   14   3   4   -0.2242993383
4   14   3   5   0.0135400489
4   14   4   4   -0.0000008419
4   14   4   5   0.0000000508
4   14   5   4   0.0291333220
4   14   5   5   -0.0017586615
4   14   6   6   0.0000000000
4   14   7   6   -0.0018868912
5   8   1   6   0.0000291860
5   8   2   6   -0.0153523854
5   8   3   6   0.0000154791
5   8   4   6   -0.0158924845
5   8   5   6   -0.0000003983
5   8   6   4   -0.0000000250
5   8   6   5   -0.0000004140
5   8   7   4   -0.0000004140
5   8   7   5   0.0000000250
5   9   1   6   -0.0153983339
5   9   2   6   -0.0000291749
5   9   3   6   -0.0162768815
5   9   4   6   -0.0000151089
5   9   5   6   0.0004192747
5   9   6   4   0.0000263568
5   9   6   5   0.0004366177
5   9   7   4   0.0004366177
5   9   7   5   -0.0000263569
5   10   1   6   0.0000130745
5   10   2   6   -0.0137439922
5   10   3   6   0.0000002370
5   10   4   6   -0.0568203283
5   10   5   6   0.0000000249
5   10   6   4   -0.0000000002
5   10   6   5   -0.0000000030
5   10   7   4   -0.0000000030
5   10   7   5   0.0000000002
5   11   1   6   -0.0142878153
5   11   2   6   -0.0000135791
5   11   3   6   -0.0643489702
5   11   4   6   -0.0000002247
5   11   5   6   -0.0129450240
5   11   6   4   0.0001128549
5   11   6   5   0.0018695128
5   11   7   4   0.0018695127
5   11   7   5   -0.0001128550
5   12   1   6   -0.0000001627
5   12   2   6   0.0001713029
5   12   3   6   -0.0000000547
5   12   4   6   0.0303953907
5   12   5   6   0.0000000586
5   12   6   4   0.0000000005
5   12   6   5   0.0000000084
5   12   7   4   0.0000000084
5   12   7   5   -0.0000000005
5   13   1   4   -0.0000000540
5   13   1   5   -0.0000008952
5   13   2   4   0.0000569012
5   13   2   5   0.0009426044
5   13   3   4   -0.0000000033
5   13   3   5   -0.0000000543
5   13   4   4   0.0017317954
5   13   4   5   0.0286882681
5   13   5   4   0.0000000037
5   13   5   5   0.0000000616
5   13   6   6   0.0000000035
5   13   7   6   0.0000000000
5   14   1   4   -0.0000008953
5   14   1   5   0.0000000540
5   14   2   4   0.0009426044
5   14   2   5   -0.0000569012
5   14   3   4   -0.0000000543
5   14   3   5   0.0000000032
5   14   4   4   0.0286882682
5   14   4   5   -0.0017317953
5   14   5   4   0.0000000616
5   14   5   5   -0.0000000037
5   14   6   6   0.0000000000
5   14   7   6   0.0000000035
6   8   1   4   0.0000017888
6   8   1   5   0.0000296328
6   8   2   4   -0.0009417897
6   8   2   5   -0.0156013326
6   8   3   4   0.0000009154
6   8   3   5   0.0000151638
6   8   4   4   -0.0009595728
6   8   4   5   -0.0158959211
6   8   5   4   -0.0000000504
6   8   5   5   -0.0000008356
6   8   6   6   0.0000005092
6   8   7   6   0.0000000000
6   9   1   4   -0.0009429882
6   9   1   5   -0.0156211865
6   9   2   4   -0.0000017883
6   9   2   5   -0.0000296235
6   9   3   4   -0.0009625369
6   9   3   5   -0.0159450233
6   9   4   4   -0.0000009122
6   9   4   5   -0.0000151119
6   9   5   4   0.0000531703
6   9   5   5   0.0008807995
6   9   6   6   -0.0005375628
6   9   7   6   0.0000000000
6   10   1   4   0.0000008044
6   10   1   5   0.0000133259
6   10   2   4   -0.0008456905
6   10   2   5   -0.0140093889
6   10   3   4   0.0000000145
6   10   3   5   0.0000002398
6   10   4   4   -0.0036142716
6   10   4   5   -0.0598726581
6   10   5   4   -0.0000000004
6   10   5   5   -0.0000000081
6   10   6   6   0.0000000345
6   10   7   6   0.0000000000
6   11   1   4   -0.0008659969
6   11   1   5   -0.0143457771
6   11   2   4   -0.0000008231
6   11   2   5   -0.0000136352
6   11   3   4   -0.0037713011
6   11   3   5   -0.0624739494
6   11   4   4   -0.0000000136
6   11   4   5   -0.0000002256
6   11   5   4   0.0002167636
6   11   5   5   0.0035908238
6   11   6   6   -0.0164623408
6   11   7   6   0.0000000000
6   12   1   4   -0.0000000119
6   12   1   5   -0.0000001972
6   12   2   4   0.0000125410
6   12   2   5   0.0002077486
6   12   3   4   -0.0000000004
6   12   3   5   -0.0000000068
6   12   4   4   0.0002132440
6   12   4   5   0.0035325184
6   12   5   4   0.0000000002
6   12   5   5   0.0000000027
6   12   6   6   0.0000000880
6   12   7   6   -0.0000000000
6   13   1   6   0.0000011060
6   13   2   6   -0.0011647246
6   13   3   6   0.0000000078
6   13   4   6   -0.0027167263
6   13   5   6   0.0000000040
6   13   6   4   0.0000000067
6   13   6   5   0.0000001113
6   13   7   4   0.0000000097
6   13   7   5   -0.0000000006
6   14   1   6   -0.0000000000
6   14   2   6   0.0000000000
6   14   4   6   0.0000000000
6   14   5   6   0.0000000000
6   14   6   4   0.0000000928
6   14   6   5   -0.0000000056
6   14   7   4   0.0000000005
6   14   7   5   0.0000000087
7   8   1   4   0.0000296328
7   8   1   5   -0.0000017888
7   8   2   4   -0.0156013326
7   8   2   5   0.0009417897
7   8   3   4   0.0000151638
7   8   3   5   -0.0000009154
7   8   4   4   -0.0158959211
7   8   4   5   0.0009595728
7   8   5   4   -0.0000008356
7   8   5   5   0.0000000504
7   8   6   6   0.0000000000
7   8   7   6   0.0000005092
7   9   1   4   -0.0156211865
7   9   1   5   0.0009429882
7   9   2   4   -0.0000296235
7   9   2   5   0.0000017883
7   9   3   4   -0.0159450233
7   9   3   5   0.0009625369
7   9   4   4   -0.0000151119
7   9   4   5   0.0000009122
7   9   5   4   0.0008807995
7   9   5   5   -0.0000531703
7   9   6   6   0.0000000000
7   9   7   6   -0.0005375628
7   10   1   4   0.0000133258
7   10   1   5   -0.0000008044
7   10   2   4   -0.0140093889
7   10   2   5   0.0008456905
7   10   3   4   0.0000002398
7   10   3   5   -0.0000000145
7   10   4   4   -0.0598726581
7   10   4   5   0.0036142716
7   10   5   4   -0.0000000080
7   10   5   5   0.0000000005
7   10   6   6   0.0000000000
7   10   7   6   0.0000000345
7   11   1   4   -0.0143457771
7   11   1   5   0.0008659969
7   11   2   4   -0.0000136352
7   11   2   5   0.0000008231
7   11   3   4   -0.0624739494
7   11   3   5   0.0037713010
7   11   4   4   -0.0000002256
7   11   4   5   0.0000000136
7   11   5   4   0.0035908238
7   11   5   5   -0.0002167636
7   11   6   6   0.0000000000
7   11   7   6   -0.0164623408
7   12   1   4   -0.0000001972
7   12   1   5   0.0000000119
7   12   2   4   0.0002077487
7   12   2   5   -0.0000125409
7   12   3   4   -0.0000000068
7   12   3   5   0.0000000004
7   12   4   4   0.0035325185
7   12   4   5   -0.0002132439
7   12   5   4   0.0000000027
7   12   5   5   -0.0000000002
7   12   6   6   -0.0000000000
7   12   7   6   0.0000000880
7   13   1   6   -0.0000000000
7   13   2   6   0.0000000000
7   13   4   6   0.0000000000
7   13   5   6   0.0000000000
7   13   6   4   0.0000000087
7   13   6   5   -0.0000000005
7   13   7   4   0.0000000056
7   13   7   5   0.0000000928
7   14   1   6   0.0000011060
7   14   2   6   -0.0011647246
7   14   3   6   0.0000000078
7   14   4   6   -0.0027167262
7   14   5   6   0.0000000040
7   14   6   4   0.0000000006
7   14   6   5   0.0000000098
7   14   7   4   0.0000001112
7   14   7   5   -0.0000000068

End IJKA Block
Begin IABC Block
1   4   1   6   0.0000012187
1   4   3   4   0.0000003672
1   5   2   6   0.0000012187
1   5   3   5   0.0000003672
1   6   1   4   0.0000011618
1   6   2   5   0.0000011618
1   6   3   6   0.0000025495
2   4   1   6   -0.0012846612
2   4   3   4   -0.0003865976
2   5   2   6   -0.0012846612
2   5   3   5   -0.0003865976
2   6   1   4   -0.0012247391
2   6   1   5   0.0000000000
2   6   2   4   0.0000000000
2   6   2   5   -0.0012247391
2   6   3   6   -0.0026865618
3   4   1   6   0.0000000085
3   4   3   4   0.0000000263
3   4   3   5   0.0000000000
3   5   2   6   0.0000000085
3   5   3   4   0.0000000000
3   5   3   5   0.0000000263
3   6   1   4   0.0000000048
3   6   2   5   0.0000000048
3   6   3   6   0.0000000384
4   4   1   6   -0.0050141162
4   4   2   6   -0.0000000000
4   4   3   4   -0.0159003288
4   5   1   6   -0.0000000000
4   5   2   6   -0.0050141162
4   5   3   5   -0.0159003288
4   6   1   4   -0.0035431642
4   6   1   5   -0.0000000000
4   6   2   4   -0.0000000000
4   6   2   5   -0.0035431641
4   6   3   6   -0.0219047485
5   4   1   6   -0.0000000007
5   4   2   6   0.0000000000
5   4   3   4   -0.0000000665
5   4   3   5   0.0000000000
5   5   1   6   0.0000000000
5   5   2   6   -0.0000000007
5   5   3   4   0.0000000000
5   5   3   5   -0.0000000666
5   6   1   4   -0.0000000100
5   6   1   5   0.0000000000
5   6   2   4   0.0000000000
5   6   2   5   -0.0000000100
5   6   3   6   -0.0000000395
6   4   1   4   -0.0000000048
6   4   1   5   -0.0000000013
6   4   2   4   -0.0000000706
6   4   2   5   -0.0000000004
6   4   3   6   0.0000000000
6   5   1   4   -0.0000000068
6   5   1   5   -0.0000000042
6   5   2   4   -0.0000000001
6   5   2   5   -0.0000000787
6   5   3   6   0.0000000006
6   6   1   6   -0.0000000028
6   6   2   6   -0.0000000468
6   6   3   4   0.0000000003
6   6   3   5   0.0000000057
7   4   1   4   -0.0000000787
7   4   1   5   0.0000000001
7   4   2   4   0.0000000043
7   4   2   5   -0.0000000068
7   4   3   6   0.0000000006
7   5   1   4   0.0000000004
7   5   1   5   -0.0000000706
7   5   2   4   -0.0000000014
7   5   2   5   0.0000000048
7   5   3   6   -0.0000000000
7   6   1   6   -0.0000000468
7   6   2   6   0.0000000028
7   6   3   4   0.0000000057
7   6   3   5   -0.0000000003

End IABC Block
