0   1   5   6      -0.159637240274
0   1   6   5       0.159637240079
0   2   4   5       0.079400476902
0   2   4   6       0.124005080546
0   2   5   4      -0.079400476892
0   2   6   4      -0.124005080544
1   0   5   6       0.159637240274
1   0   6   5      -0.159637240079
1   2   4   5       0.124005080568
1   2   4   6      -0.079400476851
1   2   5   4      -0.124005080577
1   2   6   4       0.079400476845
2   0   4   5      -0.079400476902
2   0   4   6      -0.124005080546
2   0   5   4       0.079400476892
2   0   6   4       0.124005080544
2   1   4   5      -0.124005080568
2   1   4   6       0.079400476851
2   1   5   4       0.124005080577
2   1   6   4      -0.079400476845
0   53   5   12      -0.260949080514
0   53   5   13      -0.326206227373
0   53   6   12      -0.326206227651
0   53   6   13      -0.561537437853
0   54   5   12      -0.326206210708
0   54   5   13      -0.230112793605
0   54   6   12      -0.070475552444
0   54   6   13       0.326206210286
0   55   4   12       0.211509711102
0   55   4   13       0.330328982658
0   55   5   11       0.132109233493
0   55   6   11       0.206323900981
0   61   6   13      -0.055693599671
1   53   5   12      -0.326206209653
1   53   5   13      -0.070475553464
1   53   6   12      -0.230112793081
1   53   6   13       0.326206210915
1   54   5   12      -0.561537437746
1   54   5   13       0.326206228010
1   54   6   12       0.326206227629
1   54   6   13      -0.260949080947
1   55   4   12       0.330328982963
1   55   4   13      -0.211509710848
1   55   5   11       0.206323901230
1   55   6   11      -0.132109233280
1   60   5   12       0.055693599661
2   53   4   12       0.132109233504
2   53   4   13       0.206323900997
2   53   5   11       0.211509711111
2   53   6   11       0.330328982646
2   54   4   12       0.206323901240
2   54   4   13      -0.132109233284
2   54   5   11       0.330328982933
2   54   6   11      -0.211509710855
2   55   4   11      -0.621302273694
2   58   4   11       0.062477139785
5   55   4   11       0.062477139785
7   54   5   12       0.055693599666
8   53   6   13      -0.055693599674
0   53   12   5       0.260949080514
0   53   12   6       0.326206227651
0   53   13   5       0.326206227373
0   53   13   6       0.561537437853
0   54   12   5       0.326206210708
0   54   12   6       0.070475552444
0   54   13   5       0.230112793605
0   54   13   6      -0.326206210286
0   55   11   5      -0.132109233493
0   55   11   6      -0.206323900981
0   55   12   4      -0.211509711102
0   55   13   4      -0.330328982658
0   61   13   6       0.055693599671
1   53   12   5       0.326206209653
1   53   12   6       0.230112793081
1   53   13   5       0.070475553464
1   53   13   6      -0.326206210915
1   54   12   5       0.561537437746
1   54   12   6      -0.326206227629
1   54   13   5      -0.326206228010
1   54   13   6       0.260949080947
1   55   11   5      -0.206323901230
1   55   11   6       0.132109233280
1   55   12   4      -0.330328982963
1   55   13   4       0.211509710848
1   60   12   5      -0.055693599661
2   53   11   5      -0.211509711111
2   53   11   6      -0.330328982646
2   53   12   4      -0.132109233504
2   53   13   4      -0.206323900997
2   54   11   5      -0.330328982933
2   54   11   6       0.211509710855
2   54   12   4      -0.206323901240
2   54   13   4       0.132109233284
2   55   11   4       0.621302273694
2   58   11   4      -0.062477139785
5   55   11   4      -0.062477139785
7   54   12   5      -0.055693599666
8   53   13   6       0.055693599674
53   0   5   12       0.260949080514
53   0   5   13       0.326206227373
53   0   6   12       0.326206227651
53   0   6   13       0.561537437853
53   1   5   12       0.326206209653
53   1   5   13       0.070475553464
53   1   6   12       0.230112793081
53   1   6   13      -0.326206210915
53   2   4   12      -0.132109233504
53   2   4   13      -0.206323900997
53   2   5   11      -0.211509711111
53   2   6   11      -0.330328982646
53   8   6   13       0.055693599674
54   0   5   12       0.326206210708
54   0   5   13       0.230112793605
54   0   6   12       0.070475552444
54   0   6   13      -0.326206210286
54   1   5   12       0.561537437746
54   1   5   13      -0.326206228010
54   1   6   12      -0.326206227629
54   1   6   13       0.260949080947
54   2   4   12      -0.206323901240
54   2   4   13       0.132109233284
54   2   5   11      -0.330328982933
54   2   6   11       0.211509710855
54   7   5   12      -0.055693599666
55   0   4   12      -0.211509711102
55   0   4   13      -0.330328982658
55   0   5   11      -0.132109233493
55   0   6   11      -0.206323900981
55   1   4   12      -0.330328982963
55   1   4   13       0.211509710848
55   1   5   11      -0.206323901230
55   1   6   11       0.132109233280
55   2   4   11       0.621302273694
55   5   4   11      -0.062477139785
58   2   4   11      -0.062477139785
60   1   5   12      -0.055693599661
61   0   6   13       0.055693599671
53   0   12   5      -0.260949080514
53   0   12   6      -0.326206227651
53   0   13   5      -0.326206227373
53   0   13   6      -0.561537437853
53   1   12   5      -0.326206209653
53   1   12   6      -0.230112793081
53   1   13   5      -0.070475553464
53   1   13   6       0.326206210915
53   2   11   5       0.211509711111
53   2   11   6       0.330328982646
53   2   12   4       0.132109233504
53   2   13   4       0.206323900997
53   8   13   6      -0.055693599674
54   0   12   5      -0.326206210708
54   0   12   6      -0.070475552444
54   0   13   5      -0.230112793605
54   0   13   6       0.326206210286
54   1   12   5      -0.561537437746
54   1   12   6       0.326206227629
54   1   13   5       0.326206228010
54   1   13   6      -0.260949080947
54   2   11   5       0.330328982933
54   2   11   6      -0.211509710855
54   2   12   4       0.206323901240
54   2   13   4      -0.132109233284
54   7   12   5       0.055693599666
55   0   11   5       0.132109233493
55   0   11   6       0.206323900981
55   0   12   4       0.211509711102
55   0   13   4       0.330328982658
55   1   11   5       0.206323901230
55   1   11   6      -0.132109233280
55   1   12   4       0.330328982963
55   1   13   4      -0.211509710848
55   2   11   4      -0.621302273694
55   5   11   4       0.062477139785
58   2   11   4       0.062477139785
60   1   12   5       0.055693599661
61   0   13   6      -0.055693599671
53   54   12   13      -0.159637240274
53   54   13   12       0.159637240079
53   55   11   12       0.079400476902
53   55   11   13       0.124005080546
53   55   12   11      -0.079400476892
53   55   13   11      -0.124005080544
54   53   12   13       0.159637240274
54   53   13   12      -0.159637240079
54   55   11   12       0.124005080568
54   55   11   13      -0.079400476851
54   55   12   11      -0.124005080577
54   55   13   11       0.079400476845
55   53   11   12      -0.079400476902
55   53   11   13      -0.124005080546
55   53   12   11       0.079400476892
55   53   13   11       0.124005080544
55   54   11   12      -0.124005080568
55   54   11   13       0.079400476851
55   54   12   11       0.124005080577
55   54   13   11      -0.079400476845

