0   53   5   12      -0.076345543266
0   53   6   13      -0.058249722461
1   54   5   12      -0.058249722725
1   54   6   13      -0.076345543001
0   53   12   5       0.076345543266
0   53   13   6       0.058249722461
1   54   12   5       0.058249722725
1   54   13   6       0.076345543001
53   0   5   12       0.076345543266
53   0   6   13       0.058249722461
54   1   5   12       0.058249722725
54   1   6   13       0.076345543001
53   0   12   5      -0.076345543266
53   0   13   6      -0.058249722461
54   1   12   5      -0.058249722725
54   1   13   6      -0.076345543001

