0   1   5   6      -0.168768524287
0   1   6   5       0.168768523964
0   2   4   6       0.166103558454
0   2   6   4      -0.166103558461
1   0   5   6       0.168768524287
1   0   6   5      -0.168768523964
1   2   4   5       0.166103558231
1   2   5   4      -0.166103557783
2   0   4   6      -0.166103558454
2   0   6   4       0.166103558461
2   1   4   5      -0.166103558231
2   1   5   4       0.166103557783
0   103   5   12      -0.051753283914
0   103   6   13      -0.814882228355
0   104   5   13      -0.465948729512
0   104   6   12      -0.297180205858
0   105   4   13       0.449409156975
0   105   6   11       0.283305596564
0   111   6   13      -0.075202625868
1   103   5   13      -0.297180204778
1   103   6   12      -0.465948731582
1   104   5   12      -0.814882224469
1   104   6   13      -0.051753284026
1   105   4   12       0.449409151575
1   105   5   11       0.283305594523
1   112   5   12       0.075202626850
2   103   4   13       0.283305599178
2   103   6   11       0.449409154341
2   104   4   12       0.283305594799
2   104   5   11       0.449409152522
2   105   4   11      -0.750323278796
2   107   4   11       0.062438346633
4   105   4   11       0.062438346633
8   103   6   13      -0.075202625837
9   104   5   12       0.075202626820
0   103   12   5       0.051753283914
0   103   13   6       0.814882228355
0   104   12   6       0.297180205858
0   104   13   5       0.465948729512
0   105   11   6      -0.283305596564
0   105   13   4      -0.449409156975
0   111   13   6       0.075202625868
1   103   12   6       0.465948731582
1   103   13   5       0.297180204778
1   104   12   5       0.814882224469
1   104   13   6       0.051753284026
1   105   11   5      -0.283305594523
1   105   12   4      -0.449409151575
1   112   12   5      -0.075202626850
2   103   11   6      -0.449409154341
2   103   13   4      -0.283305599178
2   104   11   5      -0.449409152522
2   104   12   4      -0.283305594799
2   105   11   4       0.750323278796
2   107   11   4      -0.062438346633
4   105   11   4      -0.062438346633
8   103   13   6       0.075202625837
9   104   12   5      -0.075202626820
103   0   5   12       0.051753283914
103   0   6   13       0.814882228355
103   1   5   13       0.297180204778
103   1   6   12       0.465948731582
103   2   4   13      -0.283305599178
103   2   6   11      -0.449409154341
103   8   6   13       0.075202625837
104   0   5   13       0.465948729512
104   0   6   12       0.297180205858
104   1   5   12       0.814882224469
104   1   6   13       0.051753284026
104   2   4   12      -0.283305594799
104   2   5   11      -0.449409152522
104   9   5   12      -0.075202626820
105   0   4   13      -0.449409156975
105   0   6   11      -0.283305596564
105   1   4   12      -0.449409151575
105   1   5   11      -0.283305594523
105   2   4   11       0.750323278796
105   4   4   11      -0.062438346633
107   2   4   11      -0.062438346633
111   0   6   13       0.075202625868
112   1   5   12      -0.075202626850
103   0   12   5      -0.051753283914
103   0   13   6      -0.814882228355
103   1   12   6      -0.465948731582
103   1   13   5      -0.297180204778
103   2   11   6       0.449409154341
103   2   13   4       0.283305599178
103   8   13   6      -0.075202625837
104   0   12   6      -0.297180205858
104   0   13   5      -0.465948729512
104   1   12   5      -0.814882224469
104   1   13   6      -0.051753284026
104   2   11   5       0.449409152522
104   2   12   4       0.283305594799
104   9   12   5       0.075202626820
105   0   11   6       0.283305596564
105   0   13   4       0.449409156975
105   1   11   5       0.283305594523
105   1   12   4       0.449409151575
105   2   11   4      -0.750323278796
105   4   11   4       0.062438346633
107   2   11   4       0.062438346633
111   0   13   6      -0.075202625868
112   1   12   5       0.075202626850
103   104   12   13      -0.168768524287
103   104   13   12       0.168768523964
103   105   11   13       0.166103558454
103   105   13   11      -0.166103558461
104   103   12   13       0.168768524287
104   103   13   12      -0.168768523964
104   105   11   12       0.166103558231
104   105   12   11      -0.166103557783
105   103   11   13      -0.166103558454
105   103   13   11       0.166103558461
105   104   11   12      -0.166103558231
105   104   12   11       0.166103557783

