0   1   5   6       0.064470345479
0   1   6   5      -0.064470345655
1   0   5   6      -0.064470345479
1   0   6   5       0.064470345655
0   53   5   12      -0.061440031800
0   53   5   13      -0.060959122213
0   53   6   12      -0.060959121232
0   53   6   13      -0.449833584735
0   54   5   12       0.060959097111
0   54   5   13       0.226431969033
0   54   6   12       0.161961618831
0   54   6   13      -0.060959097395
0   55   4   13       0.138752520057
0   55   6   11       0.119288256872
0   61   6   13      -0.051397094660
1   53   5   12       0.060959097631
1   53   5   13       0.161961618658
1   53   6   12       0.226431968917
1   53   6   13      -0.060959096261
1   54   5   12      -0.449833586495
1   54   5   13       0.060959121851
1   54   6   12       0.060959120599
1   54   6   13      -0.061440031274
1   55   4   12      -0.138752520245
1   55   5   11      -0.119288256193
1   60   5   12      -0.051397093326
2   53   4   13       0.119288256872
2   53   6   11       0.138752520057
2   54   4   12      -0.119288256193
2   54   5   11      -0.138752520245
2   55   4   11      -0.240308022778
7   54   5   12      -0.051397093337
8   53   6   13      -0.051397094685
0   53   12   5       0.061440031800
0   53   12   6       0.060959121232
0   53   13   5       0.060959122213
0   53   13   6       0.449833584735
0   54   12   5      -0.060959097111
0   54   12   6      -0.161961618831
0   54   13   5      -0.226431969033
0   54   13   6       0.060959097395
0   55   11   6      -0.119288256872
0   55   13   4      -0.138752520057
0   61   13   6       0.051397094660
1   53   12   5      -0.060959097631
1   53   12   6      -0.226431968917
1   53   13   5      -0.161961618658
1   53   13   6       0.060959096261
1   54   12   5       0.449833586495
1   54   12   6      -0.060959120599
1   54   13   5      -0.060959121851
1   54   13   6       0.061440031274
1   55   11   5       0.119288256193
1   55   12   4       0.138752520245
1   60   12   5       0.051397093326
2   53   11   6      -0.138752520057
2   53   13   4      -0.119288256872
2   54   11   5       0.138752520245
2   54   12   4       0.119288256193
2   55   11   4       0.240308022778
7   54   12   5       0.051397093337
8   53   13   6       0.051397094685
53   0   5   12       0.061440031800
53   0   5   13       0.060959122213
53   0   6   12       0.060959121232
53   0   6   13       0.449833584735
53   1   5   12      -0.060959097631
53   1   5   13      -0.161961618658
53   1   6   12      -0.226431968917
53   1   6   13       0.060959096261
53   2   4   13      -0.119288256872
53   2   6   11      -0.138752520057
53   8   6   13       0.051397094685
54   0   5   12      -0.060959097111
54   0   5   13      -0.226431969033
54   0   6   12      -0.161961618831
54   0   6   13       0.060959097395
54   1   5   12       0.449833586495
54   1   5   13      -0.060959121851
54   1   6   12      -0.060959120599
54   1   6   13       0.061440031274
54   2   4   12       0.119288256193
54   2   5   11       0.138752520245
54   7   5   12       0.051397093337
55   0   4   13      -0.138752520057
55   0   6   11      -0.119288256872
55   1   4   12       0.138752520245
55   1   5   11       0.119288256193
55   2   4   11       0.240308022778
60   1   5   12       0.051397093326
61   0   6   13       0.051397094660
53   0   12   5      -0.061440031800
53   0   12   6      -0.060959121232
53   0   13   5      -0.060959122213
53   0   13   6      -0.449833584735
53   1   12   5       0.060959097631
53   1   12   6       0.226431968917
53   1   13   5       0.161961618658
53   1   13   6      -0.060959096261
53   2   11   6       0.138752520057
53   2   13   4       0.119288256872
53   8   13   6      -0.051397094685
54   0   12   5       0.060959097111
54   0   12   6       0.161961618831
54   0   13   5       0.226431969033
54   0   13   6      -0.060959097395
54   1   12   5      -0.449833586495
54   1   12   6       0.060959120599
54   1   13   5       0.060959121851
54   1   13   6      -0.061440031274
54   2   11   5      -0.138752520245
54   2   12   4      -0.119288256193
54   7   12   5      -0.051397093337
55   0   11   6       0.119288256872
55   0   13   4       0.138752520057
55   1   11   5      -0.119288256193
55   1   12   4      -0.138752520245
55   2   11   4      -0.240308022778
60   1   12   5      -0.051397093326
61   0   13   6      -0.051397094660
53   54   12   13       0.064470345479
53   54   13   12      -0.064470345655
54   53   12   13      -0.064470345479
54   53   13   12       0.064470345655

