0   1   5   6      -0.165804583765
0   1   6   5       0.165804583761
0   2   4   5       0.094130014722
0   2   4   6      -0.129712720281
0   2   5   4      -0.094130014724
0   2   6   4       0.129712720279
1   0   5   6       0.165804583765
1   0   6   5      -0.165804583761
1   2   4   5      -0.129712720284
1   2   4   6      -0.094130014553
1   2   5   4       0.129712720284
1   2   6   4       0.094130014547
2   0   4   5      -0.094130014722
2   0   4   6       0.129712720281
2   0   5   4       0.094130014724
2   0   6   4      -0.129712720279
2   1   4   5       0.129712720284
2   1   4   6       0.094130014553
2   1   5   4      -0.129712720284
2   1   6   4      -0.094130014547
0   103   5   12      -0.309303153626
0   103   5   13       0.355409945240
0   103   6   12       0.355409945536
0   103   6   13      -0.541149808650
0   104   5   12       0.355409945501
0   104   5   13      -0.198825629493
0   104   6   13      -0.355409945159
0   105   4   12       0.252689368552
0   105   4   13      -0.348210137818
0   105   5   11       0.158559354161
0   105   6   11      -0.218497418007
1   103   5   12       0.355409945914
1   103   6   12      -0.198825629639
1   103   6   13      -0.355409944926
1   104   5   12      -0.541149808754
1   104   5   13      -0.355409944959
1   104   6   12      -0.355409944218
1   104   6   13      -0.309303152556
1   105   4   12      -0.348210137825
1   105   4   13      -0.252689368322
1   105   5   11      -0.218497417995
1   105   6   11      -0.158559354142
2   103   4   12       0.158559354164
2   103   4   13      -0.218497417994
2   103   5   11       0.252689368546
2   103   6   11      -0.348210137837
2   104   4   12      -0.218497417995
2   104   4   13      -0.158559354135
2   104   5   11      -0.348210137824
2   104   6   11      -0.252689368344
2   105   4   11      -0.704899701441
0   103   12   5       0.309303153626
0   103   12   6      -0.355409945536
0   103   13   5      -0.355409945240
0   103   13   6       0.541149808650
0   104   12   5      -0.355409945501
0   104   13   5       0.198825629493
0   104   13   6       0.355409945159
0   105   11   5      -0.158559354161
0   105   11   6       0.218497418007
0   105   12   4      -0.252689368552
0   105   13   4       0.348210137818
1   103   12   5      -0.355409945914
1   103   12   6       0.198825629639
1   103   13   6       0.355409944926
1   104   12   5       0.541149808754
1   104   12   6       0.355409944218
1   104   13   5       0.355409944959
1   104   13   6       0.309303152556
1   105   11   5       0.218497417995
1   105   11   6       0.158559354142
1   105   12   4       0.348210137825
1   105   13   4       0.252689368322
2   103   11   5      -0.252689368546
2   103   11   6       0.348210137837
2   103   12   4      -0.158559354164
2   103   13   4       0.218497417994
2   104   11   5       0.348210137824
2   104   11   6       0.252689368344
2   104   12   4       0.218497417995
2   104   13   4       0.158559354135
2   105   11   4       0.704899701441
0   111   6   13      -0.063310591854
1   112   5   12      -0.063310591891
2   107   4   11       0.065356304979
0   111   13   6       0.063310591854
1   112   12   5       0.063310591891
2   107   11   4      -0.065356304979
4   105   4   11       0.065356304979
8   103   6   13      -0.063310591851
9   104   5   12      -0.063310591885
4   105   11   4      -0.065356304979
8   103   13   6       0.063310591851
9   104   12   5       0.063310591885
103   0   5   12       0.309303153626
103   0   5   13      -0.355409945240
103   0   6   12      -0.355409945536
103   0   6   13       0.541149808650
103   1   5   12      -0.355409945914
103   1   6   12       0.198825629639
103   1   6   13       0.355409944926
103   2   4   12      -0.158559354164
103   2   4   13       0.218497417994
103   2   5   11      -0.252689368546
103   2   6   11       0.348210137837
104   0   5   12      -0.355409945501
104   0   5   13       0.198825629493
104   0   6   13       0.355409945159
104   1   5   12       0.541149808754
104   1   5   13       0.355409944959
104   1   6   12       0.355409944218
104   1   6   13       0.309303152556
104   2   4   12       0.218497417995
104   2   4   13       0.158559354135
104   2   5   11       0.348210137824
104   2   6   11       0.252689368344
105   0   4   12      -0.252689368552
105   0   4   13       0.348210137818
105   0   5   11      -0.158559354161
105   0   6   11       0.218497418007
105   1   4   12       0.348210137825
105   1   4   13       0.252689368322
105   1   5   11       0.218497417995
105   1   6   11       0.158559354142
105   2   4   11       0.704899701441
103   0   12   5      -0.309303153626
103   0   12   6       0.355409945536
103   0   13   5       0.355409945240
103   0   13   6      -0.541149808650
103   1   12   5       0.355409945914
103   1   12   6      -0.198825629639
103   1   13   6      -0.355409944926
103   2   11   5       0.252689368546
103   2   11   6      -0.348210137837
103   2   12   4       0.158559354164
103   2   13   4      -0.218497417994
104   0   12   5       0.355409945501
104   0   13   5      -0.198825629493
104   0   13   6      -0.355409945159
104   1   12   5      -0.541149808754
104   1   12   6      -0.355409944218
104   1   13   5      -0.355409944959
104   1   13   6      -0.309303152556
104   2   11   5      -0.348210137824
104   2   11   6      -0.252689368344
104   2   12   4      -0.218497417995
104   2   13   4      -0.158559354135
105   0   11   5       0.158559354161
105   0   11   6      -0.218497418007
105   0   12   4       0.252689368552
105   0   13   4      -0.348210137818
105   1   11   5      -0.218497417995
105   1   11   6      -0.158559354142
105   1   12   4      -0.348210137825
105   1   13   4      -0.252689368322
105   2   11   4      -0.704899701441
103   8   6   13       0.063310591851
104   9   5   12       0.063310591885
105   4   4   11      -0.065356304979
103   8   13   6      -0.063310591851
104   9   12   5      -0.063310591885
105   4   11   4       0.065356304979
103   104   12   13      -0.165804583765
103   104   13   12       0.165804583761
103   105   11   12       0.094130014722
103   105   11   13      -0.129712720281
103   105   12   11      -0.094130014724
103   105   13   11       0.129712720279
104   103   12   13       0.165804583765
104   103   13   12      -0.165804583761
104   105   11   12      -0.129712720284
104   105   11   13      -0.094130014553
104   105   12   11       0.129712720284
104   105   13   11       0.094130014547
105   103   11   12      -0.094130014722
105   103   11   13       0.129712720281
105   103   12   11       0.094130014724
105   103   13   11      -0.129712720279
105   104   11   12       0.129712720284
105   104   11   13       0.094130014553
105   104   12   11      -0.129712720284
105   104   13   11      -0.094130014547
107   2   4   11      -0.065356304979
111   0   6   13       0.063310591854
112   1   5   12       0.063310591891
107   2   11   4       0.065356304979
111   0   13   6      -0.063310591854
112   1   12   5      -0.063310591891

