0   1   5   6      -0.170787982338
0   1   6   5       0.170787982412
0   2   4   5      -0.130510494002
0   2   4   6      -0.109845886605
0   2   5   4       0.130510493945
0   2   6   4       0.109845886431
1   0   5   6       0.170787982338
1   0   6   5      -0.170787982412
1   2   4   5      -0.109845886580
1   2   4   6       0.130510494068
1   2   5   4       0.109845886371
1   2   6   4      -0.130510493898
2   0   4   5       0.130510494002
2   0   4   6       0.109845886605
2   0   5   4      -0.130510493945
2   0   6   4      -0.109845886431
2   1   4   5       0.109845886580
2   1   4   6      -0.130510494068
2   1   5   4      -0.109845886371
2   1   6   4       0.130510493898
0   103   5   12      -0.506203558120
0   103   5   13      -0.383661514508
0   103   6   12      -0.383661512596
0   103   6   13      -0.373280039341
0   104   5   12      -0.383661510177
0   104   6   12       0.151855747386
0   104   6   13       0.383661509604
0   105   4   12      -0.357035540366
0   105   4   13      -0.300503693055
0   105   5   11      -0.226525046363
0   105   6   11      -0.190657806326
1   103   5   12      -0.383661509280
1   103   5   13       0.151855747927
1   103   6   13       0.383661509220
1   104   5   12      -0.373280039817
1   104   5   13       0.383661513822
1   104   6   12       0.383661513710
1   104   6   13      -0.506203558034
1   105   4   12      -0.300503692824
1   105   4   13       0.357035540041
1   105   5   11      -0.190657806820
1   105   6   11       0.226525046461
2   103   4   12      -0.226525046585
2   103   4   13      -0.190657807067
2   103   5   11      -0.357035540318
2   103   6   11      -0.300503692842
2   104   4   12      -0.190657806754
2   104   4   13       0.226525046471
2   104   5   11      -0.300503693523
2   104   6   11       0.357035540547
2   105   4   11      -0.794056164329
0   103   12   5       0.506203558120
0   103   12   6       0.383661512596
0   103   13   5       0.383661514508
0   103   13   6       0.373280039341
0   104   12   5       0.383661510177
0   104   12   6      -0.151855747386
0   104   13   6      -0.383661509604
0   105   11   5       0.226525046363
0   105   11   6       0.190657806326
0   105   12   4       0.357035540366
0   105   13   4       0.300503693055
1   103   12   5       0.383661509280
1   103   13   5      -0.151855747927
1   103   13   6      -0.383661509220
1   104   12   5       0.373280039817
1   104   12   6      -0.383661513710
1   104   13   5      -0.383661513822
1   104   13   6       0.506203558034
1   105   11   5       0.190657806820
1   105   11   6      -0.226525046461
1   105   12   4       0.300503692824
1   105   13   4      -0.357035540041
2   103   11   5       0.357035540318
2   103   11   6       0.300503692842
2   103   12   4       0.226525046585
2   103   13   4       0.190657807067
2   104   11   5       0.300503693523
2   104   11   6      -0.357035540547
2   104   12   4       0.190657806754
2   104   13   4      -0.226525046471
2   105   11   4       0.794056164329
0   111   6   13      -0.050996930356
0   112   5   12      -0.056632494956
1   111   6   13       0.056632494933
1   112   5   12      -0.050996930406
2   107   4   11       0.057241900165
2   113   4   11       0.051414527054
0   111   13   6       0.050996930356
0   112   12   5       0.056632494956
1   111   13   6      -0.056632494933
1   112   12   5       0.050996930406
2   107   11   4      -0.057241900165
2   113   11   4      -0.051414527054
4   105   4   11       0.057241900165
8   103   6   13      -0.050996930348
8   104   6   13       0.056632494948
9   103   5   12      -0.056632494919
9   104   5   12      -0.050996930424
10   105   4   11       0.051414527054
4   105   11   4      -0.057241900165
8   103   13   6       0.050996930348
8   104   13   6      -0.056632494948
9   103   12   5       0.056632494919
9   104   12   5       0.050996930424
10   105   11   4      -0.051414527054
103   0   5   12       0.506203558120
103   0   5   13       0.383661514508
103   0   6   12       0.383661512596
103   0   6   13       0.373280039341
103   1   5   12       0.383661509280
103   1   5   13      -0.151855747927
103   1   6   13      -0.383661509220
103   2   4   12       0.226525046585
103   2   4   13       0.190657807067
103   2   5   11       0.357035540318
103   2   6   11       0.300503692842
104   0   5   12       0.383661510177
104   0   6   12      -0.151855747386
104   0   6   13      -0.383661509604
104   1   5   12       0.373280039817
104   1   5   13      -0.383661513822
104   1   6   12      -0.383661513710
104   1   6   13       0.506203558034
104   2   4   12       0.190657806754
104   2   4   13      -0.226525046471
104   2   5   11       0.300503693523
104   2   6   11      -0.357035540547
105   0   4   12       0.357035540366
105   0   4   13       0.300503693055
105   0   5   11       0.226525046363
105   0   6   11       0.190657806326
105   1   4   12       0.300503692824
105   1   4   13      -0.357035540041
105   1   5   11       0.190657806820
105   1   6   11      -0.226525046461
105   2   4   11       0.794056164329
103   0   12   5      -0.506203558120
103   0   12   6      -0.383661512596
103   0   13   5      -0.383661514508
103   0   13   6      -0.373280039341
103   1   12   5      -0.383661509280
103   1   13   5       0.151855747927
103   1   13   6       0.383661509220
103   2   11   5      -0.357035540318
103   2   11   6      -0.300503692842
103   2   12   4      -0.226525046585
103   2   13   4      -0.190657807067
104   0   12   5      -0.383661510177
104   0   12   6       0.151855747386
104   0   13   6       0.383661509604
104   1   12   5      -0.373280039817
104   1   12   6       0.383661513710
104   1   13   5       0.383661513822
104   1   13   6      -0.506203558034
104   2   11   5      -0.300503693523
104   2   11   6       0.357035540547
104   2   12   4      -0.190657806754
104   2   13   4       0.226525046471
105   0   11   5      -0.226525046363
105   0   11   6      -0.190657806326
105   0   12   4      -0.357035540366
105   0   13   4      -0.300503693055
105   1   11   5      -0.190657806820
105   1   11   6       0.226525046461
105   1   12   4      -0.300503692824
105   1   13   4       0.357035540041
105   2   11   4      -0.794056164329
103   8   6   13       0.050996930348
103   9   5   12       0.056632494919
104   8   6   13      -0.056632494948
104   9   5   12       0.050996930424
105   4   4   11      -0.057241900165
105   10   4   11      -0.051414527054
103   8   13   6      -0.050996930348
103   9   12   5      -0.056632494919
104   8   13   6       0.056632494948
104   9   12   5      -0.050996930424
105   4   11   4       0.057241900165
105   10   11   4       0.051414527054
103   104   12   13      -0.170787982338
103   104   13   12       0.170787982412
103   105   11   12      -0.130510494002
103   105   11   13      -0.109845886605
103   105   12   11       0.130510493945
103   105   13   11       0.109845886431
104   103   12   13       0.170787982338
104   103   13   12      -0.170787982412
104   105   11   12      -0.109845886580
104   105   11   13       0.130510494068
104   105   12   11       0.109845886371
104   105   13   11      -0.130510493898
105   103   11   12       0.130510494002
105   103   11   13       0.109845886605
105   103   12   11      -0.130510493945
105   103   13   11      -0.109845886431
105   104   11   12       0.109845886580
105   104   11   13      -0.130510494068
105   104   12   11      -0.109845886371
105   104   13   11       0.130510493898
107   2   4   11      -0.057241900165
111   0   6   13       0.050996930356
111   1   6   13      -0.056632494933
112   0   5   12       0.056632494956
112   1   5   12       0.050996930406
113   2   4   11      -0.051414527054
107   2   11   4       0.057241900165
111   0   13   6      -0.050996930356
111   1   13   6       0.056632494933
112   0   12   5      -0.056632494956
112   1   12   5      -0.050996930406
113   2   11   4       0.051414527054

