0   1   5   6      -0.153797870883
0   1   6   5       0.153797870703
0   2   4   5      -0.126996201064
0   2   4   6       0.051878119847
0   2   5   4       0.126996201065
0   2   6   4      -0.051878119846
1   0   5   6       0.153797870883
1   0   6   5      -0.153797870703
1   2   4   5       0.051878119839
1   2   4   6       0.126996200992
1   2   5   4      -0.051878119839
1   2   6   4      -0.126996200988
2   0   4   5       0.126996201064
2   0   4   6      -0.051878119847
2   0   5   4      -0.126996201065
2   0   6   4       0.051878119846
2   1   4   5      -0.051878119839
2   1   4   6      -0.126996200992
2   1   5   4       0.051878119839
2   1   6   4       0.126996200988
0   53   5   12      -0.645816934899
0   53   5   13       0.242485680861
0   53   6   12       0.242485680987
0   53   6   13      -0.151274443402
0   54   5   12       0.242485685083
0   54   5   13       0.170372326429
0   54   6   12       0.324170199485
0   54   6   13      -0.242485684841
0   55   4   12      -0.339584693845
0   55   4   13       0.138720806639
0   55   5   11      -0.212588491545
0   55   6   11       0.086842686287
1   53   5   12       0.242485684709
1   53   5   13       0.324170199424
1   53   6   12       0.170372326054
1   53   6   13      -0.242485684902
1   54   5   12      -0.151274443276
1   54   5   13      -0.242485680882
1   54   6   12      -0.242485680906
1   54   6   13      -0.645816934738
1   55   4   12       0.138720806633
1   55   4   13       0.339584693857
1   55   5   11       0.086842686294
1   55   6   11       0.212588491636
2   53   4   12      -0.212588491543
2   53   4   13       0.086842686290
2   53   5   11      -0.339584693843
2   53   6   11       0.138720806638
2   54   4   12       0.086842686294
2   54   4   13       0.212588491643
2   54   5   11       0.138720806632
2   54   6   11       0.339584693857
2   55   4   11      -0.573642939031
0   53   12   5       0.645816934899
0   53   12   6      -0.242485680987
0   53   13   5      -0.242485680861
0   53   13   6       0.151274443402
0   54   12   5      -0.242485685083
0   54   12   6      -0.324170199485
0   54   13   5      -0.170372326429
0   54   13   6       0.242485684841
0   55   11   5       0.212588491545
0   55   11   6      -0.086842686287
0   55   12   4       0.339584693845
0   55   13   4      -0.138720806639
1   53   12   5      -0.242485684709
1   53   12   6      -0.170372326054
1   53   13   5      -0.324170199424
1   53   13   6       0.242485684902
1   54   12   5       0.151274443276
1   54   12   6       0.242485680906
1   54   13   5       0.242485680882
1   54   13   6       0.645816934738
1   55   11   5      -0.086842686294
1   55   11   6      -0.212588491636
1   55   12   4      -0.138720806633
1   55   13   4      -0.339584693857
2   53   11   5       0.339584693843
2   53   11   6      -0.138720806638
2   53   12   4       0.212588491543
2   53   13   4      -0.086842686290
2   54   11   5      -0.138720806632
2   54   11   6      -0.339584693857
2   54   12   4      -0.086842686294
2   54   13   4      -0.212588491643
2   55   11   4       0.573642939031
2   58   4   11      -0.062308293666
2   58   11   4       0.062308293666
5   55   4   11      -0.062308293666
5   55   11   4       0.062308293666
53   0   5   12       0.645816934899
53   0   5   13      -0.242485680861
53   0   6   12      -0.242485680987
53   0   6   13       0.151274443402
53   1   5   12      -0.242485684709
53   1   5   13      -0.324170199424
53   1   6   12      -0.170372326054
53   1   6   13       0.242485684902
53   2   4   12       0.212588491543
53   2   4   13      -0.086842686290
53   2   5   11       0.339584693843
53   2   6   11      -0.138720806638
54   0   5   12      -0.242485685083
54   0   5   13      -0.170372326429
54   0   6   12      -0.324170199485
54   0   6   13       0.242485684841
54   1   5   12       0.151274443276
54   1   5   13       0.242485680882
54   1   6   12       0.242485680906
54   1   6   13       0.645816934738
54   2   4   12      -0.086842686294
54   2   4   13      -0.212588491643
54   2   5   11      -0.138720806632
54   2   6   11      -0.339584693857
55   0   4   12       0.339584693845
55   0   4   13      -0.138720806639
55   0   5   11       0.212588491545
55   0   6   11      -0.086842686287
55   1   4   12      -0.138720806633
55   1   4   13      -0.339584693857
55   1   5   11      -0.086842686294
55   1   6   11      -0.212588491636
55   2   4   11       0.573642939031
53   0   12   5      -0.645816934899
53   0   12   6       0.242485680987
53   0   13   5       0.242485680861
53   0   13   6      -0.151274443402
53   1   12   5       0.242485684709
53   1   12   6       0.170372326054
53   1   13   5       0.324170199424
53   1   13   6      -0.242485684902
53   2   11   5      -0.339584693843
53   2   11   6       0.138720806638
53   2   12   4      -0.212588491543
53   2   13   4       0.086842686290
54   0   12   5       0.242485685083
54   0   12   6       0.324170199485
54   0   13   5       0.170372326429
54   0   13   6      -0.242485684841
54   1   12   5      -0.151274443276
54   1   12   6      -0.242485680906
54   1   13   5      -0.242485680882
54   1   13   6      -0.645816934738
54   2   11   5       0.138720806632
54   2   11   6       0.339584693857
54   2   12   4       0.086842686294
54   2   13   4       0.212588491643
55   0   11   5      -0.212588491545
55   0   11   6       0.086842686287
55   0   12   4      -0.339584693845
55   0   13   4       0.138720806639
55   1   11   5       0.086842686294
55   1   11   6       0.212588491636
55   1   12   4       0.138720806633
55   1   13   4       0.339584693857
55   2   11   4      -0.573642939031
55   5   4   11       0.062308293666
55   5   11   4      -0.062308293666
53   54   12   13      -0.153797870883
53   54   13   12       0.153797870703
53   55   11   12      -0.126996201064
53   55   11   13       0.051878119847
53   55   12   11       0.126996201065
53   55   13   11      -0.051878119846
54   53   12   13       0.153797870883
54   53   13   12      -0.153797870703
54   55   11   12       0.051878119839
54   55   11   13       0.126996200992
54   55   12   11      -0.051878119839
54   55   13   11      -0.126996200988
55   53   11   12       0.126996201064
55   53   11   13      -0.051878119847
55   53   12   11      -0.126996201065
55   53   13   11       0.051878119846
55   54   11   12      -0.051878119839
55   54   11   13      -0.126996200992
55   54   12   11       0.051878119839
55   54   13   11       0.126996200988
58   2   4   11       0.062308293666
58   2   11   4      -0.062308293666

