0   53   5   12      -0.093723012972
0   54   5   13      -0.058401856504
1   53   6   12      -0.058401856504
1   54   6   13      -0.093723015507
0   53   12   5       0.093723012972
0   54   13   5       0.058401856504
1   53   12   6       0.058401856504
1   54   13   6       0.093723015507
53   0   5   12       0.093723012972
53   1   6   12       0.058401856504
54   0   5   13       0.058401856504
54   1   6   13       0.093723015507
53   0   12   5      -0.093723012972
53   1   12   6      -0.058401856504
54   0   13   5      -0.058401856504
54   1   13   6      -0.093723015507

