Begin IJ Block
1   1   -27.0741592927
1   2   -0.0000000006
1   3   -0.4592193048
1   4   0.0000000009
1   5   0.1924436875
2   2   -27.0749053028
2   3   -0.0000000014
2   4   -0.4974923304
2   5   -0.0000000004
3   3   -8.6118439152
3   4   0.0000000038
3   5   -0.7335404139
4   4   -7.4503739625
4   5   0.0000000019
5   5   -7.4704215599
6   6   -7.3475040981
6   7   0.0000000009
7   7   -7.3475041003

End IJ Block
Begin IA Block
1   3   -0.0000000017
2   3   -0.1878334024
3   3   0.0000000022
4   3   -0.8032753769
5   3   -0.0000000023
6   1   0.0000000010
6   2   -0.0000000001
7   1   -0.0000000019
7   2   0.0000000016

End IA Block
Begin AB Block
1   1   -6.6930243229
1   2   -0.0000000001
2   2   -6.6930243229
3   3   -3.9818753462

End AB Block
Begin IJAB Block
1   8   1   4   0.0134452639
1   8   1   5   -0.0000000000
1   8   2   4   -0.0000000000
1   8   2   5   0.0134452639
1   8   3   6   0.0087984006
1   9   1   4   0.0000000000
1   9   1   5   -0.0000000001
1   9   2   4   -0.0000000001
1   9   2   5   -0.0000000001
1   9   3   6   -0.0000000012
1   10   1   4   -0.0115233910
1   10   1   5   -0.0000000000
1   10   2   4   -0.0000000000
1   10   2   5   -0.0115233910
1   10   3   6   -0.0002366001
1   11   1   4   0.0000000001
1   11   1   5   0.0000000000
1   11   2   4   0.0000000000
1   11   2   5   0.0000000001
1   11   3   6   0.0000000003
1   12   1   4   0.0051680705
1   12   1   5   0.0000000000
1   12   2   4   0.0000000000
1   12   2   5   0.0051680705
1   12   3   6   -0.0005493231
1   13   1   6   0.0017175996
1   13   2   6   0.0057113432
1   13   3   4   -0.0004261444
1   13   3   5   -0.0014170105
1   14   1   6   0.0057113432
1   14   2   6   -0.0017175996
1   14   3   4   -0.0014170105
1   14   3   5   0.0004261444
2   8   1   4   0.0000000000
2   8   1   5   -0.0000000001
2   8   2   4   -0.0000000001
2   8   2   5   -0.0000000001
2   8   3   6   -0.0000000012
2   9   1   4   0.0136241100
2   9   1   5   -0.0000000000
2   9   2   4   -0.0000000000
2   9   2   5   0.0136241100
2   9   3   6   0.0088299000
2   10   1   4   0.0000000000
2   10   1   5   -0.0000000000
2   10   2   4   -0.0000000000
2   10   2   5   0.0000000000
2   10   3   6   0.0000000002
2   11   1   4   -0.0142744949
2   11   1   5   -0.0000000000
2   11   2   4   -0.0000000000
2   11   2   5   -0.0142744949
2   11   3   6   -0.0000314235
2   12   1   4   -0.0000000000
2   12   1   5   -0.0000000000
2   12   2   4   -0.0000000000
2   12   2   5   -0.0000000000
2   12   3   6   0.0000000001
2   13   1   6   -0.0000000002
2   13   2   6   -0.0000000005
2   13   3   4   -0.0000000002
2   13   3   5   -0.0000000006
2   14   1   6   -0.0000000004
2   14   2   6   0.0000000001
2   14   3   4   -0.0000000005
2   14   3   5   0.0000000001
3   8   1   4   -0.0115233910
3   8   1   5   -0.0000000000
3   8   2   4   -0.0000000000
3   8   2   5   -0.0115233910
3   8   3   6   -0.0002366001
3   9   1   4   0.0000000000
3   9   1   5   -0.0000000000
3   9   2   4   -0.0000000000
3   9   2   5   0.0000000000
3   9   3   6   0.0000000002
3   10   1   4   0.0435007952
3   10   1   5   0.0000000000
3   10   2   4   0.0000000000
3   10   2   5   0.0435007952
3   10   3   6   0.0336271289
3   11   1   4   -0.0000000002
3   11   1   5   -0.0000000004
3   11   2   4   -0.0000000004
3   11   2   5   -0.0000000004
3   11   3   6   0.0000000021
3   12   1   4   -0.0184505268
3   12   1   5   -0.0000000001
3   12   2   4   -0.0000000001
3   12   2   5   -0.0184505268
3   12   3   6   0.0132991749
3   13   1   6   -0.0065366610
3   13   2   6   -0.0217356324
3   13   3   4   -0.0134462481
3   13   3   5   -0.0447113137
3   14   1   6   -0.0217356323
3   14   2   6   0.0065366609
3   14   3   4   -0.0447113131
3   14   3   5   0.0134462473
4   8   1   4   0.0000000001
4   8   1   5   0.0000000000
4   8   2   4   0.0000000000
4   8   2   5   0.0000000001
4   8   3   6   0.0000000003
4   9   1   4   -0.0142744949
4   9   1   5   -0.0000000000
4   9   2   4   -0.0000000000
4   9   2   5   -0.0142744949
4   9   3   6   -0.0000314235
4   10   1   4   -0.0000000002
4   10   1   5   -0.0000000004
4   10   2   4   -0.0000000004
4   10   2   5   -0.0000000004
4   10   3   6   0.0000000021
4   11   1   4   0.0693413380
4   11   1   5   0.0000000002
4   11   2   4   0.0000000002
4   11   2   5   0.0693413381
4   11   3   6   0.0226824744
4   12   1   4   0.0000000003
4   12   1   5   0.0000000003
4   12   2   4   0.0000000003
4   12   2   5   0.0000000004
4   12   3   6   0.0000000011
4   13   1   6   0.0000000019
4   13   2   6   0.0000000005
4   13   3   4   0.0000000003
4   13   3   5   -0.0000000004
4   14   1   6   -0.0000000025
4   14   2   6   0.0000000025
4   14   3   4   -0.0000000011
4   14   3   5   0.0000000007
5   8   1   4   0.0051680705
5   8   1   5   0.0000000000
5   8   2   4   0.0000000000
5   8   2   5   0.0051680705
5   8   3   6   -0.0005493231
5   9   1   4   -0.0000000000
5   9   1   5   -0.0000000000
5   9   2   4   -0.0000000000
5   9   2   5   -0.0000000000
5   9   3   6   0.0000000001
5   10   1   4   -0.0184505268
5   10   1   5   -0.0000000001
5   10   2   4   -0.0000000001
5   10   2   5   -0.0184505268
5   10   3   6   0.0132991749
5   11   1   4   0.0000000003
5   11   1   5   0.0000000003
5   11   2   4   0.0000000003
5   11   2   5   0.0000000004
5   11   3   6   0.0000000011
5   12   1   4   0.0325666988
5   12   1   5   0.0000000002
5   12   2   4   0.0000000002
5   12   2   5   0.0325666989
5   12   3   6   0.0268055617
5   13   1   6   0.0004049534
5   13   2   6   0.0013465466
5   13   3   4   -0.0092025685
5   13   3   5   -0.0306002777
5   14   1   6   0.0013465467
5   14   2   6   -0.0004049535
5   14   3   4   -0.0306002772
5   14   3   5   0.0092025678
6   8   1   6   -0.0004261444
6   8   2   6   -0.0014170105
6   8   3   4   0.0017175996
6   8   3   5   0.0057113432
6   9   1   6   -0.0000000002
6   9   2   6   -0.0000000006
6   9   3   4   -0.0000000002
6   9   3   5   -0.0000000005
6   10   1   6   -0.0134462481
6   10   2   6   -0.0447113137
6   10   3   4   -0.0065366610
6   10   3   5   -0.0217356324
6   11   1   6   0.0000000003
6   11   2   6   -0.0000000004
6   11   3   4   0.0000000019
6   11   3   5   0.0000000005
6   12   1   6   -0.0092025685
6   12   2   6   -0.0306002777
6   12   3   4   0.0004049534
6   12   3   5   0.0013465466
6   13   1   4   0.0287215130
6   13   1   5   0.0326540197
6   13   2   4   0.0326540197
6   13   2   5   0.1274820954
6   13   3   6   0.0130575124
6   14   1   4   0.0326540192
6   14   1   5   0.0064612878
6   14   2   4   0.0922992949
6   14   2   5   -0.0326540191
6   14   3   6   -0.0000000010
7   8   1   6   -0.0014170105
7   8   2   6   0.0004261444
7   8   3   4   0.0057113432
7   8   3   5   -0.0017175996
7   9   1   6   -0.0000000005
7   9   2   6   0.0000000001
7   9   3   4   -0.0000000004
7   9   3   5   0.0000000001
7   10   1   6   -0.0447113131
7   10   2   6   0.0134462473
7   10   3   4   -0.0217356323
7   10   3   5   0.0065366609
7   11   1   6   -0.0000000011
7   11   2   6   0.0000000007
7   11   3   4   -0.0000000025
7   11   3   5   0.0000000025
7   12   1   6   -0.0306002772
7   12   2   6   0.0092025678
7   12   3   4   0.0013465467
7   12   3   5   -0.0004049535
7   13   1   4   0.0326540192
7   13   1   5   0.0922992949
7   13   2   4   0.0064612878
7   13   2   5   -0.0326540191
7   13   3   6   -0.0000000010
7   14   1   4   0.1274820952
7   14   1   5   -0.0326540196
7   14   2   4   -0.0326540196
7   14   2   5   0.0287215129
7   14   3   6   0.0130575149

End IJAB Block
Begin IJKL Block
1   8   1   8   2.2414973066
1   8   1   9   -0.0000000044
1   8   1   10   0.1884668337
1   8   1   11   -0.0000000007
1   8   1   12   -0.0616708969
1   8   2   8   -0.0000000044
1   8   2   9   1.8637866605
1   8   2   10   -0.0000000002
1   8   2   11   0.1938636038
1   8   2   12   -0.0000000001
1   8   3   8   0.1884668337
1   8   3   9   -0.0000000002
1   8   3   10   0.0275336760
1   8   3   11   -0.0000000002
1   8   3   12   -0.0046615549
1   8   4   8   -0.0000000007
1   8   4   9   0.1938636038
1   8   4   10   -0.0000000002
1   8   4   11   0.0294051262
1   8   4   12   -0.0000000001
1   8   5   8   -0.0616708969
1   8   5   9   -0.0000000001
1   8   5   10   -0.0046615549
1   8   5   11   -0.0000000001
1   8   5   12   0.0132647389
1   8   6   13   0.0099204566
1   8   6   14   0.0000000000
1   8   7   13   0.0000000000
1   8   7   14   0.0099204566
1   9   1   8   -0.0000000044
1   9   1   9   2.2418592938
1   9   1   10   -0.0000000002
1   9   1   11   0.1971698361
1   9   1   12   -0.0000000001
1   9   2   8   1.8637918981
1   9   2   9   0.0000000043
1   9   2   10   0.1923708949
1   9   2   11   0.0000000002
1   9   2   12   -0.0517497700
1   9   3   8   -0.0000000002
1   9   3   9   0.1885186927
1   9   3   10   -0.0000000000
1   9   3   11   0.0262614720
1   9   3   12   0.0000000001
1   9   4   8   0.1938560704
1   9   4   9   0.0000000002
1   9   4   10   0.0263373427
1   9   4   11   0.0000000000
1   9   4   12   -0.0117157107
1   9   5   8   -0.0000000001
1   9   5   9   -0.0616771962
1   9   5   10   -0.0000000000
1   9   5   11   -0.0118922971
1   9   5   12   0.0000000002
1   9   6   13   -0.0000000001
1   9   6   14   0.0000000000
1   9   7   13   0.0000000000
1   9   7   14   -0.0000000001
1   10   1   8   0.1884668337
1   10   1   9   -0.0000000002
1   10   1   10   0.7165284617
1   10   1   11   -0.0000000009
1   10   1   12   0.0630755683
1   10   2   8   -0.0000000002
1   10   2   9   0.1923890688
1   10   2   10   -0.0000000001
1   10   2   11   0.2466077810
1   10   2   12   -0.0000000003
1   10   3   8   0.0299162926
1   10   3   9   0.0000000000
1   10   3   10   0.0023486475
1   10   3   11   0.0000000001
1   10   3   12   -0.0054405489
1   10   4   8   -0.0000000001
1   10   4   9   0.0278766312
1   10   4   10   0.0000000002
1   10   4   11   0.0063144488
1   10   4   12   0.0000000003
1   10   5   8   -0.0038928633
1   10   5   9   -0.0000000000
1   10   5   10   -0.0190095831
1   10   5   11   0.0000000001
1   10   5   12   -0.0148664823
1   10   6   13   -0.0137559779
1   10   6   14   0.0000000000
1   10   7   13   0.0000000000
1   10   7   14   -0.0137559779
1   11   1   8   -0.0000000007
1   11   1   9   0.1971698361
1   11   1   10   -0.0000000009
1   11   1   11   0.6514157444
1   11   1   12   0.0000000005
1   11   2   8   0.1938560704
1   11   2   9   0.0000000002
1   11   2   10   0.2466247230
1   11   2   11   -0.0000000002
1   11   2   12   -0.2210583967
1   11   3   8   -0.0000000001
1   11   3   9   0.0278179102
1   11   3   10   0.0000000001
1   11   3   11   0.0107979734
1   11   3   12   -0.0000000001
1   11   4   8   0.0317928490
1   11   4   9   0.0000000000
1   11   4   10   0.0060579245
1   11   4   11   -0.0000000003
1   11   4   12   0.0004052455
1   11   5   8   -0.0000000001
1   11   5   9   -0.0132413935
1   11   5   10   0.0000000001
1   11   5   11   0.0032321917
1   11   5   12   -0.0000000006
1   11   6   13   0.0000000000
1   11   6   14   -0.0000000000
1   11   7   13   -0.0000000000
1   11   7   14   0.0000000001
1   12   1   8   -0.0616708969
1   12   1   9   -0.0000000001
1   12   1   10   0.0630755683
1   12   1   11   0.0000000005
1   12   1   12   0.6644517979
1   12   2   8   -0.0000000001
1   12   2   9   -0.0517465160
1   12   2   10   -0.0000000003
1   12   2   11   -0.2210627641
1   12   2   12   -0.0000000007
1   12   3   8   -0.0038928633
1   12   3   9   0.0000000001
1   12   3   10   -0.0058057066
1   12   3   11   -0.0000000001
1   12   3   12   0.0072554807
1   12   4   8   -0.0000000001
1   12   4   9   -0.0130696163
1   12   4   10   0.0000000003
1   12   4   11   0.0005689616
1   12   4   12   -0.0000000002
1   12   5   8   0.0167565286
1   12   5   9   0.0000000002
1   12   5   10   -0.0155441778
1   12   5   11   -0.0000000006
1   12   5   12   0.0002448284
1   12   6   13   0.0028075291
1   12   6   14   0.0000000000
1   12   7   13   0.0000000000
1   12   7   14   0.0028075291
1   13   1   13   0.6364550310
1   13   1   14   -0.0000000001
1   13   2   13   -0.0000000001
1   13   2   14   -0.0000000000
1   13   3   13   0.0033523285
1   13   3   14   0.0000000000
1   13   4   13   -0.0000000001
1   13   4   14   -0.0000000000
1   13   5   13   -0.0075762885
1   13   5   14   -0.0000000000
1   13   6   8   0.0129500137
1   13   6   9   -0.0000000000
1   13   6   10   -0.0144828451
1   13   6   11   0.0000000000
1   13   6   12   0.0031553381
1   13   7   8   -0.0000000000
1   13   7   10   0.0000000000
1   13   7   11   -0.0000000000
1   13   7   12   -0.0000000000
1   14   1   13   -0.0000000001
1   14   1   14   0.6364550312
1   14   2   13   -0.0000000000
1   14   2   14   0.0000000000
1   14   3   13   0.0000000000
1   14   3   14   0.0033523285
1   14   4   13   -0.0000000000
1   14   4   14   -0.0000000001
1   14   5   13   -0.0000000000
1   14   5   14   -0.0075762884
1   14   6   8   -0.0000000000
1   14   6   10   0.0000000000
1   14   6   11   -0.0000000000
1   14   6   12   -0.0000000000
1   14   7   8   0.0129500137
1   14   7   9   -0.0000000000
1   14   7   10   -0.0144828451
1   14   7   11   0.0000000000
1   14   7   12   0.0031553381
2   8   1   8   -0.0000000044
2   8   1   9   1.8637918981
2   8   1   10   -0.0000000002
2   8   1   11   0.1938560704
2   8   1   12   -0.0000000001
2   8   2   8   2.2418592938
2   8   2   9   0.0000000043
2   8   2   10   0.1885186927
2   8   2   11   0.0000000002
2   8   2   12   -0.0616771962
2   8   3   8   -0.0000000002
2   8   3   9   0.1923708949
2   8   3   10   -0.0000000000
2   8   3   11   0.0263373427
2   8   3   12   -0.0000000000
2   8   4   8   0.1971698361
2   8   4   9   0.0000000002
2   8   4   10   0.0262614720
2   8   4   11   0.0000000000
2   8   4   12   -0.0118922971
2   8   5   8   -0.0000000001
2   8   5   9   -0.0517497700
2   8   5   10   0.0000000001
2   8   5   11   -0.0117157107
2   8   5   12   0.0000000002
2   8   6   13   -0.0000000001
2   8   6   14   0.0000000000
2   8   7   13   0.0000000000
2   8   7   14   -0.0000000001
2   9   1   8   1.8637866605
2   9   1   9   0.0000000043
2   9   1   10   0.1923890688
2   9   1   11   0.0000000002
2   9   1   12   -0.0517465160
2   9   2   8   0.0000000043
2   9   2   9   2.2422134299
2   9   2   10   0.0000000007
2   9   2   11   0.1972192428
2   9   2   12   -0.0000000004
2   9   3   8   0.1923890688
2   9   3   9   0.0000000007
2   9   3   10   0.0274498926
2   9   3   11   0.0000000000
2   9   3   12   -0.0048781971
2   9   4   8   0.0000000002
2   9   4   9   0.1972192428
2   9   4   10   0.0000000000
2   9   4   11   0.0294746542
2   9   4   12   -0.0000000001
2   9   5   8   -0.0517465160
2   9   5   9   -0.0000000004
2   9   5   10   -0.0048781971
2   9   5   11   -0.0000000001
2   9   5   12   0.0127031466
2   9   6   13   0.0096449167
2   9   6   14   0.0000000000
2   9   7   13   0.0000000000
2   9   7   14   0.0096449167
2   10   1   8   -0.0000000002
2   10   1   9   0.1923708949
2   10   1   10   -0.0000000001
2   10   1   11   0.2466247230
2   10   1   12   -0.0000000003
2   10   2   8   0.1885186927
2   10   2   9   0.0000000007
2   10   2   10   0.7165123926
2   10   2   11   0.0000000003
2   10   2   12   0.0630445482
2   10   3   8   0.0000000000
2   10   3   9   0.0298721921
2   10   3   10   -0.0000000002
2   10   3   11   0.0084519866
2   10   3   12   -0.0000000002
2   10   4   8   0.0278179102
2   10   4   9   0.0000000001
2   10   4   10   0.0138009374
2   10   4   11   0.0000000000
2   10   4   12   0.0046493006
2   10   5   8   0.0000000001
2   10   5   9   -0.0040932726
2   10   5   10   -0.0000000005
2   10   5   11   0.0012897999
2   10   5   12   -0.0000000007
2   10   6   13   -0.0000000000
2   10   6   14   -0.0000000000
2   10   7   13   -0.0000000000
2   10   7   14   0.0000000000
2   11   1   8   0.1938636038
2   11   1   9   0.0000000002
2   11   1   10   0.2466077810
2   11   1   11   -0.0000000002
2   11   1   12   -0.2210627641
2   11   2   8   0.0000000002
2   11   2   9   0.1972192428
2   11   2   10   0.0000000003
2   11   2   11   0.6514426639
2   11   2   12   -0.0000000005
2   11   3   8   0.0278766312
2   11   3   9   0.0000000001
2   11   3   10   0.0089373572
2   11   3   11   0.0000000000
2   11   3   12   -0.0094674655
2   11   4   8   0.0000000000
2   11   4   9   0.0318592675
2   11   4   10   0.0000000000
2   11   4   11   0.0070226665
2   11   4   12   0.0000000003
2   11   5   8   -0.0130696163
2   11   5   9   -0.0000000001
2   11   5   10   0.0016732091
2   11   5   11   0.0000000004
2   11   5   12   -0.0136645132
2   11   6   13   -0.0110693935
2   11   6   14   0.0000000000
2   11   7   13   0.0000000000
2   11   7   14   -0.0110693935
2   12   1   8   -0.0000000001
2   12   1   9   -0.0517497700
2   12   1   10   -0.0000000003
2   12   1   11   -0.2210583967
2   12   1   12   -0.0000000007
2   12   2   8   -0.0616771962
2   12   2   9   -0.0000000004
2   12   2   10   0.0630445482
2   12   2   11   -0.0000000005
2   12   2   12   0.6644465903
2   12   3   8   -0.0000000000
2   12   3   9   -0.0040932726
2   12   3   10   -0.0000000002
2   12   3   11   -0.0097984779
2   12   3   12   -0.0000000000
2   12   4   8   -0.0132413935
2   12   4   9   -0.0000000001
2   12   4   10   0.0046875971
2   12   4   11   0.0000000003
2   12   4   12   0.0063170806
2   12   5   8   0.0000000002
2   12   5   9   0.0162194266
2   12   5   10   -0.0000000007
2   12   5   11   -0.0141253442
2   12   5   12   0.0000000003
2   12   6   13   0.0000000000
2   12   7   14   0.0000000000
2   13   1   13   -0.0000000001
2   13   1   14   -0.0000000000
2   13   2   13   0.6364401576
2   13   2   14   -0.0000000001
2   13   3   13   0.0000000000
2   13   3   14   0.0000000000
2   13   4   13   0.0075302520
2   13   4   14   0.0000000000
2   13   5   13   0.0000000002
2   13   5   14   0.0000000000
2   13   6   8   -0.0000000000
2   13   6   9   0.0126838852
2   13   6   11   -0.0117908866
2   13   6   12   0.0000000000
2   13   7   9   -0.0000000000
2   13   7   10   -0.0000000000
2   13   7   11   0.0000000000
2   13   7   12   -0.0000000000
2   14   1   13   -0.0000000000
2   14   1   14   0.0000000000
2   14   2   13   -0.0000000001
2   14   2   14   0.6364401578
2   14   3   13   0.0000000000
2   14   3   14   0.0000000000
2   14   4   13   0.0000000000
2   14   4   14   0.0075302519
2   14   5   13   0.0000000000
2   14   5   14   0.0000000001
2   14   6   9   -0.0000000000
2   14   6   10   -0.0000000000
2   14   6   11   0.0000000000
2   14   6   12   -0.0000000000
2   14   7   8   -0.0000000000
2   14   7   9   0.0126838853
2   14   7   10   0.0000000000
2   14   7   11   -0.0117908866
2   14   7   12   0.0000000000
3   8   1   8   0.1884668337
3   8   1   9   -0.0000000002
3   8   1   10   0.0299162926
3   8   1   11   -0.0000000001
3   8   1   12   -0.0038928633
3   8   2   8   -0.0000000002
3   8   2   9   0.1923890688
3   8   2   10   0.0000000000
3   8   2   11   0.0278766312
3   8   2   12   -0.0000000000
3   8   3   8   0.7165284617
3   8   3   9   -0.0000000001
3   8   3   10   0.0023486475
3   8   3   11   0.0000000002
3   8   3   12   -0.0190095831
3   8   4   8   -0.0000000009
3   8   4   9   0.2466077810
3   8   4   10   0.0000000001
3   8   4   11   0.0063144488
3   8   4   12   0.0000000001
3   8   5   8   0.0630755683
3   8   5   9   -0.0000000003
3   8   5   10   -0.0054405489
3   8   5   11   0.0000000003
3   8   5   12   -0.0148664823
3   8   6   13   -0.0137559779
3   8   6   14   0.0000000000
3   8   7   13   0.0000000000
3   8   7   14   -0.0137559779
3   9   1   8   -0.0000000002
3   9   1   9   0.1885186927
3   9   1   10   0.0000000000
3   9   1   11   0.0278179102
3   9   1   12   0.0000000001
3   9   2   8   0.1923708949
3   9   2   9   0.0000000007
3   9   2   10   0.0298721921
3   9   2   11   0.0000000001
3   9   2   12   -0.0040932726
3   9   3   8   -0.0000000001
3   9   3   9   0.7165123926
3   9   3   10   -0.0000000002
3   9   3   11   0.0138009374
3   9   3   12   -0.0000000005
3   9   4   8   0.2466247230
3   9   4   9   0.0000000003
3   9   4   10   0.0084519866
3   9   4   11   0.0000000000
3   9   4   12   0.0012897999
3   9   5   8   -0.0000000003
3   9   5   9   0.0630445482
3   9   5   10   -0.0000000002
3   9   5   11   0.0046493006
3   9   5   12   -0.0000000007
3   9   6   13   -0.0000000000
3   9   6   14   -0.0000000000
3   9   7   13   -0.0000000000
3   9   7   14   0.0000000000
3   10   1   8   0.0275336760
3   10   1   9   -0.0000000000
3   10   1   10   0.0023486475
3   10   1   11   0.0000000001
3   10   1   12   -0.0058057066
3   10   2   8   -0.0000000000
3   10   2   9   0.0274498926
3   10   2   10   -0.0000000002
3   10   2   11   0.0089373572
3   10   2   12   -0.0000000002
3   10   3   8   0.0023486475
3   10   3   9   -0.0000000002
3   10   3   10   0.6413619917
3   10   3   11   -0.0000000006
3   10   3   12   0.1065260087
3   10   4   8   0.0000000001
3   10   4   9   0.0089373572
3   10   4   10   -0.0000000006
3   10   4   11   0.1020097598
3   10   4   12   -0.0000000003
3   10   5   8   -0.0058057066
3   10   5   9   -0.0000000002
3   10   5   10   0.1065260087
3   10   5   11   -0.0000000003
3   10   5   12   0.0682197526
3   10   6   13   0.0740669367
3   10   6   14   -0.0000000001
3   10   7   13   -0.0000000001
3   10   7   14   0.0740669368
3   11   1   8   -0.0000000002
3   11   1   9   0.0262614720
3   11   1   10   0.0000000001
3   11   1   11   0.0107979734
3   11   1   12   -0.0000000001
3   11   2   8   0.0263373427
3   11   2   9   0.0000000000
3   11   2   10   0.0084519866
3   11   2   11   0.0000000000
3   11   2   12   -0.0097984779
3   11   3   8   0.0000000002
3   11   3   9   0.0138009374
3   11   3   10   -0.0000000006
3   11   3   11   0.4933200742
3   11   3   12   0.0000000005
3   11   4   8   0.0060579245
3   11   4   9   0.0000000000
3   11   4   10   0.1056771506
3   11   4   11   -0.0000000003
3   11   4   12   -0.1053811799
3   11   5   8   0.0000000003
3   11   5   9   0.0046875971
3   11   5   10   -0.0000000005
3   11   5   11   0.0031593650
3   11   5   12   0.0000000008
3   11   6   13   -0.0000000003
3   11   6   14   -0.0000000001
3   11   7   13   -0.0000000001
3   11   7   14   0.0000000001
3   12   1   8   -0.0046615549
3   12   1   9   0.0000000001
3   12   1   10   -0.0054405489
3   12   1   11   -0.0000000001
3   12   1   12   0.0072554807
3   12   2   8   -0.0000000000
3   12   2   9   -0.0048781971
3   12   2   10   -0.0000000002
3   12   2   11   -0.0094674655
3   12   2   12   -0.0000000000
3   12   3   8   -0.0190095831
3   12   3   9   -0.0000000005
3   12   3   10   0.1065260087
3   12   3   11   0.0000000005
3   12   3   12   0.5240916244
3   12   4   8   0.0000000001
3   12   4   9   0.0016732091
3   12   4   10   -0.0000000005
3   12   4   11   -0.1076809715
3   12   4   12   -0.0000000004
3   12   5   8   -0.0155441778
3   12   5   9   -0.0000000007
3   12   5   10   0.0728268948
3   12   5   11   0.0000000010
3   12   5   12   0.0260399561
3   12   6   13   -0.0063147407
3   12   6   14   -0.0000000000
3   12   7   13   -0.0000000000
3   12   7   14   -0.0063147406
3   13   1   13   0.0033523285
3   13   1   14   0.0000000000
3   13   2   13   0.0000000000
3   13   2   14   0.0000000000
3   13   3   13   0.5402289712
3   13   3   14   -0.0000000001
3   13   4   13   -0.0000000003
3   13   4   14   -0.0000000001
3   13   5   13   0.0492702927
3   13   5   14   0.0000000000
3   13   6   8   -0.0144828451
3   13   6   10   0.0775037481
3   13   6   11   -0.0000000003
3   13   6   12   -0.0070141260
3   13   7   8   0.0000000000
3   13   7   9   -0.0000000000
3   13   7   10   -0.0000000001
3   13   7   11   -0.0000000003
3   13   7   12   -0.0000000000
3   14   1   13   0.0000000000
3   14   1   14   0.0033523285
3   14   2   13   0.0000000000
3   14   2   14   0.0000000000
3   14   3   13   -0.0000000001
3   14   3   14   0.5402289714
3   14   4   13   -0.0000000001
3   14   4   14   -0.0000000001
3   14   5   13   0.0000000000
3   14   5   14   0.0492702927
3   14   6   8   0.0000000000
3   14   6   9   -0.0000000000
3   14   6   10   -0.0000000001
3   14   6   11   -0.0000000003
3   14   6   12   -0.0000000000
3   14   7   8   -0.0144828451
3   14   7   9   0.0000000000
3   14   7   10   0.0775037482
3   14   7   11   0.0000000004
3   14   7   12   -0.0070141259
4   8   1   8   -0.0000000007
4   8   1   9   0.1938560704
4   8   1   10   -0.0000000001
4   8   1   11   0.0317928490
4   8   1   12   -0.0000000001
4   8   2   8   0.1971698361
4   8   2   9   0.0000000002
4   8   2   10   0.0278179102
4   8   2   11   0.0000000000
4   8   2   12   -0.0132413935
4   8   3   8   -0.0000000009
4   8   3   9   0.2466247230
4   8   3   10   0.0000000001
4   8   3   11   0.0060579245
4   8   3   12   0.0000000001
4   8   4   8   0.6514157444
4   8   4   9   -0.0000000002
4   8   4   10   0.0107979734
4   8   4   11   -0.0000000003
4   8   4   12   0.0032321917
4   8   5   8   0.0000000005
4   8   5   9   -0.2210583967
4   8   5   10   -0.0000000001
4   8   5   11   0.0004052455
4   8   5   12   -0.0000000006
4   8   6   13   0.0000000000
4   8   6   14   -0.0000000000
4   8   7   13   -0.0000000000
4   8   7   14   0.0000000001
4   9   1   8   0.1938636038
4   9   1   9   0.0000000002
4   9   1   10   0.0278766312
4   9   1   11   0.0000000000
4   9   1   12   -0.0130696163
4   9   2   8   0.0000000002
4   9   2   9   0.1972192428
4   9   2   10   0.0000000001
4   9   2   11   0.0318592675
4   9   2   12   -0.0000000001
4   9   3   8   0.2466077810
4   9   3   9   0.0000000003
4   9   3   10   0.0089373572
4   9   3   11   0.0000000000
4   9   3   12   0.0016732091
4   9   4   8   -0.0000000002
4   9   4   9   0.6514426639
4   9   4   10   0.0000000000
4   9   4   11   0.0070226665
4   9   4   12   0.0000000004
4   9   5   8   -0.2210627641
4   9   5   9   -0.0000000005
4   9   5   10   -0.0094674655
4   9   5   11   0.0000000003
4   9   5   12   -0.0136645132
4   9   6   13   -0.0110693935
4   9   6   14   0.0000000000
4   9   7   13   0.0000000000
4   9   7   14   -0.0110693935
4   10   1   8   -0.0000000002
4   10   1   9   0.0263373427
4   10   1   10   0.0000000002
4   10   1   11   0.0060579245
4   10   1   12   0.0000000003
4   10   2   8   0.0262614720
4   10   2   9   0.0000000000
4   10   2   10   0.0138009374
4   10   2   11   0.0000000000
4   10   2   12   0.0046875971
4   10   3   8   0.0000000001
4   10   3   9   0.0084519866
4   10   3   10   -0.0000000006
4   10   3   11   0.1056771506
4   10   3   12   -0.0000000005
4   10   4   8   0.0107979734
4   10   4   9   0.0000000000
4   10   4   10   0.4933200742
4   10   4   11   -0.0000000003
4   10   4   12   0.0031593650
4   10   5   8   -0.0000000001
4   10   5   9   -0.0097984779
4   10   5   10   0.0000000005
4   10   5   11   -0.1053811799
4   10   5   12   0.0000000008
4   10   6   13   -0.0000000003
4   10   6   14   -0.0000000001
4   10   7   13   -0.0000000001
4   10   7   14   0.0000000001
4   11   1   8   0.0294051262
4   11   1   9   0.0000000000
4   11   1   10   0.0063144488
4   11   1   11   -0.0000000003
4   11   1   12   0.0005689616
4   11   2   8   0.0000000000
4   11   2   9   0.0294746542
4   11   2   10   0.0000000000
4   11   2   11   0.0070226665
4   11   2   12   0.0000000003
4   11   3   8   0.0063144488
4   11   3   9   0.0000000000
4   11   3   10   0.1020097598
4   11   3   11   -0.0000000003
4   11   3   12   -0.1076809715
4   11   4   8   -0.0000000003
4   11   4   9   0.0070226665
4   11   4   10   -0.0000000003
4   11   4   11   0.5012342643
4   11   4   12   -0.0000000004
4   11   5   8   0.0005689616
4   11   5   9   0.0000000003
4   11   5   10   -0.1076809715
4   11   5   11   -0.0000000004
4   11   5   12   0.1499290790
4   11   6   13   0.0424521457
4   11   6   14   -0.0000000000
4   11   7   13   -0.0000000000
4   11   7   14   0.0424521457
4   12   1   8   -0.0000000001
4   12   1   9   -0.0117157107
4   12   1   10   0.0000000003
4   12   1   11   0.0004052455
4   12   1   12   -0.0000000002
4   12   2   8   -0.0118922971
4   12   2   9   -0.0000000001
4   12   2   10   0.0046493006
4   12   2   11   0.0000000003
4   12   2   12   0.0063170806
4   12   3   8   0.0000000001
4   12   3   9   0.0012897999
4   12   3   10   -0.0000000003
4   12   3   11   -0.1053811799
4   12   3   12   -0.0000000004
4   12   4   8   0.0032321917
4   12   4   9   0.0000000004
4   12   4   10   0.0031593650
4   12   4   11   -0.0000000004
4   12   4   12   0.5004422618
4   12   5   8   -0.0000000006
4   12   5   9   -0.0141253442
4   12   5   10   0.0000000010
4   12   5   11   0.1515467470
4   12   5   12   -0.0000000002
4   12   6   13   0.0000000002
4   12   6   14   -0.0000000000
4   12   7   13   -0.0000000000
4   12   7   14   0.0000000002
4   13   1   13   -0.0000000001
4   13   1   14   -0.0000000000
4   13   2   13   0.0075302520
4   13   2   14   0.0000000000
4   13   3   13   -0.0000000003
4   13   3   14   -0.0000000001
4   13   4   13   0.4673737128
4   13   4   14   -0.0000000001
4   13   5   13   -0.0000000002
4   13   5   14   -0.0000000000
4   13   6   8   0.0000000000
4   13   6   9   -0.0117908866
4   13   6   10   -0.0000000003
4   13   6   11   0.0456214683
4   13   6   12   0.0000000000
4   13   7   8   -0.0000000000
4   13   7   9   0.0000000000
4   13   7   10   -0.0000000003
4   13   7   11   -0.0000000000
4   13   7   12   -0.0000000000
4   14   1   13   -0.0000000000
4   14   1   14   -0.0000000001
4   14   2   13   0.0000000000
4   14   2   14   0.0075302519
4   14   3   13   -0.0000000001
4   14   3   14   -0.0000000001
4   14   4   13   -0.0000000001
4   14   4   14   0.4673737130
4   14   5   13   -0.0000000000
4   14   5   14   -0.0000000002
4   14   6   8   -0.0000000000
4   14   6   9   0.0000000000
4   14   6   10   -0.0000000003
4   14   6   11   -0.0000000000
4   14   6   12   -0.0000000000
4   14   7   8   0.0000000000
4   14   7   9   -0.0117908866
4   14   7   10   0.0000000004
4   14   7   11   0.0456214684
4   14   7   12   0.0000000001
5   8   1   8   -0.0616708969
5   8   1   9   -0.0000000001
5   8   1   10   -0.0038928633
5   8   1   11   -0.0000000001
5   8   1   12   0.0167565286
5   8   2   8   -0.0000000001
5   8   2   9   -0.0517465160
5   8   2   10   0.0000000001
5   8   2   11   -0.0130696163
5   8   2   12   0.0000000002
5   8   3   8   0.0630755683
5   8   3   9   -0.0000000003
5   8   3   10   -0.0058057066
5   8   3   11   0.0000000003
5   8   3   12   -0.0155441778
5   8   4   8   0.0000000005
5   8   4   9   -0.2210627641
5   8   4   10   -0.0000000001
5   8   4   11   0.0005689616
5   8   4   12   -0.0000000006
5   8   5   8   0.6644517979
5   8   5   9   -0.0000000007
5   8   5   10   0.0072554807
5   8   5   11   -0.0000000002
5   8   5   12   0.0002448284
5   8   6   13   0.0028075291
5   8   6   14   0.0000000000
5   8   7   13   0.0000000000
5   8   7   14   0.0028075291
5   9   1   8   -0.0000000001
5   9   1   9   -0.0616771962
5   9   1   10   -0.0000000000
5   9   1   11   -0.0132413935
5   9   1   12   0.0000000002
5   9   2   8   -0.0517497700
5   9   2   9   -0.0000000004
5   9   2   10   -0.0040932726
5   9   2   11   -0.0000000001
5   9   2   12   0.0162194266
5   9   3   8   -0.0000000003
5   9   3   9   0.0630445482
5   9   3   10   -0.0000000002
5   9   3   11   0.0046875971
5   9   3   12   -0.0000000007
5   9   4   8   -0.2210583967
5   9   4   9   -0.0000000005
5   9   4   10   -0.0097984779
5   9   4   11   0.0000000003
5   9   4   12   -0.0141253442
5   9   5   8   -0.0000000007
5   9   5   9   0.6644465903
5   9   5   10   -0.0000000000
5   9   5   11   0.0063170806
5   9   5   12   0.0000000003
5   9   6   13   0.0000000000
5   9   7   14   0.0000000000
5   10   1   8   -0.0046615549
5   10   1   9   -0.0000000000
5   10   1   10   -0.0190095831
5   10   1   11   0.0000000001
5   10   1   12   -0.0155441778
5   10   2   8   0.0000000001
5   10   2   9   -0.0048781971
5   10   2   10   -0.0000000005
5   10   2   11   0.0016732091
5   10   2   12   -0.0000000007
5   10   3   8   -0.0054405489
5   10   3   9   -0.0000000002
5   10   3   10   0.1065260087
5   10   3   11   -0.0000000005
5   10   3   12   0.0728268948
5   10   4   8   -0.0000000001
5   10   4   9   -0.0094674655
5   10   4   10   0.0000000005
5   10   4   11   -0.1076809715
5   10   4   12   0.0000000010
5   10   5   8   0.0072554807
5   10   5   9   -0.0000000000
5   10   5   10   0.5240916244
5   10   5   11   -0.0000000004
5   10   5   12   0.0260399561
5   10   6   13   -0.0063147407
5   10   6   14   -0.0000000000
5   10   7   13   -0.0000000000
5   10   7   14   -0.0063147406
5   11   1   8   -0.0000000001
5   11   1   9   -0.0118922971
5   11   1   10   0.0000000001
5   11   1   11   0.0032321917
5   11   1   12   -0.0000000006
5   11   2   8   -0.0117157107
5   11   2   9   -0.0000000001
5   11   2   10   0.0012897999
5   11   2   11   0.0000000004
5   11   2   12   -0.0141253442
5   11   3   8   0.0000000003
5   11   3   9   0.0046493006
5   11   3   10   -0.0000000003
5   11   3   11   0.0031593650
5   11   3   12   0.0000000010
5   11   4   8   0.0004052455
5   11   4   9   0.0000000003
5   11   4   10   -0.1053811799
5   11   4   11   -0.0000000004
5   11   4   12   0.1515467470
5   11   5   8   -0.0000000002
5   11   5   9   0.0063170806
5   11   5   10   -0.0000000004
5   11   5   11   0.5004422618
5   11   5   12   -0.0000000002
5   11   6   13   0.0000000002
5   11   6   14   -0.0000000000
5   11   7   13   -0.0000000000
5   11   7   14   0.0000000002
5   12   1   8   0.0132647389
5   12   1   9   0.0000000002
5   12   1   10   -0.0148664823
5   12   1   11   -0.0000000006
5   12   1   12   0.0002448284
5   12   2   8   0.0000000002
5   12   2   9   0.0127031466
5   12   2   10   -0.0000000007
5   12   2   11   -0.0136645132
5   12   2   12   0.0000000003
5   12   3   8   -0.0148664823
5   12   3   9   -0.0000000007
5   12   3   10   0.0682197526
5   12   3   11   0.0000000008
5   12   3   12   0.0260399561
5   12   4   8   -0.0000000006
5   12   4   9   -0.0136645132
5   12   4   10   0.0000000008
5   12   4   11   0.1499290790
5   12   4   12   -0.0000000002
5   12   5   8   0.0002448284
5   12   5   9   0.0000000003
5   12   5   10   0.0260399561
5   12   5   11   -0.0000000002
5   12   5   12   0.5220431633
5   12   6   13   0.0140308557
5   12   6   14   -0.0000000000
5   12   7   13   -0.0000000000
5   12   7   14   0.0140308557
5   13   1   13   -0.0075762885
5   13   1   14   -0.0000000000
5   13   2   13   0.0000000002
5   13   2   14   0.0000000000
5   13   3   13   0.0492702927
5   13   3   14   0.0000000000
5   13   4   13   -0.0000000002
5   13   4   14   -0.0000000000
5   13   5   13   0.4703119453
5   13   5   14   -0.0000000000
5   13   6   8   0.0031553381
5   13   6   9   0.0000000000
5   13   6   10   -0.0070141260
5   13   6   11   0.0000000000
5   13   6   12   0.0175269678
5   13   7   8   -0.0000000000
5   13   7   9   -0.0000000000
5   13   7   10   -0.0000000000
5   13   7   11   -0.0000000000
5   13   7   12   0.0000000000
5   14   1   13   -0.0000000000
5   14   1   14   -0.0075762884
5   14   2   13   0.0000000000
5   14   2   14   0.0000000001
5   14   3   13   0.0000000000
5   14   3   14   0.0492702927
5   14   4   13   -0.0000000000
5   14   4   14   -0.0000000002
5   14   5   13   -0.0000000000
5   14   5   14   0.4703119453
5   14   6   8   -0.0000000000
5   14   6   9   -0.0000000000
5   14   6   10   -0.0000000000
5   14   6   11   -0.0000000000
5   14   6   12   0.0000000000
5   14   7   8   0.0031553381
5   14   7   9   0.0000000000
5   14   7   10   -0.0070141259
5   14   7   11   0.0000000001
5   14   7   12   0.0175269678
6   8   1   13   0.0129500137
6   8   1   14   -0.0000000000
6   8   2   13   -0.0000000000
6   8   3   13   -0.0144828451
6   8   3   14   0.0000000000
6   8   4   13   0.0000000000
6   8   4   14   -0.0000000000
6   8   5   13   0.0031553381
6   8   5   14   -0.0000000000
6   8   6   8   0.6364550310
6   8   6   9   -0.0000000001
6   8   6   10   0.0033523285
6   8   6   11   -0.0000000001
6   8   6   12   -0.0075762885
6   8   7   8   -0.0000000001
6   8   7   9   -0.0000000000
6   8   7   10   0.0000000000
6   8   7   11   -0.0000000000
6   8   7   12   -0.0000000000
6   9   1   13   -0.0000000000
6   9   2   13   0.0126838852
6   9   2   14   -0.0000000000
6   9   3   14   -0.0000000000
6   9   4   13   -0.0117908866
6   9   4   14   0.0000000000
6   9   5   13   0.0000000000
6   9   5   14   -0.0000000000
6   9   6   8   -0.0000000001
6   9   6   9   0.6364401576
6   9   6   10   0.0000000000
6   9   6   11   0.0075302520
6   9   6   12   0.0000000002
6   9   7   8   -0.0000000000
6   9   7   9   -0.0000000001
6   9   7   10   0.0000000000
6   9   7   11   0.0000000000
6   9   7   12   0.0000000000
6   10   1   13   -0.0144828451
6   10   1   14   0.0000000000
6   10   2   14   -0.0000000000
6   10   3   13   0.0775037481
6   10   3   14   -0.0000000001
6   10   4   13   -0.0000000003
6   10   4   14   -0.0000000003
6   10   5   13   -0.0070141260
6   10   5   14   -0.0000000000
6   10   6   8   0.0033523285
6   10   6   9   0.0000000000
6   10   6   10   0.5402289712
6   10   6   11   -0.0000000003
6   10   6   12   0.0492702927
6   10   7   8   0.0000000000
6   10   7   9   0.0000000000
6   10   7   10   -0.0000000001
6   10   7   11   -0.0000000001
6   10   7   12   0.0000000000
6   11   1   13   0.0000000000
6   11   1   14   -0.0000000000
6   11   2   13   -0.0117908866
6   11   2   14   0.0000000000
6   11   3   13   -0.0000000003
6   11   3   14   -0.0000000003
6   11   4   13   0.0456214683
6   11   4   14   -0.0000000000
6   11   5   13   0.0000000000
6   11   5   14   -0.0000000000
6   11   6   8   -0.0000000001
6   11   6   9   0.0075302520
6   11   6   10   -0.0000000003
6   11   6   11   0.4673737128
6   11   6   12   -0.0000000002
6   11   7   8   -0.0000000000
6   11   7   9   0.0000000000
6   11   7   10   -0.0000000001
6   11   7   11   -0.0000000001
6   11   7   12   -0.0000000000
6   12   1   13   0.0031553381
6   12   1   14   -0.0000000000
6   12   2   13   0.0000000000
6   12   2   14   -0.0000000000
6   12   3   13   -0.0070141260
6   12   3   14   -0.0000000000
6   12   4   13   0.0000000000
6   12   4   14   -0.0000000000
6   12   5   13   0.0175269678
6   12   5   14   0.0000000000
6   12   6   8   -0.0075762885
6   12   6   9   0.0000000002
6   12   6   10   0.0492702927
6   12   6   11   -0.0000000002
6   12   6   12   0.4703119453
6   12   7   8   -0.0000000000
6   12   7   9   0.0000000000
6   12   7   10   0.0000000000
6   12   7   11   -0.0000000000
6   12   7   12   -0.0000000000
6   13   1   8   0.0099204566
6   13   1   9   -0.0000000001
6   13   1   10   -0.0137559779
6   13   1   11   0.0000000000
6   13   1   12   0.0028075291
6   13   2   8   -0.0000000001
6   13   2   9   0.0096449167
6   13   2   10   -0.0000000000
6   13   2   11   -0.0110693935
6   13   2   12   0.0000000000
6   13   3   8   -0.0137559779
6   13   3   9   -0.0000000000
6   13   3   10   0.0740669367
6   13   3   11   -0.0000000003
6   13   3   12   -0.0063147407
6   13   4   8   0.0000000000
6   13   4   9   -0.0110693935
6   13   4   10   -0.0000000003
6   13   4   11   0.0424521457
6   13   4   12   0.0000000002
6   13   5   8   0.0028075291
6   13   5   9   0.0000000000
6   13   5   10   -0.0063147407
6   13   5   11   0.0000000002
6   13   5   12   0.0140308557
6   13   6   13   0.5054604530
6   13   6   14   0.0000000003
6   13   7   13   0.0000000003
6   13   7   14   0.0131359338
6   14   1   8   0.0000000000
6   14   1   9   0.0000000000
6   14   1   10   0.0000000000
6   14   1   11   -0.0000000000
6   14   1   12   0.0000000000
6   14   2   8   0.0000000000
6   14   2   9   0.0000000000
6   14   2   10   -0.0000000000
6   14   2   11   0.0000000000
6   14   3   8   0.0000000000
6   14   3   9   -0.0000000000
6   14   3   10   -0.0000000001
6   14   3   11   -0.0000000001
6   14   3   12   -0.0000000000
6   14   4   8   -0.0000000000
6   14   4   9   0.0000000000
6   14   4   10   -0.0000000001
6   14   4   11   -0.0000000000
6   14   4   12   -0.0000000000
6   14   5   8   0.0000000000
6   14   5   10   -0.0000000000
6   14   5   11   -0.0000000000
6   14   5   12   -0.0000000000
6   14   6   13   0.0000000003
6   14   6   14   0.4760858211
6   14   7   13   0.0162386978
6   14   7   14   -0.0000000004
7   8   1   13   -0.0000000000
7   8   1   14   0.0129500137
7   8   2   14   -0.0000000000
7   8   3   13   0.0000000000
7   8   3   14   -0.0144828451
7   8   4   13   -0.0000000000
7   8   4   14   0.0000000000
7   8   5   13   -0.0000000000
7   8   5   14   0.0031553381
7   8   6   8   -0.0000000001
7   8   6   9   -0.0000000000
7   8   6   10   0.0000000000
7   8   6   11   -0.0000000000
7   8   6   12   -0.0000000000
7   8   7   8   0.6364550312
7   8   7   9   0.0000000000
7   8   7   10   0.0033523285
7   8   7   11   -0.0000000001
7   8   7   12   -0.0075762884
7   9   1   14   -0.0000000000
7   9   2   13   -0.0000000000
7   9   2   14   0.0126838853
7   9   3   13   -0.0000000000
7   9   3   14   0.0000000000
7   9   4   13   0.0000000000
7   9   4   14   -0.0117908866
7   9   5   13   -0.0000000000
7   9   5   14   0.0000000000
7   9   6   8   -0.0000000000
7   9   6   9   -0.0000000001
7   9   6   10   0.0000000000
7   9   6   11   0.0000000000
7   9   6   12   0.0000000000
7   9   7   8   0.0000000000
7   9   7   9   0.6364401578
7   9   7   10   0.0000000000
7   9   7   11   0.0075302519
7   9   7   12   0.0000000001
7   10   1   13   0.0000000000
7   10   1   14   -0.0144828451
7   10   2   13   -0.0000000000
7   10   2   14   0.0000000000
7   10   3   13   -0.0000000001
7   10   3   14   0.0775037482
7   10   4   13   -0.0000000003
7   10   4   14   0.0000000004
7   10   5   13   -0.0000000000
7   10   5   14   -0.0070141259
7   10   6   8   0.0000000000
7   10   6   9   0.0000000000
7   10   6   10   -0.0000000001
7   10   6   11   -0.0000000001
7   10   6   12   0.0000000000
7   10   7   8   0.0033523285
7   10   7   9   0.0000000000
7   10   7   10   0.5402289714
7   10   7   11   -0.0000000001
7   10   7   12   0.0492702927
7   11   1   13   -0.0000000000
7   11   1   14   0.0000000000
7   11   2   13   0.0000000000
7   11   2   14   -0.0117908866
7   11   3   13   -0.0000000003
7   11   3   14   0.0000000004
7   11   4   13   -0.0000000000
7   11   4   14   0.0456214684
7   11   5   13   -0.0000000000
7   11   5   14   0.0000000001
7   11   6   8   -0.0000000000
7   11   6   9   0.0000000000
7   11   6   10   -0.0000000001
7   11   6   11   -0.0000000001
7   11   6   12   -0.0000000000
7   11   7   8   -0.0000000001
7   11   7   9   0.0075302519
7   11   7   10   -0.0000000001
7   11   7   11   0.4673737130
7   11   7   12   -0.0000000002
7   12   1   13   -0.0000000000
7   12   1   14   0.0031553381
7   12   2   13   -0.0000000000
7   12   2   14   0.0000000000
7   12   3   13   -0.0000000000
7   12   3   14   -0.0070141259
7   12   4   13   -0.0000000000
7   12   4   14   0.0000000001
7   12   5   13   0.0000000000
7   12   5   14   0.0175269678
7   12   6   8   -0.0000000000
7   12   6   9   0.0000000000
7   12   6   10   0.0000000000
7   12   6   11   -0.0000000000
7   12   6   12   -0.0000000000
7   12   7   8   -0.0075762884
7   12   7   9   0.0000000001
7   12   7   10   0.0492702927
7   12   7   11   -0.0000000002
7   12   7   12   0.4703119453
7   13   1   8   0.0000000000
7   13   1   9   0.0000000000
7   13   1   10   0.0000000000
7   13   1   11   -0.0000000000
7   13   1   12   0.0000000000
7   13   2   8   0.0000000000
7   13   2   9   0.0000000000
7   13   2   10   -0.0000000000
7   13   2   11   0.0000000000
7   13   3   8   0.0000000000
7   13   3   9   -0.0000000000
7   13   3   10   -0.0000000001
7   13   3   11   -0.0000000001
7   13   3   12   -0.0000000000
7   13   4   8   -0.0000000000
7   13   4   9   0.0000000000
7   13   4   10   -0.0000000001
7   13   4   11   -0.0000000000
7   13   4   12   -0.0000000000
7   13   5   8   0.0000000000
7   13   5   10   -0.0000000000
7   13   5   11   -0.0000000000
7   13   5   12   -0.0000000000
7   13   6   13   0.0000000003
7   13   6   14   0.0162386978
7   13   7   13   0.4760858211
7   13   7   14   -0.0000000004
7   14   1   8   0.0099204566
7   14   1   9   -0.0000000001
7   14   1   10   -0.0137559779
7   14   1   11   0.0000000001
7   14   1   12   0.0028075291
7   14   2   8   -0.0000000001
7   14   2   9   0.0096449167
7   14   2   10   0.0000000000
7   14   2   11   -0.0110693935
7   14   2   12   0.0000000000
7   14   3   8   -0.0137559779
7   14   3   9   0.0000000000
7   14   3   10   0.0740669368
7   14   3   11   0.0000000001
7   14   3   12   -0.0063147406
7   14   4   8   0.0000000001
7   14   4   9   -0.0110693935
7   14   4   10   0.0000000001
7   14   4   11   0.0424521457
7   14   4   12   0.0000000002
7   14   5   8   0.0028075291
7   14   5   9   0.0000000000
7   14   5   10   -0.0063147406
7   14   5   11   0.0000000002
7   14   5   12   0.0140308557
7   14   6   13   0.0131359338
7   14   6   14   -0.0000000004
7   14   7   13   -0.0000000004
7   14   7   14   0.5054604532

End IJKL Block
Begin ABCD Block
1   4   1   4   0.4606179644
1   4   1   5   -0.0000000014
1   4   2   4   -0.0000000014
1   4   2   5   0.0171521136
1   4   3   6   0.0118301990
1   5   1   4   -0.0000000014
1   5   1   5   0.4264428984
1   5   2   4   0.0170229599
1   5   2   5   0.0000000013
1   5   3   6   -0.0000000000
1   6   1   6   0.2864141827
1   6   2   6   -0.0000000009
1   6   3   4   0.0119263279
1   6   3   5   0.0000000000
2   4   1   4   -0.0000000014
2   4   1   5   0.0170229599
2   4   2   4   0.4264428984
2   4   2   5   0.0000000013
2   4   3   6   -0.0000000000
2   5   1   4   0.0171521136
2   5   1   5   0.0000000013
2   5   2   4   0.0000000013
2   5   2   5   0.4606179643
2   5   3   6   0.0118301989
2   6   1   6   -0.0000000009
2   6   2   6   0.2864141821
2   6   3   4   0.0000000000
2   6   3   5   0.0119263279
3   4   1   6   0.0119263279
3   4   2   6   0.0000000000
3   4   3   4   0.2864141827
3   4   3   5   -0.0000000009
3   5   1   6   0.0000000000
3   5   2   6   0.0119263279
3   5   3   4   -0.0000000009
3   5   3   5   0.2864141821
3   6   1   4   0.0118301990
3   6   1   5   -0.0000000000
3   6   2   4   -0.0000000000
3   6   2   5   0.0118301989
3   6   3   6   0.2717781224

End ABCD Block
Begin AIJB Block
1   8   1   4   0.0124745157
1   8   2   4   -0.0000000000
1   8   2   5   0.0000000000
1   8   3   4   -0.0106984847
1   8   3   5   -0.0000000000
1   8   4   4   0.0000000000
1   8   4   5   0.0000000000
1   8   5   4   0.0051459169
1   8   5   5   0.0000000000
1   8   6   6   -0.0005903761
1   8   7   6   -0.0019631120
1   9   1   4   -0.0000000000
1   9   1   5   0.0000000000
1   9   2   4   0.0126584212
1   9   3   4   -0.0000000000
1   9   4   4   -0.0134969317
1   9   4   5   -0.0000000000
1   9   5   4   0.0000000000
1   9   5   5   -0.0000000000
1   9   6   6   0.0000000000
1   9   7   6   0.0000000001
1   10   1   4   -0.0106984847
1   10   1   5   -0.0000000000
1   10   2   4   -0.0000000000
1   10   3   4   0.0404286420
1   10   3   5   0.0000000000
1   10   4   4   -0.0000000001
1   10   4   5   0.0000000001
1   10   5   4   -0.0174076591
1   10   5   5   -0.0000000000
1   10   6   6   -0.0124194523
1   10   7   6   -0.0412970243
1   11   1   4   0.0000000000
1   11   1   5   0.0000000000
1   11   2   4   -0.0134969317
1   11   2   5   -0.0000000000
1   11   3   4   -0.0000000001
1   11   3   5   0.0000000001
1   11   4   4   0.0658115181
1   11   4   5   0.0000000000
1   11   5   4   -0.0000000002
1   11   5   5   0.0000000004
1   11   6   6   -0.0000000001
1   11   7   6   -0.0000000002
1   12   1   4   0.0051459169
1   12   1   5   0.0000000000
1   12   2   4   0.0000000000
1   12   2   5   -0.0000000000
1   12   3   4   -0.0174076591
1   12   3   5   -0.0000000000
1   12   4   4   -0.0000000002
1   12   4   5   0.0000000004
1   12   5   4   0.0290452354
1   12   5   5   -0.0000000000
1   12   6   6   -0.0091087914
1   12   7   6   -0.0302884513
1   13   1   6   0.0015042903
1   13   2   6   0.0000000000
1   13   3   6   -0.0050454928
1   13   4   6   0.0000000033
1   13   5   6   0.0003180149
1   13   6   4   0.0264494536
1   13   6   5   0.0340818663
1   13   7   4   0.0340818642
1   13   7   5   0.0973546267
1   14   1   6   0.0050020493
1   14   2   6   0.0000000000
1   14   3   6   -0.0167772161
1   14   4   6   -0.0000000025
1   14   5   6   0.0010574597
1   14   6   4   0.0340818642
1   14   6   5   0.0057244107
1   14   7   4   0.1295284893
1   14   7   5   -0.0340818662
2   8   1   5   0.0124745157
2   8   2   4   0.0000000000
2   8   2   5   -0.0000000000
2   8   3   4   -0.0000000000
2   8   3   5   -0.0106984847
2   8   4   4   0.0000000000
2   8   4   5   0.0000000000
2   8   5   4   0.0000000000
2   8   5   5   0.0051459169
2   8   6   6   -0.0019631120
2   8   7   6   0.0005903761
2   9   1   4   0.0000000000
2   9   1   5   -0.0000000000
2   9   2   5   0.0126584212
2   9   3   5   -0.0000000000
2   9   4   4   -0.0000000000
2   9   4   5   -0.0134969317
2   9   5   4   -0.0000000000
2   9   6   6   0.0000000001
2   9   7   6   -0.0000000000
2   10   1   4   -0.0000000000
2   10   1   5   -0.0106984847
2   10   2   5   -0.0000000000
2   10   3   4   0.0000000000
2   10   3   5   0.0404286420
2   10   4   4   0.0000000001
2   10   4   5   -0.0000000000
2   10   5   4   -0.0000000000
2   10   5   5   -0.0174076591
2   10   6   6   -0.0412970244
2   10   7   6   0.0124194521
2   11   1   4   0.0000000000
2   11   1   5   0.0000000000
2   11   2   4   -0.0000000000
2   11   2   5   -0.0134969317
2   11   3   4   0.0000000001
2   11   3   5   -0.0000000000
2   11   4   4   0.0000000000
2   11   4   5   0.0658115181
2   11   5   4   0.0000000004
2   11   5   5   0.0000000001
2   11   6   6   -0.0000000002
2   11   7   6   0.0000000001
2   12   1   4   0.0000000000
2   12   1   5   0.0051459169
2   12   2   4   -0.0000000000
2   12   3   4   -0.0000000000
2   12   3   5   -0.0174076591
2   12   4   4   0.0000000004
2   12   4   5   0.0000000001
2   12   5   4   -0.0000000000
2   12   5   5   0.0290452354
2   12   6   6   -0.0302884516
2   12   7   6   0.0091087911
2   13   1   6   0.0050020493
2   13   2   6   0.0000000000
2   13   3   6   -0.0167772162
2   13   4   6   0.0000000021
2   13   5   6   0.0010574597
2   13   6   4   0.0340818663
2   13   6   5   0.1295284894
2   13   7   4   0.0057244107
2   13   7   5   -0.0340818641
2   14   1   6   -0.0015042903
2   14   2   6   0.0000000000
2   14   3   6   0.0050454926
2   14   4   6   0.0000000034
2   14   5   6   -0.0003180149
2   14   6   4   0.0973546267
2   14   6   5   -0.0340818641
2   14   7   4   -0.0340818662
2   14   7   5   0.0264494535
3   8   1   6   0.0079223983
3   8   2   6   0.0000000000
3   8   3   6   0.0000945183
3   8   4   6   0.0000000002
3   8   5   6   -0.0002101607
3   8   6   4   0.0015042903
3   8   6   5   0.0050020493
3   8   7   4   0.0050020493
3   8   7   5   -0.0015042903
3   9   1   6   0.0000000000
3   9   2   6   0.0079645218
3   9   3   6   -0.0000000000
3   9   4   6   -0.0001142672
3   9   5   6   -0.0000000002
3   9   6   4   0.0000000000
3   9   6   5   0.0000000000
3   9   7   4   0.0000000000
3   9   7   5   0.0000000000
3   10   1   6   0.0000945183
3   10   2   6   -0.0000000000
3   10   3   6   0.0266084916
3   10   4   6   0.0000000017
3   10   5   6   0.0103239371
3   10   6   4   -0.0050454928
3   10   6   5   -0.0167772162
3   10   7   4   -0.0167772161
3   10   7   5   0.0050454926
3   11   1   6   0.0000000002
3   11   2   6   -0.0001142672
3   11   3   6   0.0000000017
3   11   4   6   0.0208194099
3   11   5   6   0.0000000039
3   11   6   4   0.0000000033
3   11   6   5   0.0000000021
3   11   7   4   -0.0000000025
3   11   7   5   0.0000000034
3   12   1   6   -0.0002101607
3   12   2   6   -0.0000000002
3   12   3   6   0.0103239371
3   12   4   6   0.0000000039
3   12   5   6   0.0231782446
3   12   6   4   0.0003180149
3   12   6   5   0.0010574597
3   12   7   4   0.0010574597
3   12   7   5   -0.0003180149
3   13   1   4   -0.0005903761
3   13   1   5   -0.0019631120
3   13   2   4   0.0000000000
3   13   2   5   0.0000000001
3   13   3   4   -0.0124194523
3   13   3   5   -0.0412970244
3   13   4   4   -0.0000000001
3   13   4   5   -0.0000000002
3   13   5   4   -0.0091087914
3   13   5   5   -0.0302884516
3   13   6   6   0.0105729548
3   13   7   6   0.0000000001
3   14   1   4   -0.0019631120
3   14   1   5   0.0005903761
3   14   2   4   0.0000000001
3   14   2   5   -0.0000000000
3   14   3   4   -0.0412970243
3   14   3   5   0.0124194521
3   14   4   4   -0.0000000002
3   14   4   5   0.0000000001
3   14   5   4   -0.0302884513
3   14   5   5   0.0091087911
3   14   6   6   0.0000000001
3   14   7   6   0.0105729546

1   8   8   1   -0.5972269303
1   8   8   2   0.0000000000
1   8   9   1   0.0000000001
1   8   9   2   -0.0000000001
1   8   10   1   -0.0044209702
1   8   10   2   0.0000000000
1   8   11   1   0.0000000000
1   8   11   2   -0.0000000000
1   8   12   1   0.0023478778
1   8   12   2   -0.0000000001
1   8   13   3   -0.0015987413
1   8   14   3   -0.0053161168
1   9   8   1   0.0000000001
1   9   8   2   -0.0000000001
1   9   9   1   -0.5972406288
1   9   9   2   0.0000000000
1   9   10   1   0.0000000001
1   9   10   2   -0.0000000000
1   9   11   1   -0.0050129796
1   9   11   2   0.0000000000
1   9   12   1   0.0000000002
1   9   12   2   0.0000000000
1   9   13   3   -0.0000000001
1   9   14   3   0.0000000000
1   10   8   1   -0.0044209702
1   10   8   2   0.0000000000
1   10   9   1   0.0000000001
1   10   9   2   -0.0000000000
1   10   10   1   -0.4916723012
1   10   10   2   0.0000000000
1   10   11   1   0.0000000004
1   10   11   2   -0.0000000001
1   10   12   1   -0.0245113049
1   10   12   2   0.0000000000
1   10   13   3   0.0068004530
1   10   14   3   0.0226127907
1   11   8   1   0.0000000000
1   11   8   2   -0.0000000000
1   11   9   1   -0.0050129796
1   11   9   2   0.0000000000
1   11   10   1   0.0000000004
1   11   10   2   -0.0000000001
1   11   11   1   -0.4646364177
1   11   11   2   0.0000000000
1   11   12   1   -0.0000000004
1   11   12   2   -0.0000000000
1   11   13   3   0.0000000038
1   11   14   3   -0.0000000029
1   12   8   1   0.0023478778
1   12   8   2   -0.0000000001
1   12   9   1   0.0000000002
1   12   9   2   0.0000000000
1   12   10   1   -0.0245113049
1   12   10   2   0.0000000000
1   12   11   1   -0.0000000004
1   12   11   2   -0.0000000000
1   12   12   1   -0.4650861981
1   12   12   2   0.0000000000
1   12   13   3   0.0005026296
1   12   14   3   0.0016713385
1   13   8   3   -0.0015876754
1   13   9   3   -0.0000000001
1   13   10   3   0.0068746428
1   13   11   3   0.0000000038
1   13   12   3   0.0008734738
1   13   13   1   -0.4509953158
1   13   13   2   -0.0099288881
1   13   14   1   -0.0099288871
1   13   14   2   -0.0135890706
1   14   8   3   -0.0052793206
1   14   9   3   0.0000000000
1   14   10   3   0.0228594855
1   14   11   3   -0.0000000026
1   14   12   3   0.0029044653
1   14   13   1   -0.0099288871
1   14   13   2   -0.0164403944
1   14   14   1   -0.4810247800
1   14   14   2   0.0099288880
2   8   8   1   0.0000000000
2   8   8   2   -0.5972269303
2   8   9   1   -0.0000000001
2   8   9   2   0.0000000001
2   8   10   1   0.0000000000
2   8   10   2   -0.0044209702
2   8   11   1   -0.0000000000
2   8   11   2   -0.0000000000
2   8   12   1   -0.0000000001
2   8   12   2   0.0023478777
2   8   13   3   -0.0053161168
2   8   14   3   0.0015987413
2   9   8   1   -0.0000000001
2   9   8   2   0.0000000001
2   9   9   1   0.0000000000
2   9   9   2   -0.5972406288
2   9   10   1   -0.0000000000
2   9   10   2   0.0000000001
2   9   11   1   0.0000000000
2   9   11   2   -0.0050129795
2   9   12   1   0.0000000000
2   9   12   2   0.0000000002
2   9   13   3   -0.0000000001
2   9   14   3   -0.0000000001
2   10   8   1   0.0000000000
2   10   8   2   -0.0044209702
2   10   9   1   -0.0000000000
2   10   9   2   0.0000000001
2   10   10   1   0.0000000000
2   10   10   2   -0.4916723012
2   10   11   1   -0.0000000001
2   10   11   2   0.0000000004
2   10   12   1   0.0000000000
2   10   12   2   -0.0245113048
2   10   13   3   0.0226127908
2   10   14   3   -0.0068004530
2   11   8   1   -0.0000000000
2   11   8   2   -0.0000000000
2   11   9   1   0.0000000000
2   11   9   2   -0.0050129795
2   11   10   1   -0.0000000001
2   11   10   2   0.0000000004
2   11   11   1   0.0000000000
2   11   11   2   -0.4646364177
2   11   12   1   -0.0000000000
2   11   12   2   -0.0000000004
2   11   13   3   0.0000000025
2   11   14   3   0.0000000039
2   12   8   1   -0.0000000001
2   12   8   2   0.0023478777
2   12   9   1   0.0000000000
2   12   9   2   0.0000000002
2   12   10   1   0.0000000000
2   12   10   2   -0.0245113048
2   12   11   1   -0.0000000000
2   12   11   2   -0.0000000004
2   12   12   1   0.0000000000
2   12   12   2   -0.4650861981
2   12   13   3   0.0016713384
2   12   14   3   -0.0005026297
2   13   8   3   -0.0052793206
2   13   9   3   -0.0000000001
2   13   10   3   0.0228594856
2   13   11   3   0.0000000026
2   13   12   3   0.0029044653
2   13   13   1   -0.0099288881
2   13   13   2   -0.4810247801
2   13   14   1   -0.0164403944
2   13   14   2   0.0099288871
2   14   8   3   0.0015876754
2   14   9   3   -0.0000000001
2   14   10   3   -0.0068746426
2   14   11   3   0.0000000038
2   14   12   3   -0.0008734738
2   14   13   1   -0.0135890706
2   14   13   2   0.0099288871
2   14   14   1   0.0099288880
2   14   14   2   -0.4509953158
3   8   8   3   -0.3434942287
3   8   9   3   -0.0000000014
3   8   10   3   -0.0013034730
3   8   11   3   0.0000000145
3   8   12   3   0.0032549071
3   8   13   1   -0.0015876754
3   8   13   2   -0.0052793206
3   8   14   1   -0.0052793206
3   8   14   2   0.0015876754
3   9   8   3   -0.0000000014
3   9   9   3   -0.3434952558
3   9   10   3   0.0000000245
3   9   11   3   -0.0030617997
3   9   12   3   0.0000000108
3   9   13   1   -0.0000000001
3   9   13   2   -0.0000000001
3   9   14   1   0.0000000000
3   9   14   2   -0.0000000001
3   10   8   3   -0.0013034730
3   10   9   3   0.0000000245
3   10   10   3   -0.3105012913
3   10   11   3   0.0000000271
3   10   12   3   -0.0123834069
3   10   13   1   0.0068746428
3   10   13   2   0.0228594856
3   10   14   1   0.0228594855
3   10   14   2   -0.0068746426
3   11   8   3   0.0000000145
3   11   9   3   -0.0030617997
3   11   10   3   0.0000000271
3   11   11   3   -0.2987991736
3   11   12   3   -0.0000000320
3   11   13   1   0.0000000038
3   11   13   2   0.0000000026
3   11   14   1   -0.0000000026
3   11   14   2   0.0000000038
3   12   8   3   0.0032549071
3   12   9   3   0.0000000108
3   12   10   3   -0.0123834069
3   12   11   3   -0.0000000320
3   12   12   3   -0.3081168977
3   12   13   1   0.0008734738
3   12   13   2   0.0029044653
3   12   14   1   0.0029044653
3   12   14   2   -0.0008734738
3   13   8   1   -0.0015987413
3   13   8   2   -0.0053161168
3   13   9   1   -0.0000000001
3   13   9   2   -0.0000000001
3   13   10   1   0.0068004530
3   13   10   2   0.0226127908
3   13   11   1   0.0000000038
3   13   11   2   0.0000000025
3   13   12   1   0.0005026296
3   13   12   2   0.0016713384
3   13   13   3   -0.2919770806
3   13   14   3   -0.0000000009
3   14   8   1   -0.0053161168
3   14   8   2   0.0015987413
3   14   9   1   0.0000000000
3   14   9   2   -0.0000000001
3   14   10   1   0.0226127907
3   14   10   2   -0.0068004530
3   14   11   1   -0.0000000029
3   14   11   2   0.0000000039
3   14   12   1   0.0016713385
3   14   12   2   -0.0005026297
3   14   13   3   -0.0000000009
3   14   14   3   -0.2919770784

End AIJB Block
Begin IJKA Block
1   8   1   6   -0.0000000003
1   8   2   6   0.0901884262
1   8   3   6   0.0000000000
1   8   4   6   0.0127934577
1   8   5   6   0.0000000002
1   8   6   4   -0.0000000000
1   8   6   5   0.0000000000
1   8   7   4   0.0000000001
1   8   7   5   -0.0000000001
1   9   1   6   0.0873648666
1   9   2   6   0.0000000001
1   9   3   6   0.0154109731
1   9   4   6   -0.0000000000
1   9   5   6   0.0004071536
1   9   6   4   -0.0035430612
1   9   6   5   -0.0117813479
1   9   7   4   -0.0117813479
1   9   7   5   0.0035430612
1   10   1   6   -0.0000000001
1   10   2   6   0.1061660468
1   10   3   6   0.0000000003
1   10   4   6   0.0045967965
1   10   5   6   -0.0000000006
1   10   6   4   -0.0000000000
1   10   6   5   -0.0000000000
1   10   7   4   -0.0000000000
1   10   7   5   -0.0000000000
1   11   1   6   0.0940817328
1   11   2   6   0.0000000002
1   11   3   6   0.0013707575
1   11   4   6   0.0000000000
1   11   5   6   -0.0048772860
1   11   6   4   0.0039120019
1   11   6   5   0.0130081451
1   11   7   4   0.0130081451
1   11   7   5   -0.0039120018
1   12   1   6   0.0000000007
1   12   2   6   0.0563672929
1   12   3   6   0.0000000007
1   12   4   6   0.0004386561
1   12   5   6   -0.0000000020
1   12   6   4   0.0000000000
1   12   6   5   -0.0000000000
1   12   7   4   -0.0000000000
1   12   7   5   0.0000000000
1   13   1   4   -0.0000000000
1   13   1   5   0.0000000005
1   13   2   4   -0.0646923885
1   13   2   5   -0.2151144112
1   13   3   4   -0.0000000000
1   13   3   5   -0.0000000001
1   13   4   4   -0.0003625744
1   13   4   5   -0.0012056282
1   13   5   4   0.0000000001
1   13   5   5   0.0000000002
1   13   6   6   0.0000000000
1   13   7   6   0.0000000000
1   14   1   4   0.0000000008
1   14   1   5   -0.0000000004
1   14   2   4   -0.2151144111
1   14   2   5   0.0646923884
1   14   3   4   -0.0000000000
1   14   3   5   -0.0000000000
1   14   4   4   -0.0012056282
1   14   4   5   0.0003625743
1   14   5   4   0.0000000002
1   14   5   5   -0.0000000000
1   14   6   6   0.0000000000
1   14   7   6   -0.0000000000
2   8   1   6   0.0901932587
2   8   2   6   0.0000000001
2   8   3   6   0.0153514528
2   8   4   6   0.0000000000
2   8   5   6   0.0002580439
2   8   6   4   -0.0034786114
2   8   6   5   -0.0115670399
2   8   7   4   -0.0115670399
2   8   7   5   0.0034786114
2   9   1   6   0.0000000001
2   9   2   6   0.0874020758
2   9   3   6   0.0000000001
2   9   4   6   0.0127430868
2   9   5   6   0.0000000003
2   9   6   4   -0.0000000000
2   9   6   5   -0.0000000000
2   9   7   4   0.0000000000
2   9   7   5   -0.0000000000
2   10   1   6   0.1061414448
2   10   2   6   0.0000000004
2   10   3   6   0.0020070061
2   10   4   6   0.0000000007
2   10   5   6   -0.0049854354
2   10   6   4   0.0031023990
2   10   6   5   0.0103160626
2   10   7   4   0.0103160626
2   10   7   5   -0.0031023990
2   11   1   6   0.0000000002
2   11   2   6   0.0940672962
2   11   3   6   0.0000000003
2   11   4   6   0.0041099292
2   11   5   6   0.0000000003
2   11   6   4   -0.0000000000
2   11   6   5   0.0000000000
2   11   7   4   0.0000000000
2   11   7   5   -0.0000000000
2   12   1   6   0.0563540100
2   12   2   6   0.0000000009
2   12   3   6   -0.0001405874
2   12   4   6   0.0000000019
2   12   5   6   -0.0010419193
2   12   6   4   -0.0013279901
2   12   6   5   -0.0044158179
2   12   7   4   -0.0044158179
2   12   7   5   0.0013279901
2   13   1   4   -0.0646773595
2   13   1   5   -0.2150644369
2   13   2   4   -0.0000000003
2   13   2   5   -0.0000000005
2   13   3   4   -0.0011952573
2   13   3   5   -0.0039744564
2   13   4   4   -0.0000000001
2   13   4   5   -0.0000000002
2   13   5   4   -0.0008250330
2   13   5   5   -0.0027433905
2   13   6   6   -0.0052246929
2   13   7   6   -0.0000000000
2   14   1   4   -0.2150644368
2   14   1   5   0.0646773594
2   14   2   4   -0.0000000002
2   14   2   5   -0.0000000001
2   14   3   4   -0.0039744564
2   14   3   5   0.0011952573
2   14   4   4   -0.0000000001
2   14   4   5   0.0000000000
2   14   5   4   -0.0027433906
2   14   5   5   0.0008250330
2   14   6   6   -0.0000000000
2   14   7   6   -0.0052246928
3   8   1   6   0.0000000000
3   8   2   6   0.0159707121
3   8   3   6   -0.0000000002
3   8   4   6   0.0039511748
3   8   5   6   -0.0000000001
3   8   6   4   -0.0000000000
3   8   6   5   -0.0000000000
3   8   7   4   -0.0000000000
3   8   7   5   -0.0000000000
3   9   1   6   0.0160103575
3   9   2   6   0.0000000001
3   9   3   6   -0.0020287485
3   9   4   6   0.0000000000
3   9   5   6   -0.0052239471
3   9   6   4   0.0041311501
3   9   6   5   0.0137368543
3   9   7   4   0.0137368543
3   9   7   5   -0.0041311501
3   10   1   6   0.0000000000
3   10   2   6   0.0013977138
3   10   3   6   -0.0000000021
3   10   4   6   0.0389931645
3   10   5   6   -0.0000000040
3   10   6   4   0.0000000010
3   10   6   5   0.0000000009
3   10   7   4   -0.0000000003
3   10   7   5   0.0000000008
3   11   1   6   0.0011400636
3   11   2   6   0.0000000002
3   11   3   6   0.0717422518
3   11   4   6   0.0000000007
3   11   5   6   0.0210190228
3   11   6   4   -0.0172357022
3   11   6   5   -0.0573119654
3   11   7   4   -0.0573119654
3   11   7   5   0.0172357022
3   12   1   6   0.0000000005
3   12   2   6   -0.0002639654
3   12   3   6   -0.0000000003
3   12   4   6   0.0296801620
3   12   5   6   -0.0000000015
3   12   6   4   0.0000000001
3   12   6   5   0.0000000001
3   12   7   4   -0.0000000000
3   12   7   5   0.0000000001
3   13   1   4   -0.0000000000
3   13   1   5   -0.0000000001
3   13   2   4   -0.0009269212
3   13   2   5   -0.0030821880
3   13   3   4   0.0000000000
3   13   3   5   0.0000000002
3   13   4   4   -0.0311064488
3   13   4   5   -0.1034348179
3   13   5   4   -0.0000000000
3   13   5   5   0.0000000003
3   13   6   6   -0.0000000016
3   13   7   6   -0.0000000009
3   14   1   4   -0.0000000000
3   14   1   5   -0.0000000000
3   14   2   4   -0.0030821880
3   14   2   5   0.0009269212
3   14   3   4   0.0000000003
3   14   3   5   -0.0000000001
3   14   4   4   -0.1034348179
3   14   4   5   0.0311064488
3   14   5   4   0.0000000005
3   14   5   5   -0.0000000003
3   14   6   6   -0.0000000009
3   14   7   6   0.0000000006
4   8   1   6   0.0133916908
4   8   2   6   0.0000000000
4   8   3   6   0.0041052916
4   8   4   6   0.0000000000
4   8   5   6   -0.0071458198
4   8   6   4   0.0035398151
4   8   6   5   0.0117705538
4   8   7   4   0.0117705538
4   8   7   5   -0.0035398151
4   9   1   6   0.0000000000
4   9   2   6   0.0133424893
4   9   3   6   0.0000000000
4   9   4   6   0.0060120130
4   9   5   6   -0.0000000002
4   9   6   4   -0.0000000000
4   9   6   5   0.0000000000
4   9   7   4   0.0000000000
4   9   7   5   -0.0000000000
4   10   1   6   0.0043029960
4   10   2   6   0.0000000006
4   10   3   6   0.0390811124
4   10   4   6   0.0000000000
4   10   5   6   -0.0188398418
4   10   6   4   -0.0118156697
4   10   6   5   -0.0392893337
4   10   7   4   -0.0392893336
4   10   7   5   0.0118156697
4   11   1   6   -0.0000000002
4   11   2   6   0.0039357757
4   11   3   6   -0.0000000014
4   11   4   6   0.0388605860
4   11   5   6   -0.0000000050
4   11   6   4   0.0000000007
4   11   6   5   0.0000000007
4   11   7   4   -0.0000000001
4   11   7   5   0.0000000005
4   12   1   6   0.0002918892
4   12   2   6   0.0000000018
4   12   3   6   0.0293751567
4   12   5   6   -0.0350246204
4   12   6   4   0.0069433223
4   12   6   5   0.0230878579
4   12   7   4   0.0230878578
4   12   7   5   -0.0069433221
4   13   1   4   -0.0003799749
4   13   1   5   -0.0012634881
4   13   2   4   -0.0000000001
4   13   2   5   -0.0000000002
4   13   3   4   -0.0305217159
4   13   3   5   -0.1014904703
4   13   4   4   -0.0000000000
4   13   4   5   0.0000000001
4   13   5   4   0.0307334625
4   13   5   5   0.1021945681
4   13   6   6   0.0145669378
4   13   7   6   0.0000000001
4   14   1   4   -0.0012634880
4   14   1   5   0.0003799748
4   14   2   4   -0.0000000001
4   14   2   5   0.0000000000
4   14   3   4   -0.1014904702
4   14   3   5   0.0305217158
4   14   4   4   0.0000000003
4   14   4   5   -0.0000000002
4   14   5   4   0.1021945682
4   14   5   5   -0.0307334626
4   14   6   6   0.0000000001
4   14   7   6   0.0145669375
5   8   1   6   -0.0000000000
5   8   2   6   0.0004385238
5   8   3   6   -0.0000000002
5   8   4   6   -0.0072911368
5   8   5   6   0.0000000001
5   8   6   4   -0.0000000000
5   8   6   5   -0.0000000000
5   8   7   4   -0.0000000000
5   8   7   5   0.0000000000
5   9   1   6   0.0005657322
5   9   2   6   0.0000000000
5   9   3   6   -0.0053273360
5   9   4   6   -0.0000000002
5   9   5   6   0.0040657070
5   9   6   4   -0.0009428649
5   9   6   5   -0.0031352038
5   9   7   4   -0.0031352038
5   9   7   5   0.0009428649
5   10   1   6   -0.0000000008
5   10   2   6   -0.0049280439
5   10   3   6   -0.0000000012
5   10   4   6   -0.0190447317
5   10   5   6   -0.0000000022
5   10   6   4   0.0000000003
5   10   6   5   0.0000000002
5   10   7   4   -0.0000000003
5   10   7   5   0.0000000004
5   11   1   6   -0.0046156749
5   11   2   6   0.0000000004
5   11   3   6   0.0197151753
5   11   4   6   -0.0000000011
5   11   5   6   0.0374909826
5   11   6   4   0.0056154958
5   11   6   5   0.0186725839
5   11   7   4   0.0186725838
5   11   7   5   -0.0056154956
5   12   1   6   -0.0000000024
5   12   2   6   -0.0009507789
5   12   3   6   -0.0000000028
5   12   4   6   -0.0353172813
5   12   5   6   -0.0000000066
5   12   6   4   0.0000000008
5   12   6   5   0.0000000009
5   12   7   4   -0.0000000000
5   12   7   5   0.0000000005
5   13   1   4   0.0000000000
5   13   1   5   0.0000000002
5   13   2   4   -0.0006355685
5   13   2   5   -0.0021133853
5   13   3   4   0.0000000000
5   13   3   5   0.0000000001
5   13   4   4   0.0301121260
5   13   4   5   0.1001285068
5   13   5   4   -0.0000000000
5   13   5   5   0.0000000004
5   13   6   6   -0.0000000013
5   13   7   6   -0.0000000011
5   14   1   4   0.0000000002
5   14   1   5   -0.0000000001
5   14   2   4   -0.0021133853
5   14   2   5   0.0006355685
5   14   3   4   0.0000000002
5   14   3   5   -0.0000000001
5   14   4   4   0.1001285068
5   14   4   5   -0.0301121260
5   14   5   4   0.0000000007
5   14   5   5   -0.0000000004
5   14   6   6   -0.0000000011
5   14   7   6   0.0000000015
6   8   1   4   -0.0000000000
6   8   1   5   0.0000000000
6   8   2   4   -0.0037871383
6   8   2   5   -0.0125929503
6   8   3   4   -0.0000000000
6   8   3   5   -0.0000000000
6   8   4   4   0.0036708830
6   8   4   5   0.0122063793
6   8   5   4   0.0000000000
6   8   5   5   0.0000000000
6   8   6   6   0.0000000000
6   8   7   6   0.0000000001
6   9   1   4   -0.0038419322
6   9   1   5   -0.0127751504
6   9   2   4   -0.0000000000
6   9   2   5   -0.0000000000
6   9   3   4   0.0042660875
6   9   3   5   0.0141855467
6   9   4   4   -0.0000000000
6   9   4   5   -0.0000000000
6   9   5   4   -0.0010267724
6   9   5   5   -0.0034142121
6   9   6   6   0.0000763978
6   9   7   6   -0.0000000000
6   10   1   4   -0.0000000000
6   10   1   5   -0.0000000000
6   10   2   4   0.0031132885
6   10   2   5   0.0103522723
6   10   3   4   0.0000000001
6   10   3   5   0.0000000002
6   10   4   4   -0.0115985585
6   10   4   5   -0.0385673979
6   10   5   4   -0.0000000001
6   10   5   5   0.0000000001
6   10   6   6   -0.0000000029
6   10   7   6   -0.0000000013
6   11   1   4   0.0036676972
6   11   1   5   0.0121957862
6   11   2   4   -0.0000000000
6   11   2   5   -0.0000000000
6   11   3   4   -0.0163403349
6   11   3   5   -0.0543347002
6   11   4   4   0.0000000000
6   11   4   5   0.0000000000
6   11   5   4   0.0060728526
6   11   5   5   0.0201933818
6   11   6   6   0.0557264008
6   11   7   6   0.0000000000
6   12   1   4   0.0000000000
6   12   1   5   0.0000000000
6   12   2   4   -0.0012760043
6   12   2   5   -0.0042429553
6   12   3   4   -0.0000000004
6   12   3   5   -0.0000000002
6   12   4   4   0.0071600029
6   12   4   5   0.0238083620
6   12   5   4   -0.0000000003
6   12   5   5   -0.0000000000
6   12   6   6   -0.0000000035
6   12   7   6   -0.0000000014
6   13   1   6   -0.0000000001
6   13   2   6   -0.0046571760
6   13   3   6   -0.0000000007
6   13   4   6   0.0134356655
6   13   5   6   -0.0000000018
6   13   6   4   0.0000000006
6   13   6   5   0.0000000009
6   13   7   4   -0.0000000005
6   13   7   5   0.0000000005
6   14   1   6   -0.0000000000
6   14   2   6   -0.0000000000
6   14   3   6   0.0000000005
6   14   4   6   0.0000000001
6   14   5   6   0.0000000011
6   14   6   4   0.0000000004
6   14   6   5   -0.0000000006
6   14   7   4   -0.0000000001
6   14   7   5   0.0000000004
7   8   1   4   0.0000000000
7   8   1   5   -0.0000000000
7   8   2   4   -0.0125929503
7   8   2   5   0.0037871383
7   8   3   4   0.0000000000
7   8   3   5   -0.0000000000
7   8   4   4   0.0122063793
7   8   4   5   -0.0036708830
7   8   5   4   -0.0000000000
7   8   5   5   0.0000000000
7   8   6   6   0.0000000001
7   8   7   6   -0.0000000001
7   9   1   4   -0.0127751504
7   9   1   5   0.0038419323
7   9   2   4   -0.0000000000
7   9   2   5   -0.0000000000
7   9   3   4   0.0141855467
7   9   3   5   -0.0042660875
7   9   4   4   0.0000000001
7   9   4   5   -0.0000000000
7   9   5   4   -0.0034142121
7   9   5   5   0.0010267724
7   9   6   6   -0.0000000000
7   9   7   6   0.0000763978
7   10   1   4   0.0000000000
7   10   1   5   -0.0000000000
7   10   2   4   0.0103522723
7   10   2   5   -0.0031132885
7   10   3   4   0.0000000000
7   10   3   5   0.0000000001
7   10   4   4   -0.0385673979
7   10   4   5   0.0115985586
7   10   5   4   0.0000000004
7   10   5   5   -0.0000000003
7   10   6   6   -0.0000000013
7   10   7   6   0.0000000003
7   11   1   4   0.0121957862
7   11   1   5   -0.0036676973
7   11   2   4   0.0000000001
7   11   2   5   -0.0000000001
7   11   3   4   -0.0543347003
7   11   3   5   0.0163403350
7   11   4   4   0.0000000001
7   11   4   5   -0.0000000000
7   11   5   4   0.0201933818
7   11   5   5   -0.0060728525
7   11   6   6   0.0000000000
7   11   7   6   0.0557264006
7   12   1   4   -0.0000000000
7   12   1   5   0.0000000000
7   12   2   4   -0.0042429553
7   12   2   5   0.0012760043
7   12   3   4   0.0000000003
7   12   3   5   -0.0000000004
7   12   4   4   0.0238083619
7   12   4   5   -0.0071600028
7   12   5   4   0.0000000005
7   12   5   5   -0.0000000005
7   12   6   6   -0.0000000014
7   12   7   6   0.0000000000
7   13   1   6   -0.0000000000
7   13   2   6   -0.0000000000
7   13   3   6   0.0000000005
7   13   4   6   0.0000000001
7   13   5   6   0.0000000011
7   13   6   4   0.0000000001
7   13   6   5   -0.0000000003
7   13   7   4   -0.0000000002
7   13   7   5   0.0000000004
7   14   1   6   -0.0000000000
7   14   2   6   -0.0046571759
7   14   3   6   -0.0000000019
7   14   4   6   0.0134356654
7   14   5   6   -0.0000000047
7   14   6   4   0.0000000008
7   14   6   5   0.0000000010
7   14   7   4   0.0000000009
7   14   7   5   0.0000000002

End IJKA Block
Begin IABC Block
1   4   1   6   0.0000000000
1   4   2   6   -0.0000000000
1   4   3   4   -0.0000000001
1   4   3   5   -0.0000000000
1   5   1   6   -0.0000000000
1   5   2   6   0.0000000000
1   5   3   4   -0.0000000000
1   5   3   5   -0.0000000001
1   6   1   4   0.0000000000
1   6   1   5   -0.0000000001
1   6   2   4   -0.0000000001
1   6   2   5   -0.0000000000
1   6   3   6   -0.0000000133
2   4   1   6   -0.0052812868
2   4   2   6   -0.0000000000
2   4   3   4   0.0012424842
2   4   3   5   0.0000000000
2   5   1   6   -0.0000000000
2   5   2   6   -0.0052812868
2   5   3   4   0.0000000000
2   5   3   5   0.0012424842
2   6   1   4   -0.0052255551
2   6   1   5   -0.0000000000
2   6   2   4   -0.0000000000
2   6   2   5   -0.0052255551
2   6   3   6   0.0001412546
3   4   1   6   -0.0000000004
3   4   2   6   0.0000000019
3   4   3   4   0.0000000001
3   4   3   5   0.0000000002
3   5   1   6   0.0000000019
3   5   2   6   0.0000000009
3   5   3   4   0.0000000002
3   5   3   5   0.0000000003
3   6   1   4   -0.0000000021
3   6   1   5   0.0000000056
3   6   2   4   0.0000000056
3   6   2   5   0.0000000016
3   6   3   6   -0.0000001868
4   4   1   6   0.0152944093
4   4   2   6   0.0000000001
4   4   3   4   0.0469734996
4   4   3   5   0.0000000001
4   5   1   6   0.0000000001
4   5   2   6   0.0152944093
4   5   3   4   0.0000000001
4   5   3   5   0.0469734997
4   6   1   4   0.0145005181
4   6   1   5   0.0000000002
4   6   2   4   0.0000000002
4   6   2   5   0.0145005182
4   6   3   6   0.0056769441
5   4   1   6   -0.0000000061
5   4   2   6   0.0000000178
5   4   3   4   0.0000000008
5   4   3   5   0.0000000000
5   5   1   6   0.0000000178
5   5   2   6   0.0000000055
5   5   3   4   0.0000000000
5   5   3   5   0.0000000009
5   6   1   4   -0.0000000058
5   6   1   5   0.0000000191
5   6   2   4   0.0000000191
5   6   2   5   0.0000000066
5   6   3   6   -0.0000004666
6   4   1   4   0.0000000003
6   4   1   5   0.0000000002
6   4   2   4   -0.0000000001
6   4   2   5   0.0000000004
6   4   3   6   0.0000000774
6   5   1   4   0.0000000003
6   5   1   5   -0.0000000000
6   5   2   4   0.0000000002
6   5   2   5   0.0000000004
6   5   3   6   0.0000000533
6   6   1   6   0.0000000018
6   6   2   6   0.0000000170
6   6   3   4   0.0000000692
6   6   3   5   0.0000000455
7   4   1   4   0.0000000000
7   4   1   5   0.0000000001
7   4   2   4   0.0000000001
7   4   2   5   -0.0000000001
7   4   3   6   -0.0000000540
7   5   1   4   0.0000000004
7   5   1   5   -0.0000000000
7   5   2   4   0.0000000001
7   5   2   5   0.0000000001
7   5   3   6   0.0000000776
7   6   1   6   0.0000000229
7   6   2   6   -0.0000000102
7   6   3   4   -0.0000000516
7   6   3   5   0.0000000710

End IABC Block
