0   1   5   6      -0.168456308566
0   1   6   5       0.168456308573
0   2   4   6       0.161139212070
0   2   6   4      -0.161139212029
1   0   5   6       0.168456308566
1   0   6   5      -0.168456308573
1   2   4   5       0.161139212066
1   2   5   4      -0.161139212040
2   0   4   6      -0.161139212070
2   0   6   4       0.161139212029
2   1   4   5      -0.161139212066
2   1   5   4       0.161139212040
0   53   5   12      -0.076098540886
0   53   5   13       0.134728856430
0   53   6   12       0.134728856419
0   53   6   13      -0.790169124758
0   54   5   12       0.134728839425
0   54   5   13      -0.441263442488
0   54   6   12      -0.272807134555
0   54   6   13      -0.134728839261
0   55   4   12      -0.079013452763
0   55   4   13       0.433187859001
0   55   6   11       0.272048646973
0   61   6   13      -0.073688063730
1   53   5   12       0.134728839249
1   53   5   13      -0.272807134367
1   53   6   12      -0.441263442655
1   53   6   13      -0.134728839406
1   54   5   12      -0.790169124688
1   54   5   13      -0.134728856436
1   54   6   12      -0.134728856382
1   54   6   13      -0.076098540886
1   55   4   12       0.433187858996
1   55   4   13       0.079013452750
1   55   5   11       0.272048646968
1   60   5   12       0.073688063724
2   53   4   13       0.272048646994
2   53   5   11      -0.079013452761
2   53   6   11       0.433187859084
2   54   4   12       0.272048646978
2   54   5   11       0.433187859050
2   54   6   11       0.079013452763
2   55   4   11      -0.722494132096
2   59   4   11      -0.060918012039
6   55   4   11      -0.060918012039
7   54   5   12       0.073688063726
8   53   6   13      -0.073688063731
0   53   12   5       0.076098540886
0   53   12   6      -0.134728856419
0   53   13   5      -0.134728856430
0   53   13   6       0.790169124758
0   54   12   5      -0.134728839425
0   54   12   6       0.272807134555
0   54   13   5       0.441263442488
0   54   13   6       0.134728839261
0   55   11   6      -0.272048646973
0   55   12   4       0.079013452763
0   55   13   4      -0.433187859001
0   61   13   6       0.073688063730
1   53   12   5      -0.134728839249
1   53   12   6       0.441263442655
1   53   13   5       0.272807134367
1   53   13   6       0.134728839406
1   54   12   5       0.790169124688
1   54   12   6       0.134728856382
1   54   13   5       0.134728856436
1   54   13   6       0.076098540886
1   55   11   5      -0.272048646968
1   55   12   4      -0.433187858996
1   55   13   4      -0.079013452750
1   60   12   5      -0.073688063724
2   53   11   5       0.079013452761
2   53   11   6      -0.433187859084
2   53   13   4      -0.272048646994
2   54   11   5      -0.433187859050
2   54   11   6      -0.079013452763
2   54   12   4      -0.272048646978
2   55   11   4       0.722494132096
2   59   11   4       0.060918012039
6   55   11   4       0.060918012039
7   54   12   5      -0.073688063726
8   53   13   6       0.073688063731
53   0   5   12       0.076098540886
53   0   5   13      -0.134728856430
53   0   6   12      -0.134728856419
53   0   6   13       0.790169124758
53   1   5   12      -0.134728839249
53   1   5   13       0.272807134367
53   1   6   12       0.441263442655
53   1   6   13       0.134728839406
53   2   4   13      -0.272048646994
53   2   5   11       0.079013452761
53   2   6   11      -0.433187859084
53   8   6   13       0.073688063731
54   0   5   12      -0.134728839425
54   0   5   13       0.441263442488
54   0   6   12       0.272807134555
54   0   6   13       0.134728839261
54   1   5   12       0.790169124688
54   1   5   13       0.134728856436
54   1   6   12       0.134728856382
54   1   6   13       0.076098540886
54   2   4   12      -0.272048646978
54   2   5   11      -0.433187859050
54   2   6   11      -0.079013452763
54   7   5   12      -0.073688063726
55   0   4   12       0.079013452763
55   0   4   13      -0.433187859001
55   0   6   11      -0.272048646973
55   1   4   12      -0.433187858996
55   1   4   13      -0.079013452750
55   1   5   11      -0.272048646968
55   2   4   11       0.722494132096
55   6   4   11       0.060918012039
59   2   4   11       0.060918012039
60   1   5   12      -0.073688063724
61   0   6   13       0.073688063730
53   0   12   5      -0.076098540886
53   0   12   6       0.134728856419
53   0   13   5       0.134728856430
53   0   13   6      -0.790169124758
53   1   12   5       0.134728839249
53   1   12   6      -0.441263442655
53   1   13   5      -0.272807134367
53   1   13   6      -0.134728839406
53   2   11   5      -0.079013452761
53   2   11   6       0.433187859084
53   2   13   4       0.272048646994
53   8   13   6      -0.073688063731
54   0   12   5       0.134728839425
54   0   12   6      -0.272807134555
54   0   13   5      -0.441263442488
54   0   13   6      -0.134728839261
54   1   12   5      -0.790169124688
54   1   12   6      -0.134728856382
54   1   13   5      -0.134728856436
54   1   13   6      -0.076098540886
54   2   11   5       0.433187859050
54   2   11   6       0.079013452763
54   2   12   4       0.272048646978
54   7   12   5       0.073688063726
55   0   11   6       0.272048646973
55   0   12   4      -0.079013452763
55   0   13   4       0.433187859001
55   1   11   5       0.272048646968
55   1   12   4       0.433187858996
55   1   13   4       0.079013452750
55   2   11   4      -0.722494132096
55   6   11   4      -0.060918012039
59   2   11   4      -0.060918012039
60   1   12   5       0.073688063724
61   0   13   6      -0.073688063730
53   54   12   13      -0.168456308566
53   54   13   12       0.168456308573
53   55   11   13       0.161139212070
53   55   13   11      -0.161139212029
54   53   12   13       0.168456308566
54   53   13   12      -0.168456308573
54   55   11   12       0.161139212066
54   55   12   11      -0.161139212040
55   53   11   13      -0.161139212070
55   53   13   11       0.161139212029
55   54   11   12      -0.161139212066
55   54   12   11       0.161139212040

