Begin IJ Block
1   1   -26.1004188490
1   2   -0.0000000415
1   3   -0.4767231640
1   4   -0.0000142943
1   5   -0.0699822083
2   2   -26.1005894989
2   3   0.0000137450
2   4   -0.4956171474
2   5   0.0000020215
3   3   -7.0335267286
3   4   -0.0000000214
3   5   0.2485400337
4   4   -6.9664877852
4   5   -0.0000000141
5   5   -6.5396707723
6   6   -6.4399215480
6   7   0.0000000030
7   7   -6.4399215679

End IJ Block
Begin IA Block
1   3   -0.0000024266
2   3   -0.0840149420
3   3   -0.0000000163
4   3   -0.4387237004
5   3   0.0000000177
6   1   -0.0000000151
6   2   -0.0000000004
7   1   0.0000000004
7   2   -0.0000000151

End IA Block
Begin AB Block
1   1   -6.2739370960
1   2   -0.0000000006
2   2   -6.2739370925
3   3   -6.4966359086

End AB Block
Begin IJAB Block
1   8   1   4   0.0135918737
1   8   1   5   0.0000000000
1   8   2   4   0.0000000000
1   8   2   5   0.0135918736
1   8   3   6   0.0169094825
1   9   1   4   0.0000000011
1   9   2   5   0.0000000011
1   9   3   6   0.0000000029
1   10   1   4   -0.0138000495
1   10   1   5   0.0000000000
1   10   2   4   0.0000000000
1   10   2   5   -0.0138000495
1   10   3   6   -0.0142660921
1   11   1   4   -0.0000004297
1   11   2   5   -0.0000004297
1   11   3   6   -0.0000004409
1   12   1   4   -0.0020448739
1   12   2   5   -0.0020448739
1   12   3   6   -0.0011787384
1   13   1   6   -0.0035717317
1   13   2   6   -0.0001003422
1   13   3   4   0.0022138116
1   13   3   5   0.0000621936
1   14   1   6   0.0001003422
1   14   2   6   -0.0035717318
1   14   3   4   -0.0000621935
1   14   3   5   0.0022138114
2   8   1   4   0.0000000011
2   8   2   5   0.0000000011
2   8   3   6   0.0000000029
2   9   1   4   0.0136390189
2   9   1   5   0.0000000000
2   9   2   4   0.0000000000
2   9   2   5   0.0136390188
2   9   3   6   0.0170213644
2   10   1   4   0.0000003982
2   10   2   5   0.0000003982
2   10   3   6   0.0000004114
2   11   1   4   -0.0149124831
2   11   1   5   0.0000000000
2   11   2   4   0.0000000000
2   11   2   5   -0.0149124832
2   11   3   6   -0.0152910583
2   12   1   4   0.0000000591
2   12   2   5   0.0000000591
2   12   3   6   0.0000000342
2   13   1   6   0.0000001031
2   13   2   6   0.0000000029
2   13   3   4   -0.0000000639
2   13   3   5   -0.0000000018
2   14   1   6   -0.0000000029
2   14   2   6   0.0000001031
2   14   3   4   0.0000000018
2   14   3   5   -0.0000000639
3   8   1   4   -0.0138000495
3   8   1   5   0.0000000000
3   8   2   4   0.0000000000
3   8   2   5   -0.0138000495
3   8   3   6   -0.0142660921
3   9   1   4   0.0000003982
3   9   2   5   0.0000003982
3   9   3   6   0.0000004114
3   10   1   4   0.0588355152
3   10   1   5   0.0000000002
3   10   2   4   0.0000000002
3   10   2   5   0.0588355141
3   10   3   6   0.0661548656
3   11   1   4   -0.0000000014
3   11   2   5   -0.0000000014
3   11   3   6   -0.0000000006
3   12   1   4   0.0092625438
3   12   1   5   -0.0000000002
3   12   2   4   -0.0000000002
3   12   2   5   0.0092625450
3   12   3   6   -0.0260445983
3   13   1   6   0.0143800772
3   13   2   6   0.0004039859
3   13   3   4   0.0276097212
3   13   3   5   0.0007756520
3   14   1   6   -0.0004039855
3   14   2   6   0.0143800759
3   14   3   4   -0.0007756517
3   14   3   5   0.0276097204
4   8   1   4   -0.0000004297
4   8   2   5   -0.0000004297
4   8   3   6   -0.0000004409
4   9   1   4   -0.0149124831
4   9   1   5   0.0000000000
4   9   2   4   0.0000000000
4   9   2   5   -0.0149124832
4   9   3   6   -0.0152910583
4   10   1   4   -0.0000000014
4   10   2   5   -0.0000000014
4   10   3   6   -0.0000000006
4   11   1   4   0.0679103822
4   11   1   5   0.0000000002
4   11   2   4   0.0000000002
4   11   2   5   0.0679103813
4   11   3   6   0.0662856008
4   12   1   4   -0.0000000006
4   12   2   5   -0.0000000006
4   12   3   6   0.0000000007
4   13   1   6   -0.0000000003
4   13   2   6   -0.0000000000
4   13   3   4   -0.0000000007
4   13   3   5   -0.0000000000
4   14   1   6   0.0000000000
4   14   2   6   -0.0000000003
4   14   3   4   0.0000000000
4   14   3   5   -0.0000000007
5   8   1   4   -0.0020448739
5   8   2   5   -0.0020448739
5   8   3   6   -0.0011787384
5   9   1   4   0.0000000591
5   9   2   5   0.0000000591
5   9   3   6   0.0000000342
5   10   1   4   0.0092625438
5   10   1   5   -0.0000000002
5   10   2   4   -0.0000000002
5   10   2   5   0.0092625450
5   10   3   6   -0.0260445983
5   11   1   4   -0.0000000006
5   11   2   5   -0.0000000006
5   11   3   6   0.0000000007
5   12   1   4   0.0224773920
5   12   1   5   0.0000000000
5   12   2   4   0.0000000000
5   12   2   5   0.0224773919
5   12   3   6   0.1892047746
5   13   1   6   -0.0179061730
5   13   2   6   -0.0005030460
5   13   3   4   -0.1607944914
5   13   3   5   -0.0045172693
5   14   1   6   0.0005030458
5   14   2   6   -0.0179061725
5   14   3   4   0.0045172692
5   14   3   5   -0.1607944910
6   8   1   6   0.0022138116
6   8   2   6   0.0000621936
6   8   3   4   -0.0035717317
6   8   3   5   -0.0001003422
6   9   1   6   -0.0000000639
6   9   2   6   -0.0000000018
6   9   3   4   0.0000001031
6   9   3   5   0.0000000029
6   10   1   6   0.0276097212
6   10   2   6   0.0007756520
6   10   3   4   0.0143800772
6   10   3   5   0.0004039859
6   11   1   6   -0.0000000007
6   11   2   6   -0.0000000000
6   11   3   4   -0.0000000003
6   11   3   5   -0.0000000000
6   12   1   6   -0.1607944914
6   12   2   6   -0.0045172693
6   12   3   4   -0.0179061730
6   12   3   5   -0.0005030460
6   13   1   4   0.2187463507
6   13   1   5   0.0054902040
6   13   2   4   0.0054902040
6   13   2   5   0.0234739185
6   13   3   6   0.0245634022
6   14   1   4   -0.0054902086
6   14   1   5   0.1736170983
6   14   2   4   0.0216553464
6   14   2   5   0.0054902083
6   14   3   6   -0.0000000000
7   8   1   6   -0.0000621935
7   8   2   6   0.0022138114
7   8   3   4   0.0001003422
7   8   3   5   -0.0035717318
7   9   1   6   0.0000000018
7   9   2   6   -0.0000000639
7   9   3   4   -0.0000000029
7   9   3   5   0.0000001031
7   10   1   6   -0.0007756517
7   10   2   6   0.0276097204
7   10   3   4   -0.0004039855
7   10   3   5   0.0143800759
7   11   1   6   0.0000000000
7   11   2   6   -0.0000000007
7   11   3   4   0.0000000000
7   11   3   5   -0.0000000003
7   12   1   6   0.0045172692
7   12   2   6   -0.1607944910
7   12   3   4   0.0005030458
7   12   3   5   -0.0179061725
7   13   1   4   -0.0054902086
7   13   1   5   0.0216553464
7   13   2   4   0.1736170983
7   13   2   5   0.0054902083
7   13   3   6   -0.0000000000
7   14   1   4   0.0234739184
7   14   1   5   -0.0054902044
7   14   2   4   -0.0054902044
7   14   2   5   0.2187463529
7   14   3   6   0.0245634025

End IJAB Block
Begin IJKL Block
1   8   1   8   2.1799812920
1   8   1   9   0.0001120016
1   8   1   10   0.1967668678
1   8   1   11   0.0000177376
1   8   1   12   0.0234908128
1   8   2   8   0.0001120016
1   8   2   9   1.9395271412
1   8   2   10   0.0000056999
1   8   2   11   0.2047084998
1   8   2   12   0.0000005647
1   8   3   8   0.1967668678
1   8   3   9   0.0000056999
1   8   3   10   0.0284118686
1   8   3   11   0.0000016952
1   8   3   12   0.0026784658
1   8   4   8   0.0000177376
1   8   4   9   0.2047084998
1   8   4   10   0.0000016952
1   8   4   11   0.0309511418
1   8   4   12   0.0000002605
1   8   5   8   0.0234908128
1   8   5   9   0.0000005647
1   8   5   10   0.0026784658
1   8   5   11   0.0000002605
1   8   5   12   0.0113655269
1   8   6   13   0.0119122179
1   8   6   14   -0.0000000000
1   8   7   13   -0.0000000000
1   8   7   14   0.0119122181
1   9   1   8   0.0001120016
1   9   1   9   2.1800517254
1   9   1   10   0.0000057098
1   9   1   11   0.2051513018
1   9   1   12   0.0000004522
1   9   2   8   1.9395250565
1   9   2   9   -0.0001119973
1   9   2   10   0.1971275900
1   9   2   11   -0.0000059174
1   9   2   12   0.0195826390
1   9   3   8   0.0000057000
1   9   3   9   0.1967869185
1   9   3   10   0.0000000016
1   9   3   11   0.0293512661
1   9   3   12   0.0000000005
1   9   4   8   0.2047084138
1   9   4   9   -0.0000059046
1   9   4   10   0.0293624628
1   9   4   11   -0.0000000017
1   9   4   12   0.0045048835
1   9   5   8   0.0000005648
1   9   5   9   0.0234833459
1   9   5   10   0.0000000005
1   9   5   11   0.0045237623
1   9   5   12   -0.0000000039
1   9   6   13   -0.0000000021
1   9   7   14   -0.0000000021
1   10   1   8   0.1967668678
1   10   1   9   0.0000057098
1   10   1   10   0.6032699986
1   10   1   11   0.0000210383
1   10   1   12   -0.0101221348
1   10   2   8   0.0000057000
1   10   2   9   0.1971302988
1   10   2   10   0.0000000265
1   10   2   11   0.3643056033
1   10   2   12   0.0000000029
1   10   3   8   0.0305822182
1   10   3   9   0.0000000023
1   10   3   10   0.0079197044
1   10   3   11   0.0000002557
1   10   3   12   0.0014295763
1   10   4   8   0.0000018245
1   10   4   9   0.0315934098
1   10   4   10   0.0000002650
1   10   4   11   0.0088148005
1   10   4   12   -0.0000000232
1   10   5   8   0.0026912438
1   10   5   9   0.0000000004
1   10   5   10   0.0046960276
1   10   5   11   -0.0000000465
1   10   5   12   -0.0137797311
1   10   6   13   -0.0138879041
1   10   6   14   0.0000000000
1   10   7   13   0.0000000000
1   10   7   14   -0.0138879042
1   11   1   8   0.0000177376
1   11   1   9   0.2051513018
1   11   1   10   0.0000210383
1   11   1   11   0.6129869280
1   11   1   12   0.0000056090
1   11   2   8   0.2047084138
1   11   2   9   -0.0000059174
1   11   2   10   0.3643158075
1   11   2   11   -0.0000000250
1   11   2   12   0.0971257976
1   11   3   8   0.0000018245
1   11   3   9   0.0315921116
1   11   3   10   0.0000002609
1   11   3   11   0.0093119176
1   11   3   12   0.0000000683
1   11   4   8   0.0333518895
1   11   4   9   -0.0000000018
1   11   4   10   0.0086692518
1   11   4   11   0.0000002615
1   11   4   12   0.0003413299
1   11   5   8   0.0000002805
1   11   5   9   0.0048690524
1   11   5   10   -0.0000000488
1   11   5   11   -0.0004471522
1   11   5   12   -0.0000003698
1   11   6   13   -0.0000003918
1   11   7   14   -0.0000003918
1   12   1   8   0.0234908128
1   12   1   9   0.0000004522
1   12   1   10   -0.0101221348
1   12   1   11   0.0000056090
1   12   1   12   0.5848628341
1   12   2   8   0.0000005648
1   12   2   9   0.0195829048
1   12   2   10   0.0000000029
1   12   2   11   0.0971259548
1   12   2   12   0.0000000043
1   12   3   8   0.0026912438
1   12   3   9   0.0000000004
1   12   3   10   0.0015094223
1   12   3   11   0.0000000710
1   12   3   12   0.0057115361
1   12   4   8   0.0000002805
1   12   4   9   0.0048496976
1   12   4   10   -0.0000000218
1   12   4   11   0.0003023144
1   12   4   12   0.0000001748
1   12   5   8   0.0136764734
1   12   5   9   -0.0000000033
1   12   5   10   -0.0143937974
1   12   5   11   -0.0000003886
1   12   5   12   0.0009221262
1   12   6   13   -0.0011231294
1   12   6   14   -0.0000000000
1   12   7   13   -0.0000000000
1   12   7   14   -0.0011231293
1   13   1   13   0.5834486866
1   13   1   14   -0.0000000003
1   13   2   13   0.0000000061
1   13   3   13   0.0059052865
1   13   3   14   -0.0000000000
1   13   4   13   0.0000001866
1   13   5   13   0.0027828233
1   13   5   14   -0.0000000000
1   13   6   8   0.0143043886
1   13   6   9   -0.0000000017
1   13   6   10   -0.0145069791
1   13   6   11   -0.0000004123
1   13   6   12   -0.0012292304
1   13   7   10   0.0000000000
1   13   7   12   -0.0000000000
1   14   1   13   -0.0000000003
1   14   1   14   0.5834486888
1   14   2   14   0.0000000061
1   14   3   13   -0.0000000000
1   14   3   14   0.0059052866
1   14   4   14   0.0000001866
1   14   5   13   -0.0000000000
1   14   5   14   0.0027828234
1   14   6   10   0.0000000000
1   14   6   12   -0.0000000000
1   14   7   8   0.0143043886
1   14   7   9   -0.0000000017
1   14   7   10   -0.0145069792
1   14   7   11   -0.0000004123
1   14   7   12   -0.0012292303
2   8   1   8   0.0001120016
2   8   1   9   1.9395250565
2   8   1   10   0.0000057000
2   8   1   11   0.2047084138
2   8   1   12   0.0000005648
2   8   2   8   2.1800517254
2   8   2   9   -0.0001119973
2   8   2   10   0.1967869185
2   8   2   11   -0.0000059046
2   8   2   12   0.0234833459
2   8   3   8   0.0000057098
2   8   3   9   0.1971275900
2   8   3   10   0.0000000016
2   8   3   11   0.0293624628
2   8   3   12   0.0000000005
2   8   4   8   0.2051513018
2   8   4   9   -0.0000059174
2   8   4   10   0.0293512661
2   8   4   11   -0.0000000017
2   8   4   12   0.0045237623
2   8   5   8   0.0000004522
2   8   5   9   0.0195826390
2   8   5   10   0.0000000005
2   8   5   11   0.0045048835
2   8   5   12   -0.0000000039
2   8   6   13   -0.0000000021
2   8   7   14   -0.0000000021
2   9   1   8   1.9395271412
2   9   1   9   -0.0001119973
2   9   1   10   0.1971302988
2   9   1   11   -0.0000059174
2   9   1   12   0.0195829048
2   9   2   8   -0.0001119973
2   9   2   9   2.1801280348
2   9   2   10   -0.0000170575
2   9   2   11   0.2051492898
2   9   2   12   -0.0000018093
2   9   3   8   0.1971302988
2   9   3   9   -0.0000170575
2   9   3   10   0.0283972815
2   9   3   11   -0.0000016953
2   9   3   12   0.0026889534
2   9   4   8   -0.0000059174
2   9   4   9   0.2051492898
2   9   4   10   -0.0000016953
2   9   4   11   0.0309705026
2   9   4   12   -0.0000002608
2   9   5   8   0.0195829048
2   9   5   9   -0.0000018093
2   9   5   10   0.0026889534
2   9   5   11   -0.0000002608
2   9   5   12   0.0112342334
2   9   6   13   0.0118373933
2   9   6   14   -0.0000000000
2   9   7   13   -0.0000000000
2   9   7   14   0.0118373935
2   10   1   8   0.0000056999
2   10   1   9   0.1971275900
2   10   1   10   0.0000000265
2   10   1   11   0.3643158075
2   10   1   12   0.0000000029
2   10   2   8   0.1967869185
2   10   2   9   -0.0000170575
2   10   2   10   0.6032566853
2   10   2   11   -0.0000210365
2   10   2   12   -0.0101117550
2   10   3   8   0.0000000023
2   10   3   9   0.0305809655
2   10   3   10   -0.0000002277
2   10   3   11   0.0088438973
2   10   3   12   -0.0000000412
2   10   4   8   0.0315921116
2   10   4   9   -0.0000018242
2   10   4   10   0.0091659109
2   10   4   11   -0.0000002549
2   10   4   12   -0.0008000296
2   10   5   8   0.0000000004
2   10   5   9   0.0027011032
2   10   5   10   -0.0000001357
2   10   5   11   -0.0016019303
2   10   5   12   0.0000003971
2   10   6   13   0.0000004003
2   10   7   14   0.0000004003
2   11   1   8   0.2047084998
2   11   1   9   -0.0000059174
2   11   1   10   0.3643056033
2   11   1   11   -0.0000000250
2   11   1   12   0.0971259548
2   11   2   8   -0.0000059046
2   11   2   9   0.2051492898
2   11   2   10   -0.0000210365
2   11   2   11   0.6130078109
2   11   2   12   -0.0000056082
2   11   3   8   0.0315934098
2   11   3   9   -0.0000018242
2   11   3   10   0.0090241521
2   11   3   11   -0.0000002692
2   11   3   12   0.0023661323
2   11   4   8   -0.0000000018
2   11   4   9   0.0333641578
2   11   4   10   -0.0000002506
2   11   4   11   0.0090914721
2   11   4   12   -0.0000000100
2   11   5   8   0.0048496976
2   11   5   9   -0.0000002807
2   11   5   10   -0.0016806065
2   11   5   11   0.0000000129
2   11   5   12   -0.0128172372
2   11   6   13   -0.0135826198
2   11   6   14   0.0000000000
2   11   7   13   0.0000000000
2   11   7   14   -0.0135826198
2   12   1   8   0.0000005647
2   12   1   9   0.0195826390
2   12   1   10   0.0000000029
2   12   1   11   0.0971257976
2   12   1   12   0.0000000043
2   12   2   8   0.0234833459
2   12   2   9   -0.0000018093
2   12   2   10   -0.0101117550
2   12   2   11   -0.0000056082
2   12   2   12   0.5848626485
2   12   3   8   0.0000000004
2   12   3   9   0.0027011032
2   12   3   10   -0.0000000435
2   12   3   11   0.0024586451
2   12   3   12   -0.0000001646
2   12   4   8   0.0048690524
2   12   4   9   -0.0000002807
2   12   4   10   -0.0007539118
2   12   4   11   -0.0000000088
2   12   4   12   0.0060595665
2   12   5   8   -0.0000000033
2   12   5   9   0.0135524085
2   12   5   10   0.0000004148
2   12   5   11   -0.0134672684
2   12   5   12   -0.0000000265
2   12   6   13   0.0000000325
2   12   7   14   0.0000000325
2   13   1   13   0.0000000061
2   13   2   13   0.5834475906
2   13   2   14   -0.0000000003
2   13   3   13   -0.0000001702
2   13   4   13   0.0064654257
2   13   4   14   -0.0000000000
2   13   5   13   -0.0000000804
2   13   6   8   -0.0000000017
2   13   6   9   0.0142367642
2   13   6   10   0.0000004182
2   13   6   11   -0.0142906521
2   13   6   12   0.0000000355
2   13   7   9   0.0000000000
2   13   7   11   0.0000000000
2   14   1   14   0.0000000061
2   14   2   13   -0.0000000003
2   14   2   14   0.5834475928
2   14   3   14   -0.0000001702
2   14   4   13   -0.0000000000
2   14   4   14   0.0064654258
2   14   5   14   -0.0000000804
2   14   6   9   0.0000000000
2   14   6   11   0.0000000000
2   14   7   8   -0.0000000017
2   14   7   9   0.0142367642
2   14   7   10   0.0000004182
2   14   7   11   -0.0142906521
2   14   7   12   0.0000000355
3   8   1   8   0.1967668678
3   8   1   9   0.0000057000
3   8   1   10   0.0305822182
3   8   1   11   0.0000018245
3   8   1   12   0.0026912438
3   8   2   8   0.0000057098
3   8   2   9   0.1971302988
3   8   2   10   0.0000000023
3   8   2   11   0.0315934098
3   8   2   12   0.0000000004
3   8   3   8   0.6032699986
3   8   3   9   0.0000000265
3   8   3   10   0.0079197044
3   8   3   11   0.0000002650
3   8   3   12   0.0046960276
3   8   4   8   0.0000210383
3   8   4   9   0.3643056033
3   8   4   10   0.0000002557
3   8   4   11   0.0088148005
3   8   4   12   -0.0000000465
3   8   5   8   -0.0101221348
3   8   5   9   0.0000000029
3   8   5   10   0.0014295763
3   8   5   11   -0.0000000232
3   8   5   12   -0.0137797311
3   8   6   13   -0.0138879041
3   8   6   14   0.0000000000
3   8   7   13   0.0000000000
3   8   7   14   -0.0138879042
3   9   1   8   0.0000056999
3   9   1   9   0.1967869185
3   9   1   10   0.0000000023
3   9   1   11   0.0315921116
3   9   1   12   0.0000000004
3   9   2   8   0.1971275900
3   9   2   9   -0.0000170575
3   9   2   10   0.0305809655
3   9   2   11   -0.0000018242
3   9   2   12   0.0027011032
3   9   3   8   0.0000000265
3   9   3   9   0.6032566853
3   9   3   10   -0.0000002277
3   9   3   11   0.0091659109
3   9   3   12   -0.0000001357
3   9   4   8   0.3643158075
3   9   4   9   -0.0000210365
3   9   4   10   0.0088438973
3   9   4   11   -0.0000002549
3   9   4   12   -0.0016019303
3   9   5   8   0.0000000029
3   9   5   9   -0.0101117550
3   9   5   10   -0.0000000412
3   9   5   11   -0.0008000296
3   9   5   12   0.0000003971
3   9   6   13   0.0000004003
3   9   7   14   0.0000004003
3   10   1   8   0.0284118686
3   10   1   9   0.0000000016
3   10   1   10   0.0079197044
3   10   1   11   0.0000002609
3   10   1   12   0.0015094223
3   10   2   8   0.0000000016
3   10   2   9   0.0283972815
3   10   2   10   -0.0000002277
3   10   2   11   0.0090241521
3   10   2   12   -0.0000000435
3   10   3   8   0.0079197044
3   10   3   9   -0.0000002277
3   10   3   10   0.4632505564
3   10   3   11   0.0000000158
3   10   3   12   -0.0296295555
3   10   4   8   0.0000002609
3   10   4   9   0.0090241521
3   10   4   10   0.0000000158
3   10   4   11   0.2129222620
3   10   4   12   0.0000000031
3   10   5   8   0.0015094223
3   10   5   9   -0.0000000435
3   10   5   10   -0.0296295555
3   10   5   11   0.0000000031
3   10   5   12   0.0706630746
3   10   6   13   0.0621935786
3   10   6   14   -0.0000000002
3   10   7   13   -0.0000000002
3   10   7   14   0.0621935796
3   11   1   8   0.0000016952
3   11   1   9   0.0293512661
3   11   1   10   0.0000002557
3   11   1   11   0.0093119176
3   11   1   12   0.0000000710
3   11   2   8   0.0293624628
3   11   2   9   -0.0000016953
3   11   2   10   0.0088438973
3   11   2   11   -0.0000002692
3   11   2   12   0.0024586451
3   11   3   8   0.0000002650
3   11   3   9   0.0091659109
3   11   3   10   0.0000000158
3   11   3   11   0.4531752064
3   11   3   12   0.0000000058
3   11   4   8   0.0086692518
3   11   4   9   -0.0000002506
3   11   4   10   0.2146083418
3   11   4   11   -0.0000000144
3   11   4   12   0.0669159450
3   11   5   8   -0.0000000218
3   11   5   9   -0.0007539118
3   11   5   10   0.0000000030
3   11   5   11   -0.0002291898
3   11   5   12   0.0000000009
3   11   6   13   0.0000000002
3   11   7   14   0.0000000002
3   12   1   8   0.0026784658
3   12   1   9   0.0000000005
3   12   1   10   0.0014295763
3   12   1   11   0.0000000683
3   12   1   12   0.0057115361
3   12   2   8   0.0000000005
3   12   2   9   0.0026889534
3   12   2   10   -0.0000000412
3   12   2   11   0.0023661323
3   12   2   12   -0.0000001646
3   12   3   8   0.0046960276
3   12   3   9   -0.0000001357
3   12   3   10   -0.0296295555
3   12   3   11   0.0000000058
3   12   3   12   0.4493214029
3   12   4   8   -0.0000000488
3   12   4   9   -0.0016806065
3   12   4   10   0.0000000030
3   12   4   11   0.0674342614
3   12   4   12   0.0000000023
3   12   5   8   -0.0143937974
3   12   5   9   0.0000004148
3   12   5   10   0.0720047833
3   12   5   11   0.0000000005
3   12   5   12   -0.0190859478
3   12   6   13   0.0015075146
3   12   6   14   0.0000000001
3   12   7   13   0.0000000001
3   12   7   14   0.0015075140
3   13   1   13   0.0059052865
3   13   1   14   -0.0000000000
3   13   2   13   -0.0000001702
3   13   3   13   0.4416907840
3   13   3   14   -0.0000000003
3   13   4   13   0.0000000035
3   13   5   13   -0.0194450527
3   13   5   14   0.0000000002
3   13   6   8   -0.0145069791
3   13   6   9   0.0000004182
3   13   6   10   0.0639351313
3   13   6   11   0.0000000000
3   13   6   12   0.0008726243
3   13   7   8   0.0000000000
3   13   7   10   -0.0000000001
3   13   7   12   0.0000000001
3   14   1   13   -0.0000000000
3   14   1   14   0.0059052866
3   14   2   14   -0.0000001702
3   14   3   13   -0.0000000003
3   14   3   14   0.4416907859
3   14   4   14   0.0000000035
3   14   5   13   0.0000000002
3   14   5   14   -0.0194450540
3   14   6   8   0.0000000000
3   14   6   10   -0.0000000001
3   14   6   12   0.0000000001
3   14   7   8   -0.0145069792
3   14   7   9   0.0000004182
3   14   7   10   0.0639351319
3   14   7   11   0.0000000000
3   14   7   12   0.0008726238
4   8   1   8   0.0000177376
4   8   1   9   0.2047084138
4   8   1   10   0.0000018245
4   8   1   11   0.0333518895
4   8   1   12   0.0000002805
4   8   2   8   0.2051513018
4   8   2   9   -0.0000059174
4   8   2   10   0.0315921116
4   8   2   11   -0.0000000018
4   8   2   12   0.0048690524
4   8   3   8   0.0000210383
4   8   3   9   0.3643158075
4   8   3   10   0.0000002609
4   8   3   11   0.0086692518
4   8   3   12   -0.0000000488
4   8   4   8   0.6129869280
4   8   4   9   -0.0000000250
4   8   4   10   0.0093119176
4   8   4   11   0.0000002615
4   8   4   12   -0.0004471522
4   8   5   8   0.0000056090
4   8   5   9   0.0971257976
4   8   5   10   0.0000000683
4   8   5   11   0.0003413299
4   8   5   12   -0.0000003698
4   8   6   13   -0.0000003918
4   8   7   14   -0.0000003918
4   9   1   8   0.2047084998
4   9   1   9   -0.0000059046
4   9   1   10   0.0315934098
4   9   1   11   -0.0000000018
4   9   1   12   0.0048496976
4   9   2   8   -0.0000059174
4   9   2   9   0.2051492898
4   9   2   10   -0.0000018242
4   9   2   11   0.0333641578
4   9   2   12   -0.0000002807
4   9   3   8   0.3643056033
4   9   3   9   -0.0000210365
4   9   3   10   0.0090241521
4   9   3   11   -0.0000002506
4   9   3   12   -0.0016806065
4   9   4   8   -0.0000000250
4   9   4   9   0.6130078109
4   9   4   10   -0.0000002692
4   9   4   11   0.0090914721
4   9   4   12   0.0000000129
4   9   5   8   0.0971259548
4   9   5   9   -0.0000056082
4   9   5   10   0.0023661323
4   9   5   11   -0.0000000100
4   9   5   12   -0.0128172372
4   9   6   13   -0.0135826198
4   9   6   14   0.0000000000
4   9   7   13   0.0000000000
4   9   7   14   -0.0135826198
4   10   1   8   0.0000016952
4   10   1   9   0.0293624628
4   10   1   10   0.0000002650
4   10   1   11   0.0086692518
4   10   1   12   -0.0000000218
4   10   2   8   0.0293512661
4   10   2   9   -0.0000016953
4   10   2   10   0.0091659109
4   10   2   11   -0.0000002506
4   10   2   12   -0.0007539118
4   10   3   8   0.0000002557
4   10   3   9   0.0088438973
4   10   3   10   0.0000000158
4   10   3   11   0.2146083418
4   10   3   12   0.0000000030
4   10   4   8   0.0093119176
4   10   4   9   -0.0000002692
4   10   4   10   0.4531752064
4   10   4   11   -0.0000000144
4   10   4   12   -0.0002291898
4   10   5   8   0.0000000710
4   10   5   9   0.0024586451
4   10   5   10   0.0000000058
4   10   5   11   0.0669159450
4   10   5   12   0.0000000009
4   10   6   13   0.0000000002
4   10   7   14   0.0000000002
4   11   1   8   0.0309511418
4   11   1   9   -0.0000000017
4   11   1   10   0.0088148005
4   11   1   11   0.0000002615
4   11   1   12   0.0003023144
4   11   2   8   -0.0000000017
4   11   2   9   0.0309705026
4   11   2   10   -0.0000002549
4   11   2   11   0.0090914721
4   11   2   12   -0.0000000088
4   11   3   8   0.0088148005
4   11   3   9   -0.0000002549
4   11   3   10   0.2129222620
4   11   3   11   -0.0000000144
4   11   3   12   0.0674342614
4   11   4   8   0.0000002615
4   11   4   9   0.0090914721
4   11   4   10   -0.0000000144
4   11   4   11   0.4605804020
4   11   4   12   -0.0000000044
4   11   5   8   0.0003023144
4   11   5   9   -0.0000000088
4   11   5   10   0.0674342614
4   11   5   11   -0.0000000044
4   11   5   12   0.0695954618
4   11   6   13   0.0561825790
4   11   6   14   -0.0000000000
4   11   7   13   -0.0000000000
4   11   7   14   0.0561825792
4   12   1   8   0.0000002605
4   12   1   9   0.0045048835
4   12   1   10   -0.0000000232
4   12   1   11   0.0003413299
4   12   1   12   0.0000001748
4   12   2   8   0.0045237623
4   12   2   9   -0.0000002608
4   12   2   10   -0.0008000296
4   12   2   11   -0.0000000100
4   12   2   12   0.0060595665
4   12   3   8   -0.0000000465
4   12   3   9   -0.0016019303
4   12   3   10   0.0000000031
4   12   3   11   0.0669159450
4   12   3   12   0.0000000023
4   12   4   8   -0.0004471522
4   12   4   9   0.0000000129
4   12   4   10   -0.0002291898
4   12   4   11   -0.0000000044
4   12   4   12   0.4430680916
4   12   5   8   -0.0000003886
4   12   5   9   -0.0134672684
4   12   5   10   0.0000000005
4   12   5   11   0.0704778904
4   12   5   12   0.0000000014
4   12   6   13   0.0000000002
4   12   7   14   0.0000000002
4   13   1   13   0.0000001866
4   13   2   13   0.0064654257
4   13   2   14   -0.0000000000
4   13   3   13   0.0000000035
4   13   4   13   0.4363053681
4   13   4   14   -0.0000000001
4   13   5   13   0.0000000018
4   13   6   8   -0.0000004123
4   13   6   9   -0.0142906521
4   13   6   10   0.0000000000
4   13   6   11   0.0557264188
4   13   6   12   0.0000000002
4   13   7   9   0.0000000000
4   13   7   11   0.0000000001
4   14   1   14   0.0000001866
4   14   2   13   -0.0000000000
4   14   2   14   0.0064654258
4   14   3   14   0.0000000035
4   14   4   13   -0.0000000001
4   14   4   14   0.4363053691
4   14   5   14   0.0000000018
4   14   6   9   0.0000000000
4   14   6   11   0.0000000001
4   14   7   8   -0.0000004123
4   14   7   9   -0.0142906521
4   14   7   10   0.0000000000
4   14   7   11   0.0557264183
4   14   7   12   0.0000000002
5   8   1   8   0.0234908128
5   8   1   9   0.0000005648
5   8   1   10   0.0026912438
5   8   1   11   0.0000002805
5   8   1   12   0.0136764734
5   8   2   8   0.0000004522
5   8   2   9   0.0195829048
5   8   2   10   0.0000000004
5   8   2   11   0.0048496976
5   8   2   12   -0.0000000033
5   8   3   8   -0.0101221348
5   8   3   9   0.0000000029
5   8   3   10   0.0015094223
5   8   3   11   -0.0000000218
5   8   3   12   -0.0143937974
5   8   4   8   0.0000056090
5   8   4   9   0.0971259548
5   8   4   10   0.0000000710
5   8   4   11   0.0003023144
5   8   4   12   -0.0000003886
5   8   5   8   0.5848628341
5   8   5   9   0.0000000043
5   8   5   10   0.0057115361
5   8   5   11   0.0000001748
5   8   5   12   0.0009221262
5   8   6   13   -0.0011231294
5   8   6   14   -0.0000000000
5   8   7   13   -0.0000000000
5   8   7   14   -0.0011231293
5   9   1   8   0.0000005647
5   9   1   9   0.0234833459
5   9   1   10   0.0000000004
5   9   1   11   0.0048690524
5   9   1   12   -0.0000000033
5   9   2   8   0.0195826390
5   9   2   9   -0.0000018093
5   9   2   10   0.0027011032
5   9   2   11   -0.0000002807
5   9   2   12   0.0135524085
5   9   3   8   0.0000000029
5   9   3   9   -0.0101117550
5   9   3   10   -0.0000000435
5   9   3   11   -0.0007539118
5   9   3   12   0.0000004148
5   9   4   8   0.0971257976
5   9   4   9   -0.0000056082
5   9   4   10   0.0024586451
5   9   4   11   -0.0000000088
5   9   4   12   -0.0134672684
5   9   5   8   0.0000000043
5   9   5   9   0.5848626485
5   9   5   10   -0.0000001646
5   9   5   11   0.0060595665
5   9   5   12   -0.0000000265
5   9   6   13   0.0000000325
5   9   7   14   0.0000000325
5   10   1   8   0.0026784658
5   10   1   9   0.0000000005
5   10   1   10   0.0046960276
5   10   1   11   -0.0000000488
5   10   1   12   -0.0143937974
5   10   2   8   0.0000000005
5   10   2   9   0.0026889534
5   10   2   10   -0.0000001357
5   10   2   11   -0.0016806065
5   10   2   12   0.0000004148
5   10   3   8   0.0014295763
5   10   3   9   -0.0000000412
5   10   3   10   -0.0296295555
5   10   3   11   0.0000000030
5   10   3   12   0.0720047833
5   10   4   8   0.0000000683
5   10   4   9   0.0023661323
5   10   4   10   0.0000000058
5   10   4   11   0.0674342614
5   10   4   12   0.0000000005
5   10   5   8   0.0057115361
5   10   5   9   -0.0000001646
5   10   5   10   0.4493214029
5   10   5   11   0.0000000023
5   10   5   12   -0.0190859478
5   10   6   13   0.0015075146
5   10   6   14   0.0000000001
5   10   7   13   0.0000000001
5   10   7   14   0.0015075140
5   11   1   8   0.0000002605
5   11   1   9   0.0045237623
5   11   1   10   -0.0000000465
5   11   1   11   -0.0004471522
5   11   1   12   -0.0000003886
5   11   2   8   0.0045048835
5   11   2   9   -0.0000002608
5   11   2   10   -0.0016019303
5   11   2   11   0.0000000129
5   11   2   12   -0.0134672684
5   11   3   8   -0.0000000232
5   11   3   9   -0.0008000296
5   11   3   10   0.0000000031
5   11   3   11   -0.0002291898
5   11   3   12   0.0000000005
5   11   4   8   0.0003413299
5   11   4   9   -0.0000000100
5   11   4   10   0.0669159450
5   11   4   11   -0.0000000044
5   11   4   12   0.0704778904
5   11   5   8   0.0000001748
5   11   5   9   0.0060595665
5   11   5   10   0.0000000023
5   11   5   11   0.4430680916
5   11   5   12   0.0000000014
5   11   6   13   0.0000000002
5   11   7   14   0.0000000002
5   12   1   8   0.0113655269
5   12   1   9   -0.0000000039
5   12   1   10   -0.0137797311
5   12   1   11   -0.0000003698
5   12   1   12   0.0009221262
5   12   2   8   -0.0000000039
5   12   2   9   0.0112342334
5   12   2   10   0.0000003971
5   12   2   11   -0.0128172372
5   12   2   12   -0.0000000265
5   12   3   8   -0.0137797311
5   12   3   9   0.0000003971
5   12   3   10   0.0706630746
5   12   3   11   0.0000000009
5   12   3   12   -0.0190859478
5   12   4   8   -0.0000003698
5   12   4   9   -0.0128172372
5   12   4   10   0.0000000009
5   12   4   11   0.0695954618
5   12   4   12   0.0000000014
5   12   5   8   0.0009221262
5   12   5   9   -0.0000000265
5   12   5   10   -0.0190859478
5   12   5   11   0.0000000014
5   12   5   12   0.4567492505
5   12   6   13   0.0138143047
5   12   6   14   0.0000000000
5   12   7   13   0.0000000000
5   12   7   14   0.0138143047
5   13   1   13   0.0027828233
5   13   1   14   -0.0000000000
5   13   2   13   -0.0000000804
5   13   3   13   -0.0194450527
5   13   3   14   0.0000000002
5   13   4   13   0.0000000018
5   13   5   13   0.4225326784
5   13   5   14   -0.0000000001
5   13   6   8   -0.0012292304
5   13   6   9   0.0000000355
5   13   6   10   0.0008726243
5   13   6   11   0.0000000002
5   13   6   12   0.0131260539
5   13   7   8   -0.0000000000
5   13   7   10   0.0000000001
5   13   7   12   0.0000000000
5   14   1   13   -0.0000000000
5   14   1   14   0.0027828234
5   14   2   14   -0.0000000804
5   14   3   13   0.0000000002
5   14   3   14   -0.0194450540
5   14   4   14   0.0000000018
5   14   5   13   -0.0000000001
5   14   5   14   0.4225326792
5   14   6   8   -0.0000000000
5   14   6   10   0.0000000001
5   14   6   12   0.0000000000
5   14   7   8   -0.0012292303
5   14   7   9   0.0000000355
5   14   7   10   0.0008726238
5   14   7   11   0.0000000002
5   14   7   12   0.0131260538
6   8   1   13   0.0143043886
6   8   2   13   -0.0000000017
6   8   3   13   -0.0145069791
6   8   3   14   0.0000000000
6   8   4   13   -0.0000004123
6   8   5   13   -0.0012292304
6   8   5   14   -0.0000000000
6   8   6   8   0.5834486866
6   8   6   9   0.0000000061
6   8   6   10   0.0059052865
6   8   6   11   0.0000001866
6   8   6   12   0.0027828233
6   8   7   8   -0.0000000003
6   8   7   10   -0.0000000000
6   8   7   12   -0.0000000000
6   9   1   13   -0.0000000017
6   9   2   13   0.0142367642
6   9   2   14   0.0000000000
6   9   3   13   0.0000004182
6   9   4   13   -0.0142906521
6   9   4   14   0.0000000000
6   9   5   13   0.0000000355
6   9   6   8   0.0000000061
6   9   6   9   0.5834475906
6   9   6   10   -0.0000001702
6   9   6   11   0.0064654257
6   9   6   12   -0.0000000804
6   9   7   9   -0.0000000003
6   9   7   11   -0.0000000000
6   10   1   13   -0.0145069791
6   10   1   14   0.0000000000
6   10   2   13   0.0000004182
6   10   3   13   0.0639351313
6   10   3   14   -0.0000000001
6   10   4   13   0.0000000000
6   10   5   13   0.0008726243
6   10   5   14   0.0000000001
6   10   6   8   0.0059052865
6   10   6   9   -0.0000001702
6   10   6   10   0.4416907840
6   10   6   11   0.0000000035
6   10   6   12   -0.0194450527
6   10   7   8   -0.0000000000
6   10   7   10   -0.0000000003
6   10   7   12   0.0000000002
6   11   1   13   -0.0000004123
6   11   2   13   -0.0142906521
6   11   2   14   0.0000000000
6   11   3   13   0.0000000000
6   11   4   13   0.0557264188
6   11   4   14   0.0000000001
6   11   5   13   0.0000000002
6   11   6   8   0.0000001866
6   11   6   9   0.0064654257
6   11   6   10   0.0000000035
6   11   6   11   0.4363053681
6   11   6   12   0.0000000018
6   11   7   9   -0.0000000000
6   11   7   11   -0.0000000001
6   12   1   13   -0.0012292304
6   12   1   14   -0.0000000000
6   12   2   13   0.0000000355
6   12   3   13   0.0008726243
6   12   3   14   0.0000000001
6   12   4   13   0.0000000002
6   12   5   13   0.0131260539
6   12   5   14   0.0000000000
6   12   6   8   0.0027828233
6   12   6   9   -0.0000000804
6   12   6   10   -0.0194450527
6   12   6   11   0.0000000018
6   12   6   12   0.4225326784
6   12   7   8   -0.0000000000
6   12   7   10   0.0000000002
6   12   7   12   -0.0000000001
6   13   1   8   0.0119122179
6   13   1   9   -0.0000000021
6   13   1   10   -0.0138879041
6   13   1   11   -0.0000003918
6   13   1   12   -0.0011231294
6   13   2   8   -0.0000000021
6   13   2   9   0.0118373933
6   13   2   10   0.0000004003
6   13   2   11   -0.0135826198
6   13   2   12   0.0000000325
6   13   3   8   -0.0138879041
6   13   3   9   0.0000004003
6   13   3   10   0.0621935786
6   13   3   11   0.0000000002
6   13   3   12   0.0015075146
6   13   4   8   -0.0000003918
6   13   4   9   -0.0135826198
6   13   4   10   0.0000000002
6   13   4   11   0.0561825790
6   13   4   12   0.0000000002
6   13   5   8   -0.0011231294
6   13   5   9   0.0000000325
6   13   5   10   0.0015075146
6   13   5   11   0.0000000002
6   13   5   12   0.0138143047
6   13   6   13   0.4412417192
6   13   6   14   -0.0000000020
6   13   7   13   -0.0000000020
6   13   7   14   0.0129935084
6   14   1   8   -0.0000000000
6   14   1   10   0.0000000000
6   14   1   12   -0.0000000000
6   14   2   9   -0.0000000000
6   14   2   11   0.0000000000
6   14   3   8   0.0000000000
6   14   3   10   -0.0000000002
6   14   3   12   0.0000000001
6   14   4   9   0.0000000000
6   14   4   11   -0.0000000000
6   14   5   8   -0.0000000000
6   14   5   10   0.0000000001
6   14   5   12   0.0000000000
6   14   6   13   -0.0000000020
6   14   6   14   0.4171659474
6   14   7   13   0.0110822759
6   14   7   14   0.0000000012
7   8   1   14   0.0143043886
7   8   2   14   -0.0000000017
7   8   3   13   0.0000000000
7   8   3   14   -0.0145069792
7   8   4   14   -0.0000004123
7   8   5   13   -0.0000000000
7   8   5   14   -0.0012292303
7   8   6   8   -0.0000000003
7   8   6   10   -0.0000000000
7   8   6   12   -0.0000000000
7   8   7   8   0.5834486888
7   8   7   9   0.0000000061
7   8   7   10   0.0059052866
7   8   7   11   0.0000001866
7   8   7   12   0.0027828234
7   9   1   14   -0.0000000017
7   9   2   13   0.0000000000
7   9   2   14   0.0142367642
7   9   3   14   0.0000004182
7   9   4   13   0.0000000000
7   9   4   14   -0.0142906521
7   9   5   14   0.0000000355
7   9   6   9   -0.0000000003
7   9   6   11   -0.0000000000
7   9   7   8   0.0000000061
7   9   7   9   0.5834475928
7   9   7   10   -0.0000001702
7   9   7   11   0.0064654258
7   9   7   12   -0.0000000804
7   10   1   13   0.0000000000
7   10   1   14   -0.0145069792
7   10   2   14   0.0000004182
7   10   3   13   -0.0000000001
7   10   3   14   0.0639351319
7   10   4   14   0.0000000000
7   10   5   13   0.0000000001
7   10   5   14   0.0008726238
7   10   6   8   -0.0000000000
7   10   6   10   -0.0000000003
7   10   6   12   0.0000000002
7   10   7   8   0.0059052866
7   10   7   9   -0.0000001702
7   10   7   10   0.4416907859
7   10   7   11   0.0000000035
7   10   7   12   -0.0194450540
7   11   1   14   -0.0000004123
7   11   2   13   0.0000000000
7   11   2   14   -0.0142906521
7   11   3   14   0.0000000000
7   11   4   13   0.0000000001
7   11   4   14   0.0557264183
7   11   5   14   0.0000000002
7   11   6   9   -0.0000000000
7   11   6   11   -0.0000000001
7   11   7   8   0.0000001866
7   11   7   9   0.0064654258
7   11   7   10   0.0000000035
7   11   7   11   0.4363053691
7   11   7   12   0.0000000018
7   12   1   13   -0.0000000000
7   12   1   14   -0.0012292303
7   12   2   14   0.0000000355
7   12   3   13   0.0000000001
7   12   3   14   0.0008726238
7   12   4   14   0.0000000002
7   12   5   13   0.0000000000
7   12   5   14   0.0131260538
7   12   6   8   -0.0000000000
7   12   6   10   0.0000000002
7   12   6   12   -0.0000000001
7   12   7   8   0.0027828234
7   12   7   9   -0.0000000804
7   12   7   10   -0.0194450540
7   12   7   11   0.0000000018
7   12   7   12   0.4225326792
7   13   1   8   -0.0000000000
7   13   1   10   0.0000000000
7   13   1   12   -0.0000000000
7   13   2   9   -0.0000000000
7   13   2   11   0.0000000000
7   13   3   8   0.0000000000
7   13   3   10   -0.0000000002
7   13   3   12   0.0000000001
7   13   4   9   0.0000000000
7   13   4   11   -0.0000000000
7   13   5   8   -0.0000000000
7   13   5   10   0.0000000001
7   13   5   12   0.0000000000
7   13   6   13   -0.0000000020
7   13   6   14   0.0110822759
7   13   7   13   0.4171659474
7   13   7   14   0.0000000012
7   14   1   8   0.0119122181
7   14   1   9   -0.0000000021
7   14   1   10   -0.0138879042
7   14   1   11   -0.0000003918
7   14   1   12   -0.0011231293
7   14   2   8   -0.0000000021
7   14   2   9   0.0118373935
7   14   2   10   0.0000004003
7   14   2   11   -0.0135826198
7   14   2   12   0.0000000325
7   14   3   8   -0.0138879042
7   14   3   9   0.0000004003
7   14   3   10   0.0621935796
7   14   3   11   0.0000000002
7   14   3   12   0.0015075140
7   14   4   8   -0.0000003918
7   14   4   9   -0.0135826198
7   14   4   10   0.0000000002
7   14   4   11   0.0561825792
7   14   4   12   0.0000000002
7   14   5   8   -0.0011231293
7   14   5   9   0.0000000325
7   14   5   10   0.0015075140
7   14   5   11   0.0000000002
7   14   5   12   0.0138143047
7   14   6   13   0.0129935084
7   14   6   14   0.0000000012
7   14   7   13   0.0000000012
7   14   7   14   0.4412417247

End IJKL Block
Begin ABCD Block
1   4   1   4   0.4412215647
1   4   1   5   -0.0000000025
1   4   2   4   -0.0000000025
1   4   2   5   0.0168713026
1   4   3   6   0.0188998996
1   5   1   4   -0.0000000025
1   5   1   5   0.4082694898
1   5   2   4   0.0160807845
1   5   2   5   0.0000000023
1   5   3   6   0.0000000000
1   6   1   6   0.4237200455
1   6   2   6   -0.0000000001
1   6   3   4   0.0183932293
1   6   3   5   -0.0000000000
2   4   1   4   -0.0000000025
2   4   1   5   0.0160807845
2   4   2   4   0.4082694898
2   4   2   5   0.0000000023
2   4   3   6   0.0000000000
2   5   1   4   0.0168713026
2   5   1   5   0.0000000023
2   5   2   4   0.0000000023
2   5   2   5   0.4412215662
2   5   3   6   0.0188998995
2   6   1   6   -0.0000000001
2   6   2   6   0.4237200459
2   6   3   4   -0.0000000000
2   6   3   5   0.0183932294
3   4   1   6   0.0183932293
3   4   2   6   -0.0000000000
3   4   3   4   0.4237200455
3   4   3   5   -0.0000000001
3   5   1   6   -0.0000000000
3   5   2   6   0.0183932294
3   5   3   4   -0.0000000001
3   5   3   5   0.4237200459
3   6   1   4   0.0188998996
3   6   1   5   0.0000000000
3   6   2   4   0.0000000000
3   6   2   5   0.0188998995
3   6   3   6   0.4778799311

End ABCD Block
Begin AIJB Block
1   8   1   4   0.0129493313
1   8   1   5   0.0000000000
1   8   2   4   0.0000000011
1   8   3   4   -0.0128756017
1   8   3   5   -0.0000000000
1   8   4   4   -0.0000003987
1   8   5   4   -0.0017585019
1   8   5   5   0.0000000000
1   8   6   6   0.0023873025
1   8   7   6   -0.0000670675
1   9   1   4   0.0000000011
1   9   2   4   0.0129947175
1   9   2   5   0.0000000000
1   9   3   4   0.0000003716
1   9   4   4   -0.0138365323
1   9   5   4   0.0000000508
1   9   6   6   -0.0000000689
1   9   7   6   0.0000000019
1   10   1   4   -0.0128756017
1   10   1   5   -0.0000000000
1   10   2   4   0.0000003716
1   10   3   4   0.0569557413
1   10   3   5   0.0000000000
1   10   4   4   -0.0000000011
1   10   5   4   0.0088246084
1   10   5   5   -0.0000000001
1   10   6   6   0.0268490256
1   10   7   6   -0.0007542814
1   11   1   4   -0.0000003987
1   11   2   4   -0.0138365323
1   11   3   4   -0.0000000011
1   11   4   4   0.0676590933
1   11   4   5   -0.0000000000
1   11   5   4   -0.0000000006
1   11   6   6   -0.0000000009
1   11   7   6   0.0000000000
1   12   1   4   -0.0017585019
1   12   1   5   0.0000000000
1   12   2   4   0.0000000508
1   12   3   4   0.0088246084
1   12   3   5   -0.0000000001
1   12   4   4   -0.0000000006
1   12   5   4   0.0219139411
1   12   5   5   -0.0000000000
1   12   6   6   -0.1628825535
1   12   7   6   0.0045759301
1   13   1   6   -0.0030134654
1   13   2   6   0.0000000870
1   13   3   6   0.0114967776
1   13   4   6   -0.0000000004
1   13   5   6   -0.0162802412
1   13   6   4   0.2148691036
1   13   6   5   0.0054073897
1   13   7   4   -0.0054073937
1   13   7   5   0.0185096133
1   14   1   6   0.0000846586
1   14   2   6   -0.0000000024
1   14   3   6   -0.0003229840
1   14   4   6   0.0000000000
1   14   5   6   0.0004573679
1   14   6   4   -0.0054073937
1   14   6   5   0.1738173324
1   14   7   4   0.0225421684
1   14   7   5   -0.0054073902
2   8   1   4   0.0000000000
2   8   1   5   0.0129493313
2   8   2   5   0.0000000011
2   8   3   4   -0.0000000000
2   8   3   5   -0.0128756017
2   8   4   5   -0.0000003987
2   8   5   4   0.0000000000
2   8   5   5   -0.0017585019
2   8   6   6   0.0000670675
2   8   7   6   0.0023873024
2   9   1   5   0.0000000011
2   9   2   4   0.0000000000
2   9   2   5   0.0129947175
2   9   3   5   0.0000003716
2   9   4   5   -0.0138365323
2   9   5   5   0.0000000508
2   9   6   6   -0.0000000019
2   9   7   6   -0.0000000689
2   10   1   4   -0.0000000000
2   10   1   5   -0.0128756017
2   10   2   5   0.0000003716
2   10   3   4   0.0000000000
2   10   3   5   0.0569557410
2   10   4   5   -0.0000000011
2   10   5   4   -0.0000000001
2   10   5   5   0.0088246087
2   10   6   6   0.0007542813
2   10   7   6   0.0268490259
2   11   1   5   -0.0000003987
2   11   2   5   -0.0138365323
2   11   3   5   -0.0000000011
2   11   4   4   -0.0000000000
2   11   4   5   0.0676590935
2   11   5   5   -0.0000000006
2   11   6   6   -0.0000000000
2   11   7   6   -0.0000000009
2   12   1   4   0.0000000000
2   12   1   5   -0.0017585019
2   12   2   5   0.0000000508
2   12   3   4   -0.0000000001
2   12   3   5   0.0088246087
2   12   4   5   -0.0000000006
2   12   5   4   -0.0000000000
2   12   5   5   0.0219139413
2   12   6   6   -0.0045759302
2   12   7   6   -0.1628825533
2   13   1   6   -0.0000846586
2   13   2   6   0.0000000024
2   13   3   6   0.0003229839
2   13   4   6   -0.0000000000
2   13   5   6   -0.0004573678
2   13   6   4   0.0054073897
2   13   6   5   0.0225421692
2   13   7   4   0.1738173324
2   13   7   5   0.0054073935
2   14   1   6   -0.0030134654
2   14   2   6   0.0000000870
2   14   3   6   0.0114967778
2   14   4   6   -0.0000000004
2   14   5   6   -0.0162802414
2   14   6   4   0.0185096133
2   14   6   5   0.0054073935
2   14   7   4   -0.0054073902
2   14   7   5   0.2148691056
3   8   1   6   0.0159755544
3   8   2   6   0.0000000032
3   8   3   6   -0.0131416373
3   8   4   6   -0.0000004117
3   8   5   6   -0.0014727139
3   8   6   4   -0.0030134654
3   8   6   5   -0.0000846586
3   8   7   4   0.0000846586
3   8   7   5   -0.0030134654
3   9   1   6   0.0000000032
3   9   2   6   0.0160890180
3   9   3   6   0.0000003790
3   9   4   6   -0.0142790918
3   9   5   6   0.0000000426
3   9   6   4   0.0000000870
3   9   6   5   0.0000000024
3   9   7   4   -0.0000000024
3   9   7   5   0.0000000870
3   10   1   6   -0.0131416373
3   10   2   6   0.0000003790
3   10   3   6   0.0620159245
3   10   4   6   -0.0000000004
3   10   5   6   -0.0244193911
3   10   6   4   0.0114967776
3   10   6   5   0.0003229839
3   10   7   4   -0.0003229840
3   10   7   5   0.0114967778
3   11   1   6   -0.0000004117
3   11   2   6   -0.0142790918
3   11   3   6   -0.0000000004
3   11   4   6   0.0651916920
3   11   5   6   0.0000000007
3   11   6   4   -0.0000000004
3   11   6   5   -0.0000000000
3   11   7   4   0.0000000000
3   11   7   5   -0.0000000004
3   12   1   6   -0.0014727139
3   12   2   6   0.0000000426
3   12   3   6   -0.0244193911
3   12   4   6   0.0000000007
3   12   5   6   0.1900228117
3   12   6   4   -0.0162802412
3   12   6   5   -0.0004573678
3   12   7   4   0.0004573679
3   12   7   5   -0.0162802414
3   13   1   4   0.0023873025
3   13   1   5   0.0000670675
3   13   2   4   -0.0000000689
3   13   2   5   -0.0000000019
3   13   3   4   0.0268490256
3   13   3   5   0.0007542813
3   13   4   4   -0.0000000009
3   13   4   5   -0.0000000000
3   13   5   4   -0.1628825535
3   13   5   5   -0.0045759302
3   13   6   6   0.0233560128
3   13   7   6   -0.0000000000
3   14   1   4   -0.0000670675
3   14   1   5   0.0023873024
3   14   2   4   0.0000000019
3   14   2   5   -0.0000000689
3   14   3   4   -0.0007542814
3   14   3   5   0.0268490259
3   14   4   4   0.0000000000
3   14   4   5   -0.0000000009
3   14   5   4   0.0045759301
3   14   5   5   -0.1628825533
3   14   6   6   -0.0000000000
3   14   7   6   0.0233560131

1   8   8   1   -0.5671975292
1   8   8   2   -0.0000000000
1   8   9   1   0.0000000045
1   8   10   1   -0.0049239225
1   8   11   1   -0.0000001525
1   8   12   1   -0.0015868211
1   8   12   2   -0.0000000000
1   8   13   3   0.0031937844
1   8   14   3   -0.0000897244
1   9   8   1   0.0000000045
1   9   9   1   -0.5671984508
1   9   9   2   -0.0000000000
1   9   10   1   0.0000001420
1   9   11   1   -0.0052886732
1   9   11   2   -0.0000000000
1   9   12   1   0.0000000458
1   9   13   3   -0.0000000922
1   9   14   3   0.0000000026
1   10   8   1   -0.0049239225
1   10   9   1   0.0000001420
1   10   10   1   -0.4404512017
1   10   10   2   -0.0000000001
1   10   11   1   0.0000000026
1   10   12   1   0.0095753046
1   10   12   2   0.0000000001
1   10   13   3   -0.0139576889
1   10   14   3   0.0003921194
1   11   8   1   -0.0000001525
1   11   9   1   -0.0052886732
1   11   9   2   -0.0000000000
1   11   10   1   0.0000000026
1   11   11   1   -0.4427073056
1   11   11   2   -0.0000000000
1   11   12   1   0.0000000005
1   11   13   3   0.0000000004
1   11   14   3   -0.0000000000
1   12   8   1   -0.0015868211
1   12   8   2   -0.0000000000
1   12   9   1   0.0000000458
1   12   10   1   0.0095753046
1   12   10   2   0.0000000001
1   12   11   1   0.0000000005
1   12   12   1   -0.4250332069
1   12   12   2   0.0000000000
1   12   13   3   0.0167180461
1   12   14   3   -0.0004696673
1   13   8   3   0.0031382846
1   13   9   3   -0.0000000906
1   13   10   3   -0.0143392250
1   13   11   3   0.0000000005
1   13   12   3   0.0192600220
1   13   13   1   -0.4588038564
1   13   13   2   -0.0010628650
1   13   14   1   0.0010628683
1   13   14   2   -0.0202760686
1   14   8   3   -0.0000881652
1   14   9   3   0.0000000025
1   14   10   3   0.0004028381
1   14   11   3   -0.0000000000
1   14   12   3   -0.0005410802
1   14   13   1   0.0010628683
1   14   13   2   -0.0175273559
1   14   14   1   -0.4210004399
1   14   14   2   0.0010628648
2   8   8   1   -0.0000000000
2   8   8   2   -0.5671975290
2   8   9   2   0.0000000045
2   8   10   2   -0.0049239225
2   8   11   2   -0.0000001525
2   8   12   1   -0.0000000000
2   8   12   2   -0.0015868210
2   8   13   3   0.0000897244
2   8   14   3   0.0031937844
2   9   8   2   0.0000000045
2   9   9   1   -0.0000000000
2   9   9   2   -0.5671984506
2   9   10   2   0.0000001420
2   9   11   1   -0.0000000000
2   9   11   2   -0.0052886731
2   9   12   2   0.0000000458
2   9   13   3   -0.0000000026
2   9   14   3   -0.0000000922
2   10   8   2   -0.0049239225
2   10   9   2   0.0000001420
2   10   10   1   -0.0000000001
2   10   10   2   -0.4404512012
2   10   11   2   0.0000000026
2   10   12   1   0.0000000001
2   10   12   2   0.0095753041
2   10   13   3   -0.0003921194
2   10   14   3   -0.0139576890
2   11   8   2   -0.0000001525
2   11   9   1   -0.0000000000
2   11   9   2   -0.0052886731
2   11   10   2   0.0000000026
2   11   11   1   -0.0000000000
2   11   11   2   -0.4427073055
2   11   12   2   0.0000000005
2   11   13   3   0.0000000000
2   11   14   3   0.0000000004
2   12   8   1   -0.0000000000
2   12   8   2   -0.0015868210
2   12   9   2   0.0000000458
2   12   10   1   0.0000000001
2   12   10   2   0.0095753041
2   12   11   2   0.0000000005
2   12   12   1   0.0000000000
2   12   12   2   -0.4250332071
2   12   13   3   0.0004696673
2   12   14   3   0.0167180461
2   13   8   3   0.0000881652
2   13   9   3   -0.0000000025
2   13   10   3   -0.0004028380
2   13   11   3   0.0000000000
2   13   12   3   0.0005410801
2   13   13   1   -0.0010628650
2   13   13   2   -0.4210004412
2   13   14   1   -0.0175273559
2   13   14   2   -0.0010628688
2   14   8   3   0.0031382846
2   14   9   3   -0.0000000906
2   14   10   3   -0.0143392251
2   14   11   3   0.0000000005
2   14   12   3   0.0192600222
2   14   13   1   -0.0202760686
2   14   13   2   -0.0010628688
2   14   14   1   0.0010628648
2   14   14   2   -0.4588038543
3   8   8   3   -0.6024740653
3   8   9   3   0.0000000026
3   8   10   3   -0.0055436668
3   8   11   3   -0.0000001966
3   8   12   3   -0.0070495150
3   8   13   1   0.0031382846
3   8   13   2   0.0000881652
3   8   14   1   -0.0000881652
3   8   14   2   0.0031382846
3   9   8   3   0.0000000026
3   9   9   3   -0.6024717000
3   9   10   3   0.0000001598
3   9   11   3   -0.0068155140
3   9   12   3   0.0000002035
3   9   13   1   -0.0000000906
3   9   13   2   -0.0000000025
3   9   14   1   0.0000000025
3   9   14   2   -0.0000000906
3   10   8   3   -0.0055436668
3   10   9   3   0.0000001598
3   10   10   3   -0.4628280283
3   10   11   3   0.0000000017
3   10   12   3   0.0325577054
3   10   13   1   -0.0143392250
3   10   13   2   -0.0004028380
3   10   14   1   0.0004028381
3   10   14   2   -0.0143392251
3   11   8   3   -0.0000001966
3   11   9   3   -0.0068155140
3   11   10   3   0.0000000017
3   11   11   3   -0.4552033462
3   11   12   3   -0.0000000006
3   11   13   1   0.0000000005
3   11   13   2   0.0000000000
3   11   14   1   -0.0000000000
3   11   14   2   0.0000000005
3   12   8   3   -0.0070495150
3   12   9   3   0.0000002035
3   12   10   3   0.0325577054
3   12   11   3   -0.0000000006
3   12   12   3   -0.4763369096
3   12   13   1   0.0192600220
3   12   13   2   0.0005410801
3   12   14   1   -0.0005410802
3   12   14   2   0.0192600222
3   13   8   1   0.0031937844
3   13   8   2   0.0000897244
3   13   9   1   -0.0000000922
3   13   9   2   -0.0000000026
3   13   10   1   -0.0139576889
3   13   10   2   -0.0003921194
3   13   11   1   0.0000000004
3   13   11   2   0.0000000000
3   13   12   1   0.0167180461
3   13   12   2   0.0004696673
3   13   13   3   -0.4382423332
3   13   14   3   0.0000000002
3   14   8   1   -0.0000897244
3   14   8   2   0.0031937844
3   14   9   1   0.0000000026
3   14   9   2   -0.0000000922
3   14   10   1   0.0003921194
3   14   10   2   -0.0139576890
3   14   11   1   -0.0000000000
3   14   11   2   0.0000000004
3   14   12   1   -0.0004696673
3   14   12   2   0.0167180461
3   14   13   3   0.0000000002
3   14   14   3   -0.4382423343

End AIJB Block
Begin IJKA Block
1   8   1   6   0.0000040251
1   8   2   6   0.0476897069
1   8   3   6   0.0000004578
1   8   4   6   0.0060999246
1   8   5   6   -0.0000007103
1   8   6   4   0.0000007453
1   8   6   5   0.0000000209
1   8   7   4   -0.0000000209
1   8   7   5   0.0000007453
1   9   1   6   0.0440155064
1   9   2   6   -0.0000013763
1   9   3   6   0.0079318236
1   9   4   6   -0.0000000007
1   9   5   6   -0.0123614797
1   9   6   4   0.0129357052
1   9   6   5   0.0003634084
1   9   7   4   -0.0003634084
1   9   7   5   0.0129357053
1   10   1   6   0.0000036198
1   10   2   6   0.0626588830
1   10   3   6   0.0000000348
1   10   4   6   0.0033523948
1   10   5   6   0.0000003784
1   10   6   4   -0.0000003816
1   10   6   5   -0.0000000107
1   10   7   4   0.0000000107
1   10   7   5   -0.0000003816
1   11   1   6   0.0451659804
1   11   2   6   -0.0000000025
1   11   3   6   0.0006696119
1   11   4   6   0.0000000880
1   11   5   6   0.0142103619
1   11   6   4   -0.0143221102
1   11   6   5   -0.0004023572
1   11   7   4   0.0004023572
1   11   7   5   -0.0143221102
1   12   1   6   -0.0000171227
1   12   2   6   -0.2965126027
1   12   3   6   -0.0000001016
1   12   4   6   -0.0034205433
1   12   5   6   0.0000000167
1   12   6   4   -0.0000000503
1   12   6   5   -0.0000000014
1   12   7   4   0.0000000014
1   12   7   5   -0.0000000503
1   13   1   4   0.0000182389
1   13   1   5   0.0000005124
1   13   2   4   0.3158511347
1   13   2   5   0.0088733426
1   13   3   4   0.0000001102
1   13   3   5   0.0000000031
1   13   4   4   0.0035191174
1   13   4   5   0.0000988641
1   13   5   4   -0.0000000431
1   13   5   5   -0.0000000012
1   13   6   6   -0.0000000852
1   14   1   4   -0.0000005124
1   14   1   5   0.0000182389
1   14   2   4   -0.0088733429
1   14   2   5   0.3158511358
1   14   3   4   -0.0000000031
1   14   3   5   0.0000001102
1   14   4   4   -0.0000988640
1   14   4   5   0.0035191170
1   14   5   4   0.0000000012
1   14   5   5   -0.0000000431
1   14   7   6   -0.0000000852
2   8   1   6   0.0476922343
2   8   2   6   -0.0000014824
2   8   3   6   0.0079155255
2   8   4   6   -0.0000000007
2   8   5   6   -0.0122432722
2   8   6   4   0.0128786105
2   8   6   5   0.0003618044
2   8   7   4   -0.0003618044
2   8   7   5   0.0128786106
2   9   1   6   -0.0000013763
2   9   2   6   0.0440299122
2   9   3   6   -0.0000004573
2   9   4   6   0.0060829529
2   9   5   6   0.0000007105
2   9   6   4   -0.0000007454
2   9   6   5   -0.0000000209
2   9   7   4   0.0000000209
2   9   7   5   -0.0000007454
2   10   1   6   0.0626573032
2   10   2   6   -0.0000036167
2   10   3   6   0.0011995224
2   10   4   6   -0.0000000967
2   10   5   6   0.0130855346
2   10   6   4   -0.0132031022
2   10   6   5   -0.0003709205
2   10   7   4   0.0003709205
2   10   7   5   -0.0132031022
2   11   1   6   -0.0000000025
2   11   2   6   0.0451527564
2   11   3   6   -0.0000000193
2   11   4   6   0.0030520760
2   11   5   6   -0.0000004107
2   11   6   4   0.0000004141
2   11   6   5   0.0000000116
2   11   7   4   -0.0000000116
2   11   7   5   0.0000004141
2   12   1   6   -0.2965044512
2   12   2   6   0.0000171216
2   12   3   6   -0.0035159510
2   12   4   6   0.0000000989
2   12   5   6   0.0005821624
2   12   6   4   -0.0017445249
2   12   6   5   -0.0000490097
2   12   7   4   0.0000490097
2   12   7   5   -0.0017445249
2   13   1   4   0.3158426728
2   13   1   5   0.0088731048
2   13   2   4   -0.0000182388
2   13   2   5   -0.0000005124
2   13   3   4   0.0038140943
2   13   3   5   0.0001071511
2   13   4   4   -0.0000001018
2   13   4   5   -0.0000000029
2   13   5   4   -0.0014906763
2   13   5   5   -0.0000418782
2   13   6   6   -0.0029488016
2   14   1   4   -0.0088731052
2   14   1   5   0.3158426739
2   14   2   4   0.0000005124
2   14   2   5   -0.0000182388
2   14   3   4   -0.0001071509
2   14   3   5   0.0038140940
2   14   4   4   0.0000000029
2   14   4   5   -0.0000001018
2   14   5   4   0.0000418782
2   14   5   5   -0.0014906763
2   14   7   6   -0.0029488016
3   8   1   6   0.0000004786
3   8   2   6   0.0082761212
3   8   3   6   -0.0000000627
3   8   4   6   0.0044497565
3   8   5   6   0.0000004539
3   8   6   4   -0.0000004157
3   8   6   5   -0.0000000117
3   8   7   4   0.0000000117
3   8   7   5   -0.0000004157
3   9   1   6   0.0082908604
3   9   2   6   -0.0000004780
3   9   3   6   -0.0021821568
3   9   4   6   -0.0000001282
3   9   5   6   0.0156963064
3   9   6   4   -0.0143813553
3   9   6   5   -0.0004040216
3   9   7   4   0.0004040216
3   9   7   5   -0.0143813553
3   10   1   6   0.0000000308
3   10   2   6   0.0010612666
3   10   3   6   0.0000000032
3   10   4   6   0.0261073965
3   10   5   6   -0.0000000041
3   10   6   4   0.0000000040
3   10   6   5   0.0000000001
3   10   7   4   -0.0000000001
3   10   7   5   0.0000000040
3   11   1   6   0.0005250530
3   11   2   6   -0.0000000150
3   11   3   6   0.0375636069
3   11   4   6   -0.0000000018
3   11   5   6   -0.0632214929
3   11   6   4   0.0628637050
3   11   6   5   0.0017660572
3   11   7   4   -0.0017660574
3   11   7   5   0.0628637055
3   12   1   6   -0.0000001046
3   12   2   6   -0.0036207177
3   12   3   6   -0.0000000136
3   12   4   6   -0.1825249967
3   12   5   6   -0.0000000014
3   12   6   4   0.0000000004
3   12   6   5   0.0000000000
3   12   7   4   -0.0000000000
3   12   7   5   0.0000000004
3   13   1   4   0.0000001177
3   13   1   5   0.0000000033
3   13   2   4   0.0040736599
3   13   2   5   0.0001144431
3   13   3   4   0.0000000145
3   13   3   5   0.0000000004
3   13   4   4   0.1954621003
3   13   4   5   0.0054912014
3   13   5   4   0.0000000018
3   13   5   5   0.0000000001
3   13   6   6   0.0000000002
3   14   1   4   -0.0000000033
3   14   1   5   0.0000001177
3   14   2   4   -0.0001144431
3   14   2   5   0.0040736597
3   14   3   4   -0.0000000004
3   14   3   5   0.0000000145
3   14   4   4   -0.0054912014
3   14   4   5   0.1954621003
3   14   5   4   -0.0000000001
3   14   5   5   0.0000000018
3   14   7   6   0.0000000002
4   8   1   6   0.0063954555
4   8   2   6   -0.0000000007
4   8   3   6   0.0045365261
4   8   4   6   0.0000001140
4   8   5   6   0.0151525531
4   8   6   4   -0.0142703646
4   8   6   5   -0.0004009035
4   8   7   4   0.0004009035
4   8   7   5   -0.0142703646
4   9   1   6   -0.0000000007
4   9   2   6   0.0063801349
4   9   3   6   -0.0000001307
4   9   4   6   0.0039557784
4   9   5   6   -0.0000004380
4   9   6   4   0.0000004126
4   9   6   5   0.0000000116
4   9   7   4   -0.0000000116
4   9   7   5   0.0000004126
4   10   1   6   0.0031250493
4   10   2   6   -0.0000000901
4   10   3   6   0.0256494089
4   10   4   6   -0.0000000015
4   10   5   6   -0.0445095729
4   10   6   4   0.0563129447
4   10   6   5   0.0015820239
4   10   7   4   -0.0015820240
4   10   7   5   0.0563129450
4   11   1   6   0.0000000823
4   11   2   6   0.0028513079
4   11   3   6   -0.0000000018
4   11   4   6   0.0123509640
4   11   5   6   0.0000000038
4   11   6   4   -0.0000000046
4   11   6   5   -0.0000000001
4   11   7   4   0.0000000001
4   11   7   5   -0.0000000046
4   12   1   6   -0.0035774984
4   12   2   6   0.0000001035
4   12   3   6   -0.1828865781
4   12   4   6   0.0000000128
4   12   5   6   -0.0593879112
4   12   6   4   0.0088533307
4   12   6   5   0.0002487205
4   12   7   4   -0.0002487204
4   12   7   5   0.0088533306
4   13   1   4   0.0039119145
4   13   1   5   0.0001098991
4   13   2   4   -0.0000001132
4   13   2   5   -0.0000000032
4   13   3   4   0.1950920465
4   13   3   5   0.0054808053
4   13   4   4   -0.0000000134
4   13   4   5   -0.0000000004
4   13   5   4   0.0593435997
4   13   5   5   0.0016671654
4   13   6   6   0.0071731493
4   13   7   6   0.0000000001
4   14   1   4   -0.0001098991
4   14   1   5   0.0039119143
4   14   2   4   0.0000000032
4   14   2   5   -0.0000001132
4   14   3   4   -0.0054808054
4   14   3   5   0.1950920466
4   14   4   4   0.0000000004
4   14   4   5   -0.0000000134
4   14   5   4   -0.0016671655
4   14   5   5   0.0593435999
4   14   6   6   0.0000000001
4   14   7   6   0.0071731489
5   8   1   6   -0.0000007954
5   8   2   6   -0.0137167401
5   8   3   6   0.0000004735
5   8   4   6   0.0158601172
5   8   5   6   0.0000000443
5   8   6   4   -0.0000000379
5   8   6   5   -0.0000000011
5   8   7   4   0.0000000011
5   8   7   5   -0.0000000379
5   9   1   6   -0.0138256098
5   9   2   6   0.0000007950
5   9   3   6   0.0163755698
5   9   4   6   -0.0000004584
5   9   5   6   0.0015358945
5   9   6   4   -0.0013141837
5   9   6   5   -0.0000369199
5   9   7   4   0.0000369199
5   9   7   5   -0.0013141837
5   10   1   6   0.0000003687
5   10   2   6   0.0127436677
5   10   3   6   -0.0000000039
5   10   4   6   -0.0440429498
5   10   5   6   0.0000000010
5   10   6   4   -0.0000000000
5   10   7   5   -0.0000000000
5   11   1   6   0.0135991575
5   11   2   6   -0.0000003928
5   11   3   6   -0.0625753850
5   11   4   6   0.0000000037
5   11   5   6   0.0172426174
5   11   6   4   0.0055262956
5   11   6   5   0.0001552527
5   11   7   4   -0.0001552525
5   11   7   5   0.0055262951
5   12   1   6   0.0000000070
5   12   2   6   0.0002380230
5   12   3   6   -0.0000000016
5   12   4   6   -0.0601211935
5   12   5   6   -0.0000000025
5   12   6   4   0.0000000002
5   12   6   5   0.0000000000
5   12   7   4   -0.0000000000
5   12   7   5   0.0000000002
5   13   1   4   -0.0000000348
5   13   1   5   -0.0000000010
5   13   2   4   -0.0012020976
5   13   2   5   -0.0000337710
5   13   3   4   0.0000000019
5   13   3   5   0.0000000001
5   13   4   4   0.0590092934
5   13   4   5   0.0016577737
5   13   5   4   0.0000000022
5   13   5   5   0.0000000001
5   13   6   6   0.0000000000
5   14   1   4   0.0000000010
5   14   1   5   -0.0000000348
5   14   2   4   0.0000337710
5   14   2   5   -0.0012020976
5   14   3   4   -0.0000000001
5   14   3   5   0.0000000019
5   14   4   4   -0.0016577736
5   14   4   5   0.0590092932
5   14   5   4   -0.0000000001
5   14   5   5   0.0000000022
5   14   7   6   0.0000000000
6   8   1   4   0.0000008517
6   8   1   5   0.0000000239
6   8   2   4   0.0147230790
6   8   2   5   0.0004136218
6   8   3   4   -0.0000004448
6   8   3   5   -0.0000000125
6   8   4   4   -0.0152712079
6   8   4   5   -0.0004290207
6   8   5   4   -0.0000000456
6   8   5   5   -0.0000000013
6   8   6   6   -0.0000000296
6   9   1   4   0.0147716763
6   9   1   5   0.0004149871
6   9   2   4   -0.0000008515
6   9   2   5   -0.0000000239
6   9   3   4   -0.0153861338
6   9   3   5   -0.0004322493
6   9   4   4   0.0000004414
6   9   4   5   0.0000000124
6   9   5   4   -0.0015800546
6   9   5   5   -0.0000443892
6   9   6   6   -0.0010261763
6   9   7   6   0.0000000000
6   10   1   4   -0.0000003815
6   10   1   5   -0.0000000107
6   10   2   4   -0.0131952508
6   10   2   5   -0.0003706999
6   10   3   4   0.0000000038
6   10   3   5   0.0000000001
6   10   4   4   0.0559254769
6   10   4   5   0.0015711386
6   10   5   4   0.0000000002
6   10   5   5   0.0000000000
6   10   6   6   0.0000000014
6   11   1   4   -0.0140361362
6   11   1   5   -0.0003943232
6   11   2   4   0.0000004057
6   11   2   5   0.0000000114
6   11   3   4   0.0616268918
6   11   3   5   0.0017313109
6   11   4   4   -0.0000000044
6   11   4   5   -0.0000000001
6   11   5   4   0.0075342695
6   11   5   5   0.0002116636
6   11   6   6   0.0296040522
6   11   7   6   -0.0000000001
6   12   1   4   -0.0000000423
6   12   1   5   -0.0000000012
6   12   2   4   -0.0014661635
6   12   2   5   -0.0000411896
6   12   3   4   0.0000000007
6   12   3   5   0.0000000000
6   12   4   4   0.0100736280
6   12   4   5   0.0002830028
6   12   5   4   0.0000000001
6   12   5   5   0.0000000000
6   12   6   6   -0.0000000032
6   13   1   6   -0.0000000790
6   13   2   6   -0.0027362581
6   13   3   6   0.0000000002
6   13   4   6   0.0074223054
6   13   5   6   -0.0000000001
6   13   6   4   0.0000000037
6   13   6   5   0.0000000001
6   13   7   4   -0.0000000001
6   13   7   5   0.0000000004
6   14   2   6   0.0000000000
6   14   4   6   -0.0000000001
6   14   6   4   -0.0000000001
6   14   6   5   0.0000000031
6   14   7   4   0.0000000005
6   14   7   5   0.0000000001
7   8   1   4   -0.0000000239
7   8   1   5   0.0000008517
7   8   2   4   -0.0004136218
7   8   2   5   0.0147230791
7   8   3   4   0.0000000125
7   8   3   5   -0.0000004448
7   8   4   4   0.0004290207
7   8   4   5   -0.0152712079
7   8   5   4   0.0000000013
7   8   5   5   -0.0000000456
7   8   7   6   -0.0000000296
7   9   1   4   -0.0004149871
7   9   1   5   0.0147716763
7   9   2   4   0.0000000239
7   9   2   5   -0.0000008515
7   9   3   4   0.0004322493
7   9   3   5   -0.0153861338
7   9   4   4   -0.0000000124
7   9   4   5   0.0000004414
7   9   5   4   0.0000443892
7   9   5   5   -0.0015800547
7   9   6   6   0.0000000000
7   9   7   6   -0.0010261763
7   10   1   4   0.0000000107
7   10   1   5   -0.0000003815
7   10   2   4   0.0003706999
7   10   2   5   -0.0131952508
7   10   3   4   -0.0000000001
7   10   3   5   0.0000000038
7   10   4   4   -0.0015711387
7   10   4   5   0.0559254771
7   10   5   4   -0.0000000000
7   10   5   5   0.0000000002
7   10   7   6   0.0000000014
7   11   1   4   0.0003943233
7   11   1   5   -0.0140361363
7   11   2   4   -0.0000000114
7   11   2   5   0.0000004057
7   11   3   4   -0.0017313110
7   11   3   5   0.0616268922
7   11   4   4   0.0000000001
7   11   4   5   -0.0000000044
7   11   5   4   -0.0002116634
7   11   5   5   0.0075342690
7   11   6   6   -0.0000000001
7   11   7   6   0.0296040526
7   12   1   4   0.0000000012
7   12   1   5   -0.0000000423
7   12   2   4   0.0000411896
7   12   2   5   -0.0014661635
7   12   3   4   -0.0000000000
7   12   3   5   0.0000000007
7   12   4   4   -0.0002830027
7   12   4   5   0.0100736276
7   12   5   4   -0.0000000000
7   12   5   5   0.0000000001
7   12   7   6   -0.0000000032
7   13   2   6   0.0000000000
7   13   4   6   -0.0000000001
7   13   6   4   -0.0000000001
7   13   6   5   0.0000000005
7   13   7   4   0.0000000031
7   13   7   5   0.0000000001
7   14   1   6   -0.0000000790
7   14   2   6   -0.0027362582
7   14   3   6   0.0000000002
7   14   4   6   0.0074223060
7   14   5   6   -0.0000000001
7   14   6   4   0.0000000004
7   14   6   5   0.0000000001
7   14   7   4   -0.0000000001
7   14   7   5   0.0000000037

End IJKA Block
Begin IABC Block
1   4   1   6   -0.0000000851
1   4   3   4   -0.0000000056
1   5   2   6   -0.0000000851
1   5   3   5   -0.0000000056
1   6   1   4   -0.0000000829
1   6   2   5   -0.0000000829
1   6   3   6   -0.0000001511
2   4   1   6   -0.0029487315
2   4   2   6   -0.0000000000
2   4   3   4   -0.0001917553
2   4   3   5   -0.0000000000
2   5   1   6   -0.0000000000
2   5   2   6   -0.0029487315
2   5   3   4   -0.0000000000
2   5   3   5   -0.0001917553
2   6   1   4   -0.0028718885
2   6   1   5   0.0000000000
2   6   2   4   0.0000000000
2   6   2   5   -0.0028718885
2   6   3   6   -0.0052327415
3   4   1   6   0.0000000001
3   4   3   4   0.0000000006
3   5   2   6   0.0000000001
3   5   3   5   0.0000000006
3   6   1   4   -0.0000000002
3   6   2   5   -0.0000000002
3   6   3   6   0.0000000011
4   4   1   6   0.0099706828
4   4   2   6   -0.0000000001
4   4   3   4   0.0257828343
4   4   3   5   -0.0000000001
4   5   1   6   -0.0000000001
4   5   2   6   0.0099706835
4   5   3   4   -0.0000000001
4   5   3   5   0.0257828348
4   6   1   4   0.0080061651
4   6   1   5   0.0000000000
4   6   2   4   0.0000000000
4   6   2   5   0.0080061650
4   6   3   6   0.0366678223
5   4   1   6   -0.0000000005
5   4   3   4   0.0000000022
5   5   2   6   -0.0000000005
5   5   3   5   0.0000000022
5   6   1   4   -0.0000000004
5   6   2   5   -0.0000000004
5   6   3   6   0.0000000011
6   4   1   4   -0.0000000029
6   4   1   5   0.0000000000
6   4   2   4   -0.0000000000
6   4   2   5   -0.0000000005
6   4   3   6   0.0000000002
6   5   1   4   0.0000000000
6   5   1   5   -0.0000000025
6   5   2   4   -0.0000000002
6   5   2   5   -0.0000000001
6   5   3   6   0.0000000000
6   6   1   6   -0.0000000014
6   6   2   6   -0.0000000000
6   6   3   4   0.0000000005
6   6   3   5   0.0000000000
7   4   1   4   0.0000000001
7   4   1   5   -0.0000000002
7   4   2   4   -0.0000000025
7   4   2   5   -0.0000000000
7   4   3   6   -0.0000000000
7   5   1   4   -0.0000000005
7   5   1   5   0.0000000000
7   5   2   4   -0.0000000000
7   5   2   5   -0.0000000029
7   5   3   6   0.0000000002
7   6   1   6   0.0000000000
7   6   2   6   -0.0000000014
7   6   3   4   -0.0000000000
7   6   3   5   0.0000000005

End IABC Block
