0   103   5   12      -0.225213038314
0   103   5   13      -0.060034865000
0   103   6   12      -0.060034864976
0   103   6   13      -0.060574295237
0   104   5   12       0.060034866139
0   104   5   13      -0.092137385564
0   104   6   12      -0.072501357731
0   104   6   13      -0.060034866792
0   105   5   11       0.063186784102
1   103   5   12       0.060034866135
1   103   5   13      -0.072501357735
1   103   6   12      -0.092137385555
1   103   6   13      -0.060034866791
1   104   5   12      -0.060574294932
1   104   5   13       0.060034864697
1   104   6   12       0.060034864694
1   104   6   13      -0.225213039415
1   105   6   11       0.063186783041
2   103   4   12       0.063186784102
2   104   4   13       0.063186783041
2   105   4   11      -0.087255086028
0   103   12   5       0.225213038314
0   103   12   6       0.060034864976
0   103   13   5       0.060034865000
0   103   13   6       0.060574295237
0   104   12   5      -0.060034866139
0   104   12   6       0.072501357731
0   104   13   5       0.092137385564
0   104   13   6       0.060034866792
0   105   11   5      -0.063186784102
1   103   12   5      -0.060034866135
1   103   12   6       0.092137385555
1   103   13   5       0.072501357735
1   103   13   6       0.060034866791
1   104   12   5       0.060574294932
1   104   12   6      -0.060034864694
1   104   13   5      -0.060034864697
1   104   13   6       0.225213039415
1   105   11   6      -0.063186783041
2   103   12   4      -0.063186784102
2   104   13   4      -0.063186783041
2   105   11   4       0.087255086028
103   0   5   12       0.225213038314
103   0   5   13       0.060034865000
103   0   6   12       0.060034864976
103   0   6   13       0.060574295237
103   1   5   12      -0.060034866135
103   1   5   13       0.072501357735
103   1   6   12       0.092137385555
103   1   6   13       0.060034866791
103   2   4   12      -0.063186784102
104   0   5   12      -0.060034866139
104   0   5   13       0.092137385564
104   0   6   12       0.072501357731
104   0   6   13       0.060034866792
104   1   5   12       0.060574294932
104   1   5   13      -0.060034864697
104   1   6   12      -0.060034864694
104   1   6   13       0.225213039415
104   2   4   13      -0.063186783041
105   0   5   11      -0.063186784102
105   1   6   11      -0.063186783041
105   2   4   11       0.087255086028
103   0   12   5      -0.225213038314
103   0   12   6      -0.060034864976
103   0   13   5      -0.060034865000
103   0   13   6      -0.060574295237
103   1   12   5       0.060034866135
103   1   12   6      -0.092137385555
103   1   13   5      -0.072501357735
103   1   13   6      -0.060034866791
103   2   12   4       0.063186784102
104   0   12   5       0.060034866139
104   0   12   6      -0.072501357731
104   0   13   5      -0.092137385564
104   0   13   6      -0.060034866792
104   1   12   5      -0.060574294932
104   1   12   6       0.060034864694
104   1   13   5       0.060034864697
104   1   13   6      -0.225213039415
104   2   13   4       0.063186783041
105   0   11   5       0.063186784102
105   1   11   6       0.063186783041
105   2   11   4      -0.087255086028

