Begin IJ Block
1   1   -27.0717501855
1   2   0.0000000003
1   3   0.4588937899
1   4   -0.0000000004
1   5   -0.1928883699
2   2   -27.0723532353
2   3   -0.0000000017
2   4   -0.4951750318
2   5   0.0000000004
3   3   -8.6056976604
3   4   -0.0000000106
3   5   -0.7220056536
4   4   -7.4362718560
4   5   0.0000000020
5   5   -7.4593191769
6   6   -7.3405657413
6   7   0.0000000015
7   7   -7.3405657388

End IJ Block
Begin IA Block
1   3   -0.0000000000
2   3   -0.2193261900
3   3   -0.0000000006
4   3   -0.8290527371
5   3   -0.0000000013
6   1   -0.0000000086
6   2   -0.0000000159
7   1   -0.0000000246
7   2   0.0000000023

End IA Block
Begin AB Block
1   1   -6.7734488797
1   2   0.0000000003
2   2   -6.7734488815
3   3   -5.3011841464

End AB Block
Begin IJAB Block
1   8   1   4   0.0135674434
1   8   2   5   0.0135674434
1   8   3   6   0.0158154283
1   9   1   4   0.0000000003
1   9   1   5   0.0000000000
1   9   2   4   0.0000000000
1   9   2   5   0.0000000003
1   9   3   6   0.0000000003
1   10   1   4   0.0118772431
1   10   2   5   0.0118772431
1   10   3   6   0.0025351383
1   11   1   4   -0.0000000005
1   11   1   5   -0.0000000000
1   11   2   4   -0.0000000000
1   11   2   5   -0.0000000003
1   12   1   4   -0.0055433942
1   12   1   5   -0.0000000000
1   12   2   4   -0.0000000000
1   12   2   5   -0.0055433942
1   12   3   6   -0.0001279747
1   13   1   6   0.0044734784
1   13   2   6   -0.0061820699
1   13   3   4   -0.0014978969
1   13   3   5   0.0020700007
1   14   1   6   0.0061820699
1   14   2   6   0.0044734784
1   14   3   4   -0.0020700007
1   14   3   5   -0.0014978969
2   8   1   4   0.0000000003
2   8   1   5   0.0000000000
2   8   2   4   0.0000000000
2   8   2   5   0.0000000003
2   8   3   6   0.0000000003
2   9   1   4   0.0137483010
2   9   2   5   0.0137483010
2   9   3   6   0.0159359576
2   10   1   4   0.0000000005
2   10   1   5   0.0000000000
2   10   2   4   0.0000000000
2   10   2   5   0.0000000004
2   10   3   6   0.0000000006
2   11   1   4   -0.0147247501
2   11   1   5   -0.0000000000
2   11   2   4   -0.0000000000
2   11   2   5   -0.0147247501
2   11   3   6   -0.0026515062
2   12   1   4   -0.0000000000
2   12   1   5   -0.0000000000
2   12   2   4   -0.0000000000
2   12   2   5   0.0000000001
2   12   3   6   0.0000000008
2   13   1   6   0.0000000006
2   13   2   6   -0.0000000005
2   13   3   4   0.0000000005
2   13   3   5   -0.0000000003
2   14   1   6   0.0000000009
2   14   2   6   0.0000000005
2   14   3   4   0.0000000010
2   14   3   5   0.0000000004
3   8   1   4   0.0118772431
3   8   2   5   0.0118772431
3   8   3   6   0.0025351383
3   9   1   4   0.0000000005
3   9   1   5   0.0000000000
3   9   2   4   0.0000000000
3   9   2   5   0.0000000004
3   9   3   6   0.0000000006
3   10   1   4   0.0440620947
3   10   1   5   -0.0000000000
3   10   2   4   -0.0000000000
3   10   2   5   0.0440620948
3   10   3   6   0.0601673886
3   11   1   4   -0.0000000041
3   11   1   5   -0.0000000002
3   11   2   4   -0.0000000002
3   11   2   5   -0.0000000033
3   11   3   6   -0.0000000010
3   12   1   4   -0.0199908735
3   12   1   5   0.0000000000
3   12   2   4   0.0000000000
3   12   2   5   -0.0199908735
3   12   3   6   0.0295794117
3   13   1   6   0.0164615298
3   13   2   6   -0.0227488143
3   13   3   4   0.0361025413
3   13   3   5   -0.0498914751
3   14   1   6   0.0227488143
3   14   2   6   0.0164615298
3   14   3   4   0.0498914754
3   14   3   5   0.0361025412
4   8   1   4   -0.0000000005
4   8   1   5   -0.0000000000
4   8   2   4   -0.0000000000
4   8   2   5   -0.0000000003
4   9   1   4   -0.0147247501
4   9   1   5   -0.0000000000
4   9   2   4   -0.0000000000
4   9   2   5   -0.0147247501
4   9   3   6   -0.0026515062
4   10   1   4   -0.0000000041
4   10   1   5   -0.0000000002
4   10   2   4   -0.0000000002
4   10   2   5   -0.0000000033
4   10   3   6   -0.0000000010
4   11   1   4   0.0710369049
4   11   1   5   -0.0000000000
4   11   2   4   -0.0000000000
4   11   2   5   0.0710369049
4   11   3   6   0.0350656718
4   12   1   4   0.0000000022
4   12   1   5   0.0000000002
4   12   2   4   0.0000000002
4   12   2   5   0.0000000013
4   12   3   6   -0.0000000032
4   13   1   6   -0.0000000022
4   13   2   6   0.0000000047
4   13   3   4   -0.0000000006
4   13   3   5   0.0000000039
4   14   1   6   -0.0000000023
4   14   2   6   -0.0000000029
4   14   3   4   0.0000000006
4   14   3   5   -0.0000000018
5   8   1   4   -0.0055433942
5   8   1   5   -0.0000000000
5   8   2   4   -0.0000000000
5   8   2   5   -0.0055433942
5   8   3   6   -0.0001279747
5   9   1   4   -0.0000000000
5   9   1   5   -0.0000000000
5   9   2   4   -0.0000000000
5   9   2   5   0.0000000001
5   9   3   6   0.0000000008
5   10   1   4   -0.0199908735
5   10   1   5   0.0000000000
5   10   2   4   0.0000000000
5   10   2   5   -0.0199908735
5   10   3   6   0.0295794117
5   11   1   4   0.0000000022
5   11   1   5   0.0000000002
5   11   2   4   0.0000000002
5   11   2   5   0.0000000013
5   11   3   6   -0.0000000032
5   12   1   4   0.0333160817
5   12   1   5   -0.0000000000
5   12   2   4   -0.0000000000
5   12   2   5   0.0333160817
5   12   3   6   0.0552109612
5   13   1   6   -0.0000951746
5   13   2   6   0.0001315254
5   13   3   4   0.0332415791
5   13   3   5   -0.0459378025
5   14   1   6   -0.0001315253
5   14   2   6   -0.0000951746
5   14   3   4   0.0459378030
5   14   3   5   0.0332415790
6   8   1   6   -0.0014978969
6   8   2   6   0.0020700007
6   8   3   4   0.0044734784
6   8   3   5   -0.0061820699
6   9   1   6   0.0000000005
6   9   2   6   -0.0000000003
6   9   3   4   0.0000000006
6   9   3   5   -0.0000000005
6   10   1   6   0.0361025413
6   10   2   6   -0.0498914751
6   10   3   4   0.0164615298
6   10   3   5   -0.0227488143
6   11   1   6   -0.0000000006
6   11   2   6   0.0000000039
6   11   3   4   -0.0000000022
6   11   3   5   0.0000000047
6   12   1   6   0.0332415791
6   12   2   6   -0.0459378025
6   12   3   4   -0.0000951746
6   12   3   5   0.0001315254
6   13   1   4   0.0628056746
6   13   1   5   -0.0600917710
6   13   2   4   -0.0600917710
6   13   2   5   0.1023650747
6   13   3   6   0.0210901927
6   14   1   4   0.0600917657
6   14   1   5   0.0274828776
6   14   2   4   -0.0670422953
6   14   2   5   -0.0600917658
6   14   3   6   -0.0000000005
7   8   1   6   -0.0020700007
7   8   2   6   -0.0014978969
7   8   3   4   0.0061820699
7   8   3   5   0.0044734784
7   9   1   6   0.0000000010
7   9   2   6   0.0000000004
7   9   3   4   0.0000000009
7   9   3   5   0.0000000005
7   10   1   6   0.0498914754
7   10   2   6   0.0361025412
7   10   3   4   0.0227488143
7   10   3   5   0.0164615298
7   11   1   6   0.0000000006
7   11   2   6   -0.0000000018
7   11   3   4   -0.0000000023
7   11   3   5   -0.0000000029
7   12   1   6   0.0459378030
7   12   2   6   0.0332415790
7   12   3   4   -0.0001315253
7   12   3   5   -0.0000951746
7   13   1   4   0.0600917657
7   13   1   5   -0.0670422953
7   13   2   4   0.0274828776
7   13   2   5   -0.0600917658
7   13   3   6   -0.0000000005
7   14   1   4   0.1023650744
7   14   1   5   0.0600917709
7   14   2   4   0.0600917709
7   14   2   5   0.0628056748
7   14   3   6   0.0210901919

End IJAB Block
Begin IJKL Block
1   8   1   8   2.2475940656
1   8   1   9   0.0000000049
1   8   1   10   -0.1894157107
1   8   1   11   0.0000000005
1   8   1   12   0.0621576750
1   8   2   8   0.0000000049
1   8   2   9   1.8698013768
1   8   2   10   0.0000000003
1   8   2   11   0.1938100585
1   8   2   12   -0.0000000003
1   8   3   8   -0.1894157107
1   8   3   9   0.0000000003
1   8   3   10   0.0276574312
1   8   3   11   0.0000000000
1   8   3   12   -0.0045741170
1   8   4   8   0.0000000005
1   8   4   9   0.1938100585
1   8   4   10   0.0000000000
1   8   4   11   0.0292448940
1   8   4   12   0.0000000003
1   8   5   8   0.0621576750
1   8   5   9   -0.0000000003
1   8   5   10   -0.0045741170
1   8   5   11   0.0000000003
1   8   5   12   0.0136938266
1   8   6   13   0.0101665142
1   8   6   14   -0.0000000000
1   8   7   13   -0.0000000000
1   8   7   14   0.0101665142
1   9   1   8   0.0000000049
1   9   1   9   2.2479324534
1   9   1   10   0.0000000003
1   9   1   11   0.1971730861
1   9   1   12   -0.0000000003
1   9   2   8   1.8698616125
1   9   2   9   -0.0000000045
1   9   2   10   -0.1933274037
1   9   2   11   -0.0000000005
1   9   2   12   0.0522134356
1   9   3   8   0.0000000003
1   9   3   9   -0.1894593911
1   9   3   10   -0.0000000001
1   9   3   11   -0.0260211455
1   9   3   12   0.0000000001
1   9   4   8   0.1938087739
1   9   4   9   -0.0000000005
1   9   4   10   -0.0260982562
1   9   4   11   0.0000000001
1   9   4   12   0.0118524595
1   9   5   8   -0.0000000003
1   9   5   9   0.0621613422
1   9   5   10   0.0000000002
1   9   5   11   0.0120327643
1   9   5   12   0.0000000005
1   9   6   13   0.0000000007
1   9   6   14   0.0000000000
1   9   7   13   0.0000000000
1   9   7   14   0.0000000007
1   10   1   8   -0.1894157107
1   10   1   9   0.0000000003
1   10   1   10   0.7161855131
1   10   1   11   -0.0000000003
1   10   1   12   0.0617955402
1   10   2   8   0.0000000003
1   10   2   9   -0.1933374891
1   10   2   10   -0.0000000007
1   10   2   11   -0.2455891224
1   10   2   12   0.0000000006
1   10   3   8   0.0301084113
1   10   3   9   -0.0000000005
1   10   3   10   -0.0022970774
1   10   3   11   0.0000000002
1   10   3   12   0.0055511278
1   10   4   8   0.0000000004
1   10   4   9   -0.0278945798
1   10   4   10   -0.0000000003
1   10   4   11   -0.0061956653
1   10   4   12   -0.0000000005
1   10   5   8   -0.0040177663
1   10   5   9   0.0000000002
1   10   5   10   0.0190489920
1   10   5   11   -0.0000000000
1   10   5   12   0.0148957620
1   10   6   13   0.0138239013
1   10   7   14   0.0138239013
1   11   1   8   0.0000000005
1   11   1   9   0.1971730861
1   11   1   10   -0.0000000003
1   11   1   11   0.6501992684
1   11   1   12   0.0000000006
1   11   2   8   0.1938087739
1   11   2   9   -0.0000000005
1   11   2   10   -0.2456087501
1   11   2   11   -0.0000000001
1   11   2   12   0.2226872096
1   11   3   8   0.0000000004
1   11   3   9   -0.0278318236
1   11   3   10   0.0000000002
1   11   3   11   -0.0108420893
1   11   3   12   0.0000000002
1   11   4   8   0.0317234021
1   11   4   9   -0.0000000004
1   11   4   10   -0.0059920867
1   11   4   11   0.0000000003
1   11   4   12   -0.0004768849
1   11   5   8   -0.0000000001
1   11   5   9   0.0133964252
1   11   5   10   -0.0000000000
1   11   5   11   -0.0033827249
1   11   5   12   -0.0000000001
1   11   6   13   -0.0000000005
1   11   6   14   -0.0000000000
1   11   7   13   -0.0000000000
1   11   7   14   -0.0000000005
1   12   1   8   0.0621576750
1   12   1   9   -0.0000000003
1   12   1   10   0.0617955402
1   12   1   11   0.0000000006
1   12   1   12   0.6636887912
1   12   2   8   -0.0000000003
1   12   2   9   0.0522108240
1   12   2   10   0.0000000005
1   12   2   11   0.2226920984
1   12   2   12   0.0000000007
1   12   3   8   -0.0040177663
1   12   3   9   0.0000000002
1   12   3   10   0.0059132408
1   12   3   11   0.0000000002
1   12   3   12   -0.0072129016
1   12   4   8   -0.0000000001
1   12   4   9   0.0132208439
1   12   4   10   -0.0000000006
1   12   4   11   -0.0006551879
1   12   4   12   -0.0000000005
1   12   5   8   0.0167426831
1   12   5   9   -0.0000000000
1   12   5   10   0.0155293763
1   12   5   11   0.0000000001
1   12   5   12   -0.0003471950
1   12   6   13   -0.0028742615
1   12   6   14   0.0000000000
1   12   7   13   0.0000000000
1   12   7   14   -0.0028742615
1   13   1   13   0.6360817110
1   13   1   14   -0.0000000001
1   13   2   13   -0.0000000003
1   13   2   14   0.0000000000
1   13   3   13   -0.0032944628
1   13   3   14   0.0000000002
1   13   4   13   0.0000000003
1   13   4   14   -0.0000000000
1   13   5   13   0.0075216007
1   13   5   14   -0.0000000000
1   13   6   8   0.0128844564
1   13   6   9   0.0000000000
1   13   6   10   0.0145042771
1   13   6   11   -0.0000000005
1   13   6   12   -0.0031376057
1   13   7   8   -0.0000000000
1   13   7   9   0.0000000000
1   13   7   10   -0.0000000000
1   13   7   11   -0.0000000000
1   13   7   12   0.0000000000
1   14   1   13   -0.0000000001
1   14   1   14   0.6360817108
1   14   2   13   0.0000000000
1   14   2   14   -0.0000000002
1   14   3   13   0.0000000002
1   14   3   14   -0.0032944625
1   14   4   13   -0.0000000000
1   14   4   14   0.0000000003
1   14   5   13   -0.0000000000
1   14   5   14   0.0075216007
1   14   6   8   -0.0000000000
1   14   6   9   0.0000000000
1   14   6   10   -0.0000000000
1   14   6   11   -0.0000000000
1   14   6   12   0.0000000000
1   14   7   8   0.0128844564
1   14   7   9   0.0000000000
1   14   7   10   0.0145042771
1   14   7   11   -0.0000000005
1   14   7   12   -0.0031376057
2   8   1   8   0.0000000049
2   8   1   9   1.8698616125
2   8   1   10   0.0000000003
2   8   1   11   0.1938087739
2   8   1   12   -0.0000000003
2   8   2   8   2.2479324534
2   8   2   9   -0.0000000045
2   8   2   10   -0.1894593911
2   8   2   11   -0.0000000005
2   8   2   12   0.0621613422
2   8   3   8   0.0000000003
2   8   3   9   -0.1933274037
2   8   3   10   -0.0000000001
2   8   3   11   -0.0260982562
2   8   3   12   0.0000000002
2   8   4   8   0.1971730861
2   8   4   9   -0.0000000005
2   8   4   10   -0.0260211455
2   8   4   11   0.0000000001
2   8   4   12   0.0120327643
2   8   5   8   -0.0000000003
2   8   5   9   0.0522134356
2   8   5   10   0.0000000001
2   8   5   11   0.0118524595
2   8   5   12   0.0000000005
2   8   6   13   0.0000000007
2   8   6   14   0.0000000000
2   8   7   13   0.0000000000
2   8   7   14   0.0000000007
2   9   1   8   1.8698013768
2   9   1   9   -0.0000000045
2   9   1   10   -0.1933374891
2   9   1   11   -0.0000000005
2   9   1   12   0.0522108240
2   9   2   8   -0.0000000045
2   9   2   9   2.2481531820
2   9   2   10   0.0000000013
2   9   2   11   0.1971998089
2   9   2   12   -0.0000000005
2   9   3   8   -0.1933374891
2   9   3   9   0.0000000013
2   9   3   10   0.0275678874
2   9   3   11   0.0000000002
2   9   3   12   -0.0047924755
2   9   4   8   -0.0000000005
2   9   4   9   0.1971998089
2   9   4   10   0.0000000002
2   9   4   11   0.0293129875
2   9   4   12   0.0000000002
2   9   5   8   0.0522108240
2   9   5   9   -0.0000000005
2   9   5   10   -0.0047924755
2   9   5   11   0.0000000002
2   9   5   12   0.0131330533
2   9   6   13   0.0098925196
2   9   6   14   -0.0000000000
2   9   7   13   -0.0000000000
2   9   7   14   0.0098925196
2   10   1   8   0.0000000003
2   10   1   9   -0.1933274037
2   10   1   10   -0.0000000007
2   10   1   11   -0.2456087501
2   10   1   12   0.0000000005
2   10   2   8   -0.1894593911
2   10   2   9   0.0000000013
2   10   2   10   0.7161705041
2   10   2   11   0.0000000010
2   10   2   12   0.0617654096
2   10   3   8   -0.0000000005
2   10   3   9   0.0300533162
2   10   3   10   0.0000000004
2   10   3   11   0.0084740291
2   10   3   12   0.0000000006
2   10   4   8   -0.0278318236
2   10   4   9   0.0000000005
2   10   4   10   0.0138509786
2   10   4   11   -0.0000000002
2   10   4   12   0.0046338750
2   10   5   8   0.0000000002
2   10   5   9   -0.0042217543
2   10   5   10   -0.0000000000
2   10   5   11   0.0013420033
2   10   5   12   -0.0000000001
2   10   6   13   0.0000000004
2   10   6   14   0.0000000000
2   10   7   13   0.0000000000
2   10   7   14   0.0000000005
2   11   1   8   0.1938100585
2   11   1   9   -0.0000000005
2   11   1   10   -0.2455891224
2   11   1   11   -0.0000000001
2   11   1   12   0.2226920984
2   11   2   8   -0.0000000005
2   11   2   9   0.1971998089
2   11   2   10   0.0000000010
2   11   2   11   0.6502233842
2   11   2   12   -0.0000000005
2   11   3   8   -0.0278945798
2   11   3   9   0.0000000005
2   11   3   10   0.0089349626
2   11   3   11   -0.0000000003
2   11   3   12   -0.0095443593
2   11   4   8   -0.0000000004
2   11   4   9   0.0317904186
2   11   4   10   -0.0000000002
2   11   4   11   0.0068227811
2   11   4   12   -0.0000000002
2   11   5   8   0.0132208439
2   11   5   9   -0.0000000002
2   11   5   10   0.0017269258
2   11   5   11   0.0000000000
2   11   5   12   -0.0137673391
2   11   6   13   -0.0111181886
2   11   6   14   -0.0000000000
2   11   7   13   -0.0000000000
2   11   7   14   -0.0111181886
2   12   1   8   -0.0000000003
2   12   1   9   0.0522134356
2   12   1   10   0.0000000006
2   12   1   11   0.2226872096
2   12   1   12   0.0000000007
2   12   2   8   0.0621613422
2   12   2   9   -0.0000000005
2   12   2   10   0.0617654096
2   12   2   11   -0.0000000005
2   12   2   12   0.6636845354
2   12   3   8   0.0000000002
2   12   3   9   -0.0042217543
2   12   3   10   0.0000000005
2   12   3   11   -0.0098802699
2   12   3   12   0.0000000006
2   12   4   8   0.0133964252
2   12   4   9   -0.0000000002
2   12   4   10   0.0046724771
2   12   4   11   -0.0000000001
2   12   4   12   0.0061605256
2   12   5   8   -0.0000000000
2   12   5   9   0.0162031717
2   12   5   10   -0.0000000003
2   12   5   11   -0.0141678003
2   12   5   12   -0.0000000000
2   12   6   13   -0.0000000001
2   12   6   14   -0.0000000000
2   12   7   13   -0.0000000000
2   12   7   14   -0.0000000002
2   13   1   13   -0.0000000003
2   13   1   14   0.0000000000
2   13   2   13   0.6360686003
2   13   2   14   -0.0000000001
2   13   3   13   -0.0000000002
2   13   3   14   0.0000000000
2   13   4   13   0.0074660944
2   13   4   14   -0.0000000001
2   13   5   13   0.0000000002
2   13   5   14   -0.0000000000
2   13   6   8   0.0000000000
2   13   6   9   0.0126197890
2   13   6   10   0.0000000005
2   13   6   11   -0.0117649850
2   13   6   12   -0.0000000001
2   13   7   8   0.0000000000
2   13   7   9   -0.0000000000
2   13   7   10   0.0000000000
2   13   7   12   -0.0000000000
2   14   1   13   0.0000000000
2   14   1   14   -0.0000000002
2   14   2   13   -0.0000000001
2   14   2   14   0.6360686002
2   14   3   13   0.0000000000
2   14   3   14   -0.0000000001
2   14   4   13   -0.0000000001
2   14   4   14   0.0074660942
2   14   5   13   -0.0000000000
2   14   5   14   0.0000000002
2   14   6   8   0.0000000000
2   14   6   9   -0.0000000000
2   14   6   10   0.0000000000
2   14   6   12   -0.0000000000
2   14   7   8   0.0000000000
2   14   7   9   0.0126197890
2   14   7   10   0.0000000005
2   14   7   11   -0.0117649850
2   14   7   12   -0.0000000001
3   8   1   8   -0.1894157107
3   8   1   9   0.0000000003
3   8   1   10   0.0301084113
3   8   1   11   0.0000000004
3   8   1   12   -0.0040177663
3   8   2   8   0.0000000003
3   8   2   9   -0.1933374891
3   8   2   10   -0.0000000005
3   8   2   11   -0.0278945798
3   8   2   12   0.0000000002
3   8   3   8   0.7161855131
3   8   3   9   -0.0000000007
3   8   3   10   -0.0022970774
3   8   3   11   -0.0000000003
3   8   3   12   0.0190489920
3   8   4   8   -0.0000000003
3   8   4   9   -0.2455891224
3   8   4   10   0.0000000002
3   8   4   11   -0.0061956653
3   8   4   12   -0.0000000000
3   8   5   8   0.0617955402
3   8   5   9   0.0000000006
3   8   5   10   0.0055511278
3   8   5   11   -0.0000000005
3   8   5   12   0.0148957620
3   8   6   13   0.0138239013
3   8   7   14   0.0138239013
3   9   1   8   0.0000000003
3   9   1   9   -0.1894593911
3   9   1   10   -0.0000000005
3   9   1   11   -0.0278318236
3   9   1   12   0.0000000002
3   9   2   8   -0.1933274037
3   9   2   9   0.0000000013
3   9   2   10   0.0300533162
3   9   2   11   0.0000000005
3   9   2   12   -0.0042217543
3   9   3   8   -0.0000000007
3   9   3   9   0.7161705041
3   9   3   10   0.0000000004
3   9   3   11   0.0138509786
3   9   3   12   -0.0000000000
3   9   4   8   -0.2456087501
3   9   4   9   0.0000000010
3   9   4   10   0.0084740291
3   9   4   11   -0.0000000002
3   9   4   12   0.0013420033
3   9   5   8   0.0000000005
3   9   5   9   0.0617654096
3   9   5   10   0.0000000006
3   9   5   11   0.0046338750
3   9   5   12   -0.0000000001
3   9   6   13   0.0000000004
3   9   6   14   0.0000000000
3   9   7   13   0.0000000000
3   9   7   14   0.0000000005
3   10   1   8   0.0276574312
3   10   1   9   -0.0000000001
3   10   1   10   -0.0022970774
3   10   1   11   0.0000000002
3   10   1   12   0.0059132408
3   10   2   8   -0.0000000001
3   10   2   9   0.0275678874
3   10   2   10   0.0000000004
3   10   2   11   0.0089349626
3   10   2   12   0.0000000005
3   10   3   8   -0.0022970774
3   10   3   9   0.0000000004
3   10   3   10   0.6426469695
3   10   3   11   0.0000000009
3   10   3   12   0.1066183809
3   10   4   8   0.0000000002
3   10   4   9   0.0089349626
3   10   4   10   0.0000000009
3   10   4   11   0.1020621991
3   10   4   12   -0.0000000010
3   10   5   8   0.0059132408
3   10   5   9   0.0000000005
3   10   5   10   0.1066183809
3   10   5   11   -0.0000000010
3   10   5   12   0.0694307876
3   10   6   13   0.0753730972
3   10   6   14   0.0000000000
3   10   7   13   0.0000000000
3   10   7   14   0.0753730973
3   11   1   8   0.0000000000
3   11   1   9   -0.0260211455
3   11   1   10   0.0000000002
3   11   1   11   -0.0108420893
3   11   1   12   0.0000000002
3   11   2   8   -0.0260982562
3   11   2   9   0.0000000002
3   11   2   10   0.0084740291
3   11   2   11   -0.0000000003
3   11   2   12   -0.0098802699
3   11   3   8   -0.0000000003
3   11   3   9   0.0138509786
3   11   3   10   0.0000000009
3   11   3   11   0.4921172528
3   11   3   12   -0.0000000011
3   11   4   8   -0.0059920867
3   11   4   9   -0.0000000002
3   11   4   10   0.1051073501
3   11   4   11   0.0000000014
3   11   4   12   -0.1062003690
3   11   5   8   -0.0000000006
3   11   5   9   0.0046724771
3   11   5   10   -0.0000000010
3   11   5   11   0.0017087111
3   11   5   12   -0.0000000003
3   11   6   13   -0.0000000043
3   11   6   14   -0.0000000002
3   11   7   13   -0.0000000002
3   11   7   14   -0.0000000046
3   12   1   8   -0.0045741170
3   12   1   9   0.0000000001
3   12   1   10   0.0055511278
3   12   1   11   0.0000000002
3   12   1   12   -0.0072129016
3   12   2   8   0.0000000002
3   12   2   9   -0.0047924755
3   12   2   10   0.0000000006
3   12   2   11   -0.0095443593
3   12   2   12   0.0000000006
3   12   3   8   0.0190489920
3   12   3   9   -0.0000000000
3   12   3   10   0.1066183809
3   12   3   11   -0.0000000011
3   12   3   12   0.5239644233
3   12   4   8   -0.0000000000
3   12   4   9   0.0017269258
3   12   4   10   -0.0000000010
3   12   4   11   -0.1082946327
3   12   4   12   -0.0000000005
3   12   5   8   0.0155293763
3   12   5   9   -0.0000000003
3   12   5   10   0.0731266816
3   12   5   11   -0.0000000005
3   12   5   12   0.0251071975
3   12   6   13   -0.0061206015
3   12   6   14   0.0000000000
3   12   7   13   0.0000000000
3   12   7   14   -0.0061206015
3   13   1   13   -0.0032944628
3   13   1   14   0.0000000002
3   13   2   13   -0.0000000002
3   13   2   14   0.0000000000
3   13   3   13   0.5414557048
3   13   3   14   0.0000000000
3   13   4   13   0.0000000006
3   13   4   14   0.0000000000
3   13   5   13   0.0496759273
3   13   5   14   0.0000000002
3   13   6   8   0.0145042771
3   13   6   9   0.0000000005
3   13   6   10   0.0789131859
3   13   6   11   -0.0000000053
3   13   6   12   -0.0062088784
3   13   7   8   -0.0000000000
3   13   7   9   0.0000000000
3   13   7   10   -0.0000000000
3   13   7   11   0.0000000003
3   13   7   12   0.0000000000
3   14   1   13   0.0000000002
3   14   1   14   -0.0032944625
3   14   2   13   0.0000000000
3   14   2   14   -0.0000000001
3   14   3   13   0.0000000000
3   14   3   14   0.5414557048
3   14   4   13   0.0000000000
3   14   4   14   0.0000000006
3   14   5   13   0.0000000002
3   14   5   14   0.0496759276
3   14   6   8   -0.0000000000
3   14   6   9   0.0000000000
3   14   6   10   -0.0000000000
3   14   6   11   0.0000000003
3   14   6   12   0.0000000000
3   14   7   8   0.0145042771
3   14   7   9   0.0000000005
3   14   7   10   0.0789131858
3   14   7   11   -0.0000000049
3   14   7   12   -0.0062088784
4   8   1   8   0.0000000005
4   8   1   9   0.1938087739
4   8   1   10   0.0000000004
4   8   1   11   0.0317234021
4   8   1   12   -0.0000000001
4   8   2   8   0.1971730861
4   8   2   9   -0.0000000005
4   8   2   10   -0.0278318236
4   8   2   11   -0.0000000004
4   8   2   12   0.0133964252
4   8   3   8   -0.0000000003
4   8   3   9   -0.2456087501
4   8   3   10   0.0000000002
4   8   3   11   -0.0059920867
4   8   3   12   -0.0000000000
4   8   4   8   0.6501992684
4   8   4   9   -0.0000000001
4   8   4   10   -0.0108420893
4   8   4   11   0.0000000003
4   8   4   12   -0.0033827249
4   8   5   8   0.0000000006
4   8   5   9   0.2226872096
4   8   5   10   0.0000000002
4   8   5   11   -0.0004768849
4   8   5   12   -0.0000000001
4   8   6   13   -0.0000000005
4   8   6   14   -0.0000000000
4   8   7   13   -0.0000000000
4   8   7   14   -0.0000000005
4   9   1   8   0.1938100585
4   9   1   9   -0.0000000005
4   9   1   10   -0.0278945798
4   9   1   11   -0.0000000004
4   9   1   12   0.0132208439
4   9   2   8   -0.0000000005
4   9   2   9   0.1971998089
4   9   2   10   0.0000000005
4   9   2   11   0.0317904186
4   9   2   12   -0.0000000002
4   9   3   8   -0.2455891224
4   9   3   9   0.0000000010
4   9   3   10   0.0089349626
4   9   3   11   -0.0000000002
4   9   3   12   0.0017269258
4   9   4   8   -0.0000000001
4   9   4   9   0.6502233842
4   9   4   10   -0.0000000003
4   9   4   11   0.0068227811
4   9   4   12   0.0000000000
4   9   5   8   0.2226920984
4   9   5   9   -0.0000000005
4   9   5   10   -0.0095443593
4   9   5   11   -0.0000000002
4   9   5   12   -0.0137673391
4   9   6   13   -0.0111181886
4   9   6   14   -0.0000000000
4   9   7   13   -0.0000000000
4   9   7   14   -0.0111181886
4   10   1   8   0.0000000000
4   10   1   9   -0.0260982562
4   10   1   10   -0.0000000003
4   10   1   11   -0.0059920867
4   10   1   12   -0.0000000006
4   10   2   8   -0.0260211455
4   10   2   9   0.0000000002
4   10   2   10   0.0138509786
4   10   2   11   -0.0000000002
4   10   2   12   0.0046724771
4   10   3   8   0.0000000002
4   10   3   9   0.0084740291
4   10   3   10   0.0000000009
4   10   3   11   0.1051073501
4   10   3   12   -0.0000000010
4   10   4   8   -0.0108420893
4   10   4   9   -0.0000000003
4   10   4   10   0.4921172528
4   10   4   11   0.0000000014
4   10   4   12   0.0017087111
4   10   5   8   0.0000000002
4   10   5   9   -0.0098802699
4   10   5   10   -0.0000000011
4   10   5   11   -0.1062003690
4   10   5   12   -0.0000000003
4   10   6   13   -0.0000000043
4   10   6   14   -0.0000000002
4   10   7   13   -0.0000000002
4   10   7   14   -0.0000000046
4   11   1   8   0.0292448940
4   11   1   9   0.0000000001
4   11   1   10   -0.0061956653
4   11   1   11   0.0000000003
4   11   1   12   -0.0006551879
4   11   2   8   0.0000000001
4   11   2   9   0.0293129875
4   11   2   10   -0.0000000002
4   11   2   11   0.0068227811
4   11   2   12   -0.0000000001
4   11   3   8   -0.0061956653
4   11   3   9   -0.0000000002
4   11   3   10   0.1020621991
4   11   3   11   0.0000000014
4   11   3   12   -0.1082946327
4   11   4   8   0.0000000003
4   11   4   9   0.0068227811
4   11   4   10   0.0000000014
4   11   4   11   0.5019481817
4   11   4   12   -0.0000000004
4   11   5   8   -0.0006551879
4   11   5   9   -0.0000000001
4   11   5   10   -0.1082946327
4   11   5   11   -0.0000000004
4   11   5   12   0.1532118744
4   11   6   13   0.0432449459
4   11   6   14   0.0000000000
4   11   7   13   0.0000000000
4   11   7   14   0.0432449459
4   12   1   8   0.0000000003
4   12   1   9   0.0118524595
4   12   1   10   -0.0000000005
4   12   1   11   -0.0004768849
4   12   1   12   -0.0000000005
4   12   2   8   0.0120327643
4   12   2   9   0.0000000002
4   12   2   10   0.0046338750
4   12   2   11   -0.0000000002
4   12   2   12   0.0061605256
4   12   3   8   -0.0000000000
4   12   3   9   0.0013420033
4   12   3   10   -0.0000000010
4   12   3   11   -0.1062003690
4   12   3   12   -0.0000000005
4   12   4   8   -0.0033827249
4   12   4   9   0.0000000000
4   12   4   10   0.0017087111
4   12   4   11   -0.0000000004
4   12   4   12   0.5008068387
4   12   5   8   0.0000000001
4   12   5   9   -0.0141678003
4   12   5   10   -0.0000000005
4   12   5   11   0.1539424279
4   12   5   12   -0.0000000011
4   12   6   13   0.0000000007
4   12   6   14   0.0000000003
4   12   7   13   0.0000000003
4   12   7   14   0.0000000012
4   13   1   13   0.0000000003
4   13   1   14   -0.0000000000
4   13   2   13   0.0074660944
4   13   2   14   -0.0000000001
4   13   3   13   0.0000000006
4   13   3   14   0.0000000000
4   13   4   13   0.4669291305
4   13   4   14   -0.0000000002
4   13   5   13   0.0000000001
4   13   5   14   -0.0000000001
4   13   6   8   -0.0000000005
4   13   6   9   -0.0117649850
4   13   6   10   -0.0000000053
4   13   6   11   0.0457517677
4   13   6   12   0.0000000011
4   13   7   8   -0.0000000000
4   13   7   10   0.0000000003
4   13   7   11   -0.0000000000
4   13   7   12   0.0000000002
4   14   1   13   -0.0000000000
4   14   1   14   0.0000000003
4   14   2   13   -0.0000000001
4   14   2   14   0.0074660942
4   14   3   13   0.0000000000
4   14   3   14   0.0000000006
4   14   4   13   -0.0000000002
4   14   4   14   0.4669291302
4   14   5   13   -0.0000000001
4   14   5   14   -0.0000000000
4   14   6   8   -0.0000000000
4   14   6   10   0.0000000003
4   14   6   11   -0.0000000000
4   14   6   12   0.0000000002
4   14   7   8   -0.0000000005
4   14   7   9   -0.0117649850
4   14   7   10   -0.0000000049
4   14   7   11   0.0457517677
4   14   7   12   0.0000000014
5   8   1   8   0.0621576750
5   8   1   9   -0.0000000003
5   8   1   10   -0.0040177663
5   8   1   11   -0.0000000001
5   8   1   12   0.0167426831
5   8   2   8   -0.0000000003
5   8   2   9   0.0522108240
5   8   2   10   0.0000000002
5   8   2   11   0.0132208439
5   8   2   12   -0.0000000000
5   8   3   8   0.0617955402
5   8   3   9   0.0000000005
5   8   3   10   0.0059132408
5   8   3   11   -0.0000000006
5   8   3   12   0.0155293763
5   8   4   8   0.0000000006
5   8   4   9   0.2226920984
5   8   4   10   0.0000000002
5   8   4   11   -0.0006551879
5   8   4   12   0.0000000001
5   8   5   8   0.6636887912
5   8   5   9   0.0000000007
5   8   5   10   -0.0072129016
5   8   5   11   -0.0000000005
5   8   5   12   -0.0003471950
5   8   6   13   -0.0028742615
5   8   6   14   0.0000000000
5   8   7   13   0.0000000000
5   8   7   14   -0.0028742615
5   9   1   8   -0.0000000003
5   9   1   9   0.0621613422
5   9   1   10   0.0000000002
5   9   1   11   0.0133964252
5   9   1   12   -0.0000000000
5   9   2   8   0.0522134356
5   9   2   9   -0.0000000005
5   9   2   10   -0.0042217543
5   9   2   11   -0.0000000002
5   9   2   12   0.0162031717
5   9   3   8   0.0000000006
5   9   3   9   0.0617654096
5   9   3   10   0.0000000005
5   9   3   11   0.0046724771
5   9   3   12   -0.0000000003
5   9   4   8   0.2226872096
5   9   4   9   -0.0000000005
5   9   4   10   -0.0098802699
5   9   4   11   -0.0000000001
5   9   4   12   -0.0141678003
5   9   5   8   0.0000000007
5   9   5   9   0.6636845354
5   9   5   10   0.0000000006
5   9   5   11   0.0061605256
5   9   5   12   -0.0000000000
5   9   6   13   -0.0000000001
5   9   6   14   -0.0000000000
5   9   7   13   -0.0000000000
5   9   7   14   -0.0000000002
5   10   1   8   -0.0045741170
5   10   1   9   0.0000000002
5   10   1   10   0.0190489920
5   10   1   11   -0.0000000000
5   10   1   12   0.0155293763
5   10   2   8   0.0000000001
5   10   2   9   -0.0047924755
5   10   2   10   -0.0000000000
5   10   2   11   0.0017269258
5   10   2   12   -0.0000000003
5   10   3   8   0.0055511278
5   10   3   9   0.0000000006
5   10   3   10   0.1066183809
5   10   3   11   -0.0000000010
5   10   3   12   0.0731266816
5   10   4   8   0.0000000002
5   10   4   9   -0.0095443593
5   10   4   10   -0.0000000011
5   10   4   11   -0.1082946327
5   10   4   12   -0.0000000005
5   10   5   8   -0.0072129016
5   10   5   9   0.0000000006
5   10   5   10   0.5239644233
5   10   5   11   -0.0000000005
5   10   5   12   0.0251071975
5   10   6   13   -0.0061206015
5   10   6   14   0.0000000000
5   10   7   13   0.0000000000
5   10   7   14   -0.0061206015
5   11   1   8   0.0000000003
5   11   1   9   0.0120327643
5   11   1   10   -0.0000000000
5   11   1   11   -0.0033827249
5   11   1   12   0.0000000001
5   11   2   8   0.0118524595
5   11   2   9   0.0000000002
5   11   2   10   0.0013420033
5   11   2   11   0.0000000000
5   11   2   12   -0.0141678003
5   11   3   8   -0.0000000005
5   11   3   9   0.0046338750
5   11   3   10   -0.0000000010
5   11   3   11   0.0017087111
5   11   3   12   -0.0000000005
5   11   4   8   -0.0004768849
5   11   4   9   -0.0000000002
5   11   4   10   -0.1062003690
5   11   4   11   -0.0000000004
5   11   4   12   0.1539424279
5   11   5   8   -0.0000000005
5   11   5   9   0.0061605256
5   11   5   10   -0.0000000005
5   11   5   11   0.5008068387
5   11   5   12   -0.0000000011
5   11   6   13   0.0000000007
5   11   6   14   0.0000000003
5   11   7   13   0.0000000003
5   11   7   14   0.0000000012
5   12   1   8   0.0136938266
5   12   1   9   0.0000000005
5   12   1   10   0.0148957620
5   12   1   11   -0.0000000001
5   12   1   12   -0.0003471950
5   12   2   8   0.0000000005
5   12   2   9   0.0131330533
5   12   2   10   -0.0000000001
5   12   2   11   -0.0137673391
5   12   2   12   -0.0000000000
5   12   3   8   0.0148957620
5   12   3   9   -0.0000000001
5   12   3   10   0.0694307876
5   12   3   11   -0.0000000003
5   12   3   12   0.0251071975
5   12   4   8   -0.0000000001
5   12   4   9   -0.0137673391
5   12   4   10   -0.0000000003
5   12   4   11   0.1532118744
5   12   4   12   -0.0000000011
5   12   5   8   -0.0003471950
5   12   5   9   -0.0000000000
5   12   5   10   0.0251071975
5   12   5   11   -0.0000000011
5   12   5   12   0.5231691768
5   12   6   13   0.0150536470
5   12   6   14   0.0000000001
5   12   7   13   0.0000000001
5   12   7   14   0.0150536471
5   13   1   13   0.0075216007
5   13   1   14   -0.0000000000
5   13   2   13   0.0000000002
5   13   2   14   -0.0000000000
5   13   3   13   0.0496759273
5   13   3   14   0.0000000002
5   13   4   13   0.0000000001
5   13   4   14   -0.0000000001
5   13   5   13   0.4714230528
5   13   5   14   -0.0000000003
5   13   6   8   -0.0031376057
5   13   6   9   -0.0000000001
5   13   6   10   -0.0062088784
5   13   6   11   0.0000000011
5   13   6   12   0.0181651186
5   13   7   8   0.0000000000
5   13   7   9   -0.0000000000
5   13   7   10   0.0000000000
5   13   7   11   0.0000000002
5   13   7   12   0.0000000000
5   14   1   13   -0.0000000000
5   14   1   14   0.0075216007
5   14   2   13   -0.0000000000
5   14   2   14   0.0000000002
5   14   3   13   0.0000000002
5   14   3   14   0.0496759276
5   14   4   13   -0.0000000001
5   14   4   14   -0.0000000000
5   14   5   13   -0.0000000003
5   14   5   14   0.4714230523
5   14   6   8   0.0000000000
5   14   6   9   -0.0000000000
5   14   6   10   0.0000000000
5   14   6   11   0.0000000002
5   14   6   12   0.0000000000
5   14   7   8   -0.0031376057
5   14   7   9   -0.0000000001
5   14   7   10   -0.0062088784
5   14   7   11   0.0000000014
5   14   7   12   0.0181651186
6   8   1   13   0.0128844564
6   8   1   14   -0.0000000000
6   8   2   13   0.0000000000
6   8   2   14   0.0000000000
6   8   3   13   0.0145042771
6   8   3   14   -0.0000000000
6   8   4   13   -0.0000000005
6   8   4   14   -0.0000000000
6   8   5   13   -0.0031376057
6   8   5   14   0.0000000000
6   8   6   8   0.6360817110
6   8   6   9   -0.0000000003
6   8   6   10   -0.0032944628
6   8   6   11   0.0000000003
6   8   6   12   0.0075216007
6   8   7   8   -0.0000000001
6   8   7   9   0.0000000000
6   8   7   10   0.0000000002
6   8   7   11   -0.0000000000
6   8   7   12   -0.0000000000
6   9   1   13   0.0000000000
6   9   1   14   0.0000000000
6   9   2   13   0.0126197890
6   9   2   14   -0.0000000000
6   9   3   13   0.0000000005
6   9   3   14   0.0000000000
6   9   4   13   -0.0117649850
6   9   5   13   -0.0000000001
6   9   5   14   -0.0000000000
6   9   6   8   -0.0000000003
6   9   6   9   0.6360686003
6   9   6   10   -0.0000000002
6   9   6   11   0.0074660944
6   9   6   12   0.0000000002
6   9   7   8   0.0000000000
6   9   7   9   -0.0000000001
6   9   7   10   0.0000000000
6   9   7   11   -0.0000000001
6   9   7   12   -0.0000000000
6   10   1   13   0.0145042771
6   10   1   14   -0.0000000000
6   10   2   13   0.0000000005
6   10   2   14   0.0000000000
6   10   3   13   0.0789131859
6   10   3   14   -0.0000000000
6   10   4   13   -0.0000000053
6   10   4   14   0.0000000003
6   10   5   13   -0.0062088784
6   10   5   14   0.0000000000
6   10   6   8   -0.0032944628
6   10   6   9   -0.0000000002
6   10   6   10   0.5414557048
6   10   6   11   0.0000000006
6   10   6   12   0.0496759273
6   10   7   8   0.0000000002
6   10   7   9   0.0000000000
6   10   7   10   0.0000000000
6   10   7   11   0.0000000000
6   10   7   12   0.0000000002
6   11   1   13   -0.0000000005
6   11   1   14   -0.0000000000
6   11   2   13   -0.0117649850
6   11   3   13   -0.0000000053
6   11   3   14   0.0000000003
6   11   4   13   0.0457517677
6   11   4   14   -0.0000000000
6   11   5   13   0.0000000011
6   11   5   14   0.0000000002
6   11   6   8   0.0000000003
6   11   6   9   0.0074660944
6   11   6   10   0.0000000006
6   11   6   11   0.4669291305
6   11   6   12   0.0000000001
6   11   7   8   -0.0000000000
6   11   7   9   -0.0000000001
6   11   7   10   0.0000000000
6   11   7   11   -0.0000000002
6   11   7   12   -0.0000000001
6   12   1   13   -0.0031376057
6   12   1   14   0.0000000000
6   12   2   13   -0.0000000001
6   12   2   14   -0.0000000000
6   12   3   13   -0.0062088784
6   12   3   14   0.0000000000
6   12   4   13   0.0000000011
6   12   4   14   0.0000000002
6   12   5   13   0.0181651186
6   12   5   14   0.0000000000
6   12   6   8   0.0075216007
6   12   6   9   0.0000000002
6   12   6   10   0.0496759273
6   12   6   11   0.0000000001
6   12   6   12   0.4714230528
6   12   7   8   -0.0000000000
6   12   7   9   -0.0000000000
6   12   7   10   0.0000000002
6   12   7   11   -0.0000000001
6   12   7   12   -0.0000000003
6   13   1   8   0.0101665142
6   13   1   9   0.0000000007
6   13   1   10   0.0138239013
6   13   1   11   -0.0000000005
6   13   1   12   -0.0028742615
6   13   2   8   0.0000000007
6   13   2   9   0.0098925196
6   13   2   10   0.0000000004
6   13   2   11   -0.0111181886
6   13   2   12   -0.0000000001
6   13   3   8   0.0138239013
6   13   3   9   0.0000000004
6   13   3   10   0.0753730972
6   13   3   11   -0.0000000043
6   13   3   12   -0.0061206015
6   13   4   8   -0.0000000005
6   13   4   9   -0.0111181886
6   13   4   10   -0.0000000043
6   13   4   11   0.0432449459
6   13   4   12   0.0000000007
6   13   5   8   -0.0028742615
6   13   5   9   -0.0000000001
6   13   5   10   -0.0061206015
6   13   5   11   0.0000000007
6   13   5   12   0.0150536470
6   13   6   13   0.5066990172
6   13   6   14   0.0000000029
6   13   7   13   0.0000000029
6   13   7   14   0.0137515106
6   14   1   8   -0.0000000000
6   14   1   9   0.0000000000
6   14   1   11   -0.0000000000
6   14   1   12   0.0000000000
6   14   2   8   0.0000000000
6   14   2   9   -0.0000000000
6   14   2   10   0.0000000000
6   14   2   11   -0.0000000000
6   14   2   12   -0.0000000000
6   14   3   9   0.0000000000
6   14   3   10   0.0000000000
6   14   3   11   -0.0000000002
6   14   3   12   0.0000000000
6   14   4   8   -0.0000000000
6   14   4   9   -0.0000000000
6   14   4   10   -0.0000000002
6   14   4   11   0.0000000000
6   14   4   12   0.0000000003
6   14   5   8   0.0000000000
6   14   5   9   -0.0000000000
6   14   5   10   0.0000000000
6   14   5   11   0.0000000003
6   14   5   12   0.0000000001
6   14   6   13   0.0000000029
6   14   6   14   0.4762246312
6   14   7   13   0.0167228725
6   14   7   14   -0.0000000032
7   8   1   13   -0.0000000000
7   8   1   14   0.0128844564
7   8   2   13   0.0000000000
7   8   2   14   0.0000000000
7   8   3   13   -0.0000000000
7   8   3   14   0.0145042771
7   8   4   13   -0.0000000000
7   8   4   14   -0.0000000005
7   8   5   13   0.0000000000
7   8   5   14   -0.0031376057
7   8   6   8   -0.0000000001
7   8   6   9   0.0000000000
7   8   6   10   0.0000000002
7   8   6   11   -0.0000000000
7   8   6   12   -0.0000000000
7   8   7   8   0.6360817108
7   8   7   9   -0.0000000002
7   8   7   10   -0.0032944625
7   8   7   11   0.0000000003
7   8   7   12   0.0075216007
7   9   1   13   0.0000000000
7   9   1   14   0.0000000000
7   9   2   13   -0.0000000000
7   9   2   14   0.0126197890
7   9   3   13   0.0000000000
7   9   3   14   0.0000000005
7   9   4   14   -0.0117649850
7   9   5   13   -0.0000000000
7   9   5   14   -0.0000000001
7   9   6   8   0.0000000000
7   9   6   9   -0.0000000001
7   9   6   10   0.0000000000
7   9   6   11   -0.0000000001
7   9   6   12   -0.0000000000
7   9   7   8   -0.0000000002
7   9   7   9   0.6360686002
7   9   7   10   -0.0000000001
7   9   7   11   0.0074660942
7   9   7   12   0.0000000002
7   10   1   13   -0.0000000000
7   10   1   14   0.0145042771
7   10   2   13   0.0000000000
7   10   2   14   0.0000000005
7   10   3   13   -0.0000000000
7   10   3   14   0.0789131858
7   10   4   13   0.0000000003
7   10   4   14   -0.0000000049
7   10   5   13   0.0000000000
7   10   5   14   -0.0062088784
7   10   6   8   0.0000000002
7   10   6   9   0.0000000000
7   10   6   10   0.0000000000
7   10   6   11   0.0000000000
7   10   6   12   0.0000000002
7   10   7   8   -0.0032944625
7   10   7   9   -0.0000000001
7   10   7   10   0.5414557048
7   10   7   11   0.0000000006
7   10   7   12   0.0496759276
7   11   1   13   -0.0000000000
7   11   1   14   -0.0000000005
7   11   2   14   -0.0117649850
7   11   3   13   0.0000000003
7   11   3   14   -0.0000000049
7   11   4   13   -0.0000000000
7   11   4   14   0.0457517677
7   11   5   13   0.0000000002
7   11   5   14   0.0000000014
7   11   6   8   -0.0000000000
7   11   6   9   -0.0000000001
7   11   6   10   0.0000000000
7   11   6   11   -0.0000000002
7   11   6   12   -0.0000000001
7   11   7   8   0.0000000003
7   11   7   9   0.0074660942
7   11   7   10   0.0000000006
7   11   7   11   0.4669291302
7   11   7   12   -0.0000000000
7   12   1   13   0.0000000000
7   12   1   14   -0.0031376057
7   12   2   13   -0.0000000000
7   12   2   14   -0.0000000001
7   12   3   13   0.0000000000
7   12   3   14   -0.0062088784
7   12   4   13   0.0000000002
7   12   4   14   0.0000000014
7   12   5   13   0.0000000000
7   12   5   14   0.0181651186
7   12   6   8   -0.0000000000
7   12   6   9   -0.0000000000
7   12   6   10   0.0000000002
7   12   6   11   -0.0000000001
7   12   6   12   -0.0000000003
7   12   7   8   0.0075216007
7   12   7   9   0.0000000002
7   12   7   10   0.0496759276
7   12   7   11   -0.0000000000
7   12   7   12   0.4714230523
7   13   1   8   -0.0000000000
7   13   1   9   0.0000000000
7   13   1   11   -0.0000000000
7   13   1   12   0.0000000000
7   13   2   8   0.0000000000
7   13   2   9   -0.0000000000
7   13   2   10   0.0000000000
7   13   2   11   -0.0000000000
7   13   2   12   -0.0000000000
7   13   3   9   0.0000000000
7   13   3   10   0.0000000000
7   13   3   11   -0.0000000002
7   13   3   12   0.0000000000
7   13   4   8   -0.0000000000
7   13   4   9   -0.0000000000
7   13   4   10   -0.0000000002
7   13   4   11   0.0000000000
7   13   4   12   0.0000000003
7   13   5   8   0.0000000000
7   13   5   9   -0.0000000000
7   13   5   10   0.0000000000
7   13   5   11   0.0000000003
7   13   5   12   0.0000000001
7   13   6   13   0.0000000029
7   13   6   14   0.0167228725
7   13   7   13   0.4762246312
7   13   7   14   -0.0000000032
7   14   1   8   0.0101665142
7   14   1   9   0.0000000007
7   14   1   10   0.0138239013
7   14   1   11   -0.0000000005
7   14   1   12   -0.0028742615
7   14   2   8   0.0000000007
7   14   2   9   0.0098925196
7   14   2   10   0.0000000005
7   14   2   11   -0.0111181886
7   14   2   12   -0.0000000002
7   14   3   8   0.0138239013
7   14   3   9   0.0000000005
7   14   3   10   0.0753730973
7   14   3   11   -0.0000000046
7   14   3   12   -0.0061206015
7   14   4   8   -0.0000000005
7   14   4   9   -0.0111181886
7   14   4   10   -0.0000000046
7   14   4   11   0.0432449459
7   14   4   12   0.0000000012
7   14   5   8   -0.0028742615
7   14   5   9   -0.0000000002
7   14   5   10   -0.0061206015
7   14   5   11   0.0000000012
7   14   5   12   0.0150536471
7   14   6   13   0.0137515106
7   14   6   14   -0.0000000032
7   14   7   13   -0.0000000032
7   14   7   14   0.5066990167

End IJKL Block
Begin ABCD Block
1   4   1   4   0.4710898131
1   4   1   5   -0.0000000006
1   4   2   4   -0.0000000006
1   4   2   5   0.0176990787
1   4   3   6   0.0196151620
1   5   1   4   -0.0000000006
1   5   1   5   0.4357829185
1   5   2   4   0.0176078187
1   5   2   5   0.0000000005
1   5   3   6   0.0000000000
1   6   1   6   0.3673130425
1   6   2   6   0.0000000045
1   6   3   4   0.0197011995
2   4   1   4   -0.0000000006
2   4   1   5   0.0176078187
2   4   2   4   0.4357829185
2   4   2   5   0.0000000005
2   4   3   6   0.0000000000
2   5   1   4   0.0176990787
2   5   1   5   0.0000000005
2   5   2   4   0.0000000005
2   5   2   5   0.4710898140
2   5   3   6   0.0196151620
2   6   1   6   0.0000000045
2   6   2   6   0.3673130190
2   6   3   5   0.0197011995
3   4   1   6   0.0197011995
3   4   3   4   0.3673130425
3   4   3   5   0.0000000045
3   5   2   6   0.0197011995
3   5   3   4   0.0000000045
3   5   3   5   0.3673130190
3   6   1   4   0.0196151620
3   6   1   5   0.0000000000
3   6   2   4   0.0000000000
3   6   2   5   0.0196151620
3   6   3   6   0.3528834196

End ABCD Block
Begin AIJB Block
1   8   1   4   0.0128357548
1   8   2   4   0.0000000000
1   8   3   4   0.0110899358
1   8   4   4   -0.0000000004
1   8   4   5   -0.0000000000
1   8   5   4   -0.0053237878
1   8   6   6   -0.0018826336
1   8   7   6   -0.0026016830
1   9   1   4   0.0000000000
1   9   2   4   0.0130210756
1   9   3   4   0.0000000003
1   9   3   5   0.0000000000
1   9   4   4   -0.0138523332
1   9   5   4   -0.0000000002
1   9   5   5   -0.0000000000
1   9   6   6   0.0000000000
1   9   7   6   0.0000000002
1   10   1   4   0.0110899358
1   10   2   4   0.0000000003
1   10   2   5   0.0000000000
1   10   3   4   0.0410074609
1   10   3   5   -0.0000000000
1   10   4   4   -0.0000000046
1   10   4   5   -0.0000000001
1   10   5   4   -0.0183814479
1   10   5   5   0.0000000000
1   10   6   6   0.0347318563
1   10   7   6   0.0479972738
1   11   1   4   -0.0000000004
1   11   1   5   -0.0000000000
1   11   2   4   -0.0138523332
1   11   3   4   -0.0000000046
1   11   3   5   -0.0000000001
1   11   4   4   0.0669250757
1   11   4   5   -0.0000000000
1   11   5   4   0.0000000017
1   11   5   5   -0.0000000000
1   11   6   6   0.0000000003
1   11   7   6   0.0000000013
1   12   1   4   -0.0053237878
1   12   2   4   -0.0000000002
1   12   2   5   -0.0000000000
1   12   3   4   -0.0183814479
1   12   3   5   0.0000000000
1   12   4   4   0.0000000017
1   12   4   5   -0.0000000000
1   12   5   4   0.0293157795
1   12   5   5   -0.0000000000
1   12   6   6   0.0334876689
1   12   7   6   0.0462778839
1   13   1   6   0.0039680155
1   13   2   6   0.0000000002
1   13   3   6   0.0136580519
1   13   4   6   -0.0000000016
1   13   5   6   -0.0001424726
1   13   6   4   0.0616213832
1   13   6   5   -0.0623915545
1   13   7   4   0.0623915519
1   13   7   5   -0.0699347114
1   14   1   6   0.0054835516
1   14   2   6   0.0000000002
1   14   3   6   0.0188745815
1   14   4   6   -0.0000000021
1   14   5   6   -0.0001968883
1   14   6   4   0.0623915519
1   14   6   5   0.0288613117
1   14   7   4   0.1026947740
1   14   7   5   0.0623915544
2   8   1   5   0.0128357548
2   8   2   5   0.0000000000
2   8   3   5   0.0110899358
2   8   4   4   -0.0000000000
2   8   4   5   -0.0000000004
2   8   5   5   -0.0053237878
2   8   6   6   0.0026016830
2   8   7   6   -0.0018826336
2   9   1   5   0.0000000000
2   9   2   5   0.0130210756
2   9   3   4   0.0000000000
2   9   3   5   0.0000000003
2   9   4   5   -0.0138523332
2   9   5   4   -0.0000000000
2   9   5   5   -0.0000000002
2   9   6   6   0.0000000003
2   9   7   6   -0.0000000001
2   10   1   5   0.0110899358
2   10   2   4   0.0000000000
2   10   2   5   0.0000000003
2   10   3   4   -0.0000000000
2   10   3   5   0.0410074610
2   10   4   4   -0.0000000001
2   10   4   5   -0.0000000043
2   10   5   4   0.0000000000
2   10   5   5   -0.0183814479
2   10   6   6   -0.0479972734
2   10   7   6   0.0347318562
2   11   1   4   -0.0000000000
2   11   1   5   -0.0000000004
2   11   2   5   -0.0138523332
2   11   3   4   -0.0000000001
2   11   3   5   -0.0000000043
2   11   4   4   -0.0000000000
2   11   4   5   0.0669250758
2   11   5   4   -0.0000000000
2   11   5   5   0.0000000018
2   11   6   6   0.0000000015
2   11   7   6   -0.0000000004
2   12   1   5   -0.0053237878
2   12   2   4   -0.0000000000
2   12   2   5   -0.0000000002
2   12   3   4   0.0000000000
2   12   3   5   -0.0183814479
2   12   4   4   -0.0000000000
2   12   4   5   0.0000000018
2   12   5   4   -0.0000000000
2   12   5   5   0.0293157796
2   12   6   6   -0.0462778831
2   12   7   6   0.0334876687
2   13   1   6   -0.0054835516
2   13   2   6   -0.0000000002
2   13   3   6   -0.0188745815
2   13   4   6   0.0000000025
2   13   5   6   0.0001968884
2   13   6   4   -0.0623915545
2   13   6   5   0.1026947744
2   13   7   4   0.0288613117
2   13   7   5   -0.0623915521
2   14   1   6   0.0039680155
2   14   2   6   0.0000000001
2   14   3   6   0.0136580519
2   14   4   6   -0.0000000017
2   14   5   6   -0.0001424726
2   14   6   4   -0.0699347114
2   14   6   5   -0.0623915521
2   14   7   4   0.0623915544
2   14   7   5   0.0616213833
3   8   1   6   0.0145214701
3   8   2   6   -0.0000000000
3   8   3   6   0.0018121021
3   8   4   6   0.0000000000
3   8   5   6   -0.0006708010
3   8   6   4   0.0039680155
3   8   6   5   -0.0054835516
3   8   7   4   0.0054835516
3   8   7   5   0.0039680155
3   9   1   6   -0.0000000000
3   9   2   6   0.0146602311
3   9   3   6   0.0000000003
3   9   4   6   -0.0026279210
3   9   5   6   0.0000000006
3   9   6   4   0.0000000002
3   9   6   5   -0.0000000002
3   9   7   4   0.0000000002
3   9   7   5   0.0000000001
3   10   1   6   0.0018121021
3   10   2   6   0.0000000003
3   10   3   6   0.0518228091
3   10   4   6   -0.0000000002
3   10   5   6   0.0258987078
3   10   6   4   0.0136580519
3   10   6   5   -0.0188745815
3   10   7   4   0.0188745815
3   10   7   5   0.0136580519
3   11   1   6   0.0000000000
3   11   2   6   -0.0026279210
3   11   3   6   -0.0000000002
3   11   4   6   0.0340619866
3   11   5   6   -0.0000000004
3   11   6   4   -0.0000000016
3   11   6   5   0.0000000025
3   11   7   4   -0.0000000021
3   11   7   5   -0.0000000017
3   12   1   6   -0.0006708010
3   12   2   6   0.0000000006
3   12   3   6   0.0258987078
3   12   4   6   -0.0000000004
3   12   5   6   0.0512128726
3   12   6   4   -0.0001424726
3   12   6   5   0.0001968884
3   12   7   4   -0.0001968883
3   12   7   5   -0.0001424726
3   13   1   4   -0.0018826336
3   13   1   5   0.0026016830
3   13   2   4   0.0000000000
3   13   2   5   0.0000000003
3   13   3   4   0.0347318563
3   13   3   5   -0.0479972734
3   13   4   4   0.0000000003
3   13   4   5   0.0000000015
3   13   5   4   0.0334876689
3   13   5   5   -0.0462778831
3   13   6   6   0.0192166941
3   13   7   6   0.0000000000
3   14   1   4   -0.0026016830
3   14   1   5   -0.0018826336
3   14   2   4   0.0000000002
3   14   2   5   -0.0000000001
3   14   3   4   0.0479972738
3   14   3   5   0.0347318562
3   14   4   4   0.0000000013
3   14   4   5   -0.0000000004
3   14   5   4   0.0462778839
3   14   5   5   0.0334876687
3   14   6   6   0.0000000000
3   14   7   6   0.0192166942

1   8   8   1   -0.6062384300
1   8   8   2   0.0000000000
1   8   9   1   -0.0000000002
1   8   9   2   0.0000000000
1   8   10   1   0.0044870369
1   8   10   2   -0.0000000001
1   8   11   1   -0.0000000005
1   8   11   2   -0.0000000000
1   8   12   1   -0.0024840783
1   8   12   2   0.0000000000
1   8   13   3   -0.0042186909
1   8   14   3   -0.0058299695
1   9   8   1   -0.0000000002
1   9   8   2   0.0000000000
1   9   9   1   -0.6062520702
1   9   9   2   0.0000000000
1   9   10   1   0.0000000005
1   9   10   2   0.0000000000
1   9   11   1   -0.0051537608
1   9   11   2   0.0000000001
1   9   12   1   -0.0000000001
1   9   12   2   -0.0000000000
1   9   13   3   0.0000000018
1   9   14   3   0.0000000025
1   10   8   1   0.0044870369
1   10   8   2   -0.0000000001
1   10   9   1   0.0000000005
1   10   9   2   0.0000000000
1   10   10   1   -0.4973033266
1   10   10   2   -0.0000000001
1   10   11   1   0.0000000006
1   10   11   2   0.0000000002
1   10   12   1   -0.0238867995
1   10   12   2   -0.0000000001
1   10   13   3   -0.0195816469
1   10   14   3   -0.0270606229
1   11   8   1   -0.0000000005
1   11   8   2   -0.0000000000
1   11   9   1   -0.0051537608
1   11   9   2   0.0000000001
1   11   10   1   0.0000000006
1   11   10   2   0.0000000002
1   11   11   1   -0.4694407249
1   11   11   2   0.0000000001
1   11   12   1   -0.0000000005
1   11   12   2   -0.0000000000
1   11   13   3   -0.0000000033
1   11   14   3   -0.0000000045
1   12   8   1   -0.0024840783
1   12   8   2   0.0000000000
1   12   9   1   -0.0000000001
1   12   9   2   -0.0000000000
1   12   10   1   -0.0238867995
1   12   10   2   -0.0000000001
1   12   11   1   -0.0000000005
1   12   11   2   -0.0000000000
1   12   12   1   -0.4695075321
1   12   12   2   0.0000000001
1   12   13   3   -0.0019590049
1   12   14   3   -0.0027072235
1   13   8   3   -0.0041886969
1   13   9   3   0.0000000019
1   13   10   3   -0.0197687451
1   13   11   3   -0.0000000035
1   13   12   3   -0.0029349378
1   13   13   1   -0.4661986106
1   13   13   2   0.0173044311
1   13   14   1   -0.0173044258
1   13   14   2   0.0041799331
1   14   8   3   -0.0057885196
1   14   9   3   0.0000000026
1   14   10   3   -0.0273191809
1   14   11   3   -0.0000000047
1   14   12   3   -0.0040559022
1   14   13   1   -0.0173044258
1   14   13   2   0.0072118682
1   14   14   1   -0.4775903941
1   14   14   2   -0.0173044311
2   8   8   1   0.0000000000
2   8   8   2   -0.6062384301
2   8   9   1   0.0000000000
2   8   9   2   -0.0000000002
2   8   10   1   -0.0000000001
2   8   10   2   0.0044870374
2   8   11   1   -0.0000000000
2   8   11   2   -0.0000000003
2   8   12   1   0.0000000000
2   8   12   2   -0.0024840783
2   8   13   3   0.0058299695
2   8   14   3   -0.0042186909
2   9   8   1   0.0000000000
2   9   8   2   -0.0000000002
2   9   9   1   0.0000000000
2   9   9   2   -0.6062520703
2   9   10   1   0.0000000000
2   9   10   2   0.0000000003
2   9   11   1   0.0000000001
2   9   11   2   -0.0051537612
2   9   12   1   -0.0000000000
2   9   12   2   -0.0000000001
2   9   13   3   -0.0000000026
2   9   14   3   0.0000000019
2   10   8   1   -0.0000000001
2   10   8   2   0.0044870374
2   10   9   1   0.0000000000
2   10   9   2   0.0000000003
2   10   10   1   -0.0000000001
2   10   10   2   -0.4973033263
2   10   11   1   0.0000000002
2   10   11   2   -0.0000000006
2   10   12   1   -0.0000000001
2   10   12   2   -0.0238867989
2   10   13   3   0.0270606229
2   10   14   3   -0.0195816469
2   11   8   1   -0.0000000000
2   11   8   2   -0.0000000003
2   11   9   1   0.0000000001
2   11   9   2   -0.0051537612
2   11   10   1   0.0000000002
2   11   10   2   -0.0000000006
2   11   11   1   0.0000000001
2   11   11   2   -0.4694407253
2   11   12   1   -0.0000000000
2   11   12   2   -0.0000000004
2   11   13   3   0.0000000048
2   11   14   3   -0.0000000034
2   12   8   1   0.0000000000
2   12   8   2   -0.0024840783
2   12   9   1   -0.0000000000
2   12   9   2   -0.0000000001
2   12   10   1   -0.0000000001
2   12   10   2   -0.0238867989
2   12   11   1   -0.0000000000
2   12   11   2   -0.0000000004
2   12   12   1   0.0000000001
2   12   12   2   -0.4695075327
2   12   13   3   0.0027072234
2   12   14   3   -0.0019590049
2   13   8   3   0.0057885196
2   13   9   3   -0.0000000026
2   13   10   3   0.0273191809
2   13   11   3   0.0000000049
2   13   12   3   0.0040559022
2   13   13   1   0.0173044311
2   13   13   2   -0.4775903947
2   13   14   1   0.0072118682
2   13   14   2   0.0173044263
2   14   8   3   -0.0041886969
2   14   9   3   0.0000000019
2   14   10   3   -0.0197687450
2   14   11   3   -0.0000000035
2   14   12   3   -0.0029349378
2   14   13   1   0.0041799331
2   14   13   2   0.0173044263
2   14   14   1   -0.0173044311
2   14   14   2   -0.4661986104
3   8   8   3   -0.4843367769
3   8   9   3   0.0000000000
3   8   10   3   0.0019682716
3   8   11   3   -0.0000000006
3   8   12   3   -0.0079690650
3   8   13   1   -0.0041886969
3   8   13   2   0.0057885196
3   8   14   1   -0.0057885196
3   8   14   2   -0.0041886969
3   9   8   3   0.0000000000
3   9   9   3   -0.4843358151
3   9   10   3   0.0000000035
3   9   11   3   -0.0065016459
3   9   12   3   0.0000000028
3   9   13   1   0.0000000019
3   9   13   2   -0.0000000026
3   9   14   1   0.0000000026
3   9   14   2   0.0000000019
3   10   8   3   0.0019682716
3   10   9   3   0.0000000035
3   10   10   3   -0.4221338233
3   10   11   3   -0.0000000059
3   10   12   3   -0.0346434788
3   10   13   1   -0.0197687451
3   10   13   2   0.0273191809
3   10   14   1   -0.0273191809
3   10   14   2   -0.0197687450
3   11   8   3   -0.0000000006
3   11   9   3   -0.0065016459
3   11   10   3   -0.0000000059
3   11   11   3   -0.3811478262
3   11   12   3   -0.0000000101
3   11   13   1   -0.0000000035
3   11   13   2   0.0000000049
3   11   14   1   -0.0000000047
3   11   14   2   -0.0000000035
3   12   8   3   -0.0079690650
3   12   9   3   0.0000000028
3   12   10   3   -0.0346434788
3   12   11   3   -0.0000000101
3   12   12   3   -0.3990173032
3   12   13   1   -0.0029349378
3   12   13   2   0.0040559022
3   12   14   1   -0.0040559022
3   12   14   2   -0.0029349378
3   13   8   1   -0.0042186909
3   13   8   2   0.0058299695
3   13   9   1   0.0000000018
3   13   9   2   -0.0000000026
3   13   10   1   -0.0195816469
3   13   10   2   0.0270606229
3   13   11   1   -0.0000000033
3   13   11   2   0.0000000048
3   13   12   1   -0.0019590049
3   13   12   2   0.0027072234
3   13   13   3   -0.3822066800
3   13   14   3   -0.0000000110
3   14   8   1   -0.0058299695
3   14   8   2   -0.0042186909
3   14   9   1   0.0000000025
3   14   9   2   0.0000000019
3   14   10   1   -0.0270606229
3   14   10   2   -0.0195816469
3   14   11   1   -0.0000000045
3   14   11   2   -0.0000000034
3   14   12   1   -0.0027072235
3   14   12   2   -0.0019590049
3   14   13   3   -0.0000000110
3   14   14   3   -0.3822066980

End AIJB Block
Begin IJKA Block
1   8   1   6   0.0000000006
1   8   2   6   0.1115384085
1   8   3   6   -0.0000000001
1   8   4   6   0.0146740329
1   8   5   6   -0.0000000001
1   8   6   4   -0.0000000002
1   8   6   5   0.0000000002
1   8   7   4   -0.0000000003
1   8   7   5   -0.0000000002
1   9   1   6   0.1063514991
1   9   2   6   -0.0000000001
1   9   3   6   -0.0196505712
1   9   4   6   -0.0000000001
1   9   5   6   -0.0031264064
1   9   6   4   -0.0072762079
1   9   6   5   0.0100552685
1   9   7   4   -0.0100552685
1   9   7   5   -0.0072762079
1   10   1   6   0.0000000000
1   10   2   6   -0.1432345252
1   10   3   6   -0.0000000004
1   10   4   6   -0.0066487042
1   10   5   6   0.0000000002
1   10   6   4   -0.0000000002
1   10   6   5   0.0000000003
1   10   7   4   -0.0000000004
1   10   7   5   -0.0000000002
1   11   1   6   0.0968642082
1   11   2   6   -0.0000000001
1   11   3   6   -0.0006784607
1   11   4   6   0.0000000002
1   11   5   6   0.0083005511
1   11   6   4   0.0080428488
1   11   6   5   -0.0111147187
1   11   7   4   0.0111147187
1   11   7   5   0.0080428488
1   12   1   6   0.0000000009
1   12   2   6   -0.1120930598
1   12   3   6   -0.0000000011
1   12   4   6   -0.0008546393
1   12   5   6   0.0000000005
1   12   6   4   0.0000000001
1   12   6   5   -0.0000000001
1   12   7   4   0.0000000001
1   12   7   5   0.0000000001
1   13   1   4   -0.0000000001
1   13   1   5   0.0000000029
1   13   2   4   -0.1377389720
1   13   2   5   0.1903467259
1   13   3   4   0.0000000000
1   13   3   5   -0.0000000007
1   13   4   4   -0.0009195043
1   13   4   5   0.0012706979
1   13   5   4   0.0000000000
1   13   5   5   0.0000000002
1   13   6   6   -0.0000000002
1   13   7   6   -0.0000000001
1   14   1   4   0.0000000011
1   14   1   5   -0.0000000012
1   14   2   4   -0.1903467256
1   14   2   5   -0.1377389721
1   14   3   4   -0.0000000003
1   14   3   5   0.0000000003
1   14   4   4   -0.0012706979
1   14   4   5   -0.0009195043
1   14   5   4   0.0000000002
1   14   5   5   -0.0000000001
1   14   6   6   -0.0000000001
1   14   7   6   -0.0000000003
2   8   1   6   0.1115505867
2   8   2   6   -0.0000000001
2   8   3   6   -0.0195405010
2   8   4   6   -0.0000000001
2   8   5   6   -0.0028515819
2   8   6   4   -0.0071442272
2   8   6   5   0.0098728793
2   8   7   4   -0.0098728793
2   8   7   5   -0.0071442272
2   9   1   6   -0.0000000000
2   9   2   6   0.1063835948
2   9   3   6   0.0000000000
2   9   4   6   0.0145781686
2   9   5   6   -0.0000000001
2   9   6   4   -0.0000000001
2   9   6   5   0.0000000002
2   9   7   4   -0.0000000002
2   9   7   5   -0.0000000001
2   10   1   6   -0.1432067279
2   10   2   6   0.0000000008
2   10   3   6   0.0021756778
2   10   4   6   0.0000000005
2   10   5   6   -0.0081622976
2   10   6   4   -0.0064058415
2   10   6   5   0.0088524761
2   10   7   4   -0.0088524761
2   10   7   5   -0.0064058415
2   11   1   6   -0.0000000001
2   11   2   6   0.0968422833
2   11   3   6   -0.0000000002
2   11   4   6   0.0056430831
2   11   5   6   0.0000000001
2   11   6   4   0.0000000002
2   11   6   5   -0.0000000002
2   11   7   4   0.0000000003
2   11   7   5   0.0000000002
2   12   1   6   -0.1120737194
2   12   2   6   0.0000000015
2   12   3   6   0.0010719248
2   12   4   6   0.0000000013
2   12   5   6   -0.0001335025
2   12   6   4   0.0027969793
2   12   6   5   -0.0038652522
2   12   7   4   0.0038652522
2   12   7   5   0.0027969793
2   13   1   4   -0.1377121814
2   13   1   5   0.1903097028
2   13   2   4   0.0000000006
2   13   2   5   0.0000000019
2   13   3   4   0.0026122038
2   13   3   5   -0.0036099038
2   13   4   4   -0.0000000000
2   13   4   5   0.0000000008
2   13   5   4   0.0016185656
2   13   5   5   -0.0022367573
2   13   6   6   -0.0066671018
2   13   7   6   -0.0000000000
2   14   1   4   -0.1903097025
2   14   1   5   -0.1377121814
2   14   2   4   0.0000000020
2   14   2   5   -0.0000000005
2   14   3   4   0.0036099038
2   14   3   5   0.0026122038
2   14   4   4   0.0000000004
2   14   4   5   -0.0000000003
2   14   5   4   0.0022367573
2   14   5   5   0.0016185655
2   14   6   6   -0.0000000000
2   14   7   6   -0.0066671018
3   8   1   6   0.0000000001
3   8   2   6   -0.0203114831
3   8   3   6   0.0000000001
3   8   4   6   -0.0055177119
3   8   5   6   -0.0000000000
3   8   6   4   -0.0000000003
3   8   6   5   0.0000000004
3   8   7   4   -0.0000000004
3   8   7   5   -0.0000000003
3   9   1   6   -0.0203989207
3   9   2   6   0.0000000002
3   9   3   6   -0.0057073562
3   9   4   6   -0.0000000001
3   9   5   6   -0.0095033695
3   9   6   4   -0.0085671139
3   9   6   5   0.0118392206
3   9   7   4   -0.0118392206
3   9   7   5   -0.0085671139
3   10   1   6   0.0000000000
3   10   2   6   0.0014940907
3   10   3   6   0.0000000011
3   10   4   6   0.0508225236
3   10   5   6   0.0000000008
3   10   6   4   -0.0000000026
3   10   6   5   0.0000000024
3   10   7   4   -0.0000000041
3   10   7   5   -0.0000000021
3   11   1   6   -0.0004440491
3   11   2   6   -0.0000000001
3   11   3   6   0.0812827233
3   11   4   6   0.0000000008
3   11   5   6   0.0318651408
3   11   6   4   0.0354191146
3   11   6   5   -0.0489470220
3   11   7   4   0.0489470220
3   11   7   5   0.0354191146
3   12   1   6   -0.0000000008
3   12   2   6   0.0008739788
3   12   3   6   0.0000000017
3   12   4   6   0.0528494066
3   12   5   6   0.0000000038
3   12   6   4   0.0000000010
3   12   6   5   -0.0000000019
3   12   7   4   0.0000000012
3   12   7   5   0.0000000012
3   13   1   4   -0.0000000001
3   13   1   5   -0.0000000006
3   13   2   4   0.0021621426
3   13   2   5   -0.0029879471
3   13   3   4   0.0000000001
3   13   3   5   0.0000000015
3   13   4   4   0.0651428414
3   13   4   5   -0.0900233710
3   13   5   4   -0.0000000006
3   13   5   5   0.0000000013
3   13   6   6   -0.0000000018
3   13   7   6   -0.0000000010
3   14   1   4   -0.0000000005
3   14   1   5   0.0000000002
3   14   2   4   0.0029879472
3   14   2   5   0.0021621426
3   14   3   4   0.0000000010
3   14   3   5   -0.0000000005
3   14   4   4   0.0900233709
3   14   4   5   0.0651428415
3   14   5   4   -0.0000000006
3   14   5   5   -0.0000000008
3   14   6   6   -0.0000000010
3   14   7   6   -0.0000000035
4   8   1   6   0.0153455313
4   8   2   6   -0.0000000001
4   8   3   6   -0.0056624057
4   8   4   6   0.0000000001
4   8   5   6   0.0119994276
4   8   6   4   0.0073609060
4   8   6   5   -0.0101723161
4   8   7   4   0.0101723161
4   8   7   5   0.0073609060
4   9   1   6   -0.0000000001
4   9   2   6   0.0152557597
4   9   3   6   -0.0000000001
4   9   4   6   0.0087645859
4   9   5   6   0.0000000000
4   9   6   4   0.0000000002
4   9   6   5   -0.0000000003
4   9   7   4   0.0000000003
4   9   7   5   0.0000000002
4   10   1   6   -0.0061653541
4   10   2   6   0.0000000009
4   10   3   6   0.0515449179
4   10   4   6   0.0000000003
4   10   5   6   -0.0215972932
4   10   6   4   0.0244248192
4   10   6   5   -0.0337535870
4   10   7   4   0.0337535869
4   10   7   5   0.0244248193
4   11   1   6   -0.0000000002
4   11   2   6   0.0052536277
4   11   3   6   0.0000000019
4   11   4   6   0.0297302065
4   11   5   6   -0.0000000004
4   11   6   4   -0.0000000024
4   11   6   5   0.0000000023
4   11   7   4   -0.0000000038
4   11   7   5   -0.0000000020
4   12   1   6   -0.0007647897
4   12   2   6   0.0000000009
4   12   3   6   0.0531297843
4   12   4   6   -0.0000000020
4   12   5   6   -0.0646906867
4   12   6   4   -0.0144460704
4   12   6   5   0.0199635743
4   12   7   4   -0.0199635743
4   12   7   5   -0.0144460704
4   13   1   4   -0.0009501771
4   13   1   5   0.0013130859
4   13   2   4   0.0000000000
4   13   2   5   0.0000000007
4   13   3   4   0.0644429537
4   13   3   5   -0.0890561695
4   13   4   4   0.0000000003
4   13   4   5   0.0000000003
4   13   5   4   -0.0654709165
4   13   5   5   0.0904767504
4   13   6   6   0.0183938039
4   13   7   6   -0.0000000000
4   14   1   4   -0.0013130859
4   14   1   5   -0.0009501771
4   14   2   4   0.0000000004
4   14   2   5   -0.0000000002
4   14   3   4   0.0890561693
4   14   3   5   0.0644429537
4   14   4   4   0.0000000007
4   14   4   5   0.0000000000
4   14   5   4   -0.0904767504
4   14   5   5   -0.0654709165
4   14   6   6   -0.0000000000
4   14   7   6   0.0183938039
5   8   1   6   -0.0000000001
5   8   2   6   -0.0032319032
5   8   3   6   0.0000000000
5   8   4   6   0.0121597764
5   8   5   6   -0.0000000000
5   8   6   4   -0.0000000000
5   8   6   5   0.0000000001
5   8   7   4   0.0000000000
5   8   7   5   -0.0000000000
5   9   1   6   -0.0034755269
5   9   2   6   -0.0000000001
5   9   3   6   -0.0096159626
5   9   4   6   -0.0000000001
5   9   5   6   0.0057025952
5   9   6   4   0.0020377968
5   9   6   5   -0.0028161089
5   9   7   4   0.0028161089
5   9   7   5   0.0020377968
5   10   1   6   0.0000000010
5   10   2   6   -0.0079352255
5   10   3   6   0.0000000000
5   10   4   6   -0.0224328250
5   10   5   6   0.0000000003
5   10   6   4   0.0000000006
5   10   6   5   -0.0000000012
5   10   7   4   0.0000000006
5   10   7   5   0.0000000008
5   11   1   6   0.0077324543
5   11   2   6   -0.0000000007
5   11   3   6   0.0303776096
5   11   4   6   -0.0000000009
5   11   5   6   0.0279069357
5   11   6   4   -0.0117644667
5   11   6   5   0.0162577641
5   11   7   4   -0.0162577642
5   11   7   5   -0.0117644667
5   12   1   6   0.0000000004
5   12   2   6   -0.0001886769
5   12   3   6   0.0000000044
5   12   4   6   -0.0657195199
5   12   5   6   0.0000000023
5   12   6   4   -0.0000000006
5   12   6   5   -0.0000000011
5   12   7   4   -0.0000000017
5   12   7   5   0.0000000002
5   13   1   4   -0.0000000001
5   13   1   5   0.0000000002
5   13   2   4   0.0013060290
5   13   2   5   -0.0018048512
5   13   3   4   -0.0000000005
5   13   3   5   0.0000000012
5   13   4   4   -0.0648783666
5   13   4   5   0.0896578830
5   13   5   4   -0.0000000001
5   13   5   5   0.0000000024
5   13   6   6   0.0000000013
5   13   7   6   -0.0000000009
5   14   1   4   -0.0000000000
5   14   1   5   -0.0000000001
5   14   2   4   0.0018048512
5   14   2   5   0.0013060290
5   14   3   4   -0.0000000004
5   14   3   5   -0.0000000007
5   14   4   4   -0.0896578831
5   14   4   5   -0.0648783666
5   14   5   4   0.0000000009
5   14   5   5   -0.0000000010
5   14   6   6   -0.0000000009
5   14   7   6   -0.0000000002
6   8   1   4   -0.0000000001
6   8   1   5   0.0000000000
6   8   2   4   -0.0077236991
6   8   2   5   0.0106736736
6   8   3   4   -0.0000000003
6   8   3   5   0.0000000004
6   8   4   4   0.0076023850
6   8   4   5   -0.0105060251
6   8   5   4   0.0000000000
6   8   5   5   0.0000000000
6   8   6   6   -0.0000000001
6   8   7   6   -0.0000000000
6   9   1   4   -0.0078381441
6   9   1   5   0.0108318295
6   9   2   4   -0.0000000000
6   9   2   5   -0.0000000000
6   9   3   4   -0.0088417759
6   9   3   5   0.0122187865
6   9   4   4   0.0000000002
6   9   4   5   -0.0000000002
6   9   5   4   0.0021564181
6   9   5   5   -0.0029800362
6   9   6   6   -0.0010990426
6   9   7   6   -0.0000000001
6   10   1   4   -0.0000000003
6   10   1   5   0.0000000004
6   10   2   4   -0.0064641714
6   10   2   5   0.0089330844
6   10   3   4   -0.0000000025
6   10   3   5   0.0000000031
6   10   4   4   0.0237416392
6   10   4   5   -0.0328094745
6   10   5   4   0.0000000005
6   10   5   5   -0.0000000010
6   10   6   6   0.0000000002
6   10   7   6   -0.0000000006
6   11   1   4   0.0076086624
6   11   1   5   -0.0105147001
6   11   2   4   0.0000000002
6   11   2   5   -0.0000000002
6   11   3   4   0.0334708617
6   11   3   5   -0.0462546572
6   11   4   4   -0.0000000024
6   11   4   5   0.0000000033
6   11   5   4   -0.0129288542
6   11   5   5   0.0178668755
6   11   6   6   0.0596058001
6   11   7   6   -0.0000000002
6   12   1   4   -0.0000000001
6   12   1   5   0.0000000001
6   12   2   4   0.0026840519
6   12   2   5   -0.0037091935
6   12   3   4   0.0000000012
6   12   3   5   -0.0000000022
6   12   4   4   -0.0150849944
6   12   4   5   0.0208465276
6   12   5   4   -0.0000000005
6   12   5   5   -0.0000000001
6   12   6   6   0.0000000010
6   12   7   6   -0.0000000031
6   13   1   6   0.0000000000
6   13   2   6   -0.0060286416
6   13   3   6   -0.0000000010
6   13   4   6   0.0172381376
6   13   5   6   -0.0000000001
6   13   6   4   0.0000000004
6   13   6   5   0.0000000014
6   13   7   4   0.0000000003
6   13   7   5   -0.0000000002
6   14   1   6   -0.0000000001
6   14   2   6   0.0000000000
6   14   3   6   -0.0000000010
6   14   4   6   -0.0000000001
6   14   5   6   0.0000000002
6   14   6   4   0.0000000012
6   14   6   5   -0.0000000006
6   14   7   4   0.0000000003
6   14   7   5   0.0000000000
7   8   1   4   -0.0000000001
7   8   1   5   -0.0000000001
7   8   2   4   -0.0106736736
7   8   2   5   -0.0077236991
7   8   3   4   -0.0000000004
7   8   3   5   -0.0000000003
7   8   4   4   0.0105060251
7   8   4   5   0.0076023850
7   8   5   4   0.0000000000
7   8   5   5   -0.0000000000
7   8   6   6   -0.0000000000
7   8   7   6   -0.0000000001
7   9   1   4   -0.0108318295
7   9   1   5   -0.0078381441
7   9   2   4   -0.0000000001
7   9   2   5   -0.0000000000
7   9   3   4   -0.0122187865
7   9   3   5   -0.0088417759
7   9   4   4   0.0000000003
7   9   4   5   0.0000000002
7   9   5   4   0.0029800362
7   9   5   5   0.0021564181
7   9   6   6   -0.0000000001
7   9   7   6   -0.0010990428
7   10   1   4   -0.0000000005
7   10   1   5   -0.0000000003
7   10   2   4   -0.0089330844
7   10   2   5   -0.0064641714
7   10   3   4   -0.0000000037
7   10   3   5   -0.0000000024
7   10   4   4   0.0328094744
7   10   4   5   0.0237416392
7   10   5   4   0.0000000006
7   10   5   5   0.0000000006
7   10   6   6   -0.0000000006
7   10   7   6   -0.0000000008
7   11   1   4   0.0105147001
7   11   1   5   0.0076086624
7   11   2   4   0.0000000002
7   11   2   5   0.0000000002
7   11   3   4   0.0462546572
7   11   3   5   0.0334708617
7   11   4   4   -0.0000000033
7   11   4   5   -0.0000000024
7   11   5   4   -0.0178668755
7   11   5   5   -0.0129288542
7   11   6   6   -0.0000000002
7   11   7   6   0.0596057998
7   12   1   4   -0.0000000001
7   12   1   5   -0.0000000001
7   12   2   4   0.0037091935
7   12   2   5   0.0026840519
7   12   3   4   0.0000000015
7   12   3   5   0.0000000014
7   12   4   4   -0.0208465277
7   12   4   5   -0.0150849944
7   12   5   4   -0.0000000011
7   12   5   5   -0.0000000002
7   12   6   6   -0.0000000031
7   12   7   6   -0.0000000040
7   13   1   6   -0.0000000001
7   13   2   6   0.0000000000
7   13   3   6   -0.0000000010
7   13   4   6   -0.0000000001
7   13   5   6   0.0000000002
7   13   6   4   0.0000000004
7   13   6   5   -0.0000000002
7   13   7   4   0.0000000005
7   13   7   5   0.0000000013
7   14   1   6   -0.0000000002
7   14   2   6   -0.0060286415
7   14   3   6   -0.0000000026
7   14   4   6   0.0172381375
7   14   5   6   0.0000000003
7   14   6   4   0.0000000003
7   14   6   5   -0.0000000000
7   14   7   4   0.0000000018
7   14   7   5   0.0000000000

End IJKA Block
Begin IABC Block
1   4   1   6   -0.0000000012
1   4   2   6   0.0000000000
1   4   3   4   0.0000000001
1   4   3   5   0.0000000000
1   5   1   6   0.0000000000
1   5   2   6   -0.0000000012
1   5   3   4   0.0000000000
1   5   3   5   0.0000000001
1   6   1   4   -0.0000000013
1   6   2   5   -0.0000000013
1   6   3   6   0.0000000015
2   4   1   6   -0.0069198026
2   4   3   4   0.0012995074
2   4   3   5   -0.0000000000
2   5   2   6   -0.0069198026
2   5   3   4   -0.0000000000
2   5   3   5   0.0012995076
2   6   1   4   -0.0068562387
2   6   2   5   -0.0068562387
2   6   3   6   -0.0015532496
3   4   1   6   0.0000000074
3   4   2   6   0.0000000004
3   4   3   4   -0.0000000012
3   4   3   5   0.0000000000
3   5   1   6   0.0000000004
3   5   2   6   0.0000000055
3   5   3   4   0.0000000000
3   5   3   5   -0.0000000013
3   6   1   4   0.0000000063
3   6   1   5   -0.0000000001
3   6   2   4   -0.0000000001
3   6   2   5   0.0000000069
3   6   3   6   0.0000000153
4   4   1   6   0.0205725704
4   4   2   6   -0.0000000000
4   4   3   4   0.0477989076
4   4   3   5   -0.0000000001
4   5   1   6   -0.0000000000
4   5   2   6   0.0205725704
4   5   3   4   -0.0000000001
4   5   3   5   0.0477989080
4   6   1   4   0.0192783747
4   6   1   5   0.0000000000
4   6   2   4   0.0000000000
4   6   2   5   0.0192783747
4   6   3   6   0.0221633341
5   4   1   6   -0.0000000032
5   4   2   6   0.0000000002
5   4   3   4   -0.0000000029
5   4   3   5   -0.0000000007
5   5   1   6   0.0000000002
5   5   2   6   -0.0000000040
5   5   3   4   -0.0000000007
5   5   3   5   0.0000000007
5   6   1   4   -0.0000000042
5   6   1   5   0.0000000000
5   6   2   4   0.0000000000
5   6   2   5   -0.0000000043
5   6   3   6   0.0000000094
6   4   1   4   0.0000000000
6   4   1   5   0.0000000002
6   4   2   4   0.0000000014
6   4   2   5   -0.0000000002
6   4   3   6   0.0000000043
6   5   1   4   0.0000000002
6   5   1   5   0.0000000001
6   5   2   4   -0.0000000001
6   5   2   5   0.0000000016
6   5   3   6   -0.0000000042
6   6   1   6   -0.0000000184
6   6   2   6   -0.0000000608
6   6   3   4   0.0000000033
6   6   3   5   -0.0000000040
7   4   1   4   0.0000000008
7   4   1   5   -0.0000000001
7   4   2   4   -0.0000000004
7   4   2   5   -0.0000000002
7   4   3   6   0.0000000068
7   5   1   4   -0.0000000001
7   5   1   5   0.0000000009
7   5   2   4   -0.0000000001
7   5   2   5   -0.0000000007
7   5   3   6   0.0000000036
7   6   1   6   -0.0000000651
7   6   2   6   0.0000000153
7   6   3   4   0.0000000048
7   6   3   5   0.0000000031

End IABC Block
