0   1   5   6      -0.163409041641
0   1   6   5       0.163409041629
0   2   4   6       0.149798564674
0   2   6   4      -0.149798564666
1   0   5   6       0.163409041641
1   0   6   5      -0.163409041629
1   2   4   5       0.149798565351
1   2   5   4      -0.149798565346
2   0   4   6      -0.149798564674
2   0   6   4       0.149798564666
2   1   4   5      -0.149798565351
2   1   5   4       0.149798565346
0   103   5   12      -0.106729290360
0   103   5   13      -0.193658470461
0   103   6   12      -0.193658470462
0   103   6   13      -0.731743884931
0   104   5   12      -0.193658474066
0   104   5   13      -0.394211811761
0   104   6   12      -0.230802769831
0   104   6   13       0.193658472771
0   105   4   12       0.114130517685
0   105   4   13       0.400841624851
0   105   5   11       0.071478790149
0   105   6   11       0.251043060216
0   110   6   13       0.062725932746
1   103   5   12      -0.193658473726
1   103   5   13      -0.230802769771
1   103   6   12      -0.394211811852
1   103   6   13       0.193658473156
1   104   5   12      -0.731743889505
1   104   5   13       0.193658470570
1   104   6   12       0.193658470943
1   104   6   13      -0.106729289742
1   105   4   12       0.400841625682
1   105   4   13      -0.114130517550
1   105   5   11       0.251043060370
1   105   6   11      -0.071478790130
1   111   5   12      -0.062725932814
2   103   4   12       0.071478790147
2   103   4   13       0.251043060198
2   103   5   11       0.114130517682
2   103   6   11       0.400841624888
2   104   4   12       0.251043060353
2   104   4   13      -0.071478790127
2   104   5   11       0.400841625708
2   104   6   11      -0.114130517553
2   105   4   11      -0.675457896344
2   107   4   11       0.066548263690
4   105   4   11       0.066548263690
7   103   6   13       0.062725932738
8   104   5   12      -0.062725932807
0   103   12   5       0.106729290360
0   103   12   6       0.193658470462
0   103   13   5       0.193658470461
0   103   13   6       0.731743884931
0   104   12   5       0.193658474066
0   104   12   6       0.230802769831
0   104   13   5       0.394211811761
0   104   13   6      -0.193658472771
0   105   11   5      -0.071478790149
0   105   11   6      -0.251043060216
0   105   12   4      -0.114130517685
0   105   13   4      -0.400841624851
0   110   13   6      -0.062725932746
1   103   12   5       0.193658473726
1   103   12   6       0.394211811852
1   103   13   5       0.230802769771
1   103   13   6      -0.193658473156
1   104   12   5       0.731743889505
1   104   12   6      -0.193658470943
1   104   13   5      -0.193658470570
1   104   13   6       0.106729289742
1   105   11   5      -0.251043060370
1   105   11   6       0.071478790130
1   105   12   4      -0.400841625682
1   105   13   4       0.114130517550
1   111   12   5       0.062725932814
2   103   11   5      -0.114130517682
2   103   11   6      -0.400841624888
2   103   12   4      -0.071478790147
2   103   13   4      -0.251043060198
2   104   11   5      -0.400841625708
2   104   11   6       0.114130517553
2   104   12   4      -0.251043060353
2   104   13   4       0.071478790127
2   105   11   4       0.675457896344
2   107   11   4      -0.066548263690
4   105   11   4      -0.066548263690
7   103   13   6      -0.062725932738
8   104   12   5       0.062725932807
103   0   5   12       0.106729290360
103   0   5   13       0.193658470461
103   0   6   12       0.193658470462
103   0   6   13       0.731743884931
103   1   5   12       0.193658473726
103   1   5   13       0.230802769771
103   1   6   12       0.394211811852
103   1   6   13      -0.193658473156
103   2   4   12      -0.071478790147
103   2   4   13      -0.251043060198
103   2   5   11      -0.114130517682
103   2   6   11      -0.400841624888
103   7   6   13      -0.062725932738
104   0   5   12       0.193658474066
104   0   5   13       0.394211811761
104   0   6   12       0.230802769831
104   0   6   13      -0.193658472771
104   1   5   12       0.731743889505
104   1   5   13      -0.193658470570
104   1   6   12      -0.193658470943
104   1   6   13       0.106729289742
104   2   4   12      -0.251043060353
104   2   4   13       0.071478790127
104   2   5   11      -0.400841625708
104   2   6   11       0.114130517553
104   8   5   12       0.062725932807
105   0   4   12      -0.114130517685
105   0   4   13      -0.400841624851
105   0   5   11      -0.071478790149
105   0   6   11      -0.251043060216
105   1   4   12      -0.400841625682
105   1   4   13       0.114130517550
105   1   5   11      -0.251043060370
105   1   6   11       0.071478790130
105   2   4   11       0.675457896344
105   4   4   11      -0.066548263690
107   2   4   11      -0.066548263690
110   0   6   13      -0.062725932746
111   1   5   12       0.062725932814
103   0   12   5      -0.106729290360
103   0   12   6      -0.193658470462
103   0   13   5      -0.193658470461
103   0   13   6      -0.731743884931
103   1   12   5      -0.193658473726
103   1   12   6      -0.394211811852
103   1   13   5      -0.230802769771
103   1   13   6       0.193658473156
103   2   11   5       0.114130517682
103   2   11   6       0.400841624888
103   2   12   4       0.071478790147
103   2   13   4       0.251043060198
103   7   13   6       0.062725932738
104   0   12   5      -0.193658474066
104   0   12   6      -0.230802769831
104   0   13   5      -0.394211811761
104   0   13   6       0.193658472771
104   1   12   5      -0.731743889505
104   1   12   6       0.193658470943
104   1   13   5       0.193658470570
104   1   13   6      -0.106729289742
104   2   11   5       0.400841625708
104   2   11   6      -0.114130517553
104   2   12   4       0.251043060353
104   2   13   4      -0.071478790127
104   8   12   5      -0.062725932807
105   0   11   5       0.071478790149
105   0   11   6       0.251043060216
105   0   12   4       0.114130517685
105   0   13   4       0.400841624851
105   1   11   5       0.251043060370
105   1   11   6      -0.071478790130
105   1   12   4       0.400841625682
105   1   13   4      -0.114130517550
105   2   11   4      -0.675457896344
105   4   11   4       0.066548263690
107   2   11   4       0.066548263690
110   0   13   6       0.062725932746
111   1   12   5      -0.062725932814
103   104   12   13      -0.163409041641
103   104   13   12       0.163409041629
103   105   11   13       0.149798564674
103   105   13   11      -0.149798564666
104   103   12   13       0.163409041641
104   103   13   12      -0.163409041629
104   105   11   12       0.149798565351
104   105   12   11      -0.149798565346
105   103   11   13      -0.149798564674
105   103   13   11       0.149798564666
105   104   11   12      -0.149798565351
105   104   12   11       0.149798565346

