0   1   5   6      -0.172088572388
0   1   6   5       0.172088572471
0   2   4   5       0.171126446180
0   2   5   4      -0.171126446215
1   0   5   6       0.172088572388
1   0   6   5      -0.172088572471
1   2   4   6      -0.171126446187
1   2   6   4       0.171126446221
2   0   4   5      -0.171126446180
2   0   5   4       0.171126446215
2   1   4   6       0.171126446187
2   1   6   4      -0.171126446221
0   53   5   12      -0.834439965356
0   53   5   13      -0.055851207737
0   53   6   12      -0.055851207788
0   53   6   13      -0.054654750464
0   54   5   12      -0.055851207145
0   54   5   13       0.303848324278
0   54   6   12       0.475936895183
0   54   6   13       0.055851206537
0   55   4   12       0.468361347488
0   55   5   11       0.297234900746
0   60   5   12      -0.077148305263
1   53   5   12      -0.055851206542
1   53   5   13       0.475936895483
1   53   6   12       0.303848324249
1   53   6   13       0.055851207100
1   54   5   12      -0.054654750462
1   54   5   13       0.055851207881
1   54   6   12       0.055851207675
1   54   6   13      -0.834439965224
1   55   4   13      -0.468361347430
1   55   6   11      -0.297234900744
1   61   6   13      -0.077148305253
2   53   4   12       0.297234900756
2   53   5   11       0.468361347375
2   54   4   13      -0.297234900722
2   54   6   11      -0.468361347353
2   55   4   11      -0.794773381942
2   59   4   11      -0.057714339975
6   55   4   11      -0.057714339975
7   53   5   12      -0.077148305262
8   54   6   13      -0.077148305252
0   53   12   5       0.834439965356
0   53   12   6       0.055851207788
0   53   13   5       0.055851207737
0   53   13   6       0.054654750464
0   54   12   5       0.055851207145
0   54   12   6      -0.475936895183
0   54   13   5      -0.303848324278
0   54   13   6      -0.055851206537
0   55   11   5      -0.297234900746
0   55   12   4      -0.468361347488
0   60   12   5       0.077148305263
1   53   12   5       0.055851206542
1   53   12   6      -0.303848324249
1   53   13   5      -0.475936895483
1   53   13   6      -0.055851207100
1   54   12   5       0.054654750462
1   54   12   6      -0.055851207675
1   54   13   5      -0.055851207881
1   54   13   6       0.834439965224
1   55   11   6       0.297234900744
1   55   13   4       0.468361347430
1   61   13   6       0.077148305253
2   53   11   5      -0.468361347375
2   53   12   4      -0.297234900756
2   54   11   6       0.468361347353
2   54   13   4       0.297234900722
2   55   11   4       0.794773381942
2   59   11   4       0.057714339975
6   55   11   4       0.057714339975
7   53   12   5       0.077148305262
8   54   13   6       0.077148305252
53   0   5   12       0.834439965356
53   0   5   13       0.055851207737
53   0   6   12       0.055851207788
53   0   6   13       0.054654750464
53   1   5   12       0.055851206542
53   1   5   13      -0.475936895483
53   1   6   12      -0.303848324249
53   1   6   13      -0.055851207100
53   2   4   12      -0.297234900756
53   2   5   11      -0.468361347375
53   7   5   12       0.077148305262
54   0   5   12       0.055851207145
54   0   5   13      -0.303848324278
54   0   6   12      -0.475936895183
54   0   6   13      -0.055851206537
54   1   5   12       0.054654750462
54   1   5   13      -0.055851207881
54   1   6   12      -0.055851207675
54   1   6   13       0.834439965224
54   2   4   13       0.297234900722
54   2   6   11       0.468361347353
54   8   6   13       0.077148305252
55   0   4   12      -0.468361347488
55   0   5   11      -0.297234900746
55   1   4   13       0.468361347430
55   1   6   11       0.297234900744
55   2   4   11       0.794773381942
55   6   4   11       0.057714339975
59   2   4   11       0.057714339975
60   0   5   12       0.077148305263
61   1   6   13       0.077148305253
53   0   12   5      -0.834439965356
53   0   12   6      -0.055851207788
53   0   13   5      -0.055851207737
53   0   13   6      -0.054654750464
53   1   12   5      -0.055851206542
53   1   12   6       0.303848324249
53   1   13   5       0.475936895483
53   1   13   6       0.055851207100
53   2   11   5       0.468361347375
53   2   12   4       0.297234900756
53   7   12   5      -0.077148305262
54   0   12   5      -0.055851207145
54   0   12   6       0.475936895183
54   0   13   5       0.303848324278
54   0   13   6       0.055851206537
54   1   12   5      -0.054654750462
54   1   12   6       0.055851207675
54   1   13   5       0.055851207881
54   1   13   6      -0.834439965224
54   2   11   6      -0.468361347353
54   2   13   4      -0.297234900722
54   8   13   6      -0.077148305252
55   0   11   5       0.297234900746
55   0   12   4       0.468361347488
55   1   11   6      -0.297234900744
55   1   13   4      -0.468361347430
55   2   11   4      -0.794773381942
55   6   11   4      -0.057714339975
59   2   11   4      -0.057714339975
60   0   12   5      -0.077148305263
61   1   13   6      -0.077148305253
53   54   12   13      -0.172088572388
53   54   13   12       0.172088572471
53   55   11   12       0.171126446180
53   55   12   11      -0.171126446215
54   53   12   13       0.172088572388
54   53   13   12      -0.172088572471
54   55   11   13      -0.171126446187
54   55   13   11       0.171126446221
55   53   11   12      -0.171126446180
55   53   12   11       0.171126446215
55   54   11   13       0.171126446187
55   54   13   11      -0.171126446221

