Begin IJ Block
1   1   -25.8910200795
1   2   0.0000008033
1   3   0.4798248148
1   4   -0.0003202594
1   5   -0.0443116588
2   2   -25.8911733045
2   3   0.0003121980
2   4   0.4920527556
2   5   -0.0000288943
3   3   -6.7965422089
3   4   0.0000004768
3   5   -0.1850827351
4   4   -6.7926244648
4   5   -0.0000002407
5   5   -6.3007093421
6   6   -6.2645151462
6   7   0.0000000019
7   7   -6.2645151439

End IJ Block
Begin IA Block
1   3   -0.0000380856
2   3   0.0584091340
3   3   0.0000003602
4   3   -0.3584492754
5   3   0.0000002888
6   1   -0.0000000765
6   2   0.0000002800
7   1   0.0000002791
7   2   0.0000000736

End IA Block
Begin AB Block
1   1   -6.0848067582
1   2   0.0000000001
2   2   -6.0848067582
3   3   -6.2605985354

End AB Block
Begin IJAB Block
1   8   1   4   0.0135098918
1   8   1   5   -0.0000000000
1   8   2   4   -0.0000000000
1   8   2   5   0.0135098918
1   8   3   6   0.0155649292
1   9   1   4   -0.0000000174
1   9   1   5   -0.0000000000
1   9   2   4   -0.0000000000
1   9   2   5   -0.0000000174
1   9   3   6   -0.0000000465
1   10   1   4   0.0135833186
1   10   1   5   -0.0000000000
1   10   2   4   -0.0000000000
1   10   2   5   0.0135833186
1   10   3   6   0.0141583253
1   11   1   4   -0.0000093037
1   11   1   5   0.0000000000
1   11   2   4   0.0000000000
1   11   2   5   -0.0000093037
1   11   3   6   -0.0000097358
1   12   1   4   -0.0012267303
1   12   1   5   -0.0000000000
1   12   2   4   -0.0000000000
1   12   2   5   -0.0012267303
1   12   3   6   -0.0005791156
1   13   1   6   -0.0006789708
1   13   2   6   0.0025290436
1   13   3   4   0.0004377423
1   13   3   5   -0.0016305111
1   14   1   6   0.0025290436
1   14   2   6   0.0006789708
1   14   3   4   -0.0016305111
1   14   3   5   -0.0004377423
2   8   1   4   -0.0000000174
2   8   1   5   -0.0000000000
2   8   2   4   -0.0000000000
2   8   2   5   -0.0000000174
2   8   3   6   -0.0000000465
2   9   1   4   0.0135413789
2   9   1   5   -0.0000000000
2   9   2   4   -0.0000000000
2   9   2   5   0.0135413789
2   9   3   6   0.0156394408
2   10   1   4   0.0000088420
2   10   1   5   0.0000000000
2   10   2   4   0.0000000000
2   10   2   5   0.0000088420
2   10   3   6   0.0000092145
2   11   1   4   0.0143006826
2   11   1   5   -0.0000000000
2   11   2   4   -0.0000000000
2   11   2   5   0.0143006826
2   11   3   6   0.0149623293
2   12   1   4   -0.0000008001
2   12   1   5   0.0000000000
2   12   2   4   0.0000000000
2   12   2   5   -0.0000008001
2   12   3   6   -0.0000003788
2   13   1   6   -0.0000004424
2   13   2   6   0.0000016478
2   13   3   4   0.0000002854
2   13   3   5   -0.0000010629
2   14   1   6   0.0000016478
2   14   2   6   0.0000004424
2   14   3   4   -0.0000010629
2   14   3   5   -0.0000002854
3   8   1   4   0.0135833186
3   8   1   5   -0.0000000000
3   8   2   4   -0.0000000000
3   8   2   5   0.0135833186
3   8   3   6   0.0141583253
3   9   1   4   0.0000088420
3   9   1   5   0.0000000000
3   9   2   4   0.0000000000
3   9   2   5   0.0000088420
3   9   3   6   0.0000092145
3   10   1   4   0.0583359668
3   10   1   5   0.0000000000
3   10   2   4   0.0000000000
3   10   2   5   0.0583359668
3   10   3   6   0.0630255456
3   11   1   4   0.0000000105
3   11   1   5   -0.0000000003
3   11   2   4   -0.0000000003
3   11   2   5   0.0000000105
3   11   3   6   0.0000000090
3   12   1   4   -0.0056607536
3   12   1   5   -0.0000000001
3   12   2   4   -0.0000000001
3   12   2   5   -0.0056607536
3   12   3   6   0.0188965813
3   13   1   6   -0.0028799889
3   13   2   6   0.0107274389
3   13   3   4   -0.0045562200
3   13   3   5   0.0169710974
3   14   1   6   0.0107274389
3   14   2   6   0.0028799889
3   14   3   4   0.0169710974
3   14   3   5   0.0045562200
4   8   1   4   -0.0000093037
4   8   1   5   0.0000000000
4   8   2   4   0.0000000000
4   8   2   5   -0.0000093037
4   8   3   6   -0.0000097358
4   9   1   4   0.0143006826
4   9   1   5   -0.0000000000
4   9   2   4   -0.0000000000
4   9   2   5   0.0143006826
4   9   3   6   0.0149623293
4   10   1   4   0.0000000105
4   10   1   5   -0.0000000003
4   10   2   4   -0.0000000003
4   10   2   5   0.0000000105
4   10   3   6   0.0000000090
4   11   1   4   0.0641510537
4   11   1   5   -0.0000000000
4   11   2   4   -0.0000000000
4   11   2   5   0.0641510537
4   11   3   6   0.0655991931
4   12   1   4   -0.0000000087
4   12   1   5   -0.0000000001
4   12   2   4   -0.0000000001
4   12   2   5   -0.0000000087
4   12   3   6   0.0000000116
4   13   1   6   -0.0000000027
4   13   2   6   0.0000000088
4   13   3   4   -0.0000000034
4   13   3   5   0.0000000125
4   14   1   6   0.0000000086
4   14   2   6   0.0000000020
4   14   3   4   0.0000000125
4   14   3   5   0.0000000033
5   8   1   4   -0.0012267303
5   8   1   5   -0.0000000000
5   8   2   4   -0.0000000000
5   8   2   5   -0.0012267303
5   8   3   6   -0.0005791156
5   9   1   4   -0.0000008001
5   9   1   5   0.0000000000
5   9   2   4   0.0000000000
5   9   2   5   -0.0000008001
5   9   3   6   -0.0000003788
5   10   1   4   -0.0056607536
5   10   1   5   -0.0000000001
5   10   2   4   -0.0000000001
5   10   2   5   -0.0056607536
5   10   3   6   0.0188965813
5   11   1   4   -0.0000000087
5   11   1   5   -0.0000000001
5   11   2   4   -0.0000000001
5   11   2   5   -0.0000000087
5   11   3   6   0.0000000116
5   12   1   4   0.0221184597
5   12   1   5   -0.0000000001
5   12   2   4   -0.0000000001
5   12   2   5   0.0221184597
5   12   3   6   0.2092446344
5   13   1   6   -0.0056894016
5   13   2   6   0.0211919939
5   13   3   4   -0.0453576976
5   13   3   5   0.1689492388
5   14   1   6   0.0211919938
5   14   2   6   0.0056894014
5   14   3   4   0.1689492388
5   14   3   5   0.0453576975
6   8   1   6   0.0004377423
6   8   2   6   -0.0016305111
6   8   3   4   -0.0006789708
6   8   3   5   0.0025290436
6   9   1   6   0.0000002854
6   9   2   6   -0.0000010629
6   9   3   4   -0.0000004424
6   9   3   5   0.0000016478
6   10   1   6   -0.0045562200
6   10   2   6   0.0169710974
6   10   3   4   -0.0028799889
6   10   3   5   0.0107274389
6   11   1   6   -0.0000000034
6   11   2   6   0.0000000125
6   11   3   4   -0.0000000027
6   11   3   5   0.0000000088
6   12   1   6   -0.0453576976
6   12   2   6   0.1689492388
6   12   3   4   -0.0056894016
6   12   3   5   0.0211919939
6   13   1   4   0.0378327190
6   13   1   5   -0.0523982649
6   13   2   4   -0.0523982649
6   13   2   5   0.2189394666
6   13   3   6   0.0244637986
6   14   1   4   -0.0523982638
6   14   1   5   0.0103773734
6   14   2   4   0.1707293778
6   14   2   5   0.0523982633
6   14   3   6   -0.0000000000
7   8   1   6   -0.0016305111
7   8   2   6   -0.0004377423
7   8   3   4   0.0025290436
7   8   3   5   0.0006789708
7   9   1   6   -0.0000010629
7   9   2   6   -0.0000002854
7   9   3   4   0.0000016478
7   9   3   5   0.0000004424
7   10   1   6   0.0169710974
7   10   2   6   0.0045562200
7   10   3   4   0.0107274389
7   10   3   5   0.0028799889
7   11   1   6   0.0000000125
7   11   2   6   0.0000000033
7   11   3   4   0.0000000086
7   11   3   5   0.0000000020
7   12   1   6   0.1689492388
7   12   2   6   0.0453576975
7   12   3   4   0.0211919938
7   12   3   5   0.0056894014
7   13   1   4   -0.0523982638
7   13   1   5   0.1707293777
7   13   2   4   0.0103773734
7   13   2   5   0.0523982633
7   13   3   6   -0.0000000000
7   14   1   4   0.2189394663
7   14   1   5   0.0523982645
7   14   2   4   0.0523982645
7   14   2   5   0.0378327187
7   14   3   6   0.0244637986

End IJAB Block
Begin IJKL Block
1   8   1   8   2.1591029407
1   8   1   9   -0.0025387860
1   8   1   10   -0.1973354598
1   8   1   11   0.0003963813
1   8   1   12   0.0139143032
1   8   2   8   -0.0025387860
1   8   2   9   1.9475280462
1   8   2   10   0.0001289755
1   8   2   11   -0.2027437554
1   8   2   12   -0.0000070611
1   8   3   8   -0.1973354598
1   8   3   9   0.0001289755
1   8   3   10   0.0288531016
1   8   3   11   -0.0000385245
1   8   3   12   -0.0016104605
1   8   4   8   0.0003963813
1   8   4   9   -0.2027437554
1   8   4   10   -0.0000385245
1   8   4   11   0.0305544178
1   8   4   12   0.0000036113
1   8   5   8   0.0139143032
1   8   5   9   -0.0000070611
1   8   5   10   -0.0016104605
1   8   5   11   0.0000036113
1   8   5   12   0.0113366842
1   8   6   13   0.0120871697
1   8   6   14   -0.0000000000
1   8   7   13   -0.0000000000
1   8   7   14   0.0120871697
1   9   1   8   -0.0025387860
1   9   1   9   2.1591650455
1   9   1   10   0.0001290953
1   9   1   11   -0.2029644440
1   9   1   12   -0.0000050716
1   9   2   8   1.9475286088
1   9   2   9   0.0025386932
1   9   2   10   -0.1975307874
1   9   2   11   -0.0001323397
1   9   2   12   0.0108512281
1   9   3   8   0.0001289799
1   9   3   9   -0.1973540164
1   9   3   10   -0.0000000526
1   9   3   11   0.0295437772
1   9   3   12   0.0000000046
1   9   4   8   -0.2027382070
1   9   4   9   -0.0001321921
1   9   4   10   0.0295556093
1   9   4   11   0.0000000433
1   9   4   12   -0.0027666848
1   9   5   8   -0.0000070623
1   9   5   9   0.0139060765
1   9   5   10   0.0000000046
1   9   5   11   -0.0027772832
1   9   5   12   0.0000000578
1   9   6   13   0.0000000290
1   9   6   14   0.0000000000
1   9   7   13   0.0000000000
1   9   7   14   0.0000000291
1   10   1   8   -0.1973354598
1   10   1   9   0.0001290953
1   10   1   10   0.5887408012
1   10   1   11   -0.0004970593
1   10   1   12   0.0071351753
1   10   2   8   0.0001289799
1   10   2   9   -0.1975376211
1   10   2   10   -0.0000007905
1   10   2   11   0.3812791526
1   10   2   12   0.0000000652
1   10   3   8   0.0308196086
1   10   3   9   -0.0000000674
1   10   3   10   -0.0081645600
1   10   3   11   0.0000057072
1   10   3   12   0.0007947648
1   10   4   8   -0.0000410137
1   10   4   9   0.0314575046
1   10   4   10   0.0000058209
1   10   4   11   -0.0089110266
1   10   4   12   0.0000003691
1   10   5   8   -0.0016303182
1   10   5   9   0.0000000054
1   10   5   10   0.0028670366
1   10   5   11   0.0000010862
1   10   5   12   0.0136780470
1   10   6   13   0.0140247254
1   10   6   14   -0.0000000000
1   10   7   13   -0.0000000000
1   10   7   14   0.0140247254
1   11   1   8   0.0003963813
1   11   1   9   -0.2029644440
1   11   1   10   -0.0004970593
1   11   1   11   0.5979925433
1   11   1   12   0.0000875173
1   11   2   8   -0.2027382070
1   11   2   9   -0.0001323361
1   11   2   10   0.3812944976
1   11   2   11   0.0000007568
1   11   2   12   -0.0671344198
1   11   3   8   -0.0000410137
1   11   3   9   0.0314608986
1   11   3   10   0.0000058649
1   11   3   11   -0.0090697487
1   11   3   12   -0.0000009089
1   11   4   8   0.0326913406
1   11   4   9   0.0000000563
1   11   4   10   -0.0086632106
1   11   4   11   0.0000057630
1   11   4   12   0.0001318493
1   11   5   8   0.0000037592
1   11   5   9   -0.0028917926
1   11   5   10   0.0000010544
1   11   5   11   -0.0001979340
1   11   5   12   -0.0000084188
1   11   6   13   -0.0000090098
1   11   6   14   0.0000000000
1   11   7   13   0.0000000000
1   11   7   14   -0.0000090098
1   12   1   8   0.0139143032
1   12   1   9   -0.0000050716
1   12   1   10   0.0071351753
1   12   1   11   0.0000875173
1   12   1   12   0.5691575927
1   12   2   8   -0.0000070623
1   12   2   9   0.0108530011
1   12   2   10   0.0000000652
1   12   2   11   -0.0671330808
1   12   2   12   -0.0000000927
1   12   3   8   -0.0016303182
1   12   3   9   0.0000000054
1   12   3   10   0.0008217241
1   12   3   11   -0.0000009258
1   12   3   12   -0.0057839105
1   12   4   8   0.0000037592
1   12   4   9   -0.0028792956
1   12   4   10   0.0000003100
1   12   4   11   0.0001559914
1   12   4   12   0.0000039203
1   12   5   8   0.0138457133
1   12   5   9   0.0000000510
1   12   5   10   0.0144402786
1   12   5   11   -0.0000089711
1   12   5   12   0.0009716011
1   12   6   13   -0.0006772076
1   12   6   14   -0.0000000000
1   12   7   13   -0.0000000000
1   12   7   14   -0.0006772076
1   13   1   13   0.5746644319
1   13   1   14   -0.0000000003
1   13   2   13   -0.0000001283
1   13   2   14   0.0000000002
1   13   3   13   -0.0061798275
1   13   3   14   0.0000000000
1   13   4   13   0.0000042040
1   13   4   14   -0.0000000000
1   13   5   13   0.0019623472
1   13   5   14   0.0000000000
1   13   6   8   0.0147750726
1   13   6   9   0.0000000239
1   13   6   10   0.0148103005
1   13   6   11   -0.0000095984
1   13   6   12   -0.0007880784
1   13   7   8   -0.0000000000
1   13   7   9   0.0000000000
1   13   7   10   -0.0000000000
1   13   7   11   -0.0000000000
1   13   7   12   -0.0000000000
1   14   1   13   -0.0000000003
1   14   1   14   0.5746644316
1   14   2   13   0.0000000002
1   14   2   14   -0.0000001281
1   14   3   13   0.0000000000
1   14   3   14   -0.0061798275
1   14   4   13   -0.0000000000
1   14   4   14   0.0000042040
1   14   5   13   0.0000000000
1   14   5   14   0.0019623472
1   14   6   8   -0.0000000000
1   14   6   9   0.0000000000
1   14   6   10   -0.0000000000
1   14   6   11   -0.0000000000
1   14   6   12   -0.0000000000
1   14   7   8   0.0147750726
1   14   7   9   0.0000000239
1   14   7   10   0.0148103004
1   14   7   11   -0.0000095985
1   14   7   12   -0.0007880784
2   8   1   8   -0.0025387860
2   8   1   9   1.9475286088
2   8   1   10   0.0001289799
2   8   1   11   -0.2027382070
2   8   1   12   -0.0000070623
2   8   2   8   2.1591650455
2   8   2   9   0.0025386932
2   8   2   10   -0.1973540164
2   8   2   11   -0.0001321921
2   8   2   12   0.0139060765
2   8   3   8   0.0001290953
2   8   3   9   -0.1975307874
2   8   3   10   -0.0000000526
2   8   3   11   0.0295556093
2   8   3   12   0.0000000046
2   8   4   8   -0.2029644440
2   8   4   9   -0.0001323397
2   8   4   10   0.0295437772
2   8   4   11   0.0000000433
2   8   4   12   -0.0027772832
2   8   5   8   -0.0000050716
2   8   5   9   0.0108512281
2   8   5   10   0.0000000046
2   8   5   11   -0.0027666848
2   8   5   12   0.0000000578
2   8   6   13   0.0000000290
2   8   6   14   0.0000000000
2   8   7   13   0.0000000000
2   8   7   14   0.0000000291
2   9   1   8   1.9475280462
2   9   1   9   0.0025386932
2   9   1   10   -0.1975376211
2   9   1   11   -0.0001323361
2   9   1   12   0.0108530011
2   9   2   8   0.0025386932
2   9   2   9   2.1592422992
2   9   2   10   -0.0003859164
2   9   2   11   -0.2029662688
2   9   2   12   0.0000232160
2   9   3   8   -0.1975376211
2   9   3   9   -0.0003859164
2   9   3   10   0.0288367223
2   9   3   11   0.0000385157
2   9   3   12   -0.0016141428
2   9   4   8   -0.0001323361
2   9   4   9   -0.2029662688
2   9   4   10   0.0000385157
2   9   4   11   0.0305769296
2   9   4   12   -0.0000036157
2   9   5   8   0.0108530011
2   9   5   9   0.0000232160
2   9   5   10   -0.0016141428
2   9   5   11   -0.0000036157
2   9   5   12   0.0112444382
2   9   6   13   0.0120349626
2   9   6   14   -0.0000000000
2   9   7   13   -0.0000000000
2   9   7   14   0.0120349626
2   10   1   8   0.0001289755
2   10   1   9   -0.1975307874
2   10   1   10   -0.0000007905
2   10   1   11   0.3812944976
2   10   1   12   0.0000000652
2   10   2   8   -0.1973540164
2   10   2   9   -0.0003859164
2   10   2   10   0.5887284816
2   10   2   11   0.0004970091
2   10   2   12   0.0071262317
2   10   3   8   -0.0000000674
2   10   3   9   0.0308202295
2   10   3   10   -0.0000052935
2   10   3   11   -0.0087396219
2   10   3   12   0.0000005176
2   10   4   8   0.0314608986
2   10   4   9   0.0000410049
2   10   4   10   -0.0089146801
2   10   4   11   -0.0000058163
2   10   4   12   -0.0005640787
2   10   5   8   0.0000000054
2   10   5   9   -0.0016352128
2   10   5   10   0.0000018721
2   10   5   11   -0.0016602762
2   10   5   12   0.0000088980
2   10   6   13   0.0000091212
2   10   6   14   0.0000000000
2   10   7   13   0.0000000000
2   10   7   14   0.0000091213
2   11   1   8   -0.2027437554
2   11   1   9   -0.0001323397
2   11   1   10   0.3812791526
2   11   1   11   0.0000007568
2   11   1   12   -0.0671330808
2   11   2   8   -0.0001321921
2   11   2   9   -0.2029662688
2   11   2   10   0.0004970091
2   11   2   11   0.5980120851
2   11   2   12   -0.0000875098
2   11   3   8   0.0314575046
2   11   3   9   0.0000410049
2   11   3   10   -0.0089820070
2   11   3   11   -0.0000059199
2   11   3   12   0.0013960179
2   11   4   8   0.0000000563
2   11   4   9   0.0327000239
2   11   4   10   -0.0000056551
2   11   4   11   -0.0088830090
2   11   4   12   0.0000000874
2   11   5   8   -0.0028792956
2   11   5   9   -0.0000037639
2   11   5   10   -0.0016115508
2   11   5   11   -0.0000001316
2   11   5   12   0.0129322889
2   11   6   13   0.0138366123
2   11   6   14   -0.0000000000
2   11   7   13   -0.0000000000
2   11   7   14   0.0138366123
2   12   1   8   -0.0000070611
2   12   1   9   0.0108512281
2   12   1   10   0.0000000652
2   12   1   11   -0.0671344198
2   12   1   12   -0.0000000927
2   12   2   8   0.0139060765
2   12   2   9   0.0000232160
2   12   2   10   0.0071262317
2   12   2   11   -0.0000875098
2   12   2   12   0.5691570723
2   12   3   8   0.0000000054
2   12   3   9   -0.0016352128
2   12   3   10   0.0000005351
2   12   3   11   0.0014218718
2   12   3   12   -0.0000037618
2   12   4   8   -0.0028917926
2   12   4   9   -0.0000037639
2   12   4   10   -0.0004735786
2   12   4   11   0.0000001032
2   12   4   12   -0.0060208191
2   12   5   8   0.0000000510
2   12   5   9   0.0137601621
2   12   5   10   0.0000093927
2   12   5   11   0.0137788325
2   12   5   12   0.0000006327
2   12   6   13   -0.0000004415
2   12   6   14   0.0000000000
2   12   7   13   0.0000000000
2   12   7   14   -0.0000004415
2   13   1   13   -0.0000001283
2   13   1   14   0.0000000002
2   13   2   13   0.5746644532
2   13   2   14   -0.0000000003
2   13   3   13   -0.0000040190
2   13   3   14   -0.0000000000
2   13   4   13   -0.0064562311
2   13   4   14   0.0000000000
2   13   5   13   0.0000012793
2   13   5   14   0.0000000001
2   13   6   8   0.0000000239
2   13   6   9   0.0147292571
2   13   6   10   0.0000096318
2   13   6   11   0.0147401412
2   13   6   12   -0.0000005140
2   13   7   8   0.0000000000
2   13   7   9   -0.0000000000
2   13   7   10   -0.0000000000
2   13   7   11   -0.0000000000
2   13   7   12   0.0000000000
2   14   1   13   0.0000000002
2   14   1   14   -0.0000001281
2   14   2   13   -0.0000000003
2   14   2   14   0.5746644529
2   14   3   13   -0.0000000000
2   14   3   14   -0.0000040190
2   14   4   13   0.0000000000
2   14   4   14   -0.0064562311
2   14   5   13   0.0000000001
2   14   5   14   0.0000012793
2   14   6   8   0.0000000000
2   14   6   9   -0.0000000000
2   14   6   10   -0.0000000000
2   14   6   11   -0.0000000000
2   14   6   12   0.0000000000
2   14   7   8   0.0000000239
2   14   7   9   0.0147292571
2   14   7   10   0.0000096318
2   14   7   11   0.0147401411
2   14   7   12   -0.0000005139
3   8   1   8   -0.1973354598
3   8   1   9   0.0001289799
3   8   1   10   0.0308196086
3   8   1   11   -0.0000410137
3   8   1   12   -0.0016303182
3   8   2   8   0.0001290953
3   8   2   9   -0.1975376211
3   8   2   10   -0.0000000674
3   8   2   11   0.0314575046
3   8   2   12   0.0000000054
3   8   3   8   0.5887408012
3   8   3   9   -0.0000007905
3   8   3   10   -0.0081645600
3   8   3   11   0.0000058209
3   8   3   12   0.0028670366
3   8   4   8   -0.0004970593
3   8   4   9   0.3812791526
3   8   4   10   0.0000057072
3   8   4   11   -0.0089110266
3   8   4   12   0.0000010862
3   8   5   8   0.0071351753
3   8   5   9   0.0000000652
3   8   5   10   0.0007947648
3   8   5   11   0.0000003691
3   8   5   12   0.0136780470
3   8   6   13   0.0140247254
3   8   6   14   -0.0000000000
3   8   7   13   -0.0000000000
3   8   7   14   0.0140247254
3   9   1   8   0.0001289755
3   9   1   9   -0.1973540164
3   9   1   10   -0.0000000674
3   9   1   11   0.0314608986
3   9   1   12   0.0000000054
3   9   2   8   -0.1975307874
3   9   2   9   -0.0003859164
3   9   2   10   0.0308202295
3   9   2   11   0.0000410049
3   9   2   12   -0.0016352128
3   9   3   8   -0.0000007905
3   9   3   9   0.5887284816
3   9   3   10   -0.0000052935
3   9   3   11   -0.0089146801
3   9   3   12   0.0000018721
3   9   4   8   0.3812944976
3   9   4   9   0.0004970091
3   9   4   10   -0.0087396219
3   9   4   11   -0.0000058163
3   9   4   12   -0.0016602762
3   9   5   8   0.0000000652
3   9   5   9   0.0071262317
3   9   5   10   0.0000005176
3   9   5   11   -0.0005640787
3   9   5   12   0.0000088980
3   9   6   13   0.0000091212
3   9   6   14   0.0000000000
3   9   7   13   0.0000000000
3   9   7   14   0.0000091213
3   10   1   8   0.0288531016
3   10   1   9   -0.0000000526
3   10   1   10   -0.0081645600
3   10   1   11   0.0000058649
3   10   1   12   0.0008217241
3   10   2   8   -0.0000000526
3   10   2   9   0.0288367223
3   10   2   10   -0.0000052935
3   10   2   11   -0.0089820070
3   10   2   12   0.0000005351
3   10   3   8   -0.0081645600
3   10   3   9   -0.0000052935
3   10   3   10   0.4434849313
3   10   3   11   -0.0000004840
3   10   3   12   0.0186298005
3   10   4   8   0.0000058649
3   10   4   9   -0.0089820070
3   10   4   10   -0.0000004840
3   10   4   11   0.2295787612
3   10   4   12   0.0000000656
3   10   5   8   0.0008217241
3   10   5   9   0.0000005351
3   10   5   10   0.0186298005
3   10   5   11   0.0000000656
3   10   5   12   0.0655599833
3   10   6   13   0.0602701973
3   10   6   14   -0.0000000002
3   10   7   13   -0.0000000002
3   10   7   14   0.0602701971
3   11   1   8   -0.0000385245
3   11   1   9   0.0295437772
3   11   1   10   0.0000057072
3   11   1   11   -0.0090697487
3   11   1   12   -0.0000009258
3   11   2   8   0.0295556093
3   11   2   9   0.0000385157
3   11   2   10   -0.0087396219
3   11   2   11   -0.0000059199
3   11   2   12   0.0014218718
3   11   3   8   0.0000058209
3   11   3   9   -0.0089146801
3   11   3   10   -0.0000004840
3   11   3   11   0.4402136538
3   11   3   12   0.0000001201
3   11   4   8   -0.0086632106
3   11   4   9   -0.0000056551
3   11   4   10   0.2317507234
3   11   4   11   0.0000004539
3   11   4   12   -0.0491756279
3   11   5   8   0.0000003100
3   11   5   9   -0.0004735786
3   11   5   10   0.0000000652
3   11   5   11   0.0018890549
3   11   5   12   -0.0000000088
3   11   6   13   -0.0000000185
3   11   6   14   -0.0000000001
3   11   7   13   -0.0000000001
3   11   7   14   -0.0000000186
3   12   1   8   -0.0016104605
3   12   1   9   0.0000000046
3   12   1   10   0.0007947648
3   12   1   11   -0.0000009089
3   12   1   12   -0.0057839105
3   12   2   8   0.0000000046
3   12   2   9   -0.0016141428
3   12   2   10   0.0000005176
3   12   2   11   0.0013960179
3   12   2   12   -0.0000037618
3   12   3   8   0.0028670366
3   12   3   9   0.0000018721
3   12   3   10   0.0186298005
3   12   3   11   0.0000001201
3   12   3   12   0.4299896226
3   12   4   8   0.0000010544
3   12   4   9   -0.0016115508
3   12   4   10   0.0000000652
3   12   4   11   -0.0490672511
3   12   4   12   -0.0000000555
3   12   5   8   0.0144402786
3   12   5   9   0.0000093927
3   12   5   10   0.0669411602
3   12   5   11   -0.0000000110
3   12   5   12   0.0162033371
3   12   6   13   -0.0010039053
3   12   6   14   -0.0000000000
3   12   7   13   -0.0000000000
3   12   7   14   -0.0010039054
3   13   1   13   -0.0061798275
3   13   1   14   0.0000000000
3   13   2   13   -0.0000040190
3   13   2   14   -0.0000000000
3   13   3   13   0.4268367705
3   13   3   14   -0.0000000002
3   13   4   13   -0.0000000808
3   13   4   14   0.0000000002
3   13   5   13   0.0143110585
3   13   5   14   0.0000000000
3   13   6   8   0.0148103005
3   13   6   9   0.0000096318
3   13   6   10   0.0619605837
3   13   6   11   -0.0000000179
3   13   6   12   -0.0001299153
3   13   7   8   -0.0000000000
3   13   7   9   -0.0000000000
3   13   7   10   -0.0000000001
3   13   7   11   -0.0000000001
3   13   7   12   -0.0000000000
3   14   1   13   0.0000000000
3   14   1   14   -0.0061798275
3   14   2   13   -0.0000000000
3   14   2   14   -0.0000040190
3   14   3   13   -0.0000000002
3   14   3   14   0.4268367703
3   14   4   13   0.0000000002
3   14   4   14   -0.0000000805
3   14   5   13   0.0000000000
3   14   5   14   0.0143110585
3   14   6   8   -0.0000000000
3   14   6   9   -0.0000000000
3   14   6   10   -0.0000000001
3   14   6   11   -0.0000000001
3   14   6   12   -0.0000000000
3   14   7   8   0.0148103004
3   14   7   9   0.0000096318
3   14   7   10   0.0619605836
3   14   7   11   -0.0000000180
3   14   7   12   -0.0001299153
4   8   1   8   0.0003963813
4   8   1   9   -0.2027382070
4   8   1   10   -0.0000410137
4   8   1   11   0.0326913406
4   8   1   12   0.0000037592
4   8   2   8   -0.2029644440
4   8   2   9   -0.0001323361
4   8   2   10   0.0314608986
4   8   2   11   0.0000000563
4   8   2   12   -0.0028917926
4   8   3   8   -0.0004970593
4   8   3   9   0.3812944976
4   8   3   10   0.0000058649
4   8   3   11   -0.0086632106
4   8   3   12   0.0000010544
4   8   4   8   0.5979925433
4   8   4   9   0.0000007568
4   8   4   10   -0.0090697487
4   8   4   11   0.0000057630
4   8   4   12   -0.0001979340
4   8   5   8   0.0000875173
4   8   5   9   -0.0671344198
4   8   5   10   -0.0000009089
4   8   5   11   0.0001318493
4   8   5   12   -0.0000084188
4   8   6   13   -0.0000090098
4   8   6   14   0.0000000000
4   8   7   13   0.0000000000
4   8   7   14   -0.0000090098
4   9   1   8   -0.2027437554
4   9   1   9   -0.0001321921
4   9   1   10   0.0314575046
4   9   1   11   0.0000000563
4   9   1   12   -0.0028792956
4   9   2   8   -0.0001323397
4   9   2   9   -0.2029662688
4   9   2   10   0.0000410049
4   9   2   11   0.0327000239
4   9   2   12   -0.0000037639
4   9   3   8   0.3812791526
4   9   3   9   0.0004970091
4   9   3   10   -0.0089820070
4   9   3   11   -0.0000056551
4   9   3   12   -0.0016115508
4   9   4   8   0.0000007568
4   9   4   9   0.5980120851
4   9   4   10   -0.0000059199
4   9   4   11   -0.0088830090
4   9   4   12   -0.0000001316
4   9   5   8   -0.0671330808
4   9   5   9   -0.0000875098
4   9   5   10   0.0013960179
4   9   5   11   0.0000000874
4   9   5   12   0.0129322889
4   9   6   13   0.0138366123
4   9   6   14   -0.0000000000
4   9   7   13   -0.0000000000
4   9   7   14   0.0138366123
4   10   1   8   -0.0000385245
4   10   1   9   0.0295556093
4   10   1   10   0.0000058209
4   10   1   11   -0.0086632106
4   10   1   12   0.0000003100
4   10   2   8   0.0295437772
4   10   2   9   0.0000385157
4   10   2   10   -0.0089146801
4   10   2   11   -0.0000056551
4   10   2   12   -0.0004735786
4   10   3   8   0.0000057072
4   10   3   9   -0.0087396219
4   10   3   10   -0.0000004840
4   10   3   11   0.2317507234
4   10   3   12   0.0000000652
4   10   4   8   -0.0090697487
4   10   4   9   -0.0000059199
4   10   4   10   0.4402136538
4   10   4   11   0.0000004539
4   10   4   12   0.0018890549
4   10   5   8   -0.0000009258
4   10   5   9   0.0014218718
4   10   5   10   0.0000001201
4   10   5   11   -0.0491756279
4   10   5   12   -0.0000000088
4   10   6   13   -0.0000000185
4   10   6   14   -0.0000000001
4   10   7   13   -0.0000000001
4   10   7   14   -0.0000000186
4   11   1   8   0.0305544178
4   11   1   9   0.0000000433
4   11   1   10   -0.0089110266
4   11   1   11   0.0000057630
4   11   1   12   0.0001559914
4   11   2   8   0.0000000433
4   11   2   9   0.0305769296
4   11   2   10   -0.0000058163
4   11   2   11   -0.0088830090
4   11   2   12   0.0000001032
4   11   3   8   -0.0089110266
4   11   3   9   -0.0000058163
4   11   3   10   0.2295787612
4   11   3   11   0.0000004539
4   11   3   12   -0.0490672511
4   11   4   8   0.0000057630
4   11   4   9   -0.0088830090
4   11   4   10   0.0000004539
4   11   4   11   0.4466078547
4   11   4   12   -0.0000000968
4   11   5   8   0.0001559914
4   11   5   9   0.0000001032
4   11   5   10   -0.0490672511
4   11   5   11   -0.0000000968
4   11   5   12   0.0606293782
4   11   6   13   0.0566674711
4   11   6   14   -0.0000000002
4   11   7   13   -0.0000000002
4   11   7   14   0.0566674709
4   12   1   8   0.0000036113
4   12   1   9   -0.0027666848
4   12   1   10   0.0000003691
4   12   1   11   0.0001318493
4   12   1   12   0.0000039203
4   12   2   8   -0.0027772832
4   12   2   9   -0.0000036157
4   12   2   10   -0.0005640787
4   12   2   11   0.0000000874
4   12   2   12   -0.0060208191
4   12   3   8   0.0000010862
4   12   3   9   -0.0016602762
4   12   3   10   0.0000000656
4   12   3   11   -0.0491756279
4   12   3   12   -0.0000000555
4   12   4   8   -0.0001979340
4   12   4   9   -0.0000001316
4   12   4   10   0.0018890549
4   12   4   11   -0.0000000968
4   12   4   12   0.4272854288
4   12   5   8   -0.0000089711
4   12   5   9   0.0137788325
4   12   5   10   -0.0000000110
4   12   5   11   0.0614203997
4   12   5   12   0.0000000259
4   12   6   13   -0.0000000006
4   12   6   14   0.0000000001
4   12   7   13   0.0000000001
4   12   7   14   -0.0000000004
4   13   1   13   0.0000042040
4   13   1   14   -0.0000000000
4   13   2   13   -0.0064562311
4   13   2   14   0.0000000000
4   13   3   13   -0.0000000808
4   13   3   14   0.0000000002
4   13   4   13   0.4254265556
4   13   4   14   -0.0000000002
4   13   5   13   0.0000000290
4   13   5   14   0.0000000002
4   13   6   8   -0.0000095984
4   13   6   9   0.0147401412
4   13   6   10   -0.0000000179
4   13   6   11   0.0560339855
4   13   6   12   0.0000000017
4   13   7   8   -0.0000000000
4   13   7   9   -0.0000000000
4   13   7   10   -0.0000000001
4   13   7   11   -0.0000000001
4   13   7   12   0.0000000001
4   14   1   13   -0.0000000000
4   14   1   14   0.0000042040
4   14   2   13   0.0000000000
4   14   2   14   -0.0064562311
4   14   3   13   0.0000000002
4   14   3   14   -0.0000000805
4   14   4   13   -0.0000000002
4   14   4   14   0.4254265553
4   14   5   13   0.0000000002
4   14   5   14   0.0000000292
4   14   6   8   -0.0000000000
4   14   6   9   -0.0000000000
4   14   6   10   -0.0000000001
4   14   6   11   -0.0000000001
4   14   6   12   0.0000000001
4   14   7   8   -0.0000095985
4   14   7   9   0.0147401411
4   14   7   10   -0.0000000180
4   14   7   11   0.0560339854
4   14   7   12   0.0000000019
5   8   1   8   0.0139143032
5   8   1   9   -0.0000070623
5   8   1   10   -0.0016303182
5   8   1   11   0.0000037592
5   8   1   12   0.0138457133
5   8   2   8   -0.0000050716
5   8   2   9   0.0108530011
5   8   2   10   0.0000000054
5   8   2   11   -0.0028792956
5   8   2   12   0.0000000510
5   8   3   8   0.0071351753
5   8   3   9   0.0000000652
5   8   3   10   0.0008217241
5   8   3   11   0.0000003100
5   8   3   12   0.0144402786
5   8   4   8   0.0000875173
5   8   4   9   -0.0671330808
5   8   4   10   -0.0000009258
5   8   4   11   0.0001559914
5   8   4   12   -0.0000089711
5   8   5   8   0.5691575927
5   8   5   9   -0.0000000927
5   8   5   10   -0.0057839105
5   8   5   11   0.0000039203
5   8   5   12   0.0009716011
5   8   6   13   -0.0006772076
5   8   6   14   -0.0000000000
5   8   7   13   -0.0000000000
5   8   7   14   -0.0006772076
5   9   1   8   -0.0000070611
5   9   1   9   0.0139060765
5   9   1   10   0.0000000054
5   9   1   11   -0.0028917926
5   9   1   12   0.0000000510
5   9   2   8   0.0108512281
5   9   2   9   0.0000232160
5   9   2   10   -0.0016352128
5   9   2   11   -0.0000037639
5   9   2   12   0.0137601621
5   9   3   8   0.0000000652
5   9   3   9   0.0071262317
5   9   3   10   0.0000005351
5   9   3   11   -0.0004735786
5   9   3   12   0.0000093927
5   9   4   8   -0.0671344198
5   9   4   9   -0.0000875098
5   9   4   10   0.0014218718
5   9   4   11   0.0000001032
5   9   4   12   0.0137788325
5   9   5   8   -0.0000000927
5   9   5   9   0.5691570723
5   9   5   10   -0.0000037618
5   9   5   11   -0.0060208191
5   9   5   12   0.0000006327
5   9   6   13   -0.0000004415
5   9   6   14   0.0000000000
5   9   7   13   0.0000000000
5   9   7   14   -0.0000004415
5   10   1   8   -0.0016104605
5   10   1   9   0.0000000046
5   10   1   10   0.0028670366
5   10   1   11   0.0000010544
5   10   1   12   0.0144402786
5   10   2   8   0.0000000046
5   10   2   9   -0.0016141428
5   10   2   10   0.0000018721
5   10   2   11   -0.0016115508
5   10   2   12   0.0000093927
5   10   3   8   0.0007947648
5   10   3   9   0.0000005176
5   10   3   10   0.0186298005
5   10   3   11   0.0000000652
5   10   3   12   0.0669411602
5   10   4   8   -0.0000009089
5   10   4   9   0.0013960179
5   10   4   10   0.0000001201
5   10   4   11   -0.0490672511
5   10   4   12   -0.0000000110
5   10   5   8   -0.0057839105
5   10   5   9   -0.0000037618
5   10   5   10   0.4299896226
5   10   5   11   -0.0000000555
5   10   5   12   0.0162033371
5   10   6   13   -0.0010039053
5   10   6   14   -0.0000000000
5   10   7   13   -0.0000000000
5   10   7   14   -0.0010039054
5   11   1   8   0.0000036113
5   11   1   9   -0.0027772832
5   11   1   10   0.0000010862
5   11   1   11   -0.0001979340
5   11   1   12   -0.0000089711
5   11   2   8   -0.0027666848
5   11   2   9   -0.0000036157
5   11   2   10   -0.0016602762
5   11   2   11   -0.0000001316
5   11   2   12   0.0137788325
5   11   3   8   0.0000003691
5   11   3   9   -0.0005640787
5   11   3   10   0.0000000656
5   11   3   11   0.0018890549
5   11   3   12   -0.0000000110
5   11   4   8   0.0001318493
5   11   4   9   0.0000000874
5   11   4   10   -0.0491756279
5   11   4   11   -0.0000000968
5   11   4   12   0.0614203997
5   11   5   8   0.0000039203
5   11   5   9   -0.0060208191
5   11   5   10   -0.0000000555
5   11   5   11   0.4272854288
5   11   5   12   0.0000000259
5   11   6   13   -0.0000000006
5   11   6   14   0.0000000001
5   11   7   13   0.0000000001
5   11   7   14   -0.0000000004
5   12   1   8   0.0113366842
5   12   1   9   0.0000000578
5   12   1   10   0.0136780470
5   12   1   11   -0.0000084188
5   12   1   12   0.0009716011
5   12   2   8   0.0000000578
5   12   2   9   0.0112444382
5   12   2   10   0.0000088980
5   12   2   11   0.0129322889
5   12   2   12   0.0000006327
5   12   3   8   0.0136780470
5   12   3   9   0.0000088980
5   12   3   10   0.0655599833
5   12   3   11   -0.0000000088
5   12   3   12   0.0162033371
5   12   4   8   -0.0000084188
5   12   4   9   0.0129322889
5   12   4   10   -0.0000000088
5   12   4   11   0.0606293782
5   12   4   12   0.0000000259
5   12   5   8   0.0009716011
5   12   5   9   0.0000006327
5   12   5   10   0.0162033371
5   12   5   11   0.0000000259
5   12   5   12   0.4345610783
5   12   6   13   0.0133526297
5   12   6   14   -0.0000000002
5   12   7   13   -0.0000000002
5   12   7   14   0.0133526295
5   13   1   13   0.0019623472
5   13   1   14   0.0000000000
5   13   2   13   0.0000012793
5   13   2   14   0.0000000001
5   13   3   13   0.0143110585
5   13   3   14   0.0000000000
5   13   4   13   0.0000000290
5   13   4   14   0.0000000002
5   13   5   13   0.4073413891
5   13   5   14   -0.0000000002
5   13   6   8   -0.0007880784
5   13   6   9   -0.0000005140
5   13   6   10   -0.0001299153
5   13   6   11   0.0000000017
5   13   6   12   0.0094439187
5   13   7   8   -0.0000000000
5   13   7   9   0.0000000000
5   13   7   10   -0.0000000000
5   13   7   11   0.0000000001
5   13   7   12   -0.0000000002
5   14   1   13   0.0000000000
5   14   1   14   0.0019623472
5   14   2   13   0.0000000001
5   14   2   14   0.0000012793
5   14   3   13   0.0000000000
5   14   3   14   0.0143110585
5   14   4   13   0.0000000002
5   14   4   14   0.0000000292
5   14   5   13   -0.0000000002
5   14   5   14   0.4073413889
5   14   6   8   -0.0000000000
5   14   6   9   0.0000000000
5   14   6   10   -0.0000000000
5   14   6   11   0.0000000001
5   14   6   12   -0.0000000002
5   14   7   8   -0.0007880784
5   14   7   9   -0.0000005139
5   14   7   10   -0.0001299153
5   14   7   11   0.0000000019
5   14   7   12   0.0094439185
6   8   1   13   0.0147750726
6   8   1   14   -0.0000000000
6   8   2   13   0.0000000239
6   8   2   14   0.0000000000
6   8   3   13   0.0148103005
6   8   3   14   -0.0000000000
6   8   4   13   -0.0000095984
6   8   4   14   -0.0000000000
6   8   5   13   -0.0007880784
6   8   5   14   -0.0000000000
6   8   6   8   0.5746644319
6   8   6   9   -0.0000001283
6   8   6   10   -0.0061798275
6   8   6   11   0.0000042040
6   8   6   12   0.0019623472
6   8   7   8   -0.0000000003
6   8   7   9   0.0000000002
6   8   7   10   0.0000000000
6   8   7   11   -0.0000000000
6   8   7   12   0.0000000000
6   9   1   13   0.0000000239
6   9   1   14   0.0000000000
6   9   2   13   0.0147292571
6   9   2   14   -0.0000000000
6   9   3   13   0.0000096318
6   9   3   14   -0.0000000000
6   9   4   13   0.0147401412
6   9   4   14   -0.0000000000
6   9   5   13   -0.0000005140
6   9   5   14   0.0000000000
6   9   6   8   -0.0000001283
6   9   6   9   0.5746644532
6   9   6   10   -0.0000040190
6   9   6   11   -0.0064562311
6   9   6   12   0.0000012793
6   9   7   8   0.0000000002
6   9   7   9   -0.0000000003
6   9   7   10   -0.0000000000
6   9   7   11   0.0000000000
6   9   7   12   0.0000000001
6   10   1   13   0.0148103005
6   10   1   14   -0.0000000000
6   10   2   13   0.0000096318
6   10   2   14   -0.0000000000
6   10   3   13   0.0619605837
6   10   3   14   -0.0000000001
6   10   4   13   -0.0000000179
6   10   4   14   -0.0000000001
6   10   5   13   -0.0001299153
6   10   5   14   -0.0000000000
6   10   6   8   -0.0061798275
6   10   6   9   -0.0000040190
6   10   6   10   0.4268367705
6   10   6   11   -0.0000000808
6   10   6   12   0.0143110585
6   10   7   8   0.0000000000
6   10   7   9   -0.0000000000
6   10   7   10   -0.0000000002
6   10   7   11   0.0000000002
6   10   7   12   0.0000000000
6   11   1   13   -0.0000095984
6   11   1   14   -0.0000000000
6   11   2   13   0.0147401412
6   11   2   14   -0.0000000000
6   11   3   13   -0.0000000179
6   11   3   14   -0.0000000001
6   11   4   13   0.0560339855
6   11   4   14   -0.0000000001
6   11   5   13   0.0000000017
6   11   5   14   0.0000000001
6   11   6   8   0.0000042040
6   11   6   9   -0.0064562311
6   11   6   10   -0.0000000808
6   11   6   11   0.4254265556
6   11   6   12   0.0000000290
6   11   7   8   -0.0000000000
6   11   7   9   0.0000000000
6   11   7   10   0.0000000002
6   11   7   11   -0.0000000002
6   11   7   12   0.0000000002
6   12   1   13   -0.0007880784
6   12   1   14   -0.0000000000
6   12   2   13   -0.0000005140
6   12   2   14   0.0000000000
6   12   3   13   -0.0001299153
6   12   3   14   -0.0000000000
6   12   4   13   0.0000000017
6   12   4   14   0.0000000001
6   12   5   13   0.0094439187
6   12   5   14   -0.0000000002
6   12   6   8   0.0019623472
6   12   6   9   0.0000012793
6   12   6   10   0.0143110585
6   12   6   11   0.0000000290
6   12   6   12   0.4073413891
6   12   7   8   0.0000000000
6   12   7   9   0.0000000001
6   12   7   10   0.0000000000
6   12   7   11   0.0000000002
6   12   7   12   -0.0000000002
6   13   1   8   0.0120871697
6   13   1   9   0.0000000290
6   13   1   10   0.0140247254
6   13   1   11   -0.0000090098
6   13   1   12   -0.0006772076
6   13   2   8   0.0000000290
6   13   2   9   0.0120349626
6   13   2   10   0.0000091212
6   13   2   11   0.0138366123
6   13   2   12   -0.0000004415
6   13   3   8   0.0140247254
6   13   3   9   0.0000091212
6   13   3   10   0.0602701973
6   13   3   11   -0.0000000185
6   13   3   12   -0.0010039053
6   13   4   8   -0.0000090098
6   13   4   9   0.0138366123
6   13   4   10   -0.0000000185
6   13   4   11   0.0566674711
6   13   4   12   -0.0000000006
6   13   5   8   -0.0006772076
6   13   5   9   -0.0000004415
6   13   5   10   -0.0010039053
6   13   5   11   -0.0000000006
6   13   5   12   0.0133526297
6   13   6   13   0.4263197239
6   13   6   14   -0.0000000011
6   13   7   13   -0.0000000011
6   13   7   14   0.0132306522
6   14   1   8   -0.0000000000
6   14   1   9   0.0000000000
6   14   1   10   -0.0000000000
6   14   1   11   0.0000000000
6   14   1   12   -0.0000000000
6   14   2   8   0.0000000000
6   14   2   9   -0.0000000000
6   14   2   10   0.0000000000
6   14   2   11   -0.0000000000
6   14   2   12   0.0000000000
6   14   3   8   -0.0000000000
6   14   3   9   0.0000000000
6   14   3   10   -0.0000000002
6   14   3   11   -0.0000000001
6   14   3   12   -0.0000000000
6   14   4   8   0.0000000000
6   14   4   9   -0.0000000000
6   14   4   10   -0.0000000001
6   14   4   11   -0.0000000002
6   14   4   12   0.0000000001
6   14   5   8   -0.0000000000
6   14   5   9   0.0000000000
6   14   5   10   -0.0000000000
6   14   5   11   0.0000000001
6   14   5   12   -0.0000000002
6   14   6   13   -0.0000000011
6   14   6   14   0.4054164828
6   14   7   13   0.0076725897
6   14   7   14   0.0000000003
7   8   1   13   -0.0000000000
7   8   1   14   0.0147750726
7   8   2   13   0.0000000000
7   8   2   14   0.0000000239
7   8   3   13   -0.0000000000
7   8   3   14   0.0148103004
7   8   4   13   -0.0000000000
7   8   4   14   -0.0000095985
7   8   5   13   -0.0000000000
7   8   5   14   -0.0007880784
7   8   6   8   -0.0000000003
7   8   6   9   0.0000000002
7   8   6   10   0.0000000000
7   8   6   11   -0.0000000000
7   8   6   12   0.0000000000
7   8   7   8   0.5746644316
7   8   7   9   -0.0000001281
7   8   7   10   -0.0061798275
7   8   7   11   0.0000042040
7   8   7   12   0.0019623472
7   9   1   13   0.0000000000
7   9   1   14   0.0000000239
7   9   2   13   -0.0000000000
7   9   2   14   0.0147292571
7   9   3   13   -0.0000000000
7   9   3   14   0.0000096318
7   9   4   13   -0.0000000000
7   9   4   14   0.0147401411
7   9   5   13   0.0000000000
7   9   5   14   -0.0000005139
7   9   6   8   0.0000000002
7   9   6   9   -0.0000000003
7   9   6   10   -0.0000000000
7   9   6   11   0.0000000000
7   9   6   12   0.0000000001
7   9   7   8   -0.0000001281
7   9   7   9   0.5746644529
7   9   7   10   -0.0000040190
7   9   7   11   -0.0064562311
7   9   7   12   0.0000012793
7   10   1   13   -0.0000000000
7   10   1   14   0.0148103004
7   10   2   13   -0.0000000000
7   10   2   14   0.0000096318
7   10   3   13   -0.0000000001
7   10   3   14   0.0619605836
7   10   4   13   -0.0000000001
7   10   4   14   -0.0000000180
7   10   5   13   -0.0000000000
7   10   5   14   -0.0001299153
7   10   6   8   0.0000000000
7   10   6   9   -0.0000000000
7   10   6   10   -0.0000000002
7   10   6   11   0.0000000002
7   10   6   12   0.0000000000
7   10   7   8   -0.0061798275
7   10   7   9   -0.0000040190
7   10   7   10   0.4268367703
7   10   7   11   -0.0000000805
7   10   7   12   0.0143110585
7   11   1   13   -0.0000000000
7   11   1   14   -0.0000095985
7   11   2   13   -0.0000000000
7   11   2   14   0.0147401411
7   11   3   13   -0.0000000001
7   11   3   14   -0.0000000180
7   11   4   13   -0.0000000001
7   11   4   14   0.0560339854
7   11   5   13   0.0000000001
7   11   5   14   0.0000000019
7   11   6   8   -0.0000000000
7   11   6   9   0.0000000000
7   11   6   10   0.0000000002
7   11   6   11   -0.0000000002
7   11   6   12   0.0000000002
7   11   7   8   0.0000042040
7   11   7   9   -0.0064562311
7   11   7   10   -0.0000000805
7   11   7   11   0.4254265553
7   11   7   12   0.0000000292
7   12   1   13   -0.0000000000
7   12   1   14   -0.0007880784
7   12   2   13   0.0000000000
7   12   2   14   -0.0000005139
7   12   3   13   -0.0000000000
7   12   3   14   -0.0001299153
7   12   4   13   0.0000000001
7   12   4   14   0.0000000019
7   12   5   13   -0.0000000002
7   12   5   14   0.0094439185
7   12   6   8   0.0000000000
7   12   6   9   0.0000000001
7   12   6   10   0.0000000000
7   12   6   11   0.0000000002
7   12   6   12   -0.0000000002
7   12   7   8   0.0019623472
7   12   7   9   0.0000012793
7   12   7   10   0.0143110585
7   12   7   11   0.0000000292
7   12   7   12   0.4073413889
7   13   1   8   -0.0000000000
7   13   1   9   0.0000000000
7   13   1   10   -0.0000000000
7   13   1   11   0.0000000000
7   13   1   12   -0.0000000000
7   13   2   8   0.0000000000
7   13   2   9   -0.0000000000
7   13   2   10   0.0000000000
7   13   2   11   -0.0000000000
7   13   2   12   0.0000000000
7   13   3   8   -0.0000000000
7   13   3   9   0.0000000000
7   13   3   10   -0.0000000002
7   13   3   11   -0.0000000001
7   13   3   12   -0.0000000000
7   13   4   8   0.0000000000
7   13   4   9   -0.0000000000
7   13   4   10   -0.0000000001
7   13   4   11   -0.0000000002
7   13   4   12   0.0000000001
7   13   5   8   -0.0000000000
7   13   5   9   0.0000000000
7   13   5   10   -0.0000000000
7   13   5   11   0.0000000001
7   13   5   12   -0.0000000002
7   13   6   13   -0.0000000011
7   13   6   14   0.0076725897
7   13   7   13   0.4054164828
7   13   7   14   0.0000000003
7   14   1   8   0.0120871697
7   14   1   9   0.0000000291
7   14   1   10   0.0140247254
7   14   1   11   -0.0000090098
7   14   1   12   -0.0006772076
7   14   2   8   0.0000000291
7   14   2   9   0.0120349626
7   14   2   10   0.0000091213
7   14   2   11   0.0138366123
7   14   2   12   -0.0000004415
7   14   3   8   0.0140247254
7   14   3   9   0.0000091213
7   14   3   10   0.0602701971
7   14   3   11   -0.0000000186
7   14   3   12   -0.0010039054
7   14   4   8   -0.0000090098
7   14   4   9   0.0138366123
7   14   4   10   -0.0000000186
7   14   4   11   0.0566674709
7   14   4   12   -0.0000000004
7   14   5   8   -0.0006772076
7   14   5   9   -0.0000004415
7   14   5   10   -0.0010039054
7   14   5   11   -0.0000000004
7   14   5   12   0.0133526295
7   14   6   13   0.0132306522
7   14   6   14   0.0000000003
7   14   7   13   0.0000000003
7   14   7   14   0.4263197229

End IJKL Block
Begin ABCD Block
1   4   1   4   0.4241280786
1   4   1   5   0.0000000000
1   4   2   4   0.0000000000
1   4   2   5   0.0161747464
1   4   3   6   0.0174572427
1   5   1   4   0.0000000000
1   5   1   5   0.3934102817
1   5   2   4   0.0145430545
1   5   2   5   -0.0000000001
1   5   3   6   -0.0000000000
1   6   1   6   0.4054750781
1   6   2   6   -0.0000000000
1   6   3   4   0.0161366019
1   6   3   5   0.0000000000
2   4   1   4   0.0000000000
2   4   1   5   0.0145430545
2   4   2   4   0.3934102817
2   4   2   5   -0.0000000001
2   4   3   6   -0.0000000000
2   5   1   4   0.0161747464
2   5   1   5   -0.0000000001
2   5   2   4   -0.0000000001
2   5   2   5   0.4241280786
2   5   3   6   0.0174572427
2   6   1   6   -0.0000000000
2   6   2   6   0.4054750781
2   6   3   4   0.0000000000
2   6   3   5   0.0161366019
3   4   1   6   0.0161366019
3   4   2   6   0.0000000000
3   4   3   4   0.4054750781
3   4   3   5   -0.0000000000
3   5   1   6   0.0000000000
3   5   2   6   0.0161366019
3   5   3   4   -0.0000000000
3   5   3   5   0.4054750781
3   6   1   4   0.0174572427
3   6   1   5   -0.0000000000
3   6   2   4   -0.0000000000
3   6   2   5   0.0174572427
3   6   3   6   0.4526949628

End ABCD Block
Begin AIJB Block
1   8   1   4   0.0126817573
1   8   2   4   -0.0000000166
1   8   2   5   -0.0000000000
1   8   3   4   0.0126945796
1   8   3   5   -0.0000000000
1   8   4   4   -0.0000086614
1   8   4   5   -0.0000000000
1   8   5   4   -0.0009803956
1   8   5   5   -0.0000000000
1   8   6   6   0.0004770304
1   8   7   6   -0.0017768521
1   9   1   4   -0.0000000166
1   9   1   5   -0.0000000000
1   9   2   4   0.0127118100
1   9   3   4   0.0000082637
1   9   3   5   -0.0000000000
1   9   4   4   0.0133137842
1   9   4   5   -0.0000000000
1   9   5   4   -0.0000006394
1   9   5   5   0.0000000000
1   9   6   6   0.0000003109
1   9   7   6   -0.0000011581
1   10   1   4   0.0126945796
1   10   1   5   -0.0000000000
1   10   2   4   0.0000082637
1   10   2   5   -0.0000000000
1   10   3   4   0.0586389016
1   10   3   5   -0.0000000000
1   10   4   4   0.0000000088
1   10   5   4   -0.0061199965
1   10   5   5   0.0000000000
1   10   6   6   -0.0041890822
1   10   7   6   0.0156035748
1   11   1   4   -0.0000086614
1   11   1   5   -0.0000000000
1   11   2   4   0.0133137842
1   11   2   5   -0.0000000000
1   11   3   4   0.0000000088
1   11   4   4   0.0666092273
1   11   4   5   -0.0000000001
1   11   5   4   -0.0000000100
1   11   5   5   0.0000000001
1   11   6   6   -0.0000000030
1   11   7   6   0.0000000116
1   12   1   4   -0.0009803956
1   12   1   5   -0.0000000000
1   12   2   4   -0.0000006394
1   12   2   5   0.0000000000
1   12   3   4   -0.0061199965
1   12   3   5   0.0000000000
1   12   4   4   -0.0000000100
1   12   4   5   0.0000000001
1   12   5   4   0.0245729546
1   12   5   5   -0.0000000000
1   12   6   6   -0.0454844607
1   12   7   6   0.1694214084
1   13   1   6   -0.0005438946
1   13   2   6   -0.0000003544
1   13   3   6   -0.0020269643
1   13   4   6   -0.0000000016
1   13   5   6   -0.0045618624
1   13   6   4   0.0397179111
1   13   6   5   -0.0507624009
1   13   7   4   -0.0507623997
1   13   7   5   0.1701878783
1   14   1   6   0.0020259093
1   14   2   6   0.0000013202
1   14   3   6   0.0075500764
1   14   4   6   0.0000000062
1   14   5   6   0.0169921142
1   14   6   4   -0.0507623997
1   14   6   5   0.0052647544
1   14   7   4   0.2151705403
1   14   7   5   0.0507624007
2   8   1   5   0.0126817573
2   8   2   4   -0.0000000000
2   8   2   5   -0.0000000166
2   8   3   4   -0.0000000000
2   8   3   5   0.0126945796
2   8   4   4   -0.0000000000
2   8   4   5   -0.0000086614
2   8   5   4   -0.0000000000
2   8   5   5   -0.0009803956
2   8   6   6   -0.0017768521
2   8   7   6   -0.0004770304
2   9   1   4   -0.0000000000
2   9   1   5   -0.0000000166
2   9   2   5   0.0127118100
2   9   3   4   -0.0000000000
2   9   3   5   0.0000082637
2   9   4   4   -0.0000000000
2   9   4   5   0.0133137842
2   9   5   4   0.0000000000
2   9   5   5   -0.0000006394
2   9   6   6   -0.0000011581
2   9   7   6   -0.0000003109
2   10   1   4   -0.0000000000
2   10   1   5   0.0126945796
2   10   2   4   -0.0000000000
2   10   2   5   0.0000082637
2   10   3   4   -0.0000000000
2   10   3   5   0.0586389016
2   10   4   5   0.0000000088
2   10   5   4   0.0000000000
2   10   5   5   -0.0061199965
2   10   6   6   0.0156035749
2   10   7   6   0.0041890820
2   11   1   4   -0.0000000000
2   11   1   5   -0.0000086614
2   11   2   4   -0.0000000000
2   11   2   5   0.0133137842
2   11   3   5   0.0000000088
2   11   4   4   -0.0000000001
2   11   4   5   0.0666092273
2   11   5   4   0.0000000001
2   11   5   5   -0.0000000101
2   11   6   6   0.0000000115
2   11   7   6   0.0000000033
2   12   1   4   -0.0000000000
2   12   1   5   -0.0009803956
2   12   2   4   0.0000000000
2   12   2   5   -0.0000006394
2   12   3   4   0.0000000000
2   12   3   5   -0.0061199965
2   12   4   4   0.0000000001
2   12   4   5   -0.0000000101
2   12   5   4   -0.0000000000
2   12   5   5   0.0245729546
2   12   6   6   0.1694214084
2   12   7   6   0.0454844606
2   13   1   6   0.0020259093
2   13   2   6   0.0000013202
2   13   3   6   0.0075500764
2   13   4   6   0.0000000062
2   13   5   6   0.0169921142
2   13   6   4   -0.0507624009
2   13   6   5   0.2151705404
2   13   7   4   0.0052647544
2   13   7   5   0.0507623997
2   14   1   6   0.0005438946
2   14   2   6   0.0000003544
2   14   3   6   0.0020269643
2   14   4   6   0.0000000017
2   14   5   6   0.0045618624
2   14   6   4   0.1701878783
2   14   6   5   0.0507623997
2   14   7   4   0.0507624007
2   14   7   5   0.0397179111
3   8   1   6   0.0145181201
3   8   2   6   -0.0000000472
3   8   3   6   0.0130973902
3   8   4   6   -0.0000090795
3   8   5   6   -0.0009269380
3   8   6   4   -0.0005438946
3   8   6   5   0.0020259093
3   8   7   4   0.0020259093
3   8   7   5   0.0005438946
3   9   1   6   -0.0000000472
3   9   2   6   0.0145929143
3   9   3   6   0.0000085240
3   9   4   6   0.0139536539
3   9   5   6   -0.0000006049
3   9   6   4   -0.0000003544
3   9   6   5   0.0000013202
3   9   7   4   0.0000013202
3   9   7   5   0.0000003544
3   10   1   6   0.0130973902
3   10   2   6   0.0000085240
3   10   3   6   0.0607560066
3   10   4   6   0.0000000027
3   10   5   6   0.0150409256
3   10   6   4   -0.0020269643
3   10   6   5   0.0075500764
3   10   7   4   0.0075500764
3   10   7   5   0.0020269643
3   11   1   6   -0.0000090795
3   11   2   6   0.0139536539
3   11   3   6   0.0000000027
3   11   4   6   0.0662083268
3   11   5   6   0.0000000061
3   11   6   4   -0.0000000016
3   11   6   5   0.0000000062
3   11   7   4   0.0000000062
3   11   7   5   0.0000000017
3   12   1   6   -0.0009269380
3   12   2   6   -0.0000006049
3   12   3   6   0.0150409256
3   12   4   6   0.0000000061
3   12   5   6   0.2084468072
3   12   6   4   -0.0045618624
3   12   6   5   0.0169921142
3   12   7   4   0.0169921142
3   12   7   5   0.0045618624
3   13   1   4   0.0004770304
3   13   1   5   -0.0017768521
3   13   2   4   0.0000003109
3   13   2   5   -0.0000011581
3   13   3   4   -0.0041890822
3   13   3   5   0.0156035749
3   13   4   4   -0.0000000030
3   13   4   5   0.0000000115
3   13   5   4   -0.0454844607
3   13   5   5   0.1694214084
3   13   6   6   0.0258770840
3   13   7   6   0.0000000001
3   14   1   4   -0.0017768521
3   14   1   5   -0.0004770304
3   14   2   4   -0.0000011581
3   14   2   5   -0.0000003109
3   14   3   4   0.0156035748
3   14   3   5   0.0041890820
3   14   4   4   0.0000000116
3   14   4   5   0.0000000033
3   14   5   4   0.1694214084
3   14   5   5   0.0454844605
3   14   6   6   0.0000000001
3   14   7   6   0.0258770840

1   8   8   1   -0.5513309475
1   8   8   2   0.0000000000
1   8   9   1   -0.0000000947
1   8   9   2   0.0000000000
1   8   10   1   0.0049935338
1   8   10   2   0.0000000000
1   8   11   1   -0.0000034084
1   8   11   2   0.0000000000
1   8   12   1   -0.0012496541
1   8   12   2   0.0000000000
1   8   13   3   0.0005919399
1   8   14   3   -0.0022048695
1   9   8   1   -0.0000000947
1   9   8   2   0.0000000000
1   9   9   1   -0.5513309951
1   9   9   2   0.0000000000
1   9   10   1   0.0000032504
1   9   10   2   0.0000000000
1   9   11   1   0.0052388910
1   9   11   2   0.0000000000
1   9   12   1   -0.0000008143
1   9   12   2   0.0000000001
1   9   13   3   0.0000003857
1   9   14   3   -0.0000014367
1   10   8   1   0.0049935338
1   10   8   2   0.0000000000
1   10   9   1   0.0000032504
1   10   9   2   0.0000000000
1   10   10   1   -0.4260247466
1   10   10   2   0.0000000000
1   10   11   1   -0.0000000538
1   10   11   2   0.0000000003
1   10   12   1   -0.0076500048
1   10   12   2   0.0000000000
1   10   13   3   0.0023499192
1   10   14   3   -0.0087530250
1   11   8   1   -0.0000034084
1   11   8   2   0.0000000000
1   11   9   1   0.0052388910
1   11   9   2   0.0000000000
1   11   10   1   -0.0000000538
1   11   10   2   0.0000000003
1   11   11   1   -0.4294409190
1   11   11   2   0.0000000000
1   11   12   1   0.0000000073
1   11   12   2   0.0000000001
1   11   13   3   0.0000000020
1   11   14   3   -0.0000000074
1   12   8   1   -0.0012496541
1   12   8   2   0.0000000000
1   12   9   1   -0.0000008143
1   12   9   2   0.0000000001
1   12   10   1   -0.0076500048
1   12   10   2   0.0000000000
1   12   11   1   0.0000000073
1   12   11   2   0.0000000001
1   12   12   1   -0.4114574183
1   12   12   2   0.0000000000
1   12   13   3   0.0045946923
1   12   14   3   -0.0171143999
1   13   8   3   0.0005748224
1   13   9   3   0.0000003746
1   13   10   3   0.0024756912
1   13   11   3   0.0000000023
1   13   12   3   0.0051770726
1   13   13   1   -0.4137760691
1   13   13   2   0.0097403749
1   13   14   1   0.0097403738
1   13   14   2   -0.0157821544
1   14   8   3   -0.0021411098
1   14   9   3   -0.0000013952
1   14   10   3   -0.0092215032
1   14   11   3   -0.0000000085
1   14   12   3   -0.0192836616
1   14   13   1   0.0097403738
1   14   13   2   -0.0178839919
1   14   14   1   -0.4474422119
1   14   14   2   -0.0097403749
2   8   8   1   0.0000000000
2   8   8   2   -0.5513309475
2   8   9   1   0.0000000000
2   8   9   2   -0.0000000947
2   8   10   1   0.0000000000
2   8   10   2   0.0049935338
2   8   11   1   0.0000000000
2   8   11   2   -0.0000034084
2   8   12   1   0.0000000000
2   8   12   2   -0.0012496541
2   8   13   3   -0.0022048695
2   8   14   3   -0.0005919399
2   9   8   1   0.0000000000
2   9   8   2   -0.0000000947
2   9   9   1   0.0000000000
2   9   9   2   -0.5513309951
2   9   10   1   0.0000000000
2   9   10   2   0.0000032504
2   9   11   1   0.0000000000
2   9   11   2   0.0052388910
2   9   12   1   0.0000000001
2   9   12   2   -0.0000008143
2   9   13   3   -0.0000014367
2   9   14   3   -0.0000003857
2   10   8   1   0.0000000000
2   10   8   2   0.0049935338
2   10   9   1   0.0000000000
2   10   9   2   0.0000032504
2   10   10   1   0.0000000000
2   10   10   2   -0.4260247466
2   10   11   1   0.0000000003
2   10   11   2   -0.0000000538
2   10   12   1   0.0000000000
2   10   12   2   -0.0076500048
2   10   13   3   -0.0087530250
2   10   14   3   -0.0023499192
2   11   8   1   0.0000000000
2   11   8   2   -0.0000034084
2   11   9   1   0.0000000000
2   11   9   2   0.0052388910
2   11   10   1   0.0000000003
2   11   10   2   -0.0000000538
2   11   11   1   0.0000000000
2   11   11   2   -0.4294409190
2   11   12   1   0.0000000001
2   11   12   2   0.0000000073
2   11   13   3   -0.0000000074
2   11   14   3   -0.0000000020
2   12   8   1   0.0000000000
2   12   8   2   -0.0012496541
2   12   9   1   0.0000000001
2   12   9   2   -0.0000008143
2   12   10   1   0.0000000000
2   12   10   2   -0.0076500048
2   12   11   1   0.0000000001
2   12   11   2   0.0000000073
2   12   12   1   0.0000000000
2   12   12   2   -0.4114574183
2   12   13   3   -0.0171143999
2   12   14   3   -0.0045946924
2   13   8   3   -0.0021411098
2   13   9   3   -0.0000013952
2   13   10   3   -0.0092215032
2   13   11   3   -0.0000000085
2   13   12   3   -0.0192836616
2   13   13   1   0.0097403749
2   13   13   2   -0.4474422120
2   13   14   1   -0.0178839919
2   13   14   2   -0.0097403737
2   14   8   3   -0.0005748224
2   14   9   3   -0.0000003746
2   14   10   3   -0.0024756912
2   14   11   3   -0.0000000023
2   14   12   3   -0.0051770727
2   14   13   1   -0.0157821544
2   14   13   2   -0.0097403737
2   14   14   1   -0.0097403749
2   14   14   2   -0.4137760691
3   8   8   3   -0.5770606619
3   8   9   3   -0.0000000598
3   8   10   3   0.0054854534
3   8   11   3   -0.0000039758
3   8   12   3   -0.0051884600
3   8   13   1   0.0005748224
3   8   13   2   -0.0021411098
3   8   14   1   -0.0021411098
3   8   14   2   -0.0005748224
3   9   8   3   -0.0000000598
3   9   9   3   -0.5770588789
3   9   10   3   0.0000035696
3   9   11   3   0.0061092351
3   9   12   3   -0.0000033807
3   9   13   1   0.0000003746
3   9   13   2   -0.0000013952
3   9   14   1   -0.0000013952
3   9   14   2   -0.0000003746
3   10   8   3   0.0054854534
3   10   9   3   0.0000035696
3   10   10   3   -0.4417907629
3   10   11   3   -0.0000000350
3   10   12   3   -0.0232294679
3   10   13   1   0.0024756912
3   10   13   2   -0.0092215032
3   10   14   1   -0.0092215032
3   10   14   2   -0.0024756912
3   11   8   3   -0.0000039758
3   11   9   3   0.0061092351
3   11   10   3   -0.0000000350
3   11   11   3   -0.4404630145
3   11   12   3   -0.0000000089
3   11   13   1   0.0000000023
3   11   13   2   -0.0000000085
3   11   14   1   -0.0000000085
3   11   14   2   -0.0000000023
3   12   8   3   -0.0051884600
3   12   9   3   -0.0000033807
3   12   10   3   -0.0232294679
3   12   11   3   -0.0000000089
3   12   12   3   -0.4608017521
3   12   13   1   0.0051770726
3   12   13   2   -0.0192836616
3   12   14   1   -0.0192836616
3   12   14   2   -0.0051770727
3   13   8   1   0.0005919399
3   13   8   2   -0.0022048695
3   13   9   1   0.0000003857
3   13   9   2   -0.0000014367
3   13   10   1   0.0023499192
3   13   10   2   -0.0087530250
3   13   11   1   0.0000000020
3   13   11   2   -0.0000000074
3   13   12   1   0.0045946923
3   13   12   2   -0.0171143999
3   13   13   3   -0.4239533911
3   13   14   3   0.0000000001
3   14   8   1   -0.0022048695
3   14   8   2   -0.0005919399
3   14   9   1   -0.0000014367
3   14   9   2   -0.0000003857
3   14   10   1   -0.0087530250
3   14   10   2   -0.0023499192
3   14   11   1   -0.0000000074
3   14   11   2   -0.0000000020
3   14   12   1   -0.0171143999
3   14   12   2   -0.0045946924
3   14   13   3   0.0000000001
3   14   14   3   -0.4239533910

End AIJB Block
Begin IJKA Block
1   8   1   6   0.0000641398
1   8   2   6   -0.0337154834
1   8   3   6   -0.0000071015
1   8   4   6   0.0043006641
1   8   5   6   -0.0000164877
1   8   6   4   0.0000043958
1   8   6   5   -0.0000163735
1   8   7   4   -0.0000163735
1   8   7   5   -0.0000043958
1   9   1   6   -0.0309668558
1   9   2   6   -0.0000219624
1   9   3   6   0.0054491556
1   9   4   6   0.0000000095
1   9   5   6   0.0126867391
1   9   6   4   -0.0033768949
1   9   6   5   0.0125783241
1   9   7   4   0.0125783241
1   9   7   5   0.0033768949
1   10   1   6   -0.0000536725
1   10   2   6   0.0411465268
1   10   3   6   0.0000006756
1   10   4   6   -0.0023444941
1   10   5   6   -0.0000086022
1   10   6   4   0.0000022794
1   10   6   5   -0.0000084901
1   10   7   4   -0.0000084901
1   10   7   5   -0.0000022793
1   11   1   6   0.0354130485
1   11   2   6   0.0000000430
1   11   3   6   -0.0006785158
1   11   4   6   0.0000013729
1   11   5   6   0.0140732418
1   11   6   4   -0.0036826850
1   11   6   5   0.0137173372
1   11   7   4   0.0137173372
1   11   7   5   0.0036826850
1   12   1   6   -0.0004100472
1   12   2   6   0.3145578045
1   12   3   6   0.0000022549
1   12   4   6   -0.0034286880
1   12   5   6   0.0000003323
1   12   6   4   -0.0000001681
1   12   6   5   0.0000006263
1   12   7   4   0.0000006263
1   12   7   5   0.0000001682
1   13   1   4   0.0001114157
1   13   1   5   -0.0004150026
1   13   2   4   -0.0854697034
1   13   2   5   0.3183592218
1   13   3   4   -0.0000006168
1   13   3   5   0.0000022975
1   13   4   4   0.0009089748
1   13   4   5   -0.0033857670
1   13   5   4   -0.0000002431
1   13   5   5   0.0000009056
1   13   6   6   -0.0000013618
1   14   1   4   -0.0004150024
1   14   1   5   -0.0001114152
1   14   2   4   0.3183592217
1   14   2   5   0.0854697030
1   14   3   4   0.0000022975
1   14   3   5   0.0000006168
1   14   4   4   -0.0033857670
1   14   4   5   -0.0009089747
1   14   5   4   0.0000009056
1   14   5   5   0.0000002431
1   14   7   6   -0.0000013618
2   8   1   6   -0.0337172802
2   8   2   6   -0.0000237549
2   8   3   6   0.0054380932
2   8   4   6   0.0000000095
2   8   5   6   0.0126077138
2   8   6   4   -0.0033669764
2   8   6   5   0.0125413797
2   8   7   4   0.0125413797
2   8   7   5   0.0033669764
2   9   1   6   -0.0000219635
2   9   2   6   -0.0309802147
2   9   3   6   0.0000070908
2   9   4   6   0.0042933439
2   9   5   6   0.0000164854
2   9   6   4   -0.0000043953
2   9   6   5   0.0000163718
2   9   7   4   0.0000163718
2   9   7   5   0.0000043953
2   10   1   6   0.0411460364
2   10   2   6   0.0000536016
2   10   3   6   -0.0010315484
2   10   4   6   -0.0000015268
2   10   5   6   0.0131737112
2   10   6   4   -0.0034909775
2   10   6   5   0.0130032611
2   10   7   4   0.0130032611
2   10   7   5   0.0034909775
2   11   1   6   0.0000000430
2   11   2   6   0.0354017293
2   11   3   6   -0.0000004409
2   11   4   6   -0.0021106223
2   11   5   6   0.0000091848
2   11   6   4   -0.0000024036
2   11   6   5   0.0000089532
2   11   7   4   0.0000089532
2   11   7   5   0.0000024037
2   12   1   6   0.3145510394
2   12   2   6   0.0004100405
2   12   3   6   -0.0034553711
2   12   4   6   -0.0000022390
2   12   5   6   -0.0005104840
2   12   6   4   0.0002580526
2   12   6   5   -0.0009611994
2   12   7   4   -0.0009611994
2   12   7   5   -0.0002580526
2   13   1   4   -0.0854680785
2   13   1   5   0.3183531696
2   13   2   4   -0.0001114137
2   13   2   5   0.0004149969
2   13   3   4   0.0009451694
2   13   3   5   -0.0035205853
2   13   4   4   0.0000005936
2   13   4   5   -0.0000022110
2   13   5   4   0.0003727835
2   13   5   5   -0.0013885513
2   13   6   6   0.0020877805
2   13   7   6   0.0000000000
2   14   1   4   0.3183531694
2   14   1   5   0.0854680781
2   14   2   4   0.0004149970
2   14   2   5   0.0001114142
2   14   3   4   -0.0035205853
2   14   3   5   -0.0009451693
2   14   4   4   -0.0000022110
2   14   4   5   -0.0000005936
2   14   5   4   -0.0013885513
2   14   5   5   -0.0003727835
2   14   6   6   0.0000000000
2   14   7   6   0.0020877806
3   8   1   6   -0.0000074195
3   8   2   6   0.0056818472
3   8   3   6   -0.0000006832
3   8   4   6   -0.0034417724
3   8   5   6   -0.0000097869
3   8   6   4   0.0000024122
3   8   6   5   -0.0000089849
3   8   7   4   -0.0000089849
3   8   7   5   -0.0000024121
3   9   1   6   0.0056927871
3   9   2   6   0.0000074081
3   9   3   6   0.0010596668
3   9   4   6   -0.0000022394
3   9   5   6   0.0149908833
3   9   6   4   -0.0036946588
3   9   6   5   0.0137619372
3   9   7   4   0.0137619371
3   9   7   5   0.0036946587
3   10   1   6   0.0000006294
3   10   2   6   -0.0009616191
3   10   3   6   -0.0000000593
3   10   4   6   0.0157397736
3   10   5   6   -0.0000001192
3   10   6   4   0.0000000322
3   10   6   5   -0.0000001201
3   10   7   4   -0.0000001201
3   10   7   5   -0.0000000322
3   11   1   6   -0.0005725440
3   11   2   6   -0.0000003721
3   11   3   6   0.0276602276
3   11   4   6   0.0000000283
3   11   5   6   0.0625987235
3   11   6   4   -0.0160360004
3   11   6   5   0.0597312072
3   11   7   4   0.0597312071
3   11   7   5   0.0160360000
3   12   1   6   0.0000024170
3   12   2   6   -0.0037049176
3   12   3   6   -0.0000004173
3   12   4   6   0.1989914747
3   12   5   6   0.0000000397
3   12   6   4   -0.0000000011
3   12   6   5   0.0000000047
3   12   7   4   0.0000000048
3   12   7   5   0.0000000014
3   13   1   4   -0.0000006843
3   13   1   5   0.0000025490
3   13   2   4   0.0010489223
3   13   2   5   -0.0039070462
3   13   3   4   0.0000001141
3   13   3   5   -0.0000004244
3   13   4   4   -0.0541189544
3   13   4   5   0.2015833389
3   13   5   4   -0.0000000108
3   13   5   5   0.0000000406
3   13   6   6   -0.0000000076
3   13   7   6   0.0000000002
3   14   1   4   0.0000025490
3   14   1   5   0.0000006843
3   14   2   4   -0.0039070462
3   14   2   5   -0.0010489223
3   14   3   4   -0.0000004244
3   14   3   5   -0.0000001138
3   14   4   4   0.2015833388
3   14   4   5   0.0541189540
3   14   5   4   0.0000000406
3   14   5   5   0.0000000110
3   14   6   6   0.0000000002
3   14   7   6   -0.0000000074
4   8   1   6   0.0045058542
4   8   2   6   0.0000000087
4   8   3   6   -0.0034986334
4   8   4   6   0.0000016080
4   8   5   6   0.0144511581
4   8   6   4   -0.0036798380
4   8   6   5   0.0137067324
4   8   7   4   0.0137067324
4   8   7   5   0.0036798380
4   9   1   6   0.0000000088
4   9   2   6   0.0044997109
4   9   3   6   -0.0000022765
4   9   4   6   -0.0024772536
4   9   5   6   0.0000094330
4   9   6   4   -0.0000024020
4   9   6   5   0.0000089469
4   9   7   4   0.0000089469
4   9   7   5   0.0000024020
4   10   1   6   -0.0022056649
4   10   2   6   -0.0000014367
4   10   3   6   0.0150968506
4   10   4   6   0.0000000200
4   10   5   6   0.0504942819
4   10   6   4   -0.0148709898
4   10   6   5   0.0553917532
4   10   7   4   0.0553917532
4   10   7   5   0.0148709895
4   11   1   6   0.0000012961
4   11   2   6   -0.0019926813
4   11   3   6   0.0000000273
4   11   4   6   0.0121879472
4   11   5   6   0.0000001124
4   11   6   4   -0.0000000309
4   11   6   5   0.0000001149
4   11   7   4   0.0000001148
4   11   7   5   0.0000000307
4   12   1   6   -0.0037207494
4   12   2   6   -0.0000024305
4   12   3   6   0.1992892218
4   12   4   6   0.0000004029
4   12   5   6   -0.0435060655
4   12   6   4   0.0013792341
4   12   6   5   -0.0051373982
4   12   7   4   -0.0051373982
4   12   7   5   -0.0013792341
4   13   1   4   0.0010399341
4   13   1   5   -0.0038735669
4   13   2   4   0.0000006793
4   13   2   5   -0.0000025304
4   13   3   4   -0.0540393033
4   13   3   5   0.2012866531
4   13   4   4   -0.0000001081
4   13   4   5   0.0000004033
4   13   5   4   0.0111412499
4   13   5   5   -0.0414991457
4   13   6   6   0.0040307691
4   13   7   6   -0.0000000000
4   14   1   4   -0.0038735668
4   14   1   5   -0.0010399341
4   14   2   4   -0.0000025304
4   14   2   5   -0.0000006794
4   14   3   4   0.2012866530
4   14   3   5   0.0540393029
4   14   4   4   0.0000004034
4   14   4   5   0.0000001084
4   14   5   4   -0.0414991458
4   14   5   5   -0.0111412500
4   14   6   6   -0.0000000000
4   14   7   6   0.0040307691
5   8   1   6   -0.0000191411
5   8   2   6   0.0146450015
5   8   3   6   -0.0000105134
5   8   4   6   0.0156024716
5   8   5   6   0.0000005560
5   8   6   4   -0.0000001361
5   8   6   5   0.0000005068
5   8   7   4   0.0000005068
5   8   7   5   0.0000001361
5   9   1   6   0.0147165316
5   9   2   6   0.0000191337
5   9   3   6   0.0161022198
5   9   4   6   0.0000101836
5   9   5   6   -0.0008526189
5   9   6   4   0.0002088808
5   9   6   5   -0.0007780435
5   9   7   4   -0.0007780435
5   9   7   5   -0.0002088809
5   10   1   6   -0.0000085386
5   10   2   6   0.0130732670
5   10   3   6   -0.0000001226
5   10   4   6   0.0513932340
5   10   5   6   -0.0000000176
5   10   6   4   -0.0000000006
5   10   6   5   0.0000000027
5   10   7   4   0.0000000029
5   10   7   5   0.0000000009
5   11   1   6   0.0137827210
5   11   2   6   0.0000089932
5   11   3   6   0.0634290284
5   11   4   6   0.0000001130
5   11   5   6   0.0163575438
5   11   6   4   0.0008516472
5   11   6   5   -0.0031722322
5   11   7   4   -0.0031722322
5   11   7   5   -0.0008516472
5   12   1   6   0.0000000654
5   12   2   6   -0.0001004667
5   12   3   6   0.0000000380
5   12   4   6   -0.0439137149
5   12   5   6   -0.0000000367
5   12   6   4   0.0000000010
5   12   6   5   -0.0000000041
5   12   7   4   -0.0000000041
5   12   7   5   -0.0000000012
5   13   1   4   -0.0000001813
5   13   1   5   0.0000006755
5   13   2   4   0.0002779132
5   13   2   5   -0.0010351766
5   13   3   4   -0.0000000105
5   13   3   5   0.0000000396
5   13   4   4   0.0110207929
5   13   4   5   -0.0410504650
5   13   5   4   0.0000000115
5   13   5   5   -0.0000000428
5   13   6   6   -0.0000000035
5   13   7   6   0.0000000001
5   14   1   4   0.0000006755
5   14   1   5   0.0000001814
5   14   2   4   -0.0010351766
5   14   2   5   -0.0002779132
5   14   3   4   0.0000000396
5   14   3   5   0.0000000107
5   14   4   4   -0.0410504650
5   14   4   5   -0.0110207929
5   14   5   4   -0.0000000428
5   14   5   5   -0.0000000114
5   14   6   6   0.0000000001
5   14   7   6   -0.0000000034
6   8   1   4   0.0000051811
6   8   1   5   -0.0000192987
6   8   2   4   -0.0039699690
6   8   2   5   0.0147874180
6   8   3   4   0.0000026387
6   8   3   5   -0.0000098288
6   8   4   4   -0.0040287196
6   8   4   5   0.0150062534
6   8   5   4   -0.0000002020
6   8   5   5   0.0000007525
6   8   6   6   -0.0000004427
6   8   7   6   0.0000000001
6   9   1   4   -0.0039779821
6   9   1   5   0.0148172655
6   9   2   4   -0.0000051796
6   9   2   5   0.0000192931
6   9   3   4   -0.0040414304
6   9   3   5   0.0150535991
6   9   4   4   -0.0000026296
6   9   4   5   0.0000097945
6   9   5   4   0.0003100561
6   9   5   5   -0.0011549031
6   9   6   6   0.0006807141
6   9   7   6   0.0000000000
6   10   1   4   0.0000022952
6   10   1   5   -0.0000085495
6   10   2   4   -0.0035146736
6   10   2   5   0.0130915249
6   10   3   4   0.0000000331
6   10   3   5   -0.0000001230
6   10   4   4   -0.0150401651
6   10   4   5   0.0560219007
6   10   5   4   -0.0000000016
6   10   5   5   0.0000000066
6   10   6   6   -0.0000000281
6   10   7   6   0.0000000003
6   11   1   4   -0.0036539733
6   11   1   5   0.0136103914
6   11   2   4   -0.0000023845
6   11   2   5   0.0000088817
6   11   3   4   -0.0160554382
6   11   3   5   0.0598036099
6   11   4   4   -0.0000000305
6   11   4   5   0.0000001132
6   11   5   4   0.0013667210
6   11   5   5   -0.0050907892
6   11   6   6   0.0231905909
6   11   7   6   0.0000000000
6   12   1   4   -0.0000001136
6   12   1   5   0.0000004232
6   12   2   4   0.0001743136
6   12   2   5   -0.0006492868
6   12   3   4   -0.0000000015
6   12   3   5   0.0000000064
6   12   4   4   0.0016766130
6   12   4   5   -0.0062450808
6   12   5   4   0.0000000005
6   12   5   5   -0.0000000024
6   12   6   6   -0.0000000614
6   12   7   6   0.0000000002
6   13   1   6   -0.0000012228
6   13   2   6   0.0018745075
6   13   3   6   -0.0000000092
6   13   4   6   0.0046596226
6   13   5   6   -0.0000000043
6   13   6   4   0.0000000222
6   13   6   5   -0.0000000810
6   13   7   4   -0.0000000071
6   13   7   5   -0.0000000016
6   14   1   6   0.0000000000
6   14   2   6   -0.0000000000
6   14   3   6   0.0000000002
6   14   4   6   0.0000000000
6   14   5   6   -0.0000000001
6   14   6   4   -0.0000000660
6   14   6   5   -0.0000000174
6   14   7   4   0.0000000022
6   14   7   5   -0.0000000076
7   8   1   4   -0.0000192987
7   8   1   5   -0.0000051811
7   8   2   4   0.0147874180
7   8   2   5   0.0039699689
7   8   3   4   -0.0000098289
7   8   3   5   -0.0000026388
7   8   4   4   0.0150062534
7   8   4   5   0.0040287196
7   8   5   4   0.0000007525
7   8   5   5   0.0000002020
7   8   6   6   0.0000000001
7   8   7   6   -0.0000004426
7   9   1   4   0.0148172655
7   9   1   5   0.0039779821
7   9   2   4   0.0000192931
7   9   2   5   0.0000051796
7   9   3   4   0.0150535991
7   9   3   5   0.0040414304
7   9   4   4   0.0000097945
7   9   4   5   0.0000026295
7   9   5   4   -0.0011549031
7   9   5   5   -0.0003100561
7   9   6   6   0.0000000000
7   9   7   6   0.0006807141
7   10   1   4   -0.0000085495
7   10   1   5   -0.0000022953
7   10   2   4   0.0130915249
7   10   2   5   0.0035146736
7   10   3   4   -0.0000001229
7   10   3   5   -0.0000000329
7   10   4   4   0.0560219006
7   10   4   5   0.0150401649
7   10   5   4   0.0000000068
7   10   5   5   0.0000000020
7   10   6   6   0.0000000003
7   10   7   6   -0.0000000277
7   11   1   4   0.0136103914
7   11   1   5   0.0036539733
7   11   2   4   0.0000088816
7   11   2   5   0.0000023844
7   11   3   4   0.0598036098
7   11   3   5   0.0160554380
7   11   4   4   0.0000001131
7   11   4   5   0.0000000302
7   11   5   4   -0.0050907892
7   11   5   5   -0.0013667210
7   11   6   6   0.0000000000
7   11   7   6   0.0231905909
7   12   1   4   0.0000004232
7   12   1   5   0.0000001137
7   12   2   4   -0.0006492868
7   12   2   5   -0.0001743136
7   12   3   4   0.0000000065
7   12   3   5   0.0000000020
7   12   4   4   -0.0062450808
7   12   4   5   -0.0016766130
7   12   5   4   -0.0000000025
7   12   5   5   -0.0000000008
7   12   6   6   0.0000000002
7   12   7   6   -0.0000000612
7   13   1   6   0.0000000000
7   13   2   6   -0.0000000000
7   13   3   6   0.0000000002
7   13   4   6   0.0000000000
7   13   5   6   -0.0000000001
7   13   6   4   -0.0000000076
7   13   6   5   -0.0000000018
7   13   7   4   0.0000000180
7   13   7   5   -0.0000000660
7   14   1   6   -0.0000012228
7   14   2   6   0.0018745075
7   14   3   6   -0.0000000090
7   14   4   6   0.0046596226
7   14   5   6   -0.0000000044
7   14   6   4   0.0000000022
7   14   6   5   -0.0000000071
7   14   7   4   -0.0000000805
7   14   7   5   -0.0000000212

End IJKA Block
Begin IABC Block
1   4   1   6   -0.0000013296
1   4   2   6   -0.0000000000
1   4   3   4   -0.0000001811
1   4   3   5   -0.0000000001
1   5   1   6   -0.0000000000
1   5   2   6   -0.0000013296
1   5   3   4   -0.0000000001
1   5   3   5   -0.0000001811
1   6   1   4   -0.0000012746
1   6   1   5   -0.0000000000
1   6   2   4   -0.0000000000
1   6   2   5   -0.0000012746
1   6   3   6   -0.0000025313
2   4   1   6   0.0020403139
2   4   3   4   0.0002772616
2   4   3   5   -0.0000000000
2   5   2   6   0.0020403139
2   5   3   4   -0.0000000000
2   5   3   5   0.0002772616
2   6   1   4   0.0019559944
2   6   1   5   0.0000000000
2   6   2   4   0.0000000000
2   6   2   5   0.0019559944
2   6   3   6   0.0038832440
3   4   1   6   -0.0000000069
3   4   2   6   -0.0000000001
3   4   3   4   -0.0000000172
3   4   3   5   -0.0000000001
3   5   1   6   -0.0000000001
3   5   2   6   -0.0000000069
3   5   3   4   -0.0000000001
3   5   3   5   -0.0000000172
3   6   1   4   -0.0000000042
3   6   1   5   -0.0000000001
3   6   2   4   -0.0000000001
3   6   2   5   -0.0000000042
3   6   3   6   -0.0000000298
4   4   1   6   0.0073810528
4   4   2   6   0.0000000000
4   4   3   4   0.0214155786
4   4   3   5   -0.0000000000
4   5   1   6   0.0000000000
4   5   2   6   0.0073810528
4   5   3   4   -0.0000000000
4   5   3   5   0.0214155786
4   6   1   4   0.0055095709
4   6   1   5   -0.0000000001
4   6   2   4   -0.0000000001
4   6   2   5   0.0055095709
4   6   3   6   0.0301620280
5   4   1   6   -0.0000000012
5   4   2   6   -0.0000000004
5   4   3   4   0.0000000463
5   4   3   5   -0.0000000003
5   5   1   6   -0.0000000004
5   5   2   6   -0.0000000012
5   5   3   4   -0.0000000003
5   5   3   5   0.0000000463
5   6   1   4   0.0000000043
5   6   1   5   0.0000000000
5   6   2   4   0.0000000000
5   6   2   5   0.0000000043
5   6   3   6   0.0000000231
6   4   1   4   -0.0000000153
6   4   1   5   0.0000000020
6   4   2   4   0.0000000501
6   4   2   5   -0.0000000016
6   4   3   6   0.0000000001
6   5   1   4   0.0000000052
6   5   1   5   -0.0000000135
6   5   2   4   -0.0000000007
6   5   2   5   0.0000000572
6   5   3   6   -0.0000000004
6   6   1   6   -0.0000000066
6   6   2   6   0.0000000293
6   6   3   4   0.0000000010
6   6   3   5   -0.0000000041
7   4   1   4   0.0000000572
7   4   1   5   0.0000000003
7   4   2   4   0.0000000135
7   4   2   5   0.0000000051
7   4   3   6   -0.0000000005
7   5   1   4   0.0000000012
7   5   1   5   0.0000000502
7   5   2   4   0.0000000019
7   5   2   5   0.0000000154
7   5   3   6   -0.0000000002
7   6   1   6   0.0000000302
7   6   2   6   0.0000000094
7   6   3   4   -0.0000000042
7   6   3   5   -0.0000000012

End IABC Block
