Begin IJ Block
1   1   -26.7383218467
1   2   -0.0000000042
1   3   -0.4630960025
1   4   0.0000000002
1   5   0.1542220623
2   2   -26.7387296653
2   3   0.0000000068
2   4   -0.4969084196
2   5   -0.0000000013
3   3   -7.9880524878
3   4   -0.0000000110
3   5   -0.5600046791
4   4   -7.3170731689
4   5   -0.0000000049
5   5   -7.2109697354
6   6   -6.9986576486
6   7   0.0000000002
7   7   -6.9986576487

End IJ Block
Begin IA Block
1   3   0.0000000014
2   3   -0.1836669032
3   3   -0.0000000075
4   3   -0.6794468919
5   3   0.0000000085
6   1   0.0000000043
6   2   -0.0000000027
7   1   -0.0000000011
7   2   -0.0000000046

End IA Block
Begin AB Block
1   1   -6.6741771651
1   2   0.0000000006
2   2   -6.6741771660
3   3   -6.4857934587

End AB Block
Begin IJAB Block
1   8   1   4   0.0138721299
1   8   1   5   0.0000000000
1   8   2   4   0.0000000000
1   8   2   5   0.0138721298
1   8   3   6   0.0204960531
1   9   1   4   0.0000000001
1   9   1   5   -0.0000000000
1   9   2   4   -0.0000000000
1   9   2   5   0.0000000001
1   9   3   6   0.0000000004
1   10   1   4   -0.0128068855
1   10   1   5   0.0000000000
1   10   2   4   0.0000000000
1   10   2   5   -0.0128068855
1   10   3   6   -0.0089696428
1   11   1   4   0.0000000001
1   11   1   5   0.0000000000
1   11   2   4   0.0000000000
1   11   2   5   0.0000000001
1   11   3   6   0.0000000008
1   12   1   4   0.0046850102
1   12   1   5   -0.0000000000
1   12   2   4   -0.0000000000
1   12   2   5   0.0046850102
1   12   3   6   0.0017674906
1   13   1   6   0.0014867895
1   13   2   6   0.0067453444
1   13   3   4   -0.0007088793
1   13   3   5   -0.0032160804
1   14   1   6   -0.0067453444
1   14   2   6   0.0014867895
1   14   3   4   0.0032160804
1   14   3   5   -0.0007088793
2   8   1   4   0.0000000001
2   8   1   5   -0.0000000000
2   8   2   4   -0.0000000000
2   8   2   5   0.0000000001
2   8   3   6   0.0000000004
2   9   1   4   0.0139948701
2   9   1   5   0.0000000000
2   9   2   4   0.0000000000
2   9   2   5   0.0139948701
2   9   3   6   0.0207074751
2   10   1   4   0.0000000003
2   10   1   5   0.0000000000
2   10   2   4   0.0000000000
2   10   2   5   0.0000000002
2   10   3   6   -0.0000000002
2   11   1   4   -0.0151565560
2   11   1   5   0.0000000000
2   11   2   4   0.0000000000
2   11   2   5   -0.0151565560
2   11   3   6   -0.0097752690
2   12   1   4   -0.0000000000
2   12   1   5   0.0000000001
2   12   2   4   0.0000000001
2   12   2   5   -0.0000000002
2   12   3   6   -0.0000000023
2   13   1   6   -0.0000000001
2   13   2   6   -0.0000000001
2   13   3   4   -0.0000000002
2   13   3   5   -0.0000000007
2   14   1   6   0.0000000002
2   14   2   6   0.0000000000
2   14   3   4   0.0000000007
2   14   3   5   -0.0000000001
3   8   1   4   -0.0128068855
3   8   1   5   0.0000000000
3   8   2   4   0.0000000000
3   8   2   5   -0.0128068855
3   8   3   6   -0.0089696428
3   9   1   4   0.0000000003
3   9   1   5   0.0000000000
3   9   2   4   0.0000000000
3   9   2   5   0.0000000002
3   9   3   6   -0.0000000002
3   10   1   4   0.0502758782
3   10   1   5   -0.0000000001
3   10   2   4   -0.0000000001
3   10   2   5   0.0502758784
3   10   3   6   0.0745241459
3   11   1   4   0.0000000010
3   11   1   5   0.0000000001
3   11   2   4   0.0000000001
3   11   2   5   0.0000000009
3   11   3   6   0.0000000022
3   12   1   4   -0.0185258542
3   12   1   5   -0.0000000000
3   12   2   4   -0.0000000000
3   12   2   5   -0.0185258542
3   12   3   6   0.0460283407
3   13   1   6   -0.0055594984
3   13   2   6   -0.0252226222
3   13   3   4   -0.0131599221
3   13   3   5   -0.0597046212
3   14   1   6   0.0252226222
3   14   2   6   -0.0055594983
3   14   3   4   0.0597046212
3   14   3   5   -0.0131599219
4   8   1   4   0.0000000001
4   8   1   5   0.0000000000
4   8   2   4   0.0000000000
4   8   2   5   0.0000000001
4   8   3   6   0.0000000008
4   9   1   4   -0.0151565560
4   9   1   5   0.0000000000
4   9   2   4   0.0000000000
4   9   2   5   -0.0151565560
4   9   3   6   -0.0097752690
4   10   1   4   0.0000000010
4   10   1   5   0.0000000001
4   10   2   4   0.0000000001
4   10   2   5   0.0000000009
4   10   3   6   0.0000000022
4   11   1   4   0.0716861123
4   11   1   5   -0.0000000000
4   11   2   4   -0.0000000000
4   11   2   5   0.0716861123
4   11   3   6   0.0498341101
4   12   1   4   -0.0000000013
4   12   1   5   -0.0000000001
4   12   2   4   -0.0000000001
4   12   2   5   -0.0000000012
4   12   3   6   0.0000000110
4   13   1   6   0.0000000007
4   13   2   6   -0.0000000004
4   13   3   4   0.0000000006
4   13   3   5   0.0000000007
4   14   1   6   -0.0000000002
4   14   2   6   -0.0000000008
4   14   3   4   -0.0000000011
4   14   3   5   -0.0000000002
5   8   1   4   0.0046850102
5   8   1   5   -0.0000000000
5   8   2   4   -0.0000000000
5   8   2   5   0.0046850102
5   8   3   6   0.0017674906
5   9   1   4   -0.0000000000
5   9   1   5   0.0000000001
5   9   2   4   0.0000000001
5   9   2   5   -0.0000000002
5   9   3   6   -0.0000000023
5   10   1   4   -0.0185258542
5   10   1   5   -0.0000000000
5   10   2   4   -0.0000000000
5   10   2   5   -0.0185258542
5   10   3   6   0.0460283407
5   11   1   4   -0.0000000013
5   11   1   5   -0.0000000001
5   11   2   4   -0.0000000001
5   11   2   5   -0.0000000012
5   11   3   6   0.0000000110
5   12   1   4   0.0292126878
5   12   1   5   -0.0000000000
5   12   2   4   -0.0000000000
5   12   2   5   0.0292126879
5   12   3   6   0.1122042165
5   13   1   6   -0.0014982604
5   13   2   6   -0.0067973862
5   13   3   4   -0.0219187494
5   13   3   5   -0.0994421262
5   14   1   6   0.0067973862
5   14   2   6   -0.0014982605
5   14   3   4   0.0994421263
5   14   3   5   -0.0219187493
6   8   1   6   -0.0007088793
6   8   2   6   -0.0032160804
6   8   3   4   0.0014867895
6   8   3   5   0.0067453444
6   9   1   6   -0.0000000002
6   9   2   6   -0.0000000007
6   9   3   4   -0.0000000001
6   9   3   5   -0.0000000001
6   10   1   6   -0.0131599221
6   10   2   6   -0.0597046212
6   10   3   4   -0.0055594984
6   10   3   5   -0.0252226222
6   11   1   6   0.0000000006
6   11   2   6   0.0000000007
6   11   3   4   0.0000000007
6   11   3   5   -0.0000000004
6   12   1   6   -0.0219187494
6   12   2   6   -0.0994421262
6   12   3   4   -0.0014982604
6   12   3   5   -0.0067973862
6   13   1   4   0.0275931098
6   13   1   5   0.0311661035
6   13   2   4   0.0311661035
6   13   2   5   0.1621195652
6   13   3   6   0.0248456878
6   14   1   4   -0.0311660978
6   14   1   5   -0.0098188359
6   14   2   4   -0.1247076084
6   14   2   5   0.0311660979
6   14   3   6   -0.0000000000
7   8   1   6   0.0032160804
7   8   2   6   -0.0007088793
7   8   3   4   -0.0067453444
7   8   3   5   0.0014867895
7   9   1   6   0.0000000007
7   9   2   6   -0.0000000001
7   9   3   4   0.0000000002
7   9   3   5   0.0000000000
7   10   1   6   0.0597046212
7   10   2   6   -0.0131599219
7   10   3   4   0.0252226222
7   10   3   5   -0.0055594983
7   11   1   6   -0.0000000011
7   11   2   6   -0.0000000002
7   11   3   4   -0.0000000002
7   11   3   5   -0.0000000008
7   12   1   6   0.0994421263
7   12   2   6   -0.0219187493
7   12   3   4   0.0067973862
7   12   3   5   -0.0014982605
7   13   1   4   -0.0311660978
7   13   1   5   -0.1247076084
7   13   2   4   -0.0098188359
7   13   2   5   0.0311660979
7   13   3   6   -0.0000000000
7   14   1   4   0.1621195652
7   14   1   5   -0.0311661035
7   14   2   4   -0.0311661035
7   14   2   5   0.0275931098
7   14   3   6   0.0248456878

End IJAB Block
Begin IJKL Block
1   8   1   8   2.2247293873
1   8   1   9   0.0000000252
1   8   1   10   0.1907137811
1   8   1   11   0.0000000037
1   8   1   12   -0.0517422625
1   8   2   8   0.0000000252
1   8   2   9   1.8941217795
1   8   2   10   0.0000000014
1   8   2   11   0.2000327450
1   8   2   12   0.0000000003
1   8   3   8   0.1907137811
1   8   3   9   0.0000000014
1   8   3   10   0.0272818011
1   8   3   11   0.0000000004
1   8   3   12   -0.0045433642
1   8   4   8   0.0000000037
1   8   4   9   0.2000327450
1   8   4   10   0.0000000004
1   8   4   11   0.0304397976
1   8   4   12   -0.0000000003
1   8   5   8   -0.0517422625
1   8   5   9   0.0000000003
1   8   5   10   -0.0045433642
1   8   5   11   -0.0000000003
1   8   5   12   0.0128670413
1   8   6   13   0.0105497963
1   8   6   14   0.0000000000
1   8   7   13   0.0000000000
1   8   7   14   0.0105497963
1   9   1   8   0.0000000252
1   9   1   9   2.2249175687
1   9   1   10   0.0000000014
1   9   1   11   0.2020190735
1   9   1   12   0.0000000003
1   9   2   8   1.8941372326
1   9   2   9   -0.0000000235
1   9   2   10   0.1927736399
1   9   2   11   -0.0000000014
1   9   2   12   -0.0442274098
1   9   3   8   0.0000000014
1   9   3   9   0.1907433496
1   9   3   10   0.0000000000
1   9   3   11   0.0274172342
1   9   3   12   0.0000000000
1   9   4   8   0.2000343923
1   9   4   9   -0.0000000014
1   9   4   10   0.0274504900
1   9   4   11   0.0000000002
1   9   4   12   -0.0099193560
1   9   5   8   0.0000000003
1   9   5   9   -0.0517467594
1   9   5   10   -0.0000000001
1   9   5   11   -0.0100138834
1   9   5   12   0.0000000001
1   9   6   13   0.0000000002
1   9   6   14   -0.0000000000
1   9   7   13   -0.0000000000
1   9   7   14   0.0000000002
1   10   1   8   0.1907137811
1   10   1   9   0.0000000014
1   10   1   10   0.6674495183
1   10   1   11   0.0000000033
1   10   1   12   0.0405208938
1   10   2   8   0.0000000014
1   10   2   9   0.1927797966
1   10   2   10   0.0000000001
1   10   2   11   0.2896290976
1   10   2   12   0.0000000008
1   10   3   8   0.0294484239
1   10   3   9   -0.0000000017
1   10   3   10   0.0050650856
1   10   3   11   0.0000000014
1   10   3   12   -0.0041073451
1   10   4   8   -0.0000000013
1   10   4   9   0.0294900986
1   10   4   10   0.0000000009
1   10   4   11   0.0072880935
1   10   4   12   -0.0000000005
1   10   5   8   -0.0042897718
1   10   5   9   0.0000000002
1   10   5   10   -0.0135158364
1   10   5   11   -0.0000000002
1   10   5   12   -0.0146158937
1   10   6   13   -0.0134578918
1   10   6   14   -0.0000000000
1   10   7   13   -0.0000000000
1   10   7   14   -0.0134578918
1   11   1   8   0.0000000037
1   11   1   9   0.2020190735
1   11   1   10   0.0000000033
1   11   1   11   0.6417970496
1   11   1   12   -0.0000000015
1   11   2   8   0.2000343923
1   11   2   9   -0.0000000015
1   11   2   10   0.2896430485
1   11   2   11   -0.0000000008
1   11   2   12   -0.1907005544
1   11   3   8   -0.0000000013
1   11   3   9   0.0294659842
1   11   3   10   0.0000000014
1   11   3   11   0.0100777551
1   11   3   12   0.0000000009
1   11   4   8   0.0328509927
1   11   4   9   -0.0000000016
1   11   4   10   0.0071516103
1   11   4   11   0.0000000005
1   11   4   12   -0.0001901357
1   11   5   8   0.0000000001
1   11   5   9   -0.0110971634
1   11   5   10   -0.0000000003
1   11   5   11   0.0023318765
1   11   5   12   -0.0000000001
1   11   6   13   -0.0000000001
1   11   6   14   -0.0000000001
1   11   7   13   -0.0000000001
1   11   7   14   -0.0000000001
1   12   1   8   -0.0517422625
1   12   1   9   0.0000000003
1   12   1   10   0.0405208938
1   12   1   11   -0.0000000015
1   12   1   12   0.6416381513
1   12   2   8   0.0000000003
1   12   2   9   -0.0442230237
1   12   2   10   0.0000000008
1   12   2   11   -0.1907047691
1   12   2   12   -0.0000000013
1   12   3   8   -0.0042897718
1   12   3   9   0.0000000003
1   12   3   10   -0.0043741794
1   12   3   11   0.0000000010
1   12   3   12   0.0064843958
1   12   4   8   0.0000000001
1   12   4   9   -0.0110063934
1   12   4   10   -0.0000000005
1   12   4   11   -0.0000310651
1   12   4   12   -0.0000000046
1   12   5   8   0.0155761518
1   12   5   9   -0.0000000002
1   12   5   10   -0.0152177880
1   12   5   11   -0.0000000000
1   12   5   12   -0.0000774291
1   12   6   13   0.0023553288
1   12   7   14   0.0023553288
1   13   1   13   0.6131023172
1   13   1   14   0.0000000002
1   13   2   13   -0.0000000010
1   13   2   14   0.0000000002
1   13   3   13   0.0043734225
1   13   3   14   -0.0000000000
1   13   4   13   0.0000000021
1   13   4   14   0.0000000004
1   13   5   13   -0.0058362034
1   13   5   14   0.0000000000
1   13   6   8   0.0130595554
1   13   6   9   -0.0000000000
1   13   6   10   -0.0140268645
1   13   6   11   -0.0000000002
1   13   6   12   0.0025062410
1   13   7   8   0.0000000000
1   13   7   9   0.0000000000
1   13   7   10   -0.0000000000
1   13   7   11   -0.0000000000
1   14   1   13   0.0000000002
1   14   1   14   0.6131023172
1   14   2   13   0.0000000002
1   14   2   14   -0.0000000010
1   14   3   13   -0.0000000000
1   14   3   14   0.0043734225
1   14   4   13   0.0000000004
1   14   4   14   0.0000000019
1   14   5   13   0.0000000000
1   14   5   14   -0.0058362035
1   14   6   8   0.0000000000
1   14   6   9   0.0000000000
1   14   6   10   -0.0000000000
1   14   6   11   -0.0000000000
1   14   7   8   0.0130595554
1   14   7   9   -0.0000000000
1   14   7   10   -0.0140268645
1   14   7   11   -0.0000000002
1   14   7   12   0.0025062410
2   8   1   8   0.0000000252
2   8   1   9   1.8941372326
2   8   1   10   0.0000000014
2   8   1   11   0.2000343923
2   8   1   12   0.0000000003
2   8   2   8   2.2249175687
2   8   2   9   -0.0000000235
2   8   2   10   0.1907433496
2   8   2   11   -0.0000000014
2   8   2   12   -0.0517467594
2   8   3   8   0.0000000014
2   8   3   9   0.1927736399
2   8   3   10   0.0000000000
2   8   3   11   0.0274504900
2   8   3   12   -0.0000000001
2   8   4   8   0.2020190735
2   8   4   9   -0.0000000014
2   8   4   10   0.0274172342
2   8   4   11   0.0000000002
2   8   4   12   -0.0100138834
2   8   5   8   0.0000000003
2   8   5   9   -0.0442274098
2   8   5   10   0.0000000000
2   8   5   11   -0.0099193560
2   8   5   12   0.0000000001
2   8   6   13   0.0000000002
2   8   6   14   -0.0000000000
2   8   7   13   -0.0000000000
2   8   7   14   0.0000000002
2   9   1   8   1.8941217795
2   9   1   9   -0.0000000235
2   9   1   10   0.1927797966
2   9   1   11   -0.0000000015
2   9   1   12   -0.0442230237
2   9   2   8   -0.0000000235
2   9   2   9   2.2250768340
2   9   2   10   -0.0000000036
2   9   2   11   0.2020308160
2   9   2   12   0.0000000015
2   9   3   8   0.1927797966
2   9   3   9   -0.0000000036
2   9   3   10   0.0272475424
2   9   3   11   -0.0000000002
2   9   3   12   -0.0046425151
2   9   4   8   -0.0000000015
2   9   4   9   0.2020308160
2   9   4   10   -0.0000000002
2   9   4   11   0.0304765865
2   9   4   12   0.0000000001
2   9   5   8   -0.0442230237
2   9   5   9   0.0000000015
2   9   5   10   -0.0046425151
2   9   5   11   0.0000000001
2   9   5   12   0.0125060574
2   9   6   13   0.0103682061
2   9   6   14   0.0000000000
2   9   7   13   0.0000000000
2   9   7   14   0.0103682060
2   10   1   8   0.0000000014
2   10   1   9   0.1927736399
2   10   1   10   0.0000000001
2   10   1   11   0.2896430485
2   10   1   12   0.0000000008
2   10   2   8   0.1907433496
2   10   2   9   -0.0000000036
2   10   2   10   0.6674395715
2   10   2   11   -0.0000000042
2   10   2   12   0.0405037523
2   10   3   8   -0.0000000017
2   10   3   9   0.0294341645
2   10   3   10   0.0000000008
2   10   3   11   0.0086234758
2   10   3   12   -0.0000000005
2   10   4   8   0.0294659842
2   10   4   9   -0.0000000020
2   10   4   10   0.0112971515
2   10   4   11   0.0000000013
2   10   4   12   0.0030645743
2   10   5   8   0.0000000003
2   10   5   9   -0.0043806300
2   10   5   10   -0.0000000001
2   10   5   11   0.0013832157
2   10   5   12   0.0000000002
2   10   6   13   0.0000000001
2   10   6   14   -0.0000000001
2   10   7   13   -0.0000000001
2   10   7   14   0.0000000001
2   11   1   8   0.2000327450
2   11   1   9   -0.0000000014
2   11   1   10   0.2896290976
2   11   1   11   -0.0000000008
2   11   1   12   -0.1907047691
2   11   2   8   -0.0000000014
2   11   2   9   0.2020308160
2   11   2   10   -0.0000000042
2   11   2   11   0.6418185087
2   11   2   12   0.0000000034
2   11   3   8   0.0294900986
2   11   3   9   -0.0000000020
2   11   3   10   0.0089234797
2   11   3   11   0.0000000003
2   11   3   12   -0.0068449606
2   11   4   8   -0.0000000016
2   11   4   9   0.0328870218
2   11   4   10   0.0000000013
2   11   4   11   0.0080108007
2   11   4   12   0.0000000009
2   11   5   8   -0.0110063934
2   11   5   9   0.0000000004
2   11   5   10   0.0017229242
2   11   5   11   -0.0000000002
2   11   5   12   -0.0133219791
2   11   6   13   -0.0119302565
2   11   6   14   -0.0000000000
2   11   7   13   -0.0000000000
2   11   7   14   -0.0119302565
2   12   1   8   0.0000000003
2   12   1   9   -0.0442274098
2   12   1   10   0.0000000008
2   12   1   11   -0.1907005544
2   12   1   12   -0.0000000013
2   12   2   8   -0.0517467594
2   12   2   9   0.0000000015
2   12   2   10   0.0405037523
2   12   2   11   0.0000000034
2   12   2   12   0.6416348466
2   12   3   8   0.0000000002
2   12   3   9   -0.0043806300
2   12   3   10   -0.0000000005
2   12   3   11   -0.0071294459
2   12   3   12   -0.0000000049
2   12   4   8   -0.0110971634
2   12   4   9   0.0000000004
2   12   4   10   0.0030924305
2   12   4   11   0.0000000009
2   12   4   12   0.0063252774
2   12   5   8   -0.0000000002
2   12   5   9   0.0152280064
2   12   5   10   0.0000000004
2   12   5   11   -0.0137807807
2   12   5   12   0.0000000005
2   12   6   13   0.0000000000
2   12   6   14   -0.0000000000
2   12   7   13   -0.0000000000
2   12   7   14   0.0000000000
2   13   1   13   -0.0000000010
2   13   1   14   0.0000000002
2   13   2   13   0.6130946145
2   13   2   14   0.0000000002
2   13   3   13   0.0000000020
2   13   3   14   0.0000000003
2   13   4   13   0.0068542928
2   13   4   14   -0.0000000000
2   13   5   13   -0.0000000002
2   13   5   14   -0.0000000001
2   13   6   8   -0.0000000000
2   13   6   9   0.0128865250
2   13   6   10   -0.0000000000
2   13   6   11   -0.0124886383
2   13   6   12   -0.0000000000
2   13   7   8   0.0000000000
2   13   7   9   0.0000000000
2   13   7   10   -0.0000000000
2   13   7   11   -0.0000000000
2   13   7   12   -0.0000000000
2   14   1   13   0.0000000002
2   14   1   14   -0.0000000010
2   14   2   13   0.0000000002
2   14   2   14   0.6130946144
2   14   3   13   0.0000000003
2   14   3   14   0.0000000019
2   14   4   13   -0.0000000000
2   14   4   14   0.0068542929
2   14   5   13   -0.0000000001
2   14   5   14   -0.0000000002
2   14   6   8   0.0000000000
2   14   6   9   0.0000000000
2   14   6   10   -0.0000000000
2   14   6   11   -0.0000000000
2   14   6   12   -0.0000000000
2   14   7   8   -0.0000000000
2   14   7   9   0.0128865250
2   14   7   10   -0.0000000000
2   14   7   11   -0.0124886383
2   14   7   12   -0.0000000000
3   8   1   8   0.1907137811
3   8   1   9   0.0000000014
3   8   1   10   0.0294484239
3   8   1   11   -0.0000000013
3   8   1   12   -0.0042897718
3   8   2   8   0.0000000014
3   8   2   9   0.1927797966
3   8   2   10   -0.0000000017
3   8   2   11   0.0294900986
3   8   2   12   0.0000000002
3   8   3   8   0.6674495183
3   8   3   9   0.0000000001
3   8   3   10   0.0050650856
3   8   3   11   0.0000000009
3   8   3   12   -0.0135158364
3   8   4   8   0.0000000033
3   8   4   9   0.2896290976
3   8   4   10   0.0000000014
3   8   4   11   0.0072880935
3   8   4   12   -0.0000000002
3   8   5   8   0.0405208938
3   8   5   9   0.0000000008
3   8   5   10   -0.0041073451
3   8   5   11   -0.0000000005
3   8   5   12   -0.0146158937
3   8   6   13   -0.0134578918
3   8   6   14   -0.0000000000
3   8   7   13   -0.0000000000
3   8   7   14   -0.0134578918
3   9   1   8   0.0000000014
3   9   1   9   0.1907433496
3   9   1   10   -0.0000000017
3   9   1   11   0.0294659842
3   9   1   12   0.0000000003
3   9   2   8   0.1927736399
3   9   2   9   -0.0000000036
3   9   2   10   0.0294341645
3   9   2   11   -0.0000000020
3   9   2   12   -0.0043806300
3   9   3   8   0.0000000001
3   9   3   9   0.6674395715
3   9   3   10   0.0000000008
3   9   3   11   0.0112971515
3   9   3   12   -0.0000000001
3   9   4   8   0.2896430485
3   9   4   9   -0.0000000042
3   9   4   10   0.0086234758
3   9   4   11   0.0000000013
3   9   4   12   0.0013832157
3   9   5   8   0.0000000008
3   9   5   9   0.0405037523
3   9   5   10   -0.0000000005
3   9   5   11   0.0030645743
3   9   5   12   0.0000000002
3   9   6   13   0.0000000001
3   9   6   14   -0.0000000001
3   9   7   13   -0.0000000001
3   9   7   14   0.0000000001
3   10   1   8   0.0272818011
3   10   1   9   0.0000000000
3   10   1   10   0.0050650856
3   10   1   11   0.0000000014
3   10   1   12   -0.0043741794
3   10   2   8   0.0000000000
3   10   2   9   0.0272475424
3   10   2   10   0.0000000008
3   10   2   11   0.0089234797
3   10   2   12   -0.0000000005
3   10   3   8   0.0050650856
3   10   3   9   0.0000000008
3   10   3   10   0.5665460845
3   10   3   11   0.0000000031
3   10   3   12   0.0823852698
3   10   4   8   0.0000000014
3   10   4   9   0.0089234797
3   10   4   10   0.0000000031
3   10   4   11   0.1400286010
3   10   4   12   0.0000000027
3   10   5   8   -0.0043741794
3   10   5   9   -0.0000000005
3   10   5   10   0.0823852698
3   10   5   11   0.0000000027
3   10   5   12   0.0751397324
3   10   6   13   0.0695709307
3   10   6   14   0.0000000001
3   10   7   13   0.0000000001
3   10   7   14   0.0695709307
3   11   1   8   0.0000000004
3   11   1   9   0.0274172342
3   11   1   10   0.0000000014
3   11   1   11   0.0100777551
3   11   1   12   0.0000000010
3   11   2   8   0.0274504900
3   11   2   9   -0.0000000002
3   11   2   10   0.0086234758
3   11   2   11   0.0000000003
3   11   2   12   -0.0071294459
3   11   3   8   0.0000000009
3   11   3   9   0.0112971515
3   11   3   10   0.0000000031
3   11   3   11   0.4806681105
3   11   3   12   0.0000000015
3   11   4   8   0.0071516103
3   11   4   9   0.0000000013
3   11   4   10   0.1421665471
3   11   4   11   0.0000000005
3   11   4   12   -0.1051628807
3   11   5   8   -0.0000000005
3   11   5   9   0.0030924305
3   11   5   10   0.0000000025
3   11   5   11   -0.0010639205
3   11   5   12   0.0000000011
3   11   6   13   0.0000000003
3   11   6   14   0.0000000002
3   11   7   13   0.0000000002
3   11   7   14   0.0000000002
3   12   1   8   -0.0045433642
3   12   1   9   0.0000000000
3   12   1   10   -0.0041073451
3   12   1   11   0.0000000009
3   12   1   12   0.0064843958
3   12   2   8   -0.0000000001
3   12   2   9   -0.0046425151
3   12   2   10   -0.0000000005
3   12   2   11   -0.0068449606
3   12   2   12   -0.0000000049
3   12   3   8   -0.0135158364
3   12   3   9   -0.0000000001
3   12   3   10   0.0823852698
3   12   3   11   0.0000000015
3   12   3   12   0.5034080397
3   12   4   8   -0.0000000003
3   12   4   9   0.0017229242
3   12   4   10   0.0000000025
3   12   4   11   -0.1068878098
3   12   4   12   0.0000000042
3   12   5   8   -0.0152177880
3   12   5   9   0.0000000004
3   12   5   10   0.0776894273
3   12   5   11   0.0000000016
3   12   5   12   0.0231288803
3   12   6   13   -0.0035305455
3   12   6   14   0.0000000001
3   12   7   13   0.0000000001
3   12   7   14   -0.0035305455
3   13   1   13   0.0043734225
3   13   1   14   -0.0000000000
3   13   2   13   0.0000000020
3   13   2   14   0.0000000003
3   13   3   13   0.5013704243
3   13   3   14   -0.0000000003
3   13   4   13   0.0000000002
3   13   4   14   0.0000000005
3   13   5   13   0.0413309011
3   13   5   14   -0.0000000006
3   13   6   8   -0.0140268645
3   13   6   9   -0.0000000000
3   13   6   10   0.0725312303
3   13   6   11   0.0000000003
3   13   6   12   -0.0032275044
3   13   7   8   -0.0000000000
3   13   7   9   -0.0000000000
3   13   7   10   0.0000000001
3   13   7   11   0.0000000003
3   13   7   12   0.0000000000
3   14   1   13   -0.0000000000
3   14   1   14   0.0043734225
3   14   2   13   0.0000000003
3   14   2   14   0.0000000019
3   14   3   13   -0.0000000003
3   14   3   14   0.5013704244
3   14   4   13   0.0000000005
3   14   4   14   0.0000000001
3   14   5   13   -0.0000000006
3   14   5   14   0.0413309013
3   14   6   8   -0.0000000000
3   14   6   9   -0.0000000000
3   14   6   10   0.0000000001
3   14   6   11   0.0000000003
3   14   6   12   0.0000000000
3   14   7   8   -0.0140268645
3   14   7   9   -0.0000000000
3   14   7   10   0.0725312303
3   14   7   11   0.0000000002
3   14   7   12   -0.0032275044
4   8   1   8   0.0000000037
4   8   1   9   0.2000343923
4   8   1   10   -0.0000000013
4   8   1   11   0.0328509927
4   8   1   12   0.0000000001
4   8   2   8   0.2020190735
4   8   2   9   -0.0000000015
4   8   2   10   0.0294659842
4   8   2   11   -0.0000000016
4   8   2   12   -0.0110971634
4   8   3   8   0.0000000033
4   8   3   9   0.2896430485
4   8   3   10   0.0000000014
4   8   3   11   0.0071516103
4   8   3   12   -0.0000000003
4   8   4   8   0.6417970496
4   8   4   9   -0.0000000008
4   8   4   10   0.0100777551
4   8   4   11   0.0000000005
4   8   4   12   0.0023318765
4   8   5   8   -0.0000000015
4   8   5   9   -0.1907005544
4   8   5   10   0.0000000009
4   8   5   11   -0.0001901357
4   8   5   12   -0.0000000001
4   8   6   13   -0.0000000001
4   8   6   14   -0.0000000001
4   8   7   13   -0.0000000001
4   8   7   14   -0.0000000001
4   9   1   8   0.2000327450
4   9   1   9   -0.0000000014
4   9   1   10   0.0294900986
4   9   1   11   -0.0000000016
4   9   1   12   -0.0110063934
4   9   2   8   -0.0000000014
4   9   2   9   0.2020308160
4   9   2   10   -0.0000000020
4   9   2   11   0.0328870218
4   9   2   12   0.0000000004
4   9   3   8   0.2896290976
4   9   3   9   -0.0000000042
4   9   3   10   0.0089234797
4   9   3   11   0.0000000013
4   9   3   12   0.0017229242
4   9   4   8   -0.0000000008
4   9   4   9   0.6418185087
4   9   4   10   0.0000000003
4   9   4   11   0.0080108007
4   9   4   12   -0.0000000002
4   9   5   8   -0.1907047691
4   9   5   9   0.0000000034
4   9   5   10   -0.0068449606
4   9   5   11   0.0000000009
4   9   5   12   -0.0133219791
4   9   6   13   -0.0119302565
4   9   6   14   -0.0000000000
4   9   7   13   -0.0000000000
4   9   7   14   -0.0119302565
4   10   1   8   0.0000000004
4   10   1   9   0.0274504900
4   10   1   10   0.0000000009
4   10   1   11   0.0071516103
4   10   1   12   -0.0000000005
4   10   2   8   0.0274172342
4   10   2   9   -0.0000000002
4   10   2   10   0.0112971515
4   10   2   11   0.0000000013
4   10   2   12   0.0030924305
4   10   3   8   0.0000000014
4   10   3   9   0.0086234758
4   10   3   10   0.0000000031
4   10   3   11   0.1421665471
4   10   3   12   0.0000000025
4   10   4   8   0.0100777551
4   10   4   9   0.0000000003
4   10   4   10   0.4806681105
4   10   4   11   0.0000000005
4   10   4   12   -0.0010639205
4   10   5   8   0.0000000010
4   10   5   9   -0.0071294459
4   10   5   10   0.0000000015
4   10   5   11   -0.1051628807
4   10   5   12   0.0000000011
4   10   6   13   0.0000000003
4   10   6   14   0.0000000002
4   10   7   13   0.0000000002
4   10   7   14   0.0000000002
4   11   1   8   0.0304397976
4   11   1   9   0.0000000002
4   11   1   10   0.0072880935
4   11   1   11   0.0000000005
4   11   1   12   -0.0000310651
4   11   2   8   0.0000000002
4   11   2   9   0.0304765865
4   11   2   10   0.0000000013
4   11   2   11   0.0080108007
4   11   2   12   0.0000000009
4   11   3   8   0.0072880935
4   11   3   9   0.0000000013
4   11   3   10   0.1400286010
4   11   3   11   0.0000000005
4   11   3   12   -0.1068878098
4   11   4   8   0.0000000005
4   11   4   9   0.0080108007
4   11   4   10   0.0000000005
4   11   4   11   0.4906999270
4   11   4   12   0.0000000002
4   11   5   8   -0.0000310651
4   11   5   9   0.0000000009
4   11   5   10   -0.1068878098
4   11   5   11   0.0000000002
4   11   5   12   0.1235583414
4   11   6   13   0.0480206961
4   11   7   14   0.0480206961
4   12   1   8   -0.0000000003
4   12   1   9   -0.0099193560
4   12   1   10   -0.0000000005
4   12   1   11   -0.0001901357
4   12   1   12   -0.0000000046
4   12   2   8   -0.0100138834
4   12   2   9   0.0000000001
4   12   2   10   0.0030645743
4   12   2   11   0.0000000009
4   12   2   12   0.0063252774
4   12   3   8   -0.0000000002
4   12   3   9   0.0013832157
4   12   3   10   0.0000000027
4   12   3   11   -0.1051628807
4   12   3   12   0.0000000042
4   12   4   8   0.0023318765
4   12   4   9   -0.0000000002
4   12   4   10   -0.0010639205
4   12   4   11   0.0000000002
4   12   4   12   0.4848271101
4   12   5   8   -0.0000000000
4   12   5   9   -0.0137807807
4   12   5   10   0.0000000016
4   12   5   11   0.1242828235
4   12   5   12   0.0000000042
4   12   6   13   -0.0000000001
4   12   6   14   0.0000000000
4   12   7   13   0.0000000000
4   12   7   14   -0.0000000001
4   13   1   13   0.0000000021
4   13   1   14   0.0000000004
4   13   2   13   0.0068542928
4   13   2   14   -0.0000000000
4   13   3   13   0.0000000002
4   13   3   14   0.0000000005
4   13   4   13   0.4571007459
4   13   4   14   0.0000000003
4   13   5   13   -0.0000000012
4   13   5   14   -0.0000000003
4   13   6   8   -0.0000000002
4   13   6   9   -0.0124886383
4   13   6   10   0.0000000003
4   13   6   11   0.0494254786
4   13   6   12   -0.0000000000
4   13   7   8   -0.0000000000
4   13   7   9   -0.0000000000
4   13   7   10   0.0000000003
4   13   7   11   0.0000000000
4   14   1   13   0.0000000004
4   14   1   14   0.0000000019
4   14   2   13   -0.0000000000
4   14   2   14   0.0068542929
4   14   3   13   0.0000000005
4   14   3   14   0.0000000001
4   14   4   13   0.0000000003
4   14   4   14   0.4571007458
4   14   5   13   -0.0000000003
4   14   5   14   -0.0000000011
4   14   6   8   -0.0000000000
4   14   6   9   -0.0000000000
4   14   6   10   0.0000000003
4   14   6   11   0.0000000000
4   14   7   8   -0.0000000002
4   14   7   9   -0.0124886383
4   14   7   10   0.0000000002
4   14   7   11   0.0494254786
4   14   7   12   -0.0000000000
5   8   1   8   -0.0517422625
5   8   1   9   0.0000000003
5   8   1   10   -0.0042897718
5   8   1   11   0.0000000001
5   8   1   12   0.0155761518
5   8   2   8   0.0000000003
5   8   2   9   -0.0442230237
5   8   2   10   0.0000000003
5   8   2   11   -0.0110063934
5   8   2   12   -0.0000000002
5   8   3   8   0.0405208938
5   8   3   9   0.0000000008
5   8   3   10   -0.0043741794
5   8   3   11   -0.0000000005
5   8   3   12   -0.0152177880
5   8   4   8   -0.0000000015
5   8   4   9   -0.1907047691
5   8   4   10   0.0000000010
5   8   4   11   -0.0000310651
5   8   4   12   -0.0000000000
5   8   5   8   0.6416381513
5   8   5   9   -0.0000000013
5   8   5   10   0.0064843958
5   8   5   11   -0.0000000046
5   8   5   12   -0.0000774291
5   8   6   13   0.0023553288
5   8   7   14   0.0023553288
5   9   1   8   0.0000000003
5   9   1   9   -0.0517467594
5   9   1   10   0.0000000002
5   9   1   11   -0.0110971634
5   9   1   12   -0.0000000002
5   9   2   8   -0.0442274098
5   9   2   9   0.0000000015
5   9   2   10   -0.0043806300
5   9   2   11   0.0000000004
5   9   2   12   0.0152280064
5   9   3   8   0.0000000008
5   9   3   9   0.0405037523
5   9   3   10   -0.0000000005
5   9   3   11   0.0030924305
5   9   3   12   0.0000000004
5   9   4   8   -0.1907005544
5   9   4   9   0.0000000034
5   9   4   10   -0.0071294459
5   9   4   11   0.0000000009
5   9   4   12   -0.0137807807
5   9   5   8   -0.0000000013
5   9   5   9   0.6416348466
5   9   5   10   -0.0000000049
5   9   5   11   0.0063252774
5   9   5   12   0.0000000005
5   9   6   13   0.0000000000
5   9   6   14   -0.0000000000
5   9   7   13   -0.0000000000
5   9   7   14   0.0000000000
5   10   1   8   -0.0045433642
5   10   1   9   -0.0000000001
5   10   1   10   -0.0135158364
5   10   1   11   -0.0000000003
5   10   1   12   -0.0152177880
5   10   2   8   0.0000000000
5   10   2   9   -0.0046425151
5   10   2   10   -0.0000000001
5   10   2   11   0.0017229242
5   10   2   12   0.0000000004
5   10   3   8   -0.0041073451
5   10   3   9   -0.0000000005
5   10   3   10   0.0823852698
5   10   3   11   0.0000000025
5   10   3   12   0.0776894273
5   10   4   8   0.0000000009
5   10   4   9   -0.0068449606
5   10   4   10   0.0000000015
5   10   4   11   -0.1068878098
5   10   4   12   0.0000000016
5   10   5   8   0.0064843958
5   10   5   9   -0.0000000049
5   10   5   10   0.5034080397
5   10   5   11   0.0000000042
5   10   5   12   0.0231288803
5   10   6   13   -0.0035305455
5   10   6   14   0.0000000001
5   10   7   13   0.0000000001
5   10   7   14   -0.0035305455
5   11   1   8   -0.0000000003
5   11   1   9   -0.0100138834
5   11   1   10   -0.0000000002
5   11   1   11   0.0023318765
5   11   1   12   -0.0000000000
5   11   2   8   -0.0099193560
5   11   2   9   0.0000000001
5   11   2   10   0.0013832157
5   11   2   11   -0.0000000002
5   11   2   12   -0.0137807807
5   11   3   8   -0.0000000005
5   11   3   9   0.0030645743
5   11   3   10   0.0000000027
5   11   3   11   -0.0010639205
5   11   3   12   0.0000000016
5   11   4   8   -0.0001901357
5   11   4   9   0.0000000009
5   11   4   10   -0.1051628807
5   11   4   11   0.0000000002
5   11   4   12   0.1242828235
5   11   5   8   -0.0000000046
5   11   5   9   0.0063252774
5   11   5   10   0.0000000042
5   11   5   11   0.4848271101
5   11   5   12   0.0000000042
5   11   6   13   -0.0000000001
5   11   6   14   0.0000000000
5   11   7   13   0.0000000000
5   11   7   14   -0.0000000001
5   12   1   8   0.0128670413
5   12   1   9   0.0000000001
5   12   1   10   -0.0146158937
5   12   1   11   -0.0000000001
5   12   1   12   -0.0000774291
5   12   2   8   0.0000000001
5   12   2   9   0.0125060574
5   12   2   10   0.0000000002
5   12   2   11   -0.0133219791
5   12   2   12   0.0000000005
5   12   3   8   -0.0146158937
5   12   3   9   0.0000000002
5   12   3   10   0.0751397324
5   12   3   11   0.0000000011
5   12   3   12   0.0231288803
5   12   4   8   -0.0000000001
5   12   4   9   -0.0133219791
5   12   4   10   0.0000000011
5   12   4   11   0.1235583414
5   12   4   12   0.0000000042
5   12   5   8   -0.0000774291
5   12   5   9   0.0000000005
5   12   5   10   0.0231288803
5   12   5   11   0.0000000042
5   12   5   12   0.5065345732
5   12   6   13   0.0149655271
5   12   6   14   0.0000000000
5   12   7   13   0.0000000000
5   12   7   14   0.0149655271
5   13   1   13   -0.0058362034
5   13   1   14   0.0000000000
5   13   2   13   -0.0000000002
5   13   2   14   -0.0000000001
5   13   3   13   0.0413309011
5   13   3   14   -0.0000000006
5   13   4   13   -0.0000000012
5   13   4   14   -0.0000000003
5   13   5   13   0.4579004661
5   13   5   14   -0.0000000004
5   13   6   8   0.0025062410
5   13   6   9   -0.0000000000
5   13   6   10   -0.0032275044
5   13   6   11   -0.0000000000
5   13   6   12   0.0170483393
5   13   7   9   -0.0000000000
5   13   7   10   0.0000000000
5   13   7   12   -0.0000000000
5   14   1   13   0.0000000000
5   14   1   14   -0.0058362035
5   14   2   13   -0.0000000001
5   14   2   14   -0.0000000002
5   14   3   13   -0.0000000006
5   14   3   14   0.0413309013
5   14   4   13   -0.0000000003
5   14   4   14   -0.0000000011
5   14   5   13   -0.0000000004
5   14   5   14   0.4579004662
5   14   6   9   -0.0000000000
5   14   6   10   0.0000000000
5   14   6   12   -0.0000000000
5   14   7   8   0.0025062410
5   14   7   9   -0.0000000000
5   14   7   10   -0.0032275044
5   14   7   11   -0.0000000000
5   14   7   12   0.0170483394
6   8   1   13   0.0130595554
6   8   1   14   0.0000000000
6   8   2   13   -0.0000000000
6   8   2   14   0.0000000000
6   8   3   13   -0.0140268645
6   8   3   14   -0.0000000000
6   8   4   13   -0.0000000002
6   8   4   14   -0.0000000000
6   8   5   13   0.0025062410
6   8   6   8   0.6131023172
6   8   6   9   -0.0000000010
6   8   6   10   0.0043734225
6   8   6   11   0.0000000021
6   8   6   12   -0.0058362034
6   8   7   8   0.0000000002
6   8   7   9   0.0000000002
6   8   7   10   -0.0000000000
6   8   7   11   0.0000000004
6   8   7   12   0.0000000000
6   9   1   13   -0.0000000000
6   9   1   14   0.0000000000
6   9   2   13   0.0128865250
6   9   2   14   0.0000000000
6   9   3   13   -0.0000000000
6   9   3   14   -0.0000000000
6   9   4   13   -0.0124886383
6   9   4   14   -0.0000000000
6   9   5   13   -0.0000000000
6   9   5   14   -0.0000000000
6   9   6   8   -0.0000000010
6   9   6   9   0.6130946145
6   9   6   10   0.0000000020
6   9   6   11   0.0068542928
6   9   6   12   -0.0000000002
6   9   7   8   0.0000000002
6   9   7   9   0.0000000002
6   9   7   10   0.0000000003
6   9   7   11   -0.0000000000
6   9   7   12   -0.0000000001
6   10   1   13   -0.0140268645
6   10   1   14   -0.0000000000
6   10   2   13   -0.0000000000
6   10   2   14   -0.0000000000
6   10   3   13   0.0725312303
6   10   3   14   0.0000000001
6   10   4   13   0.0000000003
6   10   4   14   0.0000000003
6   10   5   13   -0.0032275044
6   10   5   14   0.0000000000
6   10   6   8   0.0043734225
6   10   6   9   0.0000000020
6   10   6   10   0.5013704243
6   10   6   11   0.0000000002
6   10   6   12   0.0413309011
6   10   7   8   -0.0000000000
6   10   7   9   0.0000000003
6   10   7   10   -0.0000000003
6   10   7   11   0.0000000005
6   10   7   12   -0.0000000006
6   11   1   13   -0.0000000002
6   11   1   14   -0.0000000000
6   11   2   13   -0.0124886383
6   11   2   14   -0.0000000000
6   11   3   13   0.0000000003
6   11   3   14   0.0000000003
6   11   4   13   0.0494254786
6   11   4   14   0.0000000000
6   11   5   13   -0.0000000000
6   11   6   8   0.0000000021
6   11   6   9   0.0068542928
6   11   6   10   0.0000000002
6   11   6   11   0.4571007459
6   11   6   12   -0.0000000012
6   11   7   8   0.0000000004
6   11   7   9   -0.0000000000
6   11   7   10   0.0000000005
6   11   7   11   0.0000000003
6   11   7   12   -0.0000000003
6   12   1   13   0.0025062410
6   12   2   13   -0.0000000000
6   12   2   14   -0.0000000000
6   12   3   13   -0.0032275044
6   12   3   14   0.0000000000
6   12   4   13   -0.0000000000
6   12   5   13   0.0170483393
6   12   5   14   -0.0000000000
6   12   6   8   -0.0058362034
6   12   6   9   -0.0000000002
6   12   6   10   0.0413309011
6   12   6   11   -0.0000000012
6   12   6   12   0.4579004661
6   12   7   8   0.0000000000
6   12   7   9   -0.0000000001
6   12   7   10   -0.0000000006
6   12   7   11   -0.0000000003
6   12   7   12   -0.0000000004
6   13   1   8   0.0105497963
6   13   1   9   0.0000000002
6   13   1   10   -0.0134578918
6   13   1   11   -0.0000000001
6   13   1   12   0.0023553288
6   13   2   8   0.0000000002
6   13   2   9   0.0103682061
6   13   2   10   0.0000000001
6   13   2   11   -0.0119302565
6   13   2   12   0.0000000000
6   13   3   8   -0.0134578918
6   13   3   9   0.0000000001
6   13   3   10   0.0695709307
6   13   3   11   0.0000000003
6   13   3   12   -0.0035305455
6   13   4   8   -0.0000000001
6   13   4   9   -0.0119302565
6   13   4   10   0.0000000003
6   13   4   11   0.0480206961
6   13   4   12   -0.0000000001
6   13   5   8   0.0023553288
6   13   5   9   0.0000000000
6   13   5   10   -0.0035305455
6   13   5   11   -0.0000000001
6   13   5   12   0.0149655271
6   13   6   13   0.4804233227
6   13   6   14   -0.0000000011
6   13   7   13   -0.0000000011
6   13   7   14   0.0129135756
6   14   1   8   0.0000000000
6   14   1   9   -0.0000000000
6   14   1   10   -0.0000000000
6   14   1   11   -0.0000000001
6   14   2   8   -0.0000000000
6   14   2   9   0.0000000000
6   14   2   10   -0.0000000001
6   14   2   11   -0.0000000000
6   14   2   12   -0.0000000000
6   14   3   8   -0.0000000000
6   14   3   9   -0.0000000001
6   14   3   10   0.0000000001
6   14   3   11   0.0000000002
6   14   3   12   0.0000000001
6   14   4   8   -0.0000000001
6   14   4   9   -0.0000000000
6   14   4   10   0.0000000002
6   14   4   12   0.0000000000
6   14   5   9   -0.0000000000
6   14   5   10   0.0000000001
6   14   5   11   0.0000000000
6   14   5   12   0.0000000000
6   14   6   13   -0.0000000011
6   14   6   14   0.4525133297
6   14   7   13   0.0149964058
6   14   7   14   0.0000000011
7   8   1   13   0.0000000000
7   8   1   14   0.0130595554
7   8   2   13   0.0000000000
7   8   2   14   -0.0000000000
7   8   3   13   -0.0000000000
7   8   3   14   -0.0140268645
7   8   4   13   -0.0000000000
7   8   4   14   -0.0000000002
7   8   5   14   0.0025062410
7   8   6   8   0.0000000002
7   8   6   9   0.0000000002
7   8   6   10   -0.0000000000
7   8   6   11   0.0000000004
7   8   6   12   0.0000000000
7   8   7   8   0.6131023172
7   8   7   9   -0.0000000010
7   8   7   10   0.0043734225
7   8   7   11   0.0000000019
7   8   7   12   -0.0058362035
7   9   1   13   0.0000000000
7   9   1   14   -0.0000000000
7   9   2   13   0.0000000000
7   9   2   14   0.0128865250
7   9   3   13   -0.0000000000
7   9   3   14   -0.0000000000
7   9   4   13   -0.0000000000
7   9   4   14   -0.0124886383
7   9   5   13   -0.0000000000
7   9   5   14   -0.0000000000
7   9   6   8   0.0000000002
7   9   6   9   0.0000000002
7   9   6   10   0.0000000003
7   9   6   11   -0.0000000000
7   9   6   12   -0.0000000001
7   9   7   8   -0.0000000010
7   9   7   9   0.6130946144
7   9   7   10   0.0000000019
7   9   7   11   0.0068542929
7   9   7   12   -0.0000000002
7   10   1   13   -0.0000000000
7   10   1   14   -0.0140268645
7   10   2   13   -0.0000000000
7   10   2   14   -0.0000000000
7   10   3   13   0.0000000001
7   10   3   14   0.0725312303
7   10   4   13   0.0000000003
7   10   4   14   0.0000000002
7   10   5   13   0.0000000000
7   10   5   14   -0.0032275044
7   10   6   8   -0.0000000000
7   10   6   9   0.0000000003
7   10   6   10   -0.0000000003
7   10   6   11   0.0000000005
7   10   6   12   -0.0000000006
7   10   7   8   0.0043734225
7   10   7   9   0.0000000019
7   10   7   10   0.5013704244
7   10   7   11   0.0000000001
7   10   7   12   0.0413309013
7   11   1   13   -0.0000000000
7   11   1   14   -0.0000000002
7   11   2   13   -0.0000000000
7   11   2   14   -0.0124886383
7   11   3   13   0.0000000003
7   11   3   14   0.0000000002
7   11   4   13   0.0000000000
7   11   4   14   0.0494254786
7   11   5   14   -0.0000000000
7   11   6   8   0.0000000004
7   11   6   9   -0.0000000000
7   11   6   10   0.0000000005
7   11   6   11   0.0000000003
7   11   6   12   -0.0000000003
7   11   7   8   0.0000000019
7   11   7   9   0.0068542929
7   11   7   10   0.0000000001
7   11   7   11   0.4571007458
7   11   7   12   -0.0000000011
7   12   1   14   0.0025062410
7   12   2   13   -0.0000000000
7   12   2   14   -0.0000000000
7   12   3   13   0.0000000000
7   12   3   14   -0.0032275044
7   12   4   14   -0.0000000000
7   12   5   13   -0.0000000000
7   12   5   14   0.0170483394
7   12   6   8   0.0000000000
7   12   6   9   -0.0000000001
7   12   6   10   -0.0000000006
7   12   6   11   -0.0000000003
7   12   6   12   -0.0000000004
7   12   7   8   -0.0058362035
7   12   7   9   -0.0000000002
7   12   7   10   0.0413309013
7   12   7   11   -0.0000000011
7   12   7   12   0.4579004662
7   13   1   8   0.0000000000
7   13   1   9   -0.0000000000
7   13   1   10   -0.0000000000
7   13   1   11   -0.0000000001
7   13   2   8   -0.0000000000
7   13   2   9   0.0000000000
7   13   2   10   -0.0000000001
7   13   2   11   -0.0000000000
7   13   2   12   -0.0000000000
7   13   3   8   -0.0000000000
7   13   3   9   -0.0000000001
7   13   3   10   0.0000000001
7   13   3   11   0.0000000002
7   13   3   12   0.0000000001
7   13   4   8   -0.0000000001
7   13   4   9   -0.0000000000
7   13   4   10   0.0000000002
7   13   4   12   0.0000000000
7   13   5   9   -0.0000000000
7   13   5   10   0.0000000001
7   13   5   11   0.0000000000
7   13   5   12   0.0000000000
7   13   6   13   -0.0000000011
7   13   6   14   0.0149964058
7   13   7   13   0.4525133297
7   13   7   14   0.0000000011
7   14   1   8   0.0105497963
7   14   1   9   0.0000000002
7   14   1   10   -0.0134578918
7   14   1   11   -0.0000000001
7   14   1   12   0.0023553288
7   14   2   8   0.0000000002
7   14   2   9   0.0103682060
7   14   2   10   0.0000000001
7   14   2   11   -0.0119302565
7   14   2   12   0.0000000000
7   14   3   8   -0.0134578918
7   14   3   9   0.0000000001
7   14   3   10   0.0695709307
7   14   3   11   0.0000000002
7   14   3   12   -0.0035305455
7   14   4   8   -0.0000000001
7   14   4   9   -0.0119302565
7   14   4   10   0.0000000002
7   14   4   11   0.0480206961
7   14   4   12   -0.0000000001
7   14   5   8   0.0023553288
7   14   5   9   0.0000000000
7   14   5   10   -0.0035305455
7   14   5   11   -0.0000000001
7   14   5   12   0.0149655271
7   14   6   13   0.0129135756
7   14   6   14   0.0000000011
7   14   7   13   0.0000000011
7   14   7   14   0.4804233227

End IJKL Block
Begin ABCD Block
1   4   1   4   0.4683442199
1   4   1   5   -0.0000000028
1   4   2   4   -0.0000000028
1   4   2   5   0.0176953424
1   4   3   6   0.0226039744
1   5   1   4   -0.0000000028
1   5   1   5   0.4331051986
1   5   2   4   0.0175436752
1   5   2   5   0.0000000026
1   5   3   6   0.0000000000
1   6   1   6   0.4298068117
1   6   2   6   0.0000000009
1   6   3   4   0.0226060401
1   6   3   5   -0.0000000000
2   4   1   4   -0.0000000028
2   4   1   5   0.0175436752
2   4   2   4   0.4331051986
2   4   2   5   0.0000000026
2   4   3   6   0.0000000000
2   5   1   4   0.0176953424
2   5   1   5   0.0000000026
2   5   2   4   0.0000000026
2   5   2   5   0.4683442201
2   5   3   6   0.0226039744
2   6   1   6   0.0000000009
2   6   2   6   0.4298068105
2   6   3   4   -0.0000000000
2   6   3   5   0.0226060402
3   4   1   6   0.0226060401
3   4   2   6   -0.0000000000
3   4   3   4   0.4298068117
3   4   3   5   0.0000000009
3   5   1   6   -0.0000000000
3   5   2   6   0.0226060402
3   5   3   4   0.0000000009
3   5   3   5   0.4298068105
3   6   1   4   0.0226039744
3   6   1   5   0.0000000000
3   6   2   4   0.0000000000
3   6   2   5   0.0226039744
3   6   3   6   0.4613961112

End ABCD Block
Begin AIJB Block
1   8   1   4   0.0131198805
1   8   2   4   -0.0000000000
1   8   2   5   -0.0000000000
1   8   3   4   -0.0120404754
1   8   3   5   -0.0000000000
1   8   4   4   -0.0000000000
1   8   4   5   0.0000000000
1   8   5   4   0.0043478699
1   8   5   5   0.0000000000
1   8   6   6   -0.0008044095
1   8   7   6   0.0036494868
1   9   1   4   -0.0000000000
1   9   1   5   -0.0000000000
1   9   2   4   0.0132436456
1   9   3   4   0.0000000001
1   9   3   5   0.0000000000
1   9   4   4   -0.0141985967
1   9   5   4   0.0000000000
1   9   5   5   0.0000000001
1   9   6   6   -0.0000000002
1   9   7   6   0.0000000006
1   10   1   4   -0.0120404754
1   10   1   5   -0.0000000000
1   10   2   4   0.0000000001
1   10   2   5   0.0000000000
1   10   3   4   0.0470602788
1   10   3   5   -0.0000000000
1   10   4   4   -0.0000000000
1   10   4   5   0.0000000002
1   10   5   4   -0.0166846775
1   10   5   5   -0.0000000000
1   10   6   6   -0.0131197617
1   10   7   6   0.0595224196
1   11   1   4   -0.0000000000
1   11   1   5   0.0000000000
1   11   2   4   -0.0141985967
1   11   3   4   -0.0000000000
1   11   3   5   0.0000000002
1   11   4   4   0.0678742163
1   11   4   5   0.0000000000
1   11   5   4   0.0000000006
1   11   5   5   0.0000000009
1   11   6   6   0.0000000004
1   11   7   6   -0.0000000017
1   12   1   4   0.0043478699
1   12   1   5   0.0000000000
1   12   2   4   0.0000000000
1   12   2   5   0.0000000001
1   12   3   4   -0.0166846775
1   12   3   5   -0.0000000000
1   12   4   4   0.0000000006
1   12   4   5   0.0000000009
1   12   5   4   0.0255634463
1   12   5   5   0.0000000000
1   12   6   6   -0.0224215279
1   12   7   6   0.1017231579
1   13   1   6   0.0013331607
1   13   2   6   0.0000000000
1   13   3   6   -0.0049434209
1   13   4   6   0.0000000025
1   13   5   6   -0.0014820886
1   13   6   4   0.0247138678
1   13   6   5   0.0319660381
1   13   7   4   -0.0319660341
1   13   7   5   -0.1278583412
1   14   1   6   -0.0060483533
1   14   2   6   0.0000000001
1   14   3   6   0.0224275702
1   14   4   6   -0.0000000013
1   14   5   6   0.0067240171
1   14   6   4   -0.0319660341
1   14   6   5   -0.0101209744
1   14   7   4   0.1626931911
1   14   7   5   -0.0319660382
2   8   1   5   0.0131198805
2   8   2   4   -0.0000000000
2   8   2   5   -0.0000000000
2   8   3   4   -0.0000000000
2   8   3   5   -0.0120404754
2   8   4   4   0.0000000000
2   8   4   5   -0.0000000001
2   8   5   4   0.0000000000
2   8   5   5   0.0043478699
2   8   6   6   -0.0036494868
2   8   7   6   -0.0008044095
2   9   1   4   -0.0000000000
2   9   1   5   -0.0000000000
2   9   2   5   0.0132436456
2   9   3   4   0.0000000000
2   9   3   5   0.0000000001
2   9   4   5   -0.0141985967
2   9   5   4   0.0000000001
2   9   5   5   -0.0000000001
2   9   6   6   -0.0000000006
2   9   7   6   -0.0000000001
2   10   1   4   -0.0000000000
2   10   1   5   -0.0120404754
2   10   2   4   0.0000000000
2   10   2   5   0.0000000001
2   10   3   4   -0.0000000000
2   10   3   5   0.0470602788
2   10   4   4   0.0000000002
2   10   4   5   -0.0000000003
2   10   5   4   -0.0000000000
2   10   5   5   -0.0166846775
2   10   6   6   -0.0595224196
2   10   7   6   -0.0131197616
2   11   1   4   0.0000000000
2   11   1   5   -0.0000000001
2   11   2   5   -0.0141985967
2   11   3   4   0.0000000002
2   11   3   5   -0.0000000003
2   11   4   4   0.0000000000
2   11   4   5   0.0678742163
2   11   5   4   0.0000000009
2   11   5   5   -0.0000000007
2   11   6   6   0.0000000017
2   11   7   6   0.0000000004
2   12   1   4   0.0000000000
2   12   1   5   0.0043478699
2   12   2   4   0.0000000001
2   12   2   5   -0.0000000001
2   12   3   4   -0.0000000000
2   12   3   5   -0.0166846775
2   12   4   4   0.0000000009
2   12   4   5   -0.0000000007
2   12   5   4   0.0000000000
2   12   5   5   0.0255634463
2   12   6   6   -0.1017231578
2   12   7   6   -0.0224215276
2   13   1   6   0.0060483533
2   13   2   6   -0.0000000001
2   13   3   6   -0.0224275702
2   13   4   6   -0.0000000008
2   13   5   6   -0.0067240171
2   13   6   4   0.0319660381
2   13   6   5   0.1626931912
2   13   7   4   -0.0101209744
2   13   7   5   0.0319660343
2   14   1   6   0.0013331607
2   14   2   6   -0.0000000001
2   14   3   6   -0.0049434209
2   14   4   6   -0.0000000024
2   14   5   6   -0.0014820887
2   14   6   4   -0.1278583412
2   14   6   5   0.0319660343
2   14   7   4   -0.0319660382
2   14   7   5   0.0247138678
3   8   1   6   0.0190944550
3   8   2   6   -0.0000000002
3   8   3   6   -0.0079377007
3   8   4   6   0.0000000004
3   8   5   6   0.0022243910
3   8   6   4   0.0013331607
3   8   6   5   0.0060483533
3   8   7   4   -0.0060483533
3   8   7   5   0.0013331607
3   9   1   6   -0.0000000002
3   9   2   6   0.0193217142
3   9   3   6   -0.0000000006
3   9   4   6   -0.0093220092
3   9   5   6   -0.0000000023
3   9   6   4   0.0000000000
3   9   6   5   -0.0000000001
3   9   7   4   0.0000000001
3   9   7   5   -0.0000000001
3   10   1   6   -0.0079377007
3   10   2   6   -0.0000000006
3   10   3   6   0.0692868161
3   10   4   6   0.0000000026
3   10   5   6   0.0448265654
3   10   6   4   -0.0049434209
3   10   6   5   -0.0224275702
3   10   7   4   0.0224275702
3   10   7   5   -0.0049434209
3   11   1   6   0.0000000004
3   11   2   6   -0.0093220092
3   11   3   6   0.0000000026
3   11   4   6   0.0494833283
3   11   5   6   0.0000000109
3   11   6   4   0.0000000025
3   11   6   5   -0.0000000008
3   11   7   4   -0.0000000013
3   11   7   5   -0.0000000024
3   12   1   6   0.0022243910
3   12   2   6   -0.0000000023
3   12   3   6   0.0448265654
3   12   4   6   0.0000000109
3   12   5   6   0.1110699354
3   12   6   4   -0.0014820886
3   12   6   5   -0.0067240171
3   12   7   4   0.0067240171
3   12   7   5   -0.0014820887
3   13   1   4   -0.0008044095
3   13   1   5   -0.0036494868
3   13   2   4   -0.0000000002
3   13   2   5   -0.0000000006
3   13   3   4   -0.0131197617
3   13   3   5   -0.0595224196
3   13   4   4   0.0000000004
3   13   4   5   0.0000000017
3   13   5   4   -0.0224215279
3   13   5   5   -0.1017231578
3   13   6   6   0.0237015677
3   13   7   6   0.0000000000
3   14   1   4   0.0036494868
3   14   1   5   -0.0008044095
3   14   2   4   0.0000000006
3   14   2   5   -0.0000000001
3   14   3   4   0.0595224196
3   14   3   5   -0.0131197616
3   14   4   4   -0.0000000017
3   14   4   5   0.0000000004
3   14   5   4   0.1017231579
3   14   5   5   -0.0224215276
3   14   6   6   0.0000000000
3   14   7   6   0.0237015677

1   8   8   1   -0.5997336015
1   8   8   2   0.0000000000
1   8   9   1   0.0000000002
1   8   9   2   0.0000000000
1   8   10   1   -0.0046510592
1   8   10   2   0.0000000000
1   8   11   1   -0.0000000019
1   8   11   2   -0.0000000001
1   8   12   1   0.0023792642
1   8   12   2   -0.0000000000
1   8   13   3   -0.0013850704
1   8   14   3   0.0062838599
1   9   8   1   0.0000000002
1   9   8   2   0.0000000000
1   9   9   1   -0.5997410680
1   9   9   2   0.0000000000
1   9   10   1   -0.0000000018
1   9   10   2   -0.0000000001
1   9   11   1   -0.0053469449
1   9   11   2   0.0000000000
1   9   12   1   0.0000000002
1   9   12   2   0.0000000000
1   9   13   3   -0.0000000000
1   9   14   3   -0.0000000000
1   10   8   1   -0.0046510592
1   10   8   2   0.0000000000
1   10   9   1   -0.0000000018
1   10   9   2   -0.0000000001
1   10   10   1   -0.4800918246
1   10   10   2   0.0000000001
1   10   11   1   0.0000000008
1   10   11   2   -0.0000000001
1   10   12   1   -0.0190892797
1   10   12   2   0.0000000002
1   10   13   3   0.0066919471
1   10   14   3   -0.0303603749
1   11   8   1   -0.0000000019
1   11   8   2   -0.0000000001
1   11   9   1   -0.0053469449
1   11   9   2   0.0000000000
1   11   10   1   0.0000000008
1   11   10   2   -0.0000000001
1   11   11   1   -0.4653629410
1   11   11   2   -0.0000000001
1   11   12   1   0.0000000015
1   11   12   2   0.0000000000
1   11   13   3   0.0000000057
1   11   14   3   -0.0000000023
1   12   8   1   0.0023792642
1   12   8   2   -0.0000000000
1   12   9   1   0.0000000002
1   12   9   2   0.0000000000
1   12   10   1   -0.0190892797
1   12   10   2   0.0000000002
1   12   11   1   0.0000000015
1   12   11   2   0.0000000000
1   12   12   1   -0.4600620442
1   12   12   2   0.0000000002
1   12   13   3   0.0021825782
1   12   14   3   -0.0099020347
1   13   8   3   -0.0013781481
1   13   9   3   -0.0000000000
1   13   10   3   0.0067770782
1   13   11   3   0.0000000053
1   13   12   3   0.0026287438
1   13   13   1   -0.4461398061
1   13   13   2   -0.0077118435
1   13   14   1   0.0077118384
1   13   14   2   0.0151001957
1   14   8   3   0.0062524543
1   14   9   3   -0.0000000001
1   14   10   3   -0.0307466020
1   14   11   3   -0.0000000021
1   14   12   3   -0.0119262224
1   14   13   1   0.0077118384
1   14   13   2   0.0181874602
1   14   14   1   -0.4794274721
1   14   14   2   0.0077118437
2   8   8   1   0.0000000000
2   8   8   2   -0.5997336015
2   8   9   1   0.0000000000
2   8   9   2   0.0000000002
2   8   10   1   0.0000000000
2   8   10   2   -0.0046510592
2   8   11   1   -0.0000000001
2   8   11   2   -0.0000000018
2   8   12   1   -0.0000000000
2   8   12   2   0.0023792642
2   8   13   3   -0.0062838599
2   8   14   3   -0.0013850704
2   9   8   1   0.0000000000
2   9   8   2   0.0000000002
2   9   9   1   0.0000000000
2   9   9   2   -0.5997410680
2   9   10   1   -0.0000000001
2   9   10   2   -0.0000000018
2   9   11   1   0.0000000000
2   9   11   2   -0.0053469449
2   9   12   1   0.0000000000
2   9   12   2   0.0000000002
2   9   13   3   0.0000000000
2   9   14   3   0.0000000000
2   10   8   1   0.0000000000
2   10   8   2   -0.0046510592
2   10   9   1   -0.0000000001
2   10   9   2   -0.0000000018
2   10   10   1   0.0000000001
2   10   10   2   -0.4800918247
2   10   11   1   -0.0000000001
2   10   11   2   0.0000000010
2   10   12   1   0.0000000002
2   10   12   2   -0.0190892800
2   10   13   3   0.0303603749
2   10   14   3   0.0066919471
2   11   8   1   -0.0000000001
2   11   8   2   -0.0000000018
2   11   9   1   0.0000000000
2   11   9   2   -0.0053469449
2   11   10   1   -0.0000000001
2   11   10   2   0.0000000010
2   11   11   1   -0.0000000001
2   11   11   2   -0.4653629408
2   11   12   1   0.0000000000
2   11   12   2   0.0000000015
2   11   13   3   -0.0000000025
2   11   14   3   -0.0000000057
2   12   8   1   -0.0000000000
2   12   8   2   0.0023792642
2   12   9   1   0.0000000000
2   12   9   2   0.0000000002
2   12   10   1   0.0000000002
2   12   10   2   -0.0190892800
2   12   11   1   0.0000000000
2   12   11   2   0.0000000015
2   12   12   1   0.0000000002
2   12   12   2   -0.4600620444
2   12   13   3   0.0099020347
2   12   14   3   0.0021825782
2   13   8   3   -0.0062524543
2   13   9   3   0.0000000001
2   13   10   3   0.0307466020
2   13   11   3   -0.0000000023
2   13   12   3   0.0119262224
2   13   13   1   -0.0077118435
2   13   13   2   -0.4794274723
2   13   14   1   0.0181874602
2   13   14   2   -0.0077118385
2   14   8   3   -0.0013781481
2   14   9   3   0.0000000001
2   14   10   3   0.0067770781
2   14   11   3   -0.0000000053
2   14   12   3   0.0026287439
2   14   13   1   0.0151001957
2   14   13   2   -0.0077118385
2   14   14   1   0.0077118437
2   14   14   2   -0.4461398062
3   8   8   3   -0.6086440950
3   8   9   3   0.0000000003
3   8   10   3   -0.0038696833
3   8   11   3   0.0000000043
3   8   12   3   0.0116925163
3   8   13   1   -0.0013781481
3   8   13   2   -0.0062524543
3   8   14   1   0.0062524543
3   8   14   2   -0.0013781481
3   9   8   3   0.0000000003
3   9   9   3   -0.6086418631
3   9   10   3   0.0000000040
3   9   11   3   -0.0090533720
3   9   12   3   -0.0000000011
3   9   13   1   -0.0000000000
3   9   13   2   0.0000000001
3   9   14   1   -0.0000000001
3   9   14   2   0.0000000001
3   10   8   3   -0.0038696833
3   10   9   3   0.0000000040
3   10   10   3   -0.4969873280
3   10   11   3   0.0000000035
3   10   12   3   -0.0550520891
3   10   13   1   0.0067770782
3   10   13   2   0.0307466020
3   10   14   1   -0.0307466020
3   10   14   2   0.0067770781
3   11   8   3   0.0000000043
3   11   9   3   -0.0090533720
3   11   10   3   0.0000000035
3   11   11   3   -0.4471276417
3   11   12   3   0.0000000020
3   11   13   1   0.0000000053
3   11   13   2   -0.0000000023
3   11   14   1   -0.0000000021
3   11   14   2   -0.0000000053
3   12   8   3   0.0116925163
3   12   9   3   -0.0000000011
3   12   10   3   -0.0550520891
3   12   11   3   0.0000000020
3   12   12   3   -0.4748339369
3   12   13   1   0.0026287438
3   12   13   2   0.0119262224
3   12   14   1   -0.0119262224
3   12   14   2   0.0026287439
3   13   8   1   -0.0013850704
3   13   8   2   -0.0062838599
3   13   9   1   -0.0000000000
3   13   9   2   0.0000000000
3   13   10   1   0.0066919471
3   13   10   2   0.0303603749
3   13   11   1   0.0000000057
3   13   11   2   -0.0000000025
3   13   12   1   0.0021825782
3   13   12   2   0.0099020347
3   13   13   3   -0.4472699648
3   13   14   3   -0.0000000015
3   14   8   1   0.0062838599
3   14   8   2   -0.0013850704
3   14   9   1   -0.0000000000
3   14   9   2   0.0000000000
3   14   10   1   -0.0303603749
3   14   10   2   0.0066919471
3   14   11   1   -0.0000000023
3   14   11   2   -0.0000000057
3   14   12   1   -0.0099020347
3   14   12   2   0.0021825782
3   14   13   3   -0.0000000015
3   14   14   3   -0.4472699642

End AIJB Block
Begin IJKA Block
1   8   1   6   0.0000000018
1   8   2   6   0.0992383151
1   8   3   6   0.0000000004
1   8   4   6   0.0125368437
1   8   5   6   0.0000000002
1   8   6   4   -0.0000000002
1   8   6   5   -0.0000000003
1   8   7   4   0.0000000004
1   8   7   5   0.0000000000
1   9   1   6   0.0929746568
1   9   2   6   -0.0000000008
1   9   3   6   0.0176160134
1   9   4   6   0.0000000001
1   9   5   6   0.0085735589
1   9   6   4   -0.0027053558
1   9   6   5   -0.0122737992
1   9   7   4   0.0122737992
1   9   7   5   -0.0027053558
1   10   1   6   0.0000000009
1   10   2   6   0.1413353002
1   10   3   6   -0.0000000008
1   10   4   6   0.0069546796
1   10   5   6   -0.0000000002
1   10   6   4   -0.0000000001
1   10   6   5   0.0000000000
1   10   7   4   0.0000000000
1   10   7   5   0.0000000001
1   11   1   6   0.0769057610
1   11   2   6   0.0000000006
1   11   3   6   0.0000697911
1   11   4   6   0.0000000023
1   11   5   6   -0.0124021421
1   11   6   4   0.0030085214
1   11   6   5   0.0136492169
1   11   7   4   -0.0136492169
1   11   7   5   0.0030085214
1   12   1   6   -0.0000000007
1   12   2   6   0.2073494029
1   12   3   6   -0.0000000064
1   12   4   6   0.0022648242
1   12   5   6   0.0000000004
1   12   6   4   -0.0000000002
1   12   6   5   0.0000000001
1   12   7   4   0.0000000001
1   12   7   5   0.0000000002
1   13   1   4   -0.0000000012
1   13   1   5   -0.0000000033
1   13   2   4   -0.0568403358
1   13   2   5   -0.2578762032
1   13   3   4   -0.0000000004
1   13   3   5   -0.0000000017
1   13   4   4   -0.0005610102
1   13   4   5   -0.0025452201
1   13   5   4   0.0000000001
1   13   5   5   0.0000000001
1   13   6   6   0.0000000000
1   13   7   6   0.0000000001
1   14   1   4   0.0000000036
1   14   1   5   -0.0000000004
1   14   2   4   0.2578762032
1   14   2   5   -0.0568403359
1   14   3   4   0.0000000017
1   14   3   5   -0.0000000003
1   14   4   4   0.0025452201
1   14   4   5   -0.0005610101
1   14   5   4   -0.0000000001
1   14   5   5   -0.0000000000
1   14   6   6   0.0000000001
1   14   7   6   -0.0000000000
2   8   1   6   0.0992444278
2   8   2   6   -0.0000000008
2   8   3   6   0.0175363527
2   8   4   6   0.0000000002
2   8   5   6   0.0082890083
2   8   6   4   -0.0026730769
2   8   6   5   -0.0121273549
2   8   7   4   0.0121273549
2   8   7   5   -0.0026730769
2   9   1   6   -0.0000000008
2   9   2   6   0.0929968352
2   9   3   6   -0.0000000001
2   9   4   6   0.0124544046
2   9   5   6   -0.0000000000
2   9   6   4   -0.0000000001
2   9   6   5   0.0000000001
2   9   7   4   0.0000000000
2   9   7   5   0.0000000001
2   10   1   6   0.1413205842
2   10   2   6   -0.0000000027
2   10   3   6   0.0017360583
2   10   4   6   -0.0000000006
2   10   5   6   -0.0116613235
2   10   6   4   0.0025197569
2   10   6   5   0.0114317646
2   10   7   4   -0.0114317646
2   10   7   5   0.0025197569
2   11   1   6   0.0000000006
2   11   2   6   0.0768873146
2   11   3   6   0.0000000023
2   11   4   6   0.0058791663
2   11   5   6   -0.0000000003
2   11   6   4   -0.0000000001
2   11   6   5   -0.0000000002
2   11   7   4   0.0000000002
2   11   7   5   -0.0000000000
2   12   1   6   0.2073331174
2   12   2   6   -0.0000000061
2   12   3   6   0.0028655959
2   12   4   6   -0.0000000059
2   12   5   6   0.0005744824
2   12   6   4   -0.0008556794
2   12   6   5   -0.0038820908
2   12   7   4   0.0038820908
2   12   7   5   -0.0008556794
2   13   1   4   -0.0568350742
2   13   1   5   -0.2578523322
2   13   2   4   0.0000000003
2   13   2   5   0.0000000033
2   13   3   4   -0.0009087464
2   13   3   5   -0.0041228481
2   13   4   4   -0.0000000004
2   13   4   5   -0.0000000015
2   13   5   4   -0.0004469037
2   13   5   5   -0.0020275361
2   13   6   6   -0.0059822835
2   13   7   6   -0.0000000000
2   14   1   4   0.2578523322
2   14   1   5   -0.0568350743
2   14   2   4   -0.0000000030
2   14   2   5   0.0000000011
2   14   3   4   0.0041228481
2   14   3   5   -0.0009087464
2   14   4   4   0.0000000016
2   14   4   5   -0.0000000003
2   14   5   4   0.0020275361
2   14   5   5   -0.0004469037
2   14   6   6   -0.0000000000
2   14   7   6   -0.0059822835
3   8   1   6   -0.0000000006
3   8   2   6   0.0181848395
3   8   3   6   0.0000000002
3   8   4   6   0.0064759695
3   8   5   6   -0.0000000004
3   8   6   4   -0.0000000001
3   8   6   5   0.0000000000
3   8   7   4   0.0000000000
3   8   7   5   0.0000000001
3   9   1   6   0.0182521532
3   9   2   6   -0.0000000011
3   9   3   6   -0.0071670649
3   9   4   6   0.0000000005
3   9   5   6   -0.0148184151
3   9   6   4   0.0030972053
3   9   6   5   0.0140515628
3   9   7   4   -0.0140515628
3   9   7   5   0.0030972053
3   10   1   6   -0.0000000008
3   10   2   6   0.0013577668
3   10   3   6   0.0000000044
3   10   4   6   0.0562049539
3   10   5   6   0.0000000029
3   10   6   4   0.0000000015
3   10   6   5   -0.0000000014
3   10   7   4   -0.0000000000
3   10   7   5   -0.0000000018
3   11   1   6   -0.0000881278
3   11   2   6   0.0000000022
3   11   3   6   0.0712832669
3   11   4   6   -0.0000000015
3   11   5   6   0.0495104852
3   11   6   4   -0.0133061925
3   11   6   5   -0.0603682285
3   11   7   4   0.0603682285
3   11   7   5   -0.0133061924
3   12   1   6   -0.0000000062
3   12   2   6   0.0027587943
3   12   3   6   0.0000000036
3   12   4   6   0.1061943201
3   12   5   6   -0.0000000008
3   12   6   4   0.0000000026
3   12   6   5   -0.0000000007
3   12   7   4   -0.0000000015
3   12   7   5   -0.0000000025
3   13   1   4   -0.0000000004
3   13   1   5   -0.0000000015
3   13   2   4   -0.0008562744
3   13   2   5   -0.0038847905
3   13   3   4   -0.0000000002
3   13   3   5   0.0000000003
3   13   4   4   -0.0301144526
3   13   4   5   -0.1366248208
3   13   5   4   -0.0000000009
3   13   5   5   0.0000000007
3   13   6   6   0.0000000001
3   13   7   6   -0.0000000001
3   14   1   4   0.0000000015
3   14   1   5   -0.0000000003
3   14   2   4   0.0038847905
3   14   2   5   -0.0008562744
3   14   3   4   -0.0000000000
3   14   3   5   0.0000000003
3   14   4   4   0.1366248208
3   14   4   5   -0.0301144525
3   14   5   4   0.0000000001
3   14   5   5   0.0000000010
3   14   6   6   -0.0000000001
3   14   7   6   0.0000000002
4   8   1   6   0.0130625019
4   8   2   6   -0.0000000007
4   8   3   6   0.0065927334
4   8   4   6   0.0000000001
4   8   5   6   -0.0159752772
4   8   6   4   0.0028637493
4   8   6   5   0.0129924071
4   8   7   4   -0.0129924071
4   8   7   5   0.0028637493
4   9   1   6   -0.0000000008
4   9   2   6   0.0129851098
4   9   3   6   0.0000000004
4   9   4   6   0.0091561509
4   9   5   6   0.0000000003
4   9   6   4   -0.0000000001
4   9   6   5   -0.0000000002
4   9   7   4   0.0000000002
4   9   7   5   0.0000000000
4   10   1   6   0.0064554637
4   10   2   6   -0.0000000009
4   10   3   6   0.0568003908
4   10   4   6   0.0000000010
4   10   5   6   0.0011189033
4   10   6   4   -0.0101692923
4   10   6   5   -0.0461365760
4   10   7   4   0.0461365760
4   10   7   5   -0.0101692922
4   11   1   6   0.0000000021
4   11   2   6   0.0054069368
4   11   3   6   -0.0000000010
4   11   4   6   0.0155428906
4   11   5   6   0.0000000001
4   11   6   4   0.0000000010
4   11   6   5   -0.0000000011
4   11   7   4   0.0000000002
4   11   7   5   -0.0000000013
4   12   1   6   0.0022788916
4   12   2   6   -0.0000000059
4   12   3   6   0.1067561669
4   12   4   6   -0.0000000002
4   12   5   6   -0.0885420330
4   12   6   4   0.0043881558
4   12   6   5   0.0199084143
4   12   7   4   -0.0199084143
4   12   7   5   0.0043881558
4   13   1   4   -0.0005924935
4   13   1   5   -0.0026880555
4   13   2   4   -0.0000000004
4   13   2   5   -0.0000000013
4   13   3   4   -0.0299775669
4   13   3   5   -0.1360037906
4   13   4   4   -0.0000000005
4   13   4   5   -0.0000000004
4   13   5   4   0.0220357391
4   13   5   5   0.0999728915
4   13   6   6   0.0167255779
4   13   7   6   -0.0000000000
4   14   1   4   0.0026880555
4   14   1   5   -0.0005924935
4   14   2   4   0.0000000014
4   14   2   5   -0.0000000002
4   14   3   4   0.1360037906
4   14   3   5   -0.0299775669
4   14   4   4   0.0000000006
4   14   4   5   0.0000000002
4   14   5   4   -0.0999728915
4   14   5   5   0.0220357390
4   14   6   6   -0.0000000000
4   14   7   6   0.0167255779
5   8   1   6   -0.0000000001
5   8   2   6   0.0089933571
5   8   3   6   -0.0000000003
5   8   4   6   -0.0161955241
5   8   5   6   -0.0000000018
5   8   6   4   -0.0000000000
5   8   6   5   -0.0000000000
5   8   7   4   0.0000000000
5   9   1   6   0.0092532552
5   9   2   6   -0.0000000003
5   9   3   6   -0.0150007765
5   9   4   6   0.0000000005
5   9   5   6   0.0052298113
5   9   6   4   -0.0006175805
5   9   6   5   -0.0028018715
5   9   7   4   0.0028018715
5   9   7   5   -0.0006175805
5   10   1   6   0.0000000002
5   10   2   6   -0.0110851643
5   10   3   6   0.0000000018
5   10   4   6   -0.0004027671
5   10   5   6   -0.0000000006
5   10   6   4   0.0000000015
5   10   6   5   -0.0000000002
5   10   7   4   -0.0000000010
5   10   7   5   -0.0000000013
5   11   1   6   -0.0114645551
5   11   2   6   0.0000000001
5   11   3   6   0.0476792669
5   11   4   6   -0.0000000018
5   11   5   6   0.0160300308
5   11   6   4   0.0032612077
5   11   6   5   0.0147956172
5   11   7   4   -0.0147956172
5   11   7   5   0.0032612077
5   12   1   6   0.0000000005
5   12   2   6   0.0004296037
5   12   3   6   -0.0000000001
5   12   4   6   -0.0898386174
5   12   5   6   -0.0000000210
5   12   6   4   0.0000000030
5   12   6   5   -0.0000000012
5   12   7   4   -0.0000000013
5   12   7   5   -0.0000000030
5   13   1   4   0.0000000001
5   13   1   5   0.0000000000
5   13   2   4   -0.0003834438
5   13   2   5   -0.0017396280
5   13   3   4   0.0000000003
5   13   3   5   0.0000000004
5   13   4   4   0.0219750784
5   13   4   5   0.0996976829
5   13   5   4   -0.0000000018
5   13   5   5   -0.0000000018
5   13   6   6   0.0000000002
5   13   7   6   0.0000000032
5   14   1   4   -0.0000000001
5   14   1   5   -0.0000000000
5   14   2   4   0.0017396280
5   14   2   5   -0.0003834438
5   14   3   4   -0.0000000005
5   14   3   5   -0.0000000001
5   14   4   4   -0.0996976830
5   14   4   5   0.0219750783
5   14   5   4   0.0000000029
5   14   5   5   0.0000000007
5   14   6   6   0.0000000032
5   14   7   6   -0.0000000010
6   8   1   4   -0.0000000000
6   8   1   5   -0.0000000001
6   8   2   4   -0.0028956295
6   8   2   5   -0.0131370432
6   8   3   4   0.0000000000
6   8   3   5   -0.0000000000
6   8   4   4   0.0029708084
6   8   4   5   0.0134781188
6   8   5   4   0.0000000000
6   8   5   5   -0.0000000000
6   8   6   6   0.0000000008
6   8   7   6   0.0000000002
6   9   1   4   -0.0029241357
6   9   1   5   -0.0132663716
6   9   2   4   0.0000000001
6   9   2   5   0.0000000002
6   9   3   4   0.0032132736
6   9   3   5   0.0145781476
6   9   4   4   -0.0000000001
6   9   4   5   -0.0000000002
6   9   5   4   -0.0006502954
6   9   5   5   -0.0029502942
6   9   6   6   -0.0019536757
6   9   7   6   0.0000000000
6   10   1   4   0.0000000001
6   10   1   5   0.0000000003
6   10   2   4   0.0024996087
6   10   2   5   0.0113403554
6   10   3   4   0.0000000001
6   10   3   5   -0.0000000001
6   10   4   4   -0.0099059856
6   10   4   5   -0.0449419930
6   10   5   4   -0.0000000006
6   10   5   5   0.0000000005
6   10   6   6   0.0000000008
6   10   7   6   0.0000000003
6   11   1   4   0.0028622211
6   11   1   5   0.0129854739
6   11   2   4   0.0000000001
6   11   2   5   0.0000000001
6   11   3   4   -0.0126620708
6   11   3   5   -0.0574459442
6   11   4   4   -0.0000000001
6   11   4   5   0.0000000001
6   11   5   4   0.0037425510
6   11   5   5   0.0169794007
6   11   6   6   0.0496286170
6   11   7   6   0.0000000001
6   12   1   4   -0.0000000002
6   12   1   5   0.0000000000
6   12   2   4   -0.0008075435
6   12   2   5   -0.0036637055
6   12   3   4   0.0000000009
6   12   3   5   -0.0000000001
6   12   4   4   0.0046686218
6   12   4   5   0.0211808469
6   12   5   4   -0.0000000020
6   12   5   5   0.0000000014
6   12   6   6   0.0000000041
6   12   7   6   0.0000000019
6   13   1   6   -0.0000000001
6   13   2   6   -0.0054992470
6   13   3   6   -0.0000000005
6   13   4   6   0.0160171419
6   13   5   6   -0.0000000009
6   13   6   4   0.0000000017
6   13   6   5   0.0000000015
6   13   7   4   -0.0000000006
6   13   7   5   -0.0000000014
6   14   1   6   0.0000000001
6   14   2   6   -0.0000000000
6   14   3   6   -0.0000000013
6   14   4   6   0.0000000000
6   14   5   6   -0.0000000048
6   14   6   4   -0.0000000017
6   14   6   5   0.0000000011
6   14   7   4   -0.0000000002
6   14   7   5   -0.0000000001
7   8   1   4   0.0000000001
7   8   1   5   -0.0000000000
7   8   2   4   0.0131370432
7   8   2   5   -0.0028956295
7   8   3   5   -0.0000000000
7   8   4   4   -0.0134781188
7   8   4   5   0.0029708084
7   8   5   4   0.0000000000
7   8   5   5   -0.0000000000
7   8   6   6   0.0000000002
7   8   7   6   0.0000000007
7   9   1   4   0.0132663716
7   9   1   5   -0.0029241357
7   9   2   4   -0.0000000002
7   9   2   5   0.0000000000
7   9   3   4   -0.0145781476
7   9   3   5   0.0032132736
7   9   4   4   0.0000000002
7   9   4   5   -0.0000000000
7   9   5   4   0.0029502942
7   9   5   5   -0.0006502954
7   9   6   6   0.0000000000
7   9   7   6   -0.0019536757
7   10   1   4   -0.0000000003
7   10   1   5   0.0000000000
7   10   2   4   -0.0113403554
7   10   2   5   0.0024996087
7   10   3   4   0.0000000000
7   10   3   5   -0.0000000001
7   10   4   4   0.0449419929
7   10   4   5   -0.0099059857
7   10   5   4   0.0000000001
7   10   5   5   0.0000000007
7   10   6   6   0.0000000003
7   10   7   6   0.0000000007
7   11   1   4   -0.0129854739
7   11   1   5   0.0028622211
7   11   2   4   -0.0000000002
7   11   2   5   -0.0000000000
7   11   3   4   0.0574459441
7   11   3   5   -0.0126620709
7   11   4   4   0.0000000000
7   11   4   5   0.0000000001
7   11   5   4   -0.0169794008
7   11   5   5   0.0037425510
7   11   6   6   0.0000000001
7   11   7   6   0.0496286170
7   12   1   4   0.0000000001
7   12   1   5   0.0000000001
7   12   2   4   0.0036637055
7   12   2   5   -0.0008075435
7   12   3   4   -0.0000000006
7   12   3   5   -0.0000000008
7   12   4   4   -0.0211808469
7   12   4   5   0.0046686217
7   12   5   4   0.0000000003
7   12   5   5   0.0000000022
7   12   6   6   0.0000000019
7   12   7   6   0.0000000034
7   13   1   6   0.0000000001
7   13   2   6   -0.0000000000
7   13   3   6   -0.0000000013
7   13   4   6   0.0000000000
7   13   5   6   -0.0000000048
7   13   6   4   0.0000000001
7   13   6   5   0.0000000001
7   13   7   4   -0.0000000002
7   13   7   5   0.0000000022
7   14   1   6   -0.0000000002
7   14   2   6   -0.0054992470
7   14   3   6   -0.0000000000
7   14   4   6   0.0160171419
7   14   5   6   0.0000000009
7   14   6   4   0.0000000014
7   14   6   5   -0.0000000007
7   14   7   4   -0.0000000025
7   14   7   5   -0.0000000008

End IJKA Block
Begin IABC Block
1   4   1   6   -0.0000000002
1   4   2   6   -0.0000000003
1   4   3   4   0.0000000007
1   4   3   5   0.0000000000
1   5   1   6   -0.0000000003
1   5   2   6   0.0000000001
1   5   3   4   0.0000000000
1   5   3   5   0.0000000006
1   6   1   4   -0.0000000002
1   6   1   5   -0.0000000003
1   6   2   4   -0.0000000003
1   6   2   5   0.0000000001
1   6   3   6   -0.0000000021
2   4   1   6   -0.0062165291
2   4   3   4   0.0007118926
2   4   3   5   0.0000000000
2   5   2   6   -0.0062165291
2   5   3   4   0.0000000000
2   5   3   5   0.0007118926
2   6   1   4   -0.0061491632
2   6   2   5   -0.0061491632
2   6   3   6   -0.0061025967
3   4   1   6   0.0000000006
3   4   2   6   0.0000000013
3   4   3   4   -0.0000000004
3   4   3   5   -0.0000000007
3   5   1   6   0.0000000013
3   5   2   6   -0.0000000013
3   5   3   4   -0.0000000007
3   5   3   5   0.0000000006
3   6   1   4   0.0000000028
3   6   1   5   0.0000000040
3   6   2   4   0.0000000040
3   6   2   5   -0.0000000029
3   6   3   6   -0.0000000026
4   4   1   6   0.0188703591
4   4   2   6   -0.0000000000
4   4   3   4   0.0388579003
4   4   3   5   0.0000000001
4   5   1   6   -0.0000000000
4   5   2   6   0.0188703591
4   5   3   4   0.0000000001
4   5   3   5   0.0388579002
4   6   1   4   0.0170524034
4   6   1   5   -0.0000000000
4   6   2   4   -0.0000000000
4   6   2   5   0.0170524034
4   6   3   6   0.0428606479
5   4   1   6   0.0000000208
5   4   2   6   0.0000000299
5   4   3   4   0.0000000033
5   4   3   5   -0.0000000019
5   5   1   6   0.0000000299
5   5   2   6   -0.0000000213
5   5   3   4   -0.0000000019
5   5   3   5   0.0000000060
5   6   1   4   0.0000000243
5   6   1   5   0.0000000347
5   6   2   4   0.0000000347
5   6   2   5   -0.0000000246
5   6   3   6   -0.0000000014
6   4   1   4   0.0000000008
6   4   1   5   0.0000000008
6   4   2   4   0.0000000039
6   4   2   5   0.0000000014
6   4   3   6   0.0000000539
6   5   1   4   0.0000000006
6   5   1   5   0.0000000006
6   5   2   4   0.0000000012
6   5   2   5   0.0000000020
6   5   3   6   -0.0000000220
6   6   1   6   0.0000000016
6   6   2   6   -0.0000000041
6   6   3   4   0.0000000471
6   6   3   5   -0.0000000186
7   4   1   4   -0.0000000041
7   4   1   5   -0.0000000013
7   4   2   4   0.0000000004
7   4   2   5   0.0000000003
7   4   3   6   -0.0000000231
7   5   1   4   -0.0000000015
7   5   1   5   -0.0000000019
7   5   2   4   0.0000000003
7   5   2   5   0.0000000008
7   5   3   6   -0.0000000536
7   6   1   6   0.0000000022
7   6   2   6   -0.0000000030
7   6   3   4   -0.0000000207
7   6   3   5   -0.0000000466

End IABC Block
