0   103   5   12      -0.058913814072
0   103   6   13      -0.069278908311
1   104   5   12      -0.069278908021
1   104   6   13      -0.058913814860
0   103   12   5       0.058913814072
0   103   13   6       0.069278908311
1   104   12   5       0.069278908021
1   104   13   6       0.058913814860
103   0   5   12       0.058913814072
103   0   6   13       0.069278908311
104   1   5   12       0.069278908021
104   1   6   13       0.058913814860
103   0   12   5      -0.058913814072
103   0   13   6      -0.069278908311
104   1   12   5      -0.069278908021
104   1   13   6      -0.058913814860

