Begin IJ Block
1   1   -26.4787556189
1   2   0.0000000102
1   3   -0.4689140348
1   4   -0.0000025249
1   5   0.1199049785
2   2   -26.4791691246
2   3   -0.0000023747
2   4   0.4983693520
2   5   0.0000006093
3   3   -7.5560716710
3   4   -0.0000000024
3   5   -0.4273725074
4   4   -7.2043597119
4   5   0.0000000020
5   5   -6.9722205619
6   6   -6.7495800204
6   7   0.0000000005
7   7   -6.7495800134

End IJ Block
Begin IA Block
1   3   -0.0000007379
2   3   0.1454313348
3   3   -0.0000000043
4   3   -0.6046291686
5   3   -0.0000000034
6   1   0.0000000055
6   2   -0.0000000073
7   1   0.0000000010
7   2   0.0000000015

End IA Block
Begin AB Block
1   1   -6.5066795959
1   2   0.0000000018
2   2   -6.5066795970
3   3   -6.4797308124

End AB Block
Begin IJAB Block
1   8   1   4   0.0139698276
1   8   1   5   0.0000000000
1   8   2   4   0.0000000000
1   8   2   5   0.0139698276
1   8   3   6   0.0190664984
1   9   1   4   -0.0000000004
1   9   1   5   0.0000000001
1   9   2   4   0.0000000001
1   9   2   5   -0.0000000004
1   9   3   6   -0.0000000010
1   10   1   4   -0.0130920306
1   10   1   5   -0.0000000000
1   10   2   4   -0.0000000000
1   10   2   5   -0.0130920306
1   10   3   6   -0.0111447657
1   11   1   4   -0.0000000756
1   11   1   5   -0.0000000000
1   11   2   4   -0.0000000000
1   11   2   5   -0.0000000756
1   11   3   6   -0.0000000616
1   12   1   4   0.0035920884
1   12   1   5   0.0000000000
1   12   2   4   0.0000000000
1   12   2   5   0.0035920884
1   12   3   6   0.0016344562
1   13   1   6   0.0029715647
1   13   2   6   -0.0046415752
1   13   3   4   -0.0015777238
1   13   3   5   0.0024643998
1   14   1   6   -0.0046415753
1   14   2   6   -0.0029715648
1   14   3   4   0.0024643997
1   14   3   5   0.0015777237
2   8   1   4   -0.0000000004
2   8   1   5   0.0000000001
2   8   2   4   0.0000000001
2   8   2   5   -0.0000000004
2   8   3   6   -0.0000000010
2   9   1   4   0.0140543728
2   9   1   5   0.0000000000
2   9   2   4   0.0000000000
2   9   2   5   0.0140543728
2   9   3   6   0.0192411979
2   10   1   4   -0.0000000663
2   10   1   5   0.0000000000
2   10   2   4   0.0000000000
2   10   2   5   -0.0000000663
2   10   3   6   -0.0000000563
2   11   1   4   0.0149324006
2   11   1   5   0.0000000000
2   11   2   4   0.0000000000
2   11   2   5   0.0149324006
2   11   3   6   0.0121218184
2   12   1   4   0.0000000183
2   12   1   5   0.0000000000
2   12   2   4   0.0000000000
2   12   2   5   0.0000000182
2   12   3   6   0.0000000082
2   13   1   6   0.0000000151
2   13   2   6   -0.0000000236
2   13   3   4   -0.0000000080
2   13   3   5   0.0000000124
2   14   1   6   -0.0000000235
2   14   2   6   -0.0000000150
2   14   3   4   0.0000000125
2   14   3   5   0.0000000080
3   8   1   4   -0.0130920306
3   8   1   5   -0.0000000000
3   8   2   4   -0.0000000000
3   8   2   5   -0.0130920306
3   8   3   6   -0.0111447657
3   9   1   4   -0.0000000663
3   9   1   5   0.0000000000
3   9   2   4   0.0000000000
3   9   2   5   -0.0000000663
3   9   3   6   -0.0000000563
3   10   1   4   0.0538097979
3   10   1   5   0.0000000002
3   10   2   4   0.0000000002
3   10   2   5   0.0538097978
3   10   3   6   0.0683321601
3   11   1   4   -0.0000000000
3   11   1   5   -0.0000000002
3   11   2   4   -0.0000000002
3   11   2   5   0.0000000001
3   11   3   6   -0.0000000002
3   12   1   4   -0.0151350909
3   12   1   5   -0.0000000004
3   12   2   4   -0.0000000004
3   12   2   5   -0.0151350906
3   12   3   6   0.0411836127
3   13   1   6   -0.0114818425
3   13   2   6   0.0179346038
3   13   3   4   -0.0262753912
3   13   3   5   0.0410420826
3   14   1   6   0.0179346047
3   14   2   6   0.0114818433
3   14   3   4   0.0410420838
3   14   3   5   0.0262753921
4   8   1   4   -0.0000000756
4   8   1   5   -0.0000000000
4   8   2   4   -0.0000000000
4   8   2   5   -0.0000000756
4   8   3   6   -0.0000000616
4   9   1   4   0.0149324006
4   9   1   5   0.0000000000
4   9   2   4   0.0000000000
4   9   2   5   0.0149324006
4   9   3   6   0.0121218184
4   10   1   4   -0.0000000000
4   10   1   5   -0.0000000002
4   10   2   4   -0.0000000002
4   10   2   5   0.0000000001
4   10   3   6   -0.0000000002
4   11   1   4   0.0699245150
4   11   1   5   0.0000000003
4   11   2   4   0.0000000003
4   11   2   5   0.0699245148
4   11   3   6   0.0556791852
4   12   1   4   0.0000000002
4   12   1   5   0.0000000006
4   12   2   4   0.0000000006
4   12   2   5   -0.0000000002
4   12   3   6   -0.0000000014
4   13   1   6   0.0000000002
4   13   2   6   -0.0000000003
4   13   3   4   0.0000000005
4   13   3   5   -0.0000000007
4   14   1   6   -0.0000000002
4   14   2   6   -0.0000000001
4   14   3   4   -0.0000000002
4   14   3   5   -0.0000000001
5   8   1   4   0.0035920884
5   8   1   5   0.0000000000
5   8   2   4   0.0000000000
5   8   2   5   0.0035920884
5   8   3   6   0.0016344562
5   9   1   4   0.0000000183
5   9   1   5   0.0000000000
5   9   2   4   0.0000000000
5   9   2   5   0.0000000182
5   9   3   6   0.0000000082
5   10   1   4   -0.0151350909
5   10   1   5   -0.0000000004
5   10   2   4   -0.0000000004
5   10   2   5   -0.0151350906
5   10   3   6   0.0411836127
5   11   1   4   0.0000000002
5   11   1   5   0.0000000006
5   11   2   4   0.0000000006
5   11   2   5   -0.0000000002
5   11   3   6   -0.0000000014
5   12   1   4   0.0256240098
5   12   1   5   0.0000000000
5   12   2   4   0.0000000000
5   12   2   5   0.0256240097
5   12   3   6   0.1390204029
5   13   1   6   -0.0061275186
5   13   2   6   0.0095711656
5   13   3   4   -0.0658536584
5   13   3   5   0.1028632175
5   14   1   6   0.0095711650
5   14   2   6   0.0061275181
5   14   3   4   0.1028632169
5   14   3   5   0.0658536579
6   8   1   6   -0.0015777238
6   8   2   6   0.0024643998
6   8   3   4   0.0029715647
6   8   3   5   -0.0046415752
6   9   1   6   -0.0000000080
6   9   2   6   0.0000000124
6   9   3   4   0.0000000151
6   9   3   5   -0.0000000236
6   10   1   6   -0.0262753912
6   10   2   6   0.0410420826
6   10   3   4   -0.0114818425
6   10   3   5   0.0179346038
6   11   1   6   0.0000000005
6   11   2   6   -0.0000000007
6   11   3   4   0.0000000002
6   11   3   5   -0.0000000003
6   12   1   6   -0.0658536584
6   12   2   6   0.1028632175
6   12   3   4   -0.0061275186
6   12   3   5   0.0095711656
6   13   1   4   0.0684042312
6   13   1   5   -0.0732065263
6   13   2   4   -0.0732065263
6   13   2   5   0.1358853419
6   13   3   6   0.0239285319
6   14   1   4   -0.0732065240
6   14   1   5   -0.0291112742
6   14   2   4   0.0965923841
6   14   2   5   0.0732065240
6   14   3   6   -0.0000000000
7   8   1   6   0.0024643997
7   8   2   6   0.0015777237
7   8   3   4   -0.0046415753
7   8   3   5   -0.0029715648
7   9   1   6   0.0000000125
7   9   2   6   0.0000000080
7   9   3   4   -0.0000000235
7   9   3   5   -0.0000000150
7   10   1   6   0.0410420838
7   10   2   6   0.0262753921
7   10   3   4   0.0179346047
7   10   3   5   0.0114818433
7   11   1   6   -0.0000000002
7   11   2   6   -0.0000000001
7   11   3   4   -0.0000000002
7   11   3   5   -0.0000000001
7   12   1   6   0.1028632169
7   12   2   6   0.0658536579
7   12   3   4   0.0095711650
7   12   3   5   0.0061275181
7   13   1   4   -0.0732065240
7   13   1   5   0.0965923841
7   13   2   4   -0.0291112742
7   13   2   5   0.0732065240
7   13   3   6   -0.0000000000
7   14   1   4   0.1358853425
7   14   1   5   0.0732065268
7   14   2   4   0.0732065268
7   14   2   5   0.0684042315
7   14   3   6   0.0239285318

End IJAB Block
Begin IJKL Block
1   8   1   8   2.2002687998
1   8   1   9   -0.0000193335
1   8   1   10   0.1921851617
1   8   1   11   0.0000030864
1   8   1   12   -0.0406358704
1   8   2   8   -0.0000193335
1   8   2   9   1.9064559458
1   8   2   10   -0.0000009814
1   8   2   11   -0.2025682686
1   8   2   12   0.0000001757
1   8   3   8   0.1921851617
1   8   3   9   -0.0000009814
1   8   3   10   0.0276410621
1   8   3   11   0.0000002897
1   8   3   12   -0.0040637800
1   8   4   8   0.0000030864
1   8   4   9   -0.2025682686
1   8   4   10   0.0000002897
1   8   4   11   0.0310704845
1   8   4   12   -0.0000000792
1   8   5   8   -0.0406358704
1   8   5   9   0.0000001757
1   8   5   10   -0.0040637800
1   8   5   11   -0.0000000792
1   8   5   12   0.0118518446
1   8   6   13   0.0107490288
1   8   7   13   -0.0000000000
1   8   7   14   0.0107490288
1   9   1   8   -0.0000193335
1   9   1   9   2.2004520956
1   9   1   10   -0.0000009869
1   9   1   11   -0.2037450174
1   9   1   12   0.0000001458
1   9   2   8   1.9064531067
1   9   2   9   0.0000193315
1   9   2   10   0.1933082345
1   9   2   11   -0.0000010279
1   9   2   12   -0.0347342344
1   9   3   8   -0.0000009814
1   9   3   9   0.1922252302
1   9   3   10   -0.0000000003
1   9   3   11   -0.0285477071
1   9   3   12   0.0000000002
1   9   4   8   -0.2025711379
1   9   4   9   -0.0000010219
1   9   4   10   -0.0285659985
1   9   4   11   0.0000000001
1   9   4   12   0.0077783173
1   9   5   8   0.0000001756
1   9   5   9   -0.0406281411
1   9   5   10   0.0000000002
1   9   5   11   0.0078308177
1   9   5   12   0.0000000011
1   9   6   13   0.0000000004
1   9   6   14   0.0000000000
1   9   7   13   0.0000000000
1   9   7   14   0.0000000007
1   10   1   8   0.1921851617
1   10   1   9   -0.0000009869
1   10   1   10   0.6365507549
1   10   1   11   0.0000032803
1   10   1   12   0.0256658558
1   10   2   8   -0.0000009814
1   10   2   9   0.1933103826
1   10   2   10   -0.0000000033
1   10   2   11   -0.3234754682
1   10   2   12   0.0000000000
1   10   3   8   0.0295165230
1   10   3   9   -0.0000000003
1   10   3   10   0.0066457273
1   10   3   11   0.0000000444
1   10   3   12   -0.0028790801
1   10   4   8   0.0000003089
1   10   4   9   -0.0304609672
1   10   4   10   0.0000000507
1   10   4   11   0.0080921163
1   10   4   12   0.0000000101
1   10   5   8   -0.0038918588
1   10   5   9   0.0000000002
1   10   5   10   -0.0094147020
1   10   5   11   0.0000000078
1   10   5   12   -0.0142441174
1   10   6   13   -0.0133956274
1   10   6   14   0.0000000000
1   10   7   13   0.0000000000
1   10   7   14   -0.0133956274
1   11   1   8   0.0000030864
1   11   1   9   -0.2037450174
1   11   1   10   0.0000032803
1   11   1   11   0.6327706125
1   11   1   12   -0.0000015697
1   11   2   8   -0.2025711379
1   11   2   9   -0.0000010279
1   11   2   10   -0.3234857662
1   11   2   11   0.0000000027
1   11   2   12   0.1548171309
1   11   3   8   0.0000003089
1   11   3   9   -0.0304522618
1   11   3   10   0.0000000455
1   11   3   11   0.0096353452
1   11   3   12   -0.0000000243
1   11   4   8   0.0332333440
1   11   4   9   0.0000000001
1   11   4   10   0.0079459359
1   11   4   11   0.0000000442
1   11   4   12   -0.0004283933
1   11   5   8   -0.0000000871
1   11   5   9   0.0086176922
1   11   5   10   0.0000000091
1   11   5   11   0.0014227290
1   11   5   12   -0.0000000658
1   11   6   13   -0.0000000635
1   11   7   14   -0.0000000635
1   12   1   8   -0.0406358704
1   12   1   9   0.0000001458
1   12   1   10   0.0256658558
1   12   1   11   -0.0000015697
1   12   1   12   0.6202421776
1   12   2   8   0.0000001756
1   12   2   9   -0.0347320544
1   12   2   10   0.0000000000
1   12   2   11   0.1548200492
1   12   2   12   -0.0000000007
1   12   3   8   -0.0038918588
1   12   3   9   0.0000000002
1   12   3   10   -0.0030735692
1   12   3   11   -0.0000000254
1   12   3   12   0.0060799980
1   12   4   8   -0.0000000871
1   12   4   9   0.0085670269
1   12   4   10   0.0000000101
1   12   4   11   -0.0003204257
1   12   4   12   0.0000000324
1   12   5   8   0.0146731481
1   12   5   9   0.0000000010
1   12   5   10   -0.0148817119
1   12   5   11   -0.0000000687
1   12   5   12   -0.0006052715
1   12   6   13   0.0018266635
1   12   7   14   0.0018266635
1   13   1   13   0.5977859180
1   13   1   14   -0.0000000001
1   13   2   13   -0.0000000018
1   13   2   14   0.0000000001
1   13   3   13   0.0051162125
1   13   4   13   0.0000000335
1   13   4   14   -0.0000000000
1   13   5   13   -0.0045616618
1   13   5   14   0.0000000000
1   13   6   8   0.0134496926
1   13   6   9   0.0000000005
1   13   6   10   -0.0139528140
1   13   6   11   -0.0000000664
1   13   6   12   0.0019428733
1   13   7   8   -0.0000000000
1   13   7   9   0.0000000000
1   13   7   10   0.0000000000
1   13   7   11   0.0000000000
1   14   1   13   -0.0000000001
1   14   1   14   0.5977859168
1   14   2   13   0.0000000001
1   14   2   14   -0.0000000007
1   14   3   14   0.0051162125
1   14   4   13   -0.0000000000
1   14   4   14   0.0000000334
1   14   5   13   0.0000000000
1   14   5   14   -0.0045616618
1   14   6   8   -0.0000000000
1   14   6   9   0.0000000000
1   14   6   10   0.0000000000
1   14   6   11   0.0000000000
1   14   7   8   0.0134496925
1   14   7   9   0.0000000006
1   14   7   10   -0.0139528139
1   14   7   11   -0.0000000663
1   14   7   12   0.0019428733
2   8   1   8   -0.0000193335
2   8   1   9   1.9064531067
2   8   1   10   -0.0000009814
2   8   1   11   -0.2025711379
2   8   1   12   0.0000001756
2   8   2   8   2.2004520956
2   8   2   9   0.0000193315
2   8   2   10   0.1922252302
2   8   2   11   -0.0000010219
2   8   2   12   -0.0406281411
2   8   3   8   -0.0000009869
2   8   3   9   0.1933082345
2   8   3   10   -0.0000000003
2   8   3   11   -0.0285659985
2   8   3   12   0.0000000002
2   8   4   8   -0.2037450174
2   8   4   9   -0.0000010279
2   8   4   10   -0.0285477071
2   8   4   11   0.0000000001
2   8   4   12   0.0078308177
2   8   5   8   0.0000001458
2   8   5   9   -0.0347342344
2   8   5   10   0.0000000002
2   8   5   11   0.0077783173
2   8   5   12   0.0000000011
2   8   6   13   0.0000000004
2   8   6   14   0.0000000000
2   8   7   13   0.0000000000
2   8   7   14   0.0000000007
2   9   1   8   1.9064559458
2   9   1   9   0.0000193315
2   9   1   10   0.1933103826
2   9   1   11   -0.0000010279
2   9   1   12   -0.0347320544
2   9   2   8   0.0000193315
2   9   2   9   2.2006433185
2   9   2   10   0.0000029338
2   9   2   11   -0.2037600902
2   9   2   12   -0.0000005586
2   9   3   8   0.1933103826
2   9   3   9   0.0000029338
2   9   3   10   0.0276271307
2   9   3   11   -0.0000002895
2   9   3   12   -0.0041084931
2   9   4   8   -0.0000010279
2   9   4   9   -0.2037600902
2   9   4   10   -0.0000002895
2   9   4   11   0.0310978368
2   9   4   12   0.0000000791
2   9   5   8   -0.0347320544
2   9   5   9   -0.0000005586
2   9   5   10   -0.0041084931
2   9   5   11   0.0000000791
2   9   5   12   0.0116037722
2   9   6   13   0.0106184633
2   9   7   13   -0.0000000000
2   9   7   14   0.0106184633
2   10   1   8   -0.0000009814
2   10   1   9   0.1933082345
2   10   1   10   -0.0000000033
2   10   1   11   -0.3234857662
2   10   1   12   0.0000000000
2   10   2   8   0.1922252302
2   10   2   9   0.0000029338
2   10   2   10   0.6365388786
2   10   2   11   -0.0000032802
2   10   2   12   0.0256472537
2   10   3   8   -0.0000000003
2   10   3   9   0.0295187947
2   10   3   10   0.0000000336
2   10   3   11   -0.0087359220
2   10   3   12   -0.0000000146
2   10   4   8   -0.0304522618
2   10   4   9   -0.0000003088
2   10   4   10   -0.0099822647
2   10   4   11   0.0000000411
2   10   4   12   -0.0019555203
2   10   5   8   0.0000000002
2   10   5   9   -0.0039320891
2   10   5   10   -0.0000000477
2   10   5   11   -0.0015021493
2   10   5   12   -0.0000000719
2   10   6   13   -0.0000000678
2   10   7   14   -0.0000000678
2   11   1   8   -0.2025682686
2   11   1   9   -0.0000010279
2   11   1   10   -0.3234754682
2   11   1   11   0.0000000027
2   11   1   12   0.1548200492
2   11   2   8   -0.0000010219
2   11   2   9   -0.2037600902
2   11   2   10   -0.0000032802
2   11   2   11   0.6327953681
2   11   2   12   0.0000015702
2   11   3   8   -0.0304609672
2   11   3   9   -0.0000003088
2   11   3   10   -0.0089616725
2   11   3   11   0.0000000489
2   11   3   12   0.0047806053
2   11   4   8   0.0000000001
2   11   4   9   0.0332565235
2   11   4   10   0.0000000403
2   11   4   11   -0.0087507070
2   11   4   12   -0.0000000023
2   11   5   8   0.0085670269
2   11   5   9   0.0000000871
2   11   5   10   -0.0017564876
2   11   5   11   0.0000000071
2   11   5   12   0.0129334538
2   11   6   13   0.0125236856
2   11   6   14   -0.0000000000
2   11   7   13   -0.0000000000
2   11   7   14   0.0125236856
2   12   1   8   0.0000001757
2   12   1   9   -0.0347342344
2   12   1   10   0.0000000000
2   12   1   11   0.1548171309
2   12   1   12   -0.0000000007
2   12   2   8   -0.0406281411
2   12   2   9   -0.0000005586
2   12   2   10   0.0256472537
2   12   2   11   0.0000015702
2   12   2   12   0.6202407164
2   12   3   8   0.0000000002
2   12   3   9   -0.0039320891
2   12   3   10   -0.0000000156
2   12   3   11   0.0049993691
2   12   3   12   0.0000000307
2   12   4   8   0.0086176922
2   12   4   9   0.0000000871
2   12   4   10   -0.0019580012
2   12   4   11   -0.0000000017
2   12   4   12   -0.0063885030
2   12   5   8   0.0000000010
2   12   5   9   0.0144351724
2   12   5   10   -0.0000000752
2   12   5   11   0.0135085133
2   12   5   12   -0.0000000031
2   12   6   13   0.0000000093
2   12   7   14   0.0000000093
2   13   1   13   -0.0000000018
2   13   1   14   0.0000000001
2   13   2   13   0.5977793121
2   13   2   14   -0.0000000001
2   13   3   13   0.0000000259
2   13   3   14   0.0000000000
2   13   4   13   -0.0066080600
2   13   4   14   0.0000000000
2   13   5   13   -0.0000000232
2   13   5   14   0.0000000000
2   13   6   8   0.0000000005
2   13   6   9   0.0133266737
2   13   6   10   -0.0000000706
2   13   6   11   0.0130967601
2   13   6   12   0.0000000098
2   13   7   8   0.0000000000
2   13   7   9   -0.0000000000
2   13   7   10   -0.0000000000
2   13   7   11   -0.0000000000
2   13   7   12   0.0000000000
2   14   1   13   0.0000000001
2   14   1   14   -0.0000000007
2   14   2   13   -0.0000000001
2   14   2   14   0.5977793109
2   14   3   13   0.0000000000
2   14   3   14   0.0000000260
2   14   4   13   0.0000000000
2   14   4   14   -0.0066080600
2   14   5   13   0.0000000000
2   14   5   14   -0.0000000231
2   14   6   8   0.0000000000
2   14   6   9   -0.0000000000
2   14   6   10   -0.0000000000
2   14   6   11   -0.0000000000
2   14   6   12   0.0000000000
2   14   7   8   0.0000000006
2   14   7   9   0.0133266736
2   14   7   10   -0.0000000707
2   14   7   11   0.0130967600
2   14   7   12   0.0000000099
3   8   1   8   0.1921851617
3   8   1   9   -0.0000009814
3   8   1   10   0.0295165230
3   8   1   11   0.0000003089
3   8   1   12   -0.0038918588
3   8   2   8   -0.0000009869
3   8   2   9   0.1933103826
3   8   2   10   -0.0000000003
3   8   2   11   -0.0304609672
3   8   2   12   0.0000000002
3   8   3   8   0.6365507549
3   8   3   9   -0.0000000033
3   8   3   10   0.0066457273
3   8   3   11   0.0000000507
3   8   3   12   -0.0094147020
3   8   4   8   0.0000032803
3   8   4   9   -0.3234754682
3   8   4   10   0.0000000444
3   8   4   11   0.0080921163
3   8   4   12   0.0000000078
3   8   5   8   0.0256658558
3   8   5   9   0.0000000000
3   8   5   10   -0.0028790801
3   8   5   11   0.0000000101
3   8   5   12   -0.0142441174
3   8   6   13   -0.0133956274
3   8   6   14   0.0000000000
3   8   7   13   0.0000000000
3   8   7   14   -0.0133956274
3   9   1   8   -0.0000009814
3   9   1   9   0.1922252302
3   9   1   10   -0.0000000003
3   9   1   11   -0.0304522618
3   9   1   12   0.0000000002
3   9   2   8   0.1933082345
3   9   2   9   0.0000029338
3   9   2   10   0.0295187947
3   9   2   11   -0.0000003088
3   9   2   12   -0.0039320891
3   9   3   8   -0.0000000033
3   9   3   9   0.6365388786
3   9   3   10   0.0000000336
3   9   3   11   -0.0099822647
3   9   3   12   -0.0000000477
3   9   4   8   -0.3234857662
3   9   4   9   -0.0000032802
3   9   4   10   -0.0087359220
3   9   4   11   0.0000000411
3   9   4   12   -0.0015021493
3   9   5   8   0.0000000000
3   9   5   9   0.0256472537
3   9   5   10   -0.0000000146
3   9   5   11   -0.0019555203
3   9   5   12   -0.0000000719
3   9   6   13   -0.0000000678
3   9   7   14   -0.0000000678
3   10   1   8   0.0276410621
3   10   1   9   -0.0000000003
3   10   1   10   0.0066457273
3   10   1   11   0.0000000455
3   10   1   12   -0.0030735692
3   10   2   8   -0.0000000003
3   10   2   9   0.0276271307
3   10   2   10   0.0000000336
3   10   2   11   -0.0089616725
3   10   2   12   -0.0000000156
3   10   3   8   0.0066457273
3   10   3   9   0.0000000336
3   10   3   10   0.5148056043
3   10   3   11   0.0000000015
3   10   3   12   0.0595394091
3   10   4   8   0.0000000455
3   10   4   9   -0.0089616725
3   10   4   10   0.0000000015
3   10   4   11   0.1716439999
3   10   4   12   -0.0000000006
3   10   5   8   -0.0030735692
3   10   5   9   -0.0000000156
3   10   5   10   0.0595394091
3   10   5   11   -0.0000000006
3   10   5   12   0.0750308842
3   10   6   13   0.0649099500
3   10   6   14   0.0000000000
3   10   7   13   0.0000000000
3   10   7   14   0.0649099502
3   11   1   8   0.0000002897
3   11   1   9   -0.0285477071
3   11   1   10   0.0000000444
3   11   1   11   0.0096353452
3   11   1   12   -0.0000000254
3   11   2   8   -0.0285659985
3   11   2   9   -0.0000002895
3   11   2   10   -0.0087359220
3   11   2   11   0.0000000489
3   11   2   12   0.0049993691
3   11   3   8   0.0000000507
3   11   3   9   -0.0099822647
3   11   3   10   0.0000000015
3   11   3   11   0.4708406871
3   11   3   12   -0.0000000010
3   11   4   8   0.0079459359
3   11   4   9   0.0000000403
3   11   4   10   0.1735627817
3   11   4   11   -0.0000000015
3   11   4   12   -0.0942579584
3   11   5   8   0.0000000101
3   11   5   9   -0.0019580012
3   11   5   10   -0.0000000006
3   11   5   11   -0.0008752821
3   11   5   12   0.0000000003
3   11   6   13   0.0000000007
3   11   6   14   -0.0000000001
3   11   7   13   -0.0000000001
3   11   7   14   -0.0000000002
3   12   1   8   -0.0040637800
3   12   1   9   0.0000000002
3   12   1   10   -0.0028790801
3   12   1   11   -0.0000000243
3   12   1   12   0.0060799980
3   12   2   8   0.0000000002
3   12   2   9   -0.0041084931
3   12   2   10   -0.0000000146
3   12   2   11   0.0047806053
3   12   2   12   0.0000000307
3   12   3   8   -0.0094147020
3   12   3   9   -0.0000000477
3   12   3   10   0.0595394091
3   12   3   11   -0.0000000010
3   12   3   12   0.4831806117
3   12   4   8   0.0000000091
3   12   4   9   -0.0017564876
3   12   4   10   -0.0000000006
3   12   4   11   -0.0956463355
3   12   4   12   0.0000000000
3   12   5   8   -0.0148817119
3   12   5   9   -0.0000000752
3   12   5   10   0.0774969397
3   12   5   11   0.0000000002
3   12   5   12   0.0224600629
3   12   6   13   -0.0022461979
3   12   6   14   -0.0000000000
3   12   7   13   -0.0000000000
3   12   7   14   -0.0022461984
3   13   1   13   0.0051162125
3   13   2   13   0.0000000259
3   13   2   14   0.0000000000
3   13   3   13   0.4722480505
3   13   3   14   -0.0000000000
3   13   4   13   0.0000000008
3   13   4   14   -0.0000000000
3   13   5   13   0.0326877153
3   13   5   14   -0.0000000000
3   13   6   8   -0.0139528140
3   13   6   9   -0.0000000706
3   13   6   10   0.0675865195
3   13   6   11   0.0000000004
3   13   6   12   -0.0018830530
3   13   7   8   0.0000000000
3   13   7   9   -0.0000000000
3   13   7   10   -0.0000000000
3   13   7   11   -0.0000000000
3   13   7   12   -0.0000000000
3   14   1   14   0.0051162125
3   14   2   13   0.0000000000
3   14   2   14   0.0000000260
3   14   3   13   -0.0000000000
3   14   3   14   0.4722480498
3   14   4   13   -0.0000000000
3   14   4   14   0.0000000005
3   14   5   13   -0.0000000000
3   14   5   14   0.0326877148
3   14   6   8   0.0000000000
3   14   6   9   -0.0000000000
3   14   6   10   -0.0000000000
3   14   6   11   -0.0000000000
3   14   6   12   -0.0000000000
3   14   7   8   -0.0139528139
3   14   7   9   -0.0000000707
3   14   7   10   0.0675865194
3   14   7   11   0.0000000000
3   14   7   12   -0.0018830534
4   8   1   8   0.0000030864
4   8   1   9   -0.2025711379
4   8   1   10   0.0000003089
4   8   1   11   0.0332333440
4   8   1   12   -0.0000000871
4   8   2   8   -0.2037450174
4   8   2   9   -0.0000010279
4   8   2   10   -0.0304522618
4   8   2   11   0.0000000001
4   8   2   12   0.0086176922
4   8   3   8   0.0000032803
4   8   3   9   -0.3234857662
4   8   3   10   0.0000000455
4   8   3   11   0.0079459359
4   8   3   12   0.0000000091
4   8   4   8   0.6327706125
4   8   4   9   0.0000000027
4   8   4   10   0.0096353452
4   8   4   11   0.0000000442
4   8   4   12   0.0014227290
4   8   5   8   -0.0000015697
4   8   5   9   0.1548171309
4   8   5   10   -0.0000000243
4   8   5   11   -0.0004283933
4   8   5   12   -0.0000000658
4   8   6   13   -0.0000000635
4   8   7   14   -0.0000000635
4   9   1   8   -0.2025682686
4   9   1   9   -0.0000010219
4   9   1   10   -0.0304609672
4   9   1   11   0.0000000001
4   9   1   12   0.0085670269
4   9   2   8   -0.0000010279
4   9   2   9   -0.2037600902
4   9   2   10   -0.0000003088
4   9   2   11   0.0332565235
4   9   2   12   0.0000000871
4   9   3   8   -0.3234754682
4   9   3   9   -0.0000032802
4   9   3   10   -0.0089616725
4   9   3   11   0.0000000403
4   9   3   12   -0.0017564876
4   9   4   8   0.0000000027
4   9   4   9   0.6327953681
4   9   4   10   0.0000000489
4   9   4   11   -0.0087507070
4   9   4   12   0.0000000071
4   9   5   8   0.1548200492
4   9   5   9   0.0000015702
4   9   5   10   0.0047806053
4   9   5   11   -0.0000000023
4   9   5   12   0.0129334538
4   9   6   13   0.0125236856
4   9   6   14   -0.0000000000
4   9   7   13   -0.0000000000
4   9   7   14   0.0125236856
4   10   1   8   0.0000002897
4   10   1   9   -0.0285659985
4   10   1   10   0.0000000507
4   10   1   11   0.0079459359
4   10   1   12   0.0000000101
4   10   2   8   -0.0285477071
4   10   2   9   -0.0000002895
4   10   2   10   -0.0099822647
4   10   2   11   0.0000000403
4   10   2   12   -0.0019580012
4   10   3   8   0.0000000444
4   10   3   9   -0.0087359220
4   10   3   10   0.0000000015
4   10   3   11   0.1735627817
4   10   3   12   -0.0000000006
4   10   4   8   0.0096353452
4   10   4   9   0.0000000489
4   10   4   10   0.4708406871
4   10   4   11   -0.0000000015
4   10   4   12   -0.0008752821
4   10   5   8   -0.0000000254
4   10   5   9   0.0049993691
4   10   5   10   -0.0000000010
4   10   5   11   -0.0942579584
4   10   5   12   0.0000000003
4   10   6   13   0.0000000007
4   10   6   14   -0.0000000001
4   10   7   13   -0.0000000001
4   10   7   14   -0.0000000002
4   11   1   8   0.0310704845
4   11   1   9   0.0000000001
4   11   1   10   0.0080921163
4   11   1   11   0.0000000442
4   11   1   12   -0.0003204257
4   11   2   8   0.0000000001
4   11   2   9   0.0310978368
4   11   2   10   0.0000000411
4   11   2   11   -0.0087507070
4   11   2   12   -0.0000000017
4   11   3   8   0.0080921163
4   11   3   9   0.0000000411
4   11   3   10   0.1716439999
4   11   3   11   -0.0000000015
4   11   3   12   -0.0956463355
4   11   4   8   0.0000000442
4   11   4   9   -0.0087507070
4   11   4   10   -0.0000000015
4   11   4   11   0.4792005725
4   11   4   12   0.0000000007
4   11   5   8   -0.0003204257
4   11   5   9   -0.0000000017
4   11   5   10   -0.0956463355
4   11   5   11   0.0000000007
4   11   5   12   0.0965531327
4   11   6   13   0.0508768390
4   11   6   14   0.0000000000
4   11   7   13   0.0000000000
4   11   7   14   0.0508768395
4   12   1   8   -0.0000000792
4   12   1   9   0.0077783173
4   12   1   10   0.0000000101
4   12   1   11   -0.0004283933
4   12   1   12   0.0000000324
4   12   2   8   0.0078308177
4   12   2   9   0.0000000791
4   12   2   10   -0.0019555203
4   12   2   11   -0.0000000023
4   12   2   12   -0.0063885030
4   12   3   8   0.0000000078
4   12   3   9   -0.0015021493
4   12   3   10   -0.0000000006
4   12   3   11   -0.0942579584
4   12   3   12   0.0000000000
4   12   4   8   0.0014227290
4   12   4   9   0.0000000071
4   12   4   10   -0.0008752821
4   12   4   11   0.0000000007
4   12   4   12   0.4687693456
4   12   5   8   -0.0000000687
4   12   5   9   0.0135085133
4   12   5   10   0.0000000002
4   12   5   11   0.0980447578
4   12   5   12   -0.0000000001
4   12   6   13   0.0000000003
4   12   6   14   -0.0000000001
4   12   7   13   -0.0000000001
4   12   7   14   -0.0000000005
4   13   1   13   0.0000000335
4   13   1   14   -0.0000000000
4   13   2   13   -0.0066080600
4   13   2   14   0.0000000000
4   13   3   13   0.0000000008
4   13   3   14   -0.0000000000
4   13   4   13   0.4483795529
4   13   4   14   -0.0000000000
4   13   5   13   -0.0000000005
4   13   5   14   0.0000000000
4   13   6   8   -0.0000000664
4   13   6   9   0.0130967601
4   13   6   10   0.0000000004
4   13   6   11   0.0518291148
4   13   6   12   0.0000000004
4   13   7   8   0.0000000000
4   13   7   9   -0.0000000000
4   13   7   10   -0.0000000000
4   13   7   11   0.0000000000
4   13   7   12   -0.0000000001
4   14   1   13   -0.0000000000
4   14   1   14   0.0000000334
4   14   2   13   0.0000000000
4   14   2   14   -0.0066080600
4   14   3   13   -0.0000000000
4   14   3   14   0.0000000005
4   14   4   13   -0.0000000000
4   14   4   14   0.4483795528
4   14   5   13   0.0000000000
4   14   5   14   -0.0000000002
4   14   6   8   0.0000000000
4   14   6   9   -0.0000000000
4   14   6   10   -0.0000000000
4   14   6   11   0.0000000000
4   14   6   12   -0.0000000001
4   14   7   8   -0.0000000663
4   14   7   9   0.0130967600
4   14   7   10   0.0000000000
4   14   7   11   0.0518291148
4   14   7   12   -0.0000000004
5   8   1   8   -0.0406358704
5   8   1   9   0.0000001756
5   8   1   10   -0.0038918588
5   8   1   11   -0.0000000871
5   8   1   12   0.0146731481
5   8   2   8   0.0000001458
5   8   2   9   -0.0347320544
5   8   2   10   0.0000000002
5   8   2   11   0.0085670269
5   8   2   12   0.0000000010
5   8   3   8   0.0256658558
5   8   3   9   0.0000000000
5   8   3   10   -0.0030735692
5   8   3   11   0.0000000101
5   8   3   12   -0.0148817119
5   8   4   8   -0.0000015697
5   8   4   9   0.1548200492
5   8   4   10   -0.0000000254
5   8   4   11   -0.0003204257
5   8   4   12   -0.0000000687
5   8   5   8   0.6202421776
5   8   5   9   -0.0000000007
5   8   5   10   0.0060799980
5   8   5   11   0.0000000324
5   8   5   12   -0.0006052715
5   8   6   13   0.0018266635
5   8   7   14   0.0018266635
5   9   1   8   0.0000001757
5   9   1   9   -0.0406281411
5   9   1   10   0.0000000002
5   9   1   11   0.0086176922
5   9   1   12   0.0000000010
5   9   2   8   -0.0347342344
5   9   2   9   -0.0000005586
5   9   2   10   -0.0039320891
5   9   2   11   0.0000000871
5   9   2   12   0.0144351724
5   9   3   8   0.0000000000
5   9   3   9   0.0256472537
5   9   3   10   -0.0000000156
5   9   3   11   -0.0019580012
5   9   3   12   -0.0000000752
5   9   4   8   0.1548171309
5   9   4   9   0.0000015702
5   9   4   10   0.0049993691
5   9   4   11   -0.0000000017
5   9   4   12   0.0135085133
5   9   5   8   -0.0000000007
5   9   5   9   0.6202407164
5   9   5   10   0.0000000307
5   9   5   11   -0.0063885030
5   9   5   12   -0.0000000031
5   9   6   13   0.0000000093
5   9   7   14   0.0000000093
5   10   1   8   -0.0040637800
5   10   1   9   0.0000000002
5   10   1   10   -0.0094147020
5   10   1   11   0.0000000091
5   10   1   12   -0.0148817119
5   10   2   8   0.0000000002
5   10   2   9   -0.0041084931
5   10   2   10   -0.0000000477
5   10   2   11   -0.0017564876
5   10   2   12   -0.0000000752
5   10   3   8   -0.0028790801
5   10   3   9   -0.0000000146
5   10   3   10   0.0595394091
5   10   3   11   -0.0000000006
5   10   3   12   0.0774969397
5   10   4   8   -0.0000000243
5   10   4   9   0.0047806053
5   10   4   10   -0.0000000010
5   10   4   11   -0.0956463355
5   10   4   12   0.0000000002
5   10   5   8   0.0060799980
5   10   5   9   0.0000000307
5   10   5   10   0.4831806117
5   10   5   11   0.0000000000
5   10   5   12   0.0224600629
5   10   6   13   -0.0022461979
5   10   6   14   -0.0000000000
5   10   7   13   -0.0000000000
5   10   7   14   -0.0022461984
5   11   1   8   -0.0000000792
5   11   1   9   0.0078308177
5   11   1   10   0.0000000078
5   11   1   11   0.0014227290
5   11   1   12   -0.0000000687
5   11   2   8   0.0077783173
5   11   2   9   0.0000000791
5   11   2   10   -0.0015021493
5   11   2   11   0.0000000071
5   11   2   12   0.0135085133
5   11   3   8   0.0000000101
5   11   3   9   -0.0019555203
5   11   3   10   -0.0000000006
5   11   3   11   -0.0008752821
5   11   3   12   0.0000000002
5   11   4   8   -0.0004283933
5   11   4   9   -0.0000000023
5   11   4   10   -0.0942579584
5   11   4   11   0.0000000007
5   11   4   12   0.0980447578
5   11   5   8   0.0000000324
5   11   5   9   -0.0063885030
5   11   5   10   0.0000000000
5   11   5   11   0.4687693456
5   11   5   12   -0.0000000001
5   11   6   13   0.0000000003
5   11   6   14   -0.0000000001
5   11   7   13   -0.0000000001
5   11   7   14   -0.0000000005
5   12   1   8   0.0118518446
5   12   1   9   0.0000000011
5   12   1   10   -0.0142441174
5   12   1   11   -0.0000000658
5   12   1   12   -0.0006052715
5   12   2   8   0.0000000011
5   12   2   9   0.0116037722
5   12   2   10   -0.0000000719
5   12   2   11   0.0129334538
5   12   2   12   -0.0000000031
5   12   3   8   -0.0142441174
5   12   3   9   -0.0000000719
5   12   3   10   0.0750308842
5   12   3   11   0.0000000003
5   12   3   12   0.0224600629
5   12   4   8   -0.0000000658
5   12   4   9   0.0129334538
5   12   4   10   0.0000000003
5   12   4   11   0.0965531327
5   12   4   12   -0.0000000001
5   12   5   8   -0.0006052715
5   12   5   9   -0.0000000031
5   12   5   10   0.0224600629
5   12   5   11   -0.0000000001
5   12   5   12   0.4868260184
5   12   6   13   0.0139391152
5   12   6   14   -0.0000000000
5   12   7   13   -0.0000000000
5   12   7   14   0.0139391151
5   13   1   13   -0.0045616618
5   13   1   14   0.0000000000
5   13   2   13   -0.0000000232
5   13   2   14   0.0000000000
5   13   3   13   0.0326877153
5   13   3   14   -0.0000000000
5   13   4   13   -0.0000000005
5   13   4   14   0.0000000000
5   13   5   13   0.4437131179
5   13   5   14   -0.0000000001
5   13   6   8   0.0019428733
5   13   6   9   0.0000000098
5   13   6   10   -0.0018830530
5   13   6   11   0.0000000004
5   13   6   12   0.0151923666
5   13   7   9   0.0000000000
5   13   7   10   -0.0000000000
5   13   7   11   -0.0000000001
5   13   7   12   -0.0000000000
5   14   1   13   0.0000000000
5   14   1   14   -0.0045616618
5   14   2   13   0.0000000000
5   14   2   14   -0.0000000231
5   14   3   13   -0.0000000000
5   14   3   14   0.0326877148
5   14   4   13   0.0000000000
5   14   4   14   -0.0000000002
5   14   5   13   -0.0000000001
5   14   5   14   0.4437131168
5   14   6   9   0.0000000000
5   14   6   10   -0.0000000000
5   14   6   11   -0.0000000001
5   14   6   12   -0.0000000000
5   14   7   8   0.0019428733
5   14   7   9   0.0000000099
5   14   7   10   -0.0018830534
5   14   7   11   -0.0000000004
5   14   7   12   0.0151923663
6   8   1   13   0.0134496926
6   8   1   14   -0.0000000000
6   8   2   13   0.0000000005
6   8   2   14   0.0000000000
6   8   3   13   -0.0139528140
6   8   3   14   0.0000000000
6   8   4   13   -0.0000000664
6   8   4   14   0.0000000000
6   8   5   13   0.0019428733
6   8   6   8   0.5977859180
6   8   6   9   -0.0000000018
6   8   6   10   0.0051162125
6   8   6   11   0.0000000335
6   8   6   12   -0.0045616618
6   8   7   8   -0.0000000001
6   8   7   9   0.0000000001
6   8   7   11   -0.0000000000
6   8   7   12   0.0000000000
6   9   1   13   0.0000000005
6   9   1   14   0.0000000000
6   9   2   13   0.0133266737
6   9   2   14   -0.0000000000
6   9   3   13   -0.0000000706
6   9   3   14   -0.0000000000
6   9   4   13   0.0130967601
6   9   4   14   -0.0000000000
6   9   5   13   0.0000000098
6   9   5   14   0.0000000000
6   9   6   8   -0.0000000018
6   9   6   9   0.5977793121
6   9   6   10   0.0000000259
6   9   6   11   -0.0066080600
6   9   6   12   -0.0000000232
6   9   7   8   0.0000000001
6   9   7   9   -0.0000000001
6   9   7   10   0.0000000000
6   9   7   11   0.0000000000
6   9   7   12   0.0000000000
6   10   1   13   -0.0139528140
6   10   1   14   0.0000000000
6   10   2   13   -0.0000000706
6   10   2   14   -0.0000000000
6   10   3   13   0.0675865195
6   10   3   14   -0.0000000000
6   10   4   13   0.0000000004
6   10   4   14   -0.0000000000
6   10   5   13   -0.0018830530
6   10   5   14   -0.0000000000
6   10   6   8   0.0051162125
6   10   6   9   0.0000000259
6   10   6   10   0.4722480505
6   10   6   11   0.0000000008
6   10   6   12   0.0326877153
6   10   7   9   0.0000000000
6   10   7   10   -0.0000000000
6   10   7   11   -0.0000000000
6   10   7   12   -0.0000000000
6   11   1   13   -0.0000000664
6   11   1   14   0.0000000000
6   11   2   13   0.0130967601
6   11   2   14   -0.0000000000
6   11   3   13   0.0000000004
6   11   3   14   -0.0000000000
6   11   4   13   0.0518291148
6   11   4   14   0.0000000000
6   11   5   13   0.0000000004
6   11   5   14   -0.0000000001
6   11   6   8   0.0000000335
6   11   6   9   -0.0066080600
6   11   6   10   0.0000000008
6   11   6   11   0.4483795529
6   11   6   12   -0.0000000005
6   11   7   8   -0.0000000000
6   11   7   9   0.0000000000
6   11   7   10   -0.0000000000
6   11   7   11   -0.0000000000
6   11   7   12   0.0000000000
6   12   1   13   0.0019428733
6   12   2   13   0.0000000098
6   12   2   14   0.0000000000
6   12   3   13   -0.0018830530
6   12   3   14   -0.0000000000
6   12   4   13   0.0000000004
6   12   4   14   -0.0000000001
6   12   5   13   0.0151923666
6   12   5   14   -0.0000000000
6   12   6   8   -0.0045616618
6   12   6   9   -0.0000000232
6   12   6   10   0.0326877153
6   12   6   11   -0.0000000005
6   12   6   12   0.4437131179
6   12   7   8   0.0000000000
6   12   7   9   0.0000000000
6   12   7   10   -0.0000000000
6   12   7   11   0.0000000000
6   12   7   12   -0.0000000001
6   13   1   8   0.0107490288
6   13   1   9   0.0000000004
6   13   1   10   -0.0133956274
6   13   1   11   -0.0000000635
6   13   1   12   0.0018266635
6   13   2   8   0.0000000004
6   13   2   9   0.0106184633
6   13   2   10   -0.0000000678
6   13   2   11   0.0125236856
6   13   2   12   0.0000000093
6   13   3   8   -0.0133956274
6   13   3   9   -0.0000000678
6   13   3   10   0.0649099500
6   13   3   11   0.0000000007
6   13   3   12   -0.0022461979
6   13   4   8   -0.0000000635
6   13   4   9   0.0125236856
6   13   4   10   0.0000000007
6   13   4   11   0.0508768390
6   13   4   12   0.0000000003
6   13   5   8   0.0018266635
6   13   5   9   0.0000000093
6   13   5   10   -0.0022461979
6   13   5   11   0.0000000003
6   13   5   12   0.0139391152
6   13   6   13   0.4599414509
6   13   6   14   -0.0000000002
6   13   7   13   -0.0000000002
6   13   7   14   0.0120787005
6   14   1   9   0.0000000000
6   14   1   10   0.0000000000
6   14   2   8   0.0000000000
6   14   2   11   -0.0000000000
6   14   3   8   0.0000000000
6   14   3   10   0.0000000000
6   14   3   11   -0.0000000001
6   14   3   12   -0.0000000000
6   14   4   9   -0.0000000000
6   14   4   10   -0.0000000001
6   14   4   11   0.0000000000
6   14   4   12   -0.0000000001
6   14   5   10   -0.0000000000
6   14   5   11   -0.0000000001
6   14   5   12   -0.0000000000
6   14   6   13   -0.0000000002
6   14   6   14   0.4347286287
6   14   7   13   0.0131341183
6   14   7   14   0.0000000002
7   8   1   13   -0.0000000000
7   8   1   14   0.0134496925
7   8   2   13   0.0000000000
7   8   2   14   0.0000000006
7   8   3   13   0.0000000000
7   8   3   14   -0.0139528139
7   8   4   13   0.0000000000
7   8   4   14   -0.0000000663
7   8   5   14   0.0019428733
7   8   6   8   -0.0000000001
7   8   6   9   0.0000000001
7   8   6   11   -0.0000000000
7   8   6   12   0.0000000000
7   8   7   8   0.5977859168
7   8   7   9   -0.0000000007
7   8   7   10   0.0051162125
7   8   7   11   0.0000000334
7   8   7   12   -0.0045616618
7   9   1   13   0.0000000000
7   9   1   14   0.0000000006
7   9   2   13   -0.0000000000
7   9   2   14   0.0133266736
7   9   3   13   -0.0000000000
7   9   3   14   -0.0000000707
7   9   4   13   -0.0000000000
7   9   4   14   0.0130967600
7   9   5   13   0.0000000000
7   9   5   14   0.0000000099
7   9   6   8   0.0000000001
7   9   6   9   -0.0000000001
7   9   6   10   0.0000000000
7   9   6   11   0.0000000000
7   9   6   12   0.0000000000
7   9   7   8   -0.0000000007
7   9   7   9   0.5977793109
7   9   7   10   0.0000000260
7   9   7   11   -0.0066080600
7   9   7   12   -0.0000000231
7   10   1   13   0.0000000000
7   10   1   14   -0.0139528139
7   10   2   13   -0.0000000000
7   10   2   14   -0.0000000707
7   10   3   13   -0.0000000000
7   10   3   14   0.0675865194
7   10   4   13   -0.0000000000
7   10   4   14   0.0000000000
7   10   5   13   -0.0000000000
7   10   5   14   -0.0018830534
7   10   6   9   0.0000000000
7   10   6   10   -0.0000000000
7   10   6   11   -0.0000000000
7   10   6   12   -0.0000000000
7   10   7   8   0.0051162125
7   10   7   9   0.0000000260
7   10   7   10   0.4722480498
7   10   7   11   0.0000000005
7   10   7   12   0.0326877148
7   11   1   13   0.0000000000
7   11   1   14   -0.0000000663
7   11   2   13   -0.0000000000
7   11   2   14   0.0130967600
7   11   3   13   -0.0000000000
7   11   3   14   0.0000000000
7   11   4   13   0.0000000000
7   11   4   14   0.0518291148
7   11   5   13   -0.0000000001
7   11   5   14   -0.0000000004
7   11   6   8   -0.0000000000
7   11   6   9   0.0000000000
7   11   6   10   -0.0000000000
7   11   6   11   -0.0000000000
7   11   6   12   0.0000000000
7   11   7   8   0.0000000334
7   11   7   9   -0.0066080600
7   11   7   10   0.0000000005
7   11   7   11   0.4483795528
7   11   7   12   -0.0000000002
7   12   1   14   0.0019428733
7   12   2   13   0.0000000000
7   12   2   14   0.0000000099
7   12   3   13   -0.0000000000
7   12   3   14   -0.0018830534
7   12   4   13   -0.0000000001
7   12   4   14   -0.0000000004
7   12   5   13   -0.0000000000
7   12   5   14   0.0151923663
7   12   6   8   0.0000000000
7   12   6   9   0.0000000000
7   12   6   10   -0.0000000000
7   12   6   11   0.0000000000
7   12   6   12   -0.0000000001
7   12   7   8   -0.0045616618
7   12   7   9   -0.0000000231
7   12   7   10   0.0326877148
7   12   7   11   -0.0000000002
7   12   7   12   0.4437131168
7   13   1   8   -0.0000000000
7   13   1   9   0.0000000000
7   13   1   10   0.0000000000
7   13   2   8   0.0000000000
7   13   2   9   -0.0000000000
7   13   2   11   -0.0000000000
7   13   3   8   0.0000000000
7   13   3   10   0.0000000000
7   13   3   11   -0.0000000001
7   13   3   12   -0.0000000000
7   13   4   9   -0.0000000000
7   13   4   10   -0.0000000001
7   13   4   11   0.0000000000
7   13   4   12   -0.0000000001
7   13   5   10   -0.0000000000
7   13   5   11   -0.0000000001
7   13   5   12   -0.0000000000
7   13   6   13   -0.0000000002
7   13   6   14   0.0131341183
7   13   7   13   0.4347286287
7   13   7   14   0.0000000002
7   14   1   8   0.0107490288
7   14   1   9   0.0000000007
7   14   1   10   -0.0133956274
7   14   1   11   -0.0000000635
7   14   1   12   0.0018266635
7   14   2   8   0.0000000007
7   14   2   9   0.0106184633
7   14   2   10   -0.0000000678
7   14   2   11   0.0125236856
7   14   2   12   0.0000000093
7   14   3   8   -0.0133956274
7   14   3   9   -0.0000000678
7   14   3   10   0.0649099502
7   14   3   11   -0.0000000002
7   14   3   12   -0.0022461984
7   14   4   8   -0.0000000635
7   14   4   9   0.0125236856
7   14   4   10   -0.0000000002
7   14   4   11   0.0508768395
7   14   4   12   -0.0000000005
7   14   5   8   0.0018266635
7   14   5   9   0.0000000093
7   14   5   10   -0.0022461984
7   14   5   11   -0.0000000005
7   14   5   12   0.0139391151
7   14   6   13   0.0120787005
7   14   6   14   0.0000000002
7   14   7   13   0.0000000002
7   14   7   14   0.4599414508

End IJKL Block
Begin ABCD Block
1   4   1   4   0.4556186165
1   4   1   5   0.0000000006
1   4   2   4   0.0000000006
1   4   2   5   0.0171824600
1   4   3   6   0.0203933332
1   5   1   4   0.0000000006
1   5   1   5   0.4215915644
1   5   2   4   0.0168445956
1   5   2   5   -0.0000000006
1   5   3   6   0.0000000000
1   6   1   6   0.4242444945
1   6   2   6   0.0000000005
1   6   3   4   0.0202632520
1   6   3   5   0.0000000001
2   4   1   4   0.0000000006
2   4   1   5   0.0168445956
2   4   2   4   0.4215915644
2   4   2   5   -0.0000000006
2   4   3   6   0.0000000000
2   5   1   4   0.0171824600
2   5   1   5   -0.0000000006
2   5   2   4   -0.0000000006
2   5   2   5   0.4556186165
2   5   3   6   0.0203933331
2   6   1   6   0.0000000005
2   6   2   6   0.4242444942
2   6   3   4   0.0000000001
2   6   3   5   0.0202632520
3   4   1   6   0.0202632520
3   4   2   6   0.0000000001
3   4   3   4   0.4242444945
3   4   3   5   0.0000000005
3   5   1   6   0.0000000001
3   5   2   6   0.0202632520
3   5   3   4   0.0000000005
3   5   3   5   0.4242444942
3   6   1   4   0.0203933332
3   6   1   5   0.0000000000
3   6   2   4   0.0000000000
3   6   2   5   0.0203933331
3   6   3   6   0.4632778956

End ABCD Block
Begin AIJB Block
1   8   1   4   0.0129602781
1   8   2   4   -0.0000000004
1   8   2   5   -0.0000000000
1   8   3   4   -0.0123330053
1   8   3   5   -0.0000000000
1   8   4   4   -0.0000000708
1   8   4   5   0.0000000000
1   8   5   4   0.0032915856
1   8   5   5   0.0000000000
1   8   6   6   -0.0017338058
1   8   7   6   0.0027081994
1   9   1   4   -0.0000000004
1   9   1   5   -0.0000000000
1   9   2   4   0.0130442588
1   9   2   5   0.0000000000
1   9   3   4   -0.0000000625
1   9   3   5   -0.0000000000
1   9   4   4   0.0139861623
1   9   5   4   0.0000000167
1   9   5   5   0.0000000000
1   9   6   6   -0.0000000088
1   9   7   6   0.0000000137
1   10   1   4   -0.0123330053
1   10   1   5   -0.0000000000
1   10   2   4   -0.0000000625
1   10   2   5   -0.0000000000
1   10   3   4   0.0510227891
1   10   3   5   -0.0000000000
1   10   4   4   -0.0000000000
1   10   4   5   0.0000000001
1   10   5   4   -0.0137523912
1   10   5   5   -0.0000000001
1   10   6   6   -0.0262299664
1   10   7   6   0.0409711291
1   11   1   4   -0.0000000708
1   11   1   5   0.0000000000
1   11   2   4   0.0139861623
1   11   3   4   -0.0000000000
1   11   3   5   0.0000000001
1   11   4   4   0.0673290798
1   11   4   5   -0.0000000000
1   11   5   4   0.0000000002
1   11   5   5   -0.0000000000
1   11   6   6   0.0000000002
1   11   7   6   -0.0000000003
1   12   1   4   0.0032915856
1   12   1   5   0.0000000000
1   12   2   4   0.0000000167
1   12   2   5   0.0000000000
1   12   3   4   -0.0137523912
1   12   3   5   -0.0000000001
1   12   4   4   0.0000000002
1   12   4   5   -0.0000000000
1   12   5   4   0.0231166154
1   12   5   5   0.0000000001
1   12   6   6   -0.0675877210
1   12   7   6   0.1055718184
1   13   1   6   0.0026437953
1   13   2   6   0.0000000134
1   13   3   6   -0.0101005423
1   13   4   6   0.0000000002
1   13   5   6   -0.0060980129
1   13   6   4   0.0665172989
1   13   6   5   -0.0745624789
1   13   7   4   -0.0745624768
1   13   7   5   0.0988033706
1   14   1   6   -0.0041296004
1   14   2   6   -0.0000000209
1   14   3   6   0.0157770169
1   14   4   6   0.0000000001
1   14   5   6   0.0095250778
1   14   6   4   -0.0745624768
1   14   6   5   -0.0300723558
1   14   7   4   0.1352483141
1   14   7   5   0.0745624786
2   8   1   5   0.0129602781
2   8   2   4   -0.0000000000
2   8   2   5   -0.0000000004
2   8   3   4   -0.0000000000
2   8   3   5   -0.0123330053
2   8   4   4   0.0000000000
2   8   4   5   -0.0000000708
2   8   5   4   0.0000000000
2   8   5   5   0.0032915856
2   8   6   6   0.0027081994
2   8   7   6   0.0017338058
2   9   1   4   -0.0000000000
2   9   1   5   -0.0000000004
2   9   2   4   0.0000000000
2   9   2   5   0.0130442588
2   9   3   4   -0.0000000000
2   9   3   5   -0.0000000625
2   9   4   5   0.0139861623
2   9   5   4   0.0000000000
2   9   5   5   0.0000000167
2   9   6   6   0.0000000137
2   9   7   6   0.0000000087
2   10   1   4   -0.0000000000
2   10   1   5   -0.0123330053
2   10   2   4   -0.0000000000
2   10   2   5   -0.0000000625
2   10   3   4   -0.0000000000
2   10   3   5   0.0510227891
2   10   4   4   0.0000000001
2   10   4   5   -0.0000000001
2   10   5   4   -0.0000000001
2   10   5   5   -0.0137523911
2   10   6   6   0.0409711291
2   10   7   6   0.0262299664
2   11   1   4   0.0000000000
2   11   1   5   -0.0000000708
2   11   2   5   0.0139861623
2   11   3   4   0.0000000001
2   11   3   5   -0.0000000001
2   11   4   4   -0.0000000000
2   11   4   5   0.0673290798
2   11   5   4   -0.0000000000
2   11   5   5   0.0000000002
2   11   6   6   -0.0000000003
2   11   7   6   -0.0000000002
2   12   1   4   0.0000000000
2   12   1   5   0.0032915856
2   12   2   4   0.0000000000
2   12   2   5   0.0000000167
2   12   3   4   -0.0000000001
2   12   3   5   -0.0137523911
2   12   4   4   -0.0000000000
2   12   4   5   0.0000000002
2   12   5   4   0.0000000001
2   12   5   5   0.0231166153
2   12   6   6   0.1055718183
2   12   7   6   0.0675877212
2   13   1   6   -0.0041296004
2   13   2   6   -0.0000000209
2   13   3   6   0.0157770169
2   13   4   6   -0.0000000003
2   13   5   6   0.0095250779
2   13   6   4   -0.0745624789
2   13   6   5   0.1352483144
2   13   7   4   -0.0300723558
2   13   7   5   0.0745624768
2   14   1   6   -0.0026437953
2   14   2   6   -0.0000000134
2   14   3   6   0.0101005423
2   14   4   6   0.0000000001
2   14   5   6   0.0060980128
2   14   6   4   0.0988033706
2   14   6   5   0.0745624768
2   14   7   4   0.0745624786
2   14   7   5   0.0665172988
3   8   1   6   0.0175551204
3   8   2   6   -0.0000000011
3   8   3   6   -0.0101855978
3   8   4   6   -0.0000000584
3   8   5   6   0.0019804272
3   8   6   4   0.0026437953
3   8   6   5   -0.0041296004
3   8   7   4   -0.0041296004
3   8   7   5   -0.0026437953
3   9   1   6   -0.0000000011
3   9   2   6   0.0177381413
3   9   3   6   -0.0000000515
3   9   4   6   0.0115117524
3   9   5   6   0.0000000100
3   9   6   4   0.0000000134
3   9   6   5   -0.0000000209
3   9   7   4   -0.0000000209
3   9   7   5   -0.0000000134
3   10   1   6   -0.0101855978
3   10   2   6   -0.0000000515
3   10   3   6   0.0641727687
3   10   5   6   0.0404203073
3   10   6   4   -0.0101005423
3   10   6   5   0.0157770169
3   10   7   4   0.0157770169
3   10   7   5   0.0101005423
3   11   1   6   -0.0000000584
3   11   2   6   0.0115117524
3   11   4   6   0.0552246577
3   11   5   6   -0.0000000002
3   11   6   4   0.0000000002
3   11   6   5   -0.0000000003
3   11   7   4   0.0000000001
3   11   7   5   0.0000000001
3   12   1   6   0.0019804272
3   12   2   6   0.0000000100
3   12   3   6   0.0404203073
3   12   4   6   -0.0000000002
3   12   5   6   0.1396994618
3   12   6   4   -0.0060980129
3   12   6   5   0.0095250779
3   12   7   4   0.0095250778
3   12   7   5   0.0060980128
3   13   1   4   -0.0017338058
3   13   1   5   0.0027081994
3   13   2   4   -0.0000000088
3   13   2   5   0.0000000137
3   13   3   4   -0.0262299664
3   13   3   5   0.0409711291
3   13   4   4   0.0000000002
3   13   4   5   -0.0000000003
3   13   5   4   -0.0675877210
3   13   5   5   0.1055718183
3   13   6   6   0.0224105923
3   13   7   6   -0.0000000000
3   14   1   4   0.0027081994
3   14   1   5   0.0017338058
3   14   2   4   0.0000000137
3   14   2   5   0.0000000087
3   14   3   4   0.0409711291
3   14   3   5   0.0262299664
3   14   4   4   -0.0000000003
3   14   4   5   -0.0000000002
3   14   5   4   0.1055718184
3   14   5   5   0.0675877212
3   14   6   6   -0.0000000000
3   14   7   6   0.0224105921

1   8   8   1   -0.5853807616
1   8   8   2   0.0000000001
1   8   9   1   -0.0000000007
1   8   9   2   -0.0000000000
1   8   10   1   -0.0047649457
1   8   11   1   -0.0000000271
1   8   11   2   -0.0000000000
1   8   12   1   0.0020756462
1   8   12   2   0.0000000001
1   8   13   3   -0.0027528946
1   8   14   3   0.0043000131
1   9   8   1   -0.0000000007
1   9   8   2   -0.0000000000
1   9   9   1   -0.5853849515
1   9   9   2   0.0000000001
1   9   10   1   -0.0000000241
1   9   10   2   0.0000000000
1   9   11   1   0.0053406015
1   9   11   2   0.0000000000
1   9   12   1   0.0000000105
1   9   12   2   0.0000000001
1   9   13   3   -0.0000000138
1   9   14   3   0.0000000219
1   10   8   1   -0.0047649457
1   10   9   1   -0.0000000241
1   10   9   2   0.0000000000
1   10   10   1   -0.4618279642
1   10   10   2   0.0000000001
1   10   11   1   0.0000000005
1   10   11   2   0.0000000000
1   10   12   1   -0.0148347842
1   10   12   2   0.0000000000
1   10   13   3   0.0128863340
1   10   14   3   -0.0201284149
1   11   8   1   -0.0000000271
1   11   8   2   -0.0000000000
1   11   9   1   0.0053406015
1   11   9   2   0.0000000000
1   11   10   1   0.0000000005
1   11   10   2   0.0000000000
1   11   11   1   -0.4563771067
1   11   11   2   0.0000000002
1   11   12   1   -0.0000000004
1   11   12   2   0.0000000001
1   11   13   3   0.0000000012
1   11   14   3   0.0000000016
1   12   8   1   0.0020756462
1   12   8   2   0.0000000001
1   12   9   1   0.0000000105
1   12   9   2   0.0000000001
1   12   10   1   -0.0148347842
1   12   10   2   0.0000000000
1   12   11   1   -0.0000000004
1   12   11   2   0.0000000001
1   12   12   1   -0.4461564373
1   12   13   3   0.0073308579
1   12   14   3   -0.0114507781
1   13   8   3   -0.0027303068
1   13   9   3   -0.0000000137
1   13   10   3   0.0130773598
1   13   11   3   0.0000000011
1   13   12   3   0.0085173919
1   13   13   1   -0.4431592084
1   13   13   2   0.0167466514
1   13   14   1   0.0167466491
1   13   14   2   -0.0062577402
1   14   8   3   0.0042647310
1   14   9   3   0.0000000218
1   14   10   3   -0.0204267966
1   14   11   3   0.0000000016
1   14   12   3   -0.0133041407
1   14   13   1   0.0167466491
1   14   13   2   -0.0091791695
1   14   14   1   -0.4585961177
1   14   14   2   -0.0167466507
2   8   8   1   0.0000000001
2   8   8   2   -0.5853807617
2   8   9   1   -0.0000000000
2   8   9   2   -0.0000000007
2   8   10   2   -0.0047649457
2   8   11   1   -0.0000000000
2   8   11   2   -0.0000000271
2   8   12   1   0.0000000001
2   8   12   2   0.0020756462
2   8   13   3   0.0043000131
2   8   14   3   0.0027528946
2   9   8   1   -0.0000000000
2   9   8   2   -0.0000000007
2   9   9   1   0.0000000001
2   9   9   2   -0.5853849516
2   9   10   1   0.0000000000
2   9   10   2   -0.0000000241
2   9   11   1   0.0000000000
2   9   11   2   0.0053406015
2   9   12   1   0.0000000001
2   9   12   2   0.0000000105
2   9   13   3   0.0000000216
2   9   14   3   0.0000000141
2   10   8   2   -0.0047649457
2   10   9   1   0.0000000000
2   10   9   2   -0.0000000241
2   10   10   1   0.0000000001
2   10   10   2   -0.4618279643
2   10   11   1   0.0000000000
2   10   11   2   0.0000000005
2   10   12   1   0.0000000000
2   10   12   2   -0.0148347842
2   10   13   3   -0.0201284152
2   10   14   3   -0.0128863338
2   11   8   1   -0.0000000000
2   11   8   2   -0.0000000271
2   11   9   1   0.0000000000
2   11   9   2   0.0053406015
2   11   10   1   0.0000000000
2   11   10   2   0.0000000005
2   11   11   1   0.0000000002
2   11   11   2   -0.4563771068
2   11   12   1   0.0000000001
2   11   12   2   -0.0000000005
2   11   13   3   -0.0000000015
2   11   14   3   0.0000000013
2   12   8   1   0.0000000001
2   12   8   2   0.0020756462
2   12   9   1   0.0000000001
2   12   9   2   0.0000000105
2   12   10   1   0.0000000000
2   12   10   2   -0.0148347842
2   12   11   1   0.0000000001
2   12   11   2   -0.0000000005
2   12   12   2   -0.4461564373
2   12   13   3   -0.0114507781
2   12   14   3   -0.0073308579
2   13   8   3   0.0042647311
2   13   9   3   0.0000000215
2   13   10   3   -0.0204267969
2   13   11   3   -0.0000000013
2   13   12   3   -0.0133041407
2   13   13   1   0.0167466514
2   13   13   2   -0.4585961190
2   13   14   1   -0.0091791695
2   13   14   2   -0.0167466490
2   14   8   3   0.0027303068
2   14   9   3   0.0000000140
2   14   10   3   -0.0130773595
2   14   11   3   0.0000000013
2   14   12   3   -0.0085173919
2   14   13   1   -0.0062577402
2   14   13   2   -0.0167466490
2   14   14   1   -0.0167466507
2   14   14   2   -0.4431592076
3   8   8   3   -0.6036486997
3   8   9   3   -0.0000000005
3   8   10   3   -0.0047215836
3   8   11   3   -0.0000000426
3   8   12   3   0.0102547432
3   8   13   1   -0.0027303068
3   8   13   2   0.0042647311
3   8   14   1   0.0042647310
3   8   14   2   0.0027303068
3   9   8   3   -0.0000000005
3   9   9   3   -0.6036437884
3   9   10   3   -0.0000000226
3   9   11   3   0.0080924988
3   9   12   3   0.0000000512
3   9   13   1   -0.0000000137
3   9   13   2   0.0000000215
3   9   14   1   0.0000000218
3   9   14   2   0.0000000140
3   10   8   3   -0.0047215836
3   10   9   3   -0.0000000226
3   10   10   3   -0.4787655350
3   10   11   3   0.0000000039
3   10   12   3   -0.0483515702
3   10   13   1   0.0130773598
3   10   13   2   -0.0204267969
3   10   14   1   -0.0204267966
3   10   14   2   -0.0130773595
3   11   8   3   -0.0000000426
3   11   9   3   0.0080924988
3   11   10   3   0.0000000039
3   11   11   3   -0.4486273820
3   11   12   3   -0.0000000057
3   11   13   1   0.0000000011
3   11   13   2   -0.0000000013
3   11   14   1   0.0000000016
3   11   14   2   0.0000000013
3   12   8   3   0.0102547432
3   12   9   3   0.0000000512
3   12   10   3   -0.0483515702
3   12   11   3   -0.0000000057
3   12   12   3   -0.4752418203
3   12   13   1   0.0085173919
3   12   13   2   -0.0133041407
3   12   14   1   -0.0133041407
3   12   14   2   -0.0085173919
3   13   8   1   -0.0027528946
3   13   8   2   0.0043000131
3   13   9   1   -0.0000000138
3   13   9   2   0.0000000216
3   13   10   1   0.0128863340
3   13   10   2   -0.0201284152
3   13   11   1   0.0000000012
3   13   11   2   -0.0000000015
3   13   12   1   0.0073308579
3   13   12   2   -0.0114507781
3   13   13   3   -0.4393784042
3   13   14   3   0.0000000001
3   14   8   1   0.0043000131
3   14   8   2   0.0027528946
3   14   9   1   0.0000000219
3   14   9   2   0.0000000141
3   14   10   1   -0.0201284149
3   14   10   2   -0.0128863338
3   14   11   1   0.0000000016
3   14   11   2   0.0000000013
3   14   12   1   -0.0114507781
3   14   12   2   -0.0073308579
3   14   13   3   0.0000000001
3   14   14   3   -0.4393784027

End AIJB Block
Begin IJKA Block
1   8   1   6   0.0000011782
1   8   2   6   -0.0791899387
1   8   3   6   0.0000001401
1   8   4   6   0.0102240939
1   8   5   6   0.0000001049
1   8   6   4   -0.0000000691
1   8   6   5   0.0000001079
1   8   7   4   0.0000001077
1   8   7   5   0.0000000689
1   9   1   6   -0.0739725137
1   9   2   6   -0.0000004013
1   9   3   6   -0.0138276320
1   9   4   6   0.0000000004
1   9   5   6   -0.0104360701
1   9   6   4   0.0068338975
1   9   6   5   -0.0106745275
1   9   7   4   -0.0106745275
1   9   7   5   -0.0068338975
1   10   1   6   0.0000011337
1   10   2   6   -0.1117434427
1   10   3   6   0.0000000080
1   10   4   6   0.0056100587
1   10   5   6   -0.0000000623
1   10   6   4   0.0000000335
1   10   6   5   -0.0000000523
1   10   7   4   -0.0000000524
1   10   7   5   -0.0000000335
1   11   1   6   0.0666800332
1   11   2   6   0.0000000006
1   11   3   6   0.0004244946
1   11   4   6   0.0000000250
1   11   5   6   -0.0133138361
1   11   6   4   0.0075787076
1   11   6   5   -0.0118379186
1   11   7   4   -0.0118379186
1   11   7   5   -0.0075787076
1   12   1   6   0.0000024597
1   12   2   6   -0.2425395198
1   12   3   6   0.0000000161
1   12   4   6   0.0028606016
1   12   5   6   0.0000000026
1   12   6   4   -0.0000000085
1   12   6   5   0.0000000132
1   12   7   4   0.0000000132
1   12   7   5   0.0000000085
1   13   1   4   -0.0000015336
1   13   1   5   0.0000023954
1   13   2   4   0.1512003404
1   13   2   5   -0.2361744799
1   13   3   4   -0.0000000108
1   13   3   5   0.0000000169
1   13   4   4   -0.0016517446
1   13   4   5   0.0025800202
1   13   5   4   -0.0000000048
1   13   5   5   0.0000000075
1   13   6   6   -0.0000000242
1   13   7   6   0.0000000000
1   14   1   4   0.0000023946
1   14   1   5   0.0000015330
1   14   2   4   -0.2361744800
1   14   2   5   -0.1512003405
1   14   3   4   0.0000000169
1   14   3   5   0.0000000108
1   14   4   4   0.0025800203
1   14   4   5   0.0016517447
1   14   5   4   0.0000000075
1   14   5   5   0.0000000048
1   14   6   6   0.0000000000
1   14   7   6   -0.0000000242
2   8   1   6   -0.0791939945
2   8   2   6   -0.0000004277
2   8   3   6   -0.0137848657
2   8   4   6   0.0000000003
2   8   5   6   -0.0102278745
2   8   6   4   0.0067776650
2   8   6   5   -0.0105866924
2   8   7   4   -0.0105866924
2   8   7   5   -0.0067776650
2   9   1   6   -0.0000004013
2   9   2   6   -0.0740015896
2   9   3   6   -0.0000001400
2   9   4   6   0.0101784553
2   9   5   6   -0.0000001046
2   9   6   4   0.0000000689
2   9   6   5   -0.0000001077
2   9   7   4   -0.0000001079
2   9   7   5   -0.0000000691
2   10   1   6   -0.1117360917
2   10   2   6   -0.0000011326
2   10   3   6   -0.0015717560
2   10   4   6   0.0000000284
2   10   5   6   0.0122554639
2   10   6   4   -0.0065996931
2   10   6   5   0.0103087010
2   10   7   4   0.0103087009
2   10   7   5   0.0065996931
2   11   1   6   0.0000000006
2   11   2   6   0.0666621852
2   11   3   6   0.0000000021
2   11   4   6   -0.0049219237
2   11   5   6   -0.0000000674
2   11   6   4   0.0000000385
2   11   6   5   -0.0000000601
2   11   7   4   -0.0000000601
2   11   7   5   -0.0000000384
2   12   1   6   -0.2425268400
2   12   2   6   -0.0000024592
2   12   3   6   -0.0031782832
2   12   4   6   0.0000000145
2   12   5   6   -0.0004949343
2   12   6   4   0.0016719537
2   12   6   5   -0.0026115866
2   12   7   4   -0.0026115867
2   12   7   5   -0.0016719537
2   13   1   4   0.1511912668
2   13   1   5   -0.2361603069
2   13   2   4   0.0000015328
2   13   2   5   -0.0000023943
2   13   3   4   0.0021345134
2   13   3   5   -0.0033341036
2   13   4   4   -0.0000000084
2   13   4   5   0.0000000131
2   13   5   4   0.0009378698
2   13   5   5   -0.0014649498
2   13   6   6   0.0047729321
2   14   1   4   -0.2361603070
2   14   1   5   -0.1511912669
2   14   2   4   -0.0000023951
2   14   2   5   -0.0000015334
2   14   3   4   -0.0033341036
2   14   3   5   -0.0021345135
2   14   4   4   0.0000000131
2   14   4   5   0.0000000084
2   14   5   4   -0.0014649497
2   14   5   5   -0.0009378697
2   14   7   6   0.0047729321
3   8   1   6   0.0000001448
3   8   2   6   -0.0142491638
3   8   3   6   -0.0000000247
3   8   4   6   0.0059414894
3   8   5   6   -0.0000000781
3   8   6   4   0.0000000386
3   8   6   5   -0.0000000602
3   8   7   4   -0.0000000603
3   8   7   5   -0.0000000386
3   9   1   6   -0.0142853999
3   9   2   6   -0.0000001446
3   9   3   6   0.0048850898
3   9   4   6   0.0000000300
3   9   5   6   0.0153579522
3   9   6   4   -0.0076009850
3   9   6   5   0.0118727159
3   9   7   4   0.0118727159
3   9   7   5   0.0076009850
3   10   1   6   0.0000000068
3   10   2   6   -0.0013381433
3   10   3   6   0.0000000010
3   10   4   6   0.0472479186
3   10   5   6   0.0000000008
3   10   6   4   0.0000000000
3   10   6   5   0.0000000001
3   10   7   4   0.0000000010
3   10   7   5   0.0000000007
3   11   1   6   0.0003044970
3   11   2   6   0.0000000015
3   11   3   6   0.0592796431
3   11   4   6   -0.0000000007
3   11   5   6   0.0562877777
3   11   6   4   -0.0333415576
3   11   6   5   0.0520794133
3   11   7   4   0.0520794132
3   11   7   5   0.0333415575
3   12   1   6   0.0000000160
3   12   2   6   -0.0031393198
3   12   3   6   0.0000000016
3   12   4   6   0.1360688349
3   12   5   6   0.0000000001
3   12   6   4   0.0000000005
3   12   6   5   -0.0000000006
3   12   7   4   0.0000000004
3   12   7   5   0.0000000004
3   13   1   4   -0.0000000107
3   13   1   5   0.0000000167
3   13   2   4   0.0021049149
3   13   2   5   -0.0032878709
3   13   3   4   -0.0000000011
3   13   3   5   0.0000000016
3   13   4   4   -0.0867440153
3   13   4   5   0.1354938927
3   13   5   4   0.0000000002
3   13   5   5   -0.0000000002
3   13   6   6   -0.0000000017
3   13   7   6   0.0000000002
3   14   1   4   0.0000000167
3   14   1   5   0.0000000107
3   14   2   4   -0.0032878709
3   14   2   5   -0.0021049150
3   14   3   4   0.0000000013
3   14   3   5   0.0000000008
3   14   4   4   0.1354938926
3   14   4   5   0.0867440153
3   14   5   4   0.0000000000
3   14   5   5   0.0000000000
3   14   6   6   0.0000000002
3   14   7   6   0.0000000020
4   8   1   6   0.0106188518
4   8   2   6   0.0000000003
4   8   3   6   0.0060449515
4   8   4   6   0.0000000363
4   8   5   6   -0.0154697386
4   8   6   4   0.0073063189
4   8   6   5   -0.0114124483
4   8   7   4   -0.0114124483
4   8   7   5   -0.0073063189
4   9   1   6   0.0000000003
4   9   2   6   0.0105770812
4   9   3   6   0.0000000305
4   9   4   6   -0.0071404337
4   9   5   6   -0.0000000783
4   9   6   4   0.0000000371
4   9   6   5   -0.0000000579
4   9   7   4   -0.0000000579
4   9   7   5   -0.0000000371
4   10   1   6   0.0052121575
4   10   2   6   0.0000000264
4   10   3   6   0.0474048007
4   10   4   6   -0.0000000006
4   10   5   6   0.0208285971
4   10   6   4   -0.0273229306
4   10   6   5   0.0426783359
4   10   7   4   0.0426783357
4   10   7   5   0.0273229305
4   11   1   6   0.0000000231
4   11   2   6   -0.0045441129
4   11   3   6   -0.0000000004
4   11   4   6   0.0151306574
4   11   5   6   -0.0000000001
4   11   6   4   0.0000000006
4   11   6   5   -0.0000000008
4   11   7   4   0.0000000002
4   11   7   5   0.0000000002
4   12   1   6   0.0029221062
4   12   2   6   0.0000000148
4   12   3   6   0.1364820718
4   12   4   6   -0.0000000012
4   12   5   6   -0.0803383334
4   12   6   4   0.0085017109
4   12   6   5   -0.0132796470
4   12   7   4   -0.0132796467
4   12   7   5   -0.0085017106
4   13   1   4   -0.0017687548
4   13   1   5   0.0027627897
4   13   2   4   -0.0000000090
4   13   2   5   0.0000000140
4   13   3   4   -0.0864507356
4   13   3   5   0.1350357907
4   13   4   4   0.0000000005
4   13   4   5   -0.0000000009
4   13   5   4   0.0464412558
4   13   5   5   -0.0725411027
4   13   6   6   0.0131967097
4   13   7   6   -0.0000000000
4   14   1   4   0.0027627898
4   14   1   5   0.0017687549
4   14   2   4   0.0000000141
4   14   2   5   0.0000000090
4   14   3   4   0.1350357907
4   14   3   5   0.0864507357
4   14   4   4   -0.0000000012
4   14   4   5   -0.0000000008
4   14   5   4   -0.0725411026
4   14   5   5   -0.0464412556
4   14   6   6   -0.0000000000
4   14   7   6   0.0131967095
5   8   1   6   0.0000001135
5   8   2   6   -0.0110753428
5   8   3   6   -0.0000000796
5   8   4   6   -0.0158171966
5   8   5   6   0.0000000184
5   8   6   4   -0.0000000060
5   8   6   5   0.0000000093
5   8   7   4   0.0000000092
5   8   7   5   0.0000000059
5   9   1   6   -0.0112655770
5   9   2   6   -0.0000001131
5   9   3   6   0.0156656925
5   9   4   6   -0.0000000801
5   9   5   6   -0.0036149292
5   9   6   4   0.0011740416
5   9   6   5   -0.0018338495
5   9   7   4   -0.0018338495
5   9   7   5   -0.0011740416
5   10   1   6   -0.0000000589
5   10   2   6   0.0115823600
5   10   3   6   0.0000000008
5   10   4   6   0.0193895502
5   10   5   6   0.0000000005
5   10   6   4   0.0000000004
5   10   6   5   -0.0000000005
5   10   7   4   0.0000000004
5   10   7   5   0.0000000003
5   11   1   6   -0.0122894175
5   11   2   6   -0.0000000623
5   11   3   6   0.0545050140
5   11   4   6   -0.0000000002
5   11   5   6   0.0178511678
5   11   6   4   0.0057684081
5   11   6   5   -0.0090102362
5   11   7   4   -0.0090102358
5   11   7   5   -0.0057684078
5   12   1   6   0.0000000017
5   12   2   6   -0.0003178957
5   12   3   6   0.0000000009
5   12   4   6   -0.0814916236
5   12   5   6   0.0000000009
5   12   6   4   0.0000000017
5   12   6   5   -0.0000000020
5   12   7   4   0.0000000022
5   12   7   5   0.0000000018
5   13   1   4   -0.0000000040
5   13   1   5   0.0000000063
5   13   2   4   0.0007915081
5   13   2   5   -0.0012363333
5   13   3   4   -0.0000000001
5   13   3   5   0.0000000001
5   13   4   4   0.0462622311
5   13   4   5   -0.0722614667
5   13   5   4   -0.0000000007
5   13   5   5   0.0000000009
5   13   6   6   -0.0000000042
5   13   7   6   0.0000000006
5   14   1   4   0.0000000064
5   14   1   5   0.0000000041
5   14   2   4   -0.0012363332
5   14   2   5   -0.0007915081
5   14   3   4   -0.0000000002
5   14   3   5   -0.0000000002
5   14   4   4   -0.0722614664
5   14   4   5   -0.0462622308
5   14   5   4   -0.0000000002
5   14   5   5   -0.0000000002
5   14   6   6   0.0000000006
5   14   7   6   0.0000000045
6   8   1   4   -0.0000000755
6   8   1   5   0.0000001179
6   8   2   4   0.0074139792
6   8   2   5   -0.0115806133
6   8   3   4   0.0000000404
6   8   3   5   -0.0000000631
6   8   4   4   0.0076505764
6   8   4   5   -0.0119501775
6   8   5   4   -0.0000000065
6   8   5   5   0.0000000101
6   8   6   6   -0.0000000076
6   8   7   6   -0.0000000000
6   9   1   4   0.0074629433
6   9   1   5   -0.0116570952
6   9   2   4   0.0000000754
6   9   2   5   -0.0000001178
6   9   3   4   -0.0079520261
6   9   3   5   0.0124210410
6   9   4   4   0.0000000388
6   9   4   5   -0.0000000606
6   9   5   4   0.0012698187
6   9   5   5   -0.0019834530
6   9   6   6   0.0015280946
6   9   7   6   -0.0000000000
6   10   1   4   0.0000000329
6   10   1   5   -0.0000000513
6   10   2   4   -0.0064712376
6   10   2   5   0.0101080538
6   10   3   4   -0.0000000002
6   10   3   5   0.0000000003
6   10   4   4   -0.0267928019
6   10   4   5   0.0418502765
6   10   5   4   0.0000000004
6   10   5   5   -0.0000000005
6   10   6   6   0.0000000000
6   10   7   6   0.0000000001
6   11   1   4   0.0071934038
6   11   1   5   -0.0112360753
6   11   2   4   0.0000000365
6   11   2   5   -0.0000000570
6   11   3   4   -0.0320421269
6   11   3   5   0.0500497065
6   11   4   4   0.0000000003
6   11   4   5   -0.0000000005
6   11   5   4   0.0069389490
6   11   5   5   -0.0108386175
6   11   6   6   0.0428920329
6   11   7   6   -0.0000000000
6   12   1   4   -0.0000000077
6   12   1   5   0.0000000121
6   12   2   4   0.0015321895
6   12   2   5   -0.0023932754
6   12   3   4   0.0000000001
6   12   3   5   -0.0000000002
6   12   4   4   0.0091895369
6   12   4   5   -0.0143540292
6   12   5   4   0.0000000006
6   12   5   5   -0.0000000007
6   12   6   6   0.0000000012
6   12   7   6   -0.0000000001
6   13   1   6   -0.0000000223
6   13   2   6   0.0043757123
6   13   3   6   -0.0000000007
6   13   4   6   0.0126425562
6   13   5   6   -0.0000000033
6   13   6   4   -0.0000000011
6   13   6   5   0.0000000017
6   13   7   4   0.0000000008
6   13   7   5   0.0000000005
6   14   1   6   0.0000000000
6   14   3   6   0.0000000001
6   14   4   6   0.0000000000
6   14   5   6   0.0000000005
6   14   6   4   0.0000000007
6   14   6   5   0.0000000003
6   14   7   4   -0.0000000001
6   14   7   5   -0.0000000000
7   8   1   4   0.0000001178
7   8   1   5   0.0000000754
7   8   2   4   -0.0115806132
7   8   2   5   -0.0074139791
7   8   3   4   -0.0000000630
7   8   3   5   -0.0000000404
7   8   4   4   -0.0119501775
7   8   4   5   -0.0076505764
7   8   5   4   0.0000000100
7   8   5   5   0.0000000064
7   8   6   6   -0.0000000000
7   8   7   6   -0.0000000078
7   9   1   4   -0.0116570951
7   9   1   5   -0.0074629433
7   9   2   4   -0.0000001178
7   9   2   5   -0.0000000754
7   9   3   4   0.0124210409
7   9   3   5   0.0079520261
7   9   4   4   -0.0000000607
7   9   4   5   -0.0000000388
7   9   5   4   -0.0019834530
7   9   5   5   -0.0012698187
7   9   6   6   -0.0000000000
7   9   7   6   0.0015280946
7   10   1   4   -0.0000000513
7   10   1   5   -0.0000000328
7   10   2   4   0.0101080537
7   10   2   5   0.0064712376
7   10   3   4   0.0000000006
7   10   3   5   0.0000000004
7   10   4   4   0.0418502764
7   10   4   5   0.0267928018
7   10   5   4   0.0000000003
7   10   5   5   0.0000000003
7   10   6   6   0.0000000001
7   10   7   6   0.0000000010
7   11   1   4   -0.0112360752
7   11   1   5   -0.0071934037
7   11   2   4   -0.0000000570
7   11   2   5   -0.0000000365
7   11   3   4   0.0500497065
7   11   3   5   0.0320421269
7   11   4   4   -0.0000000002
7   11   4   5   -0.0000000001
7   11   5   4   -0.0108386173
7   11   5   5   -0.0069389488
7   11   6   6   -0.0000000000
7   11   7   6   0.0428920326
7   12   1   4   0.0000000121
7   12   1   5   0.0000000078
7   12   2   4   -0.0023932753
7   12   2   5   -0.0015321895
7   12   3   4   0.0000000001
7   12   3   5   0.0000000001
7   12   4   4   -0.0143540290
7   12   4   5   -0.0091895368
7   12   5   4   0.0000000009
7   12   5   5   0.0000000008
7   12   6   6   -0.0000000001
7   12   7   6   0.0000000004
7   13   1   6   0.0000000000
7   13   3   6   0.0000000001
7   13   4   6   0.0000000000
7   13   5   6   0.0000000005
7   13   6   4   0.0000000004
7   13   6   5   0.0000000001
7   13   7   4   -0.0000000004
7   13   7   5   0.0000000005
7   14   1   6   -0.0000000221
7   14   2   6   0.0043757123
7   14   3   6   0.0000000014
7   14   4   6   0.0126425568
7   14   5   6   0.0000000038
7   14   6   4   0.0000000004
7   14   6   5   -0.0000000006
7   14   7   4   0.0000000004
7   14   7   5   0.0000000003

End IJKA Block
Begin IABC Block
1   4   1   6   -0.0000000245
1   4   2   6   0.0000000001
1   4   3   4   0.0000000019
1   4   3   5   0.0000000000
1   5   1   6   0.0000000001
1   5   2   6   -0.0000000245
1   5   3   4   0.0000000000
1   5   3   5   0.0000000018
1   6   1   4   -0.0000000241
1   6   1   5   0.0000000001
1   6   2   4   0.0000000001
1   6   2   5   -0.0000000241
1   6   3   6   -0.0000000320
2   4   1   6   0.0048324317
2   4   3   4   -0.0003589786
2   4   3   5   0.0000000001
2   5   2   6   0.0048324317
2   5   3   4   0.0000000001
2   5   3   5   -0.0003589786
2   6   1   4   0.0047539274
2   6   2   5   0.0047539274
2   6   3   6   0.0063369458
3   4   1   6   0.0000000001
3   4   2   6   0.0000000003
3   4   3   4   0.0000000002
3   4   3   5   -0.0000000002
3   5   1   6   0.0000000003
3   5   2   6   -0.0000000000
3   5   3   4   -0.0000000002
3   5   3   5   0.0000000003
3   6   1   4   -0.0000000002
3   6   1   5   -0.0000000008
3   6   2   4   -0.0000000008
3   6   2   5   0.0000000003
3   6   3   6   0.0000000082
4   4   1   6   0.0150434948
4   4   2   6   -0.0000000000
4   4   3   4   0.0346571637
4   4   3   5   0.0000000000
4   5   1   6   -0.0000000000
4   5   2   6   0.0150434949
4   5   3   4   0.0000000000
4   5   3   5   0.0346571637
4   6   1   4   0.0131478235
4   6   1   5   -0.0000000003
4   6   2   4   -0.0000000003
4   6   2   5   0.0131478237
4   6   3   6   0.0437906033
5   4   1   6   0.0000000011
5   4   2   6   0.0000000038
5   4   3   4   -0.0000000006
5   4   3   5   -0.0000000006
5   5   1   6   0.0000000038
5   5   2   6   -0.0000000012
5   5   3   4   -0.0000000006
5   5   3   5   -0.0000000002
5   6   1   4   0.0000000008
5   6   1   5   0.0000000024
5   6   2   4   0.0000000024
5   6   2   5   -0.0000000007
5   6   3   6   0.0000000031
6   4   1   4   0.0000000004
6   4   1   5   0.0000000001
6   4   2   4   -0.0000000002
6   4   2   5   -0.0000000005
6   4   3   6   0.0000000148
6   5   1   4   0.0000000003
6   5   1   5   -0.0000000002
6   5   2   4   -0.0000000003
6   5   2   5   -0.0000000003
6   5   3   6   -0.0000000176
6   6   1   6   -0.0000000024
6   6   2   6   0.0000000031
6   6   3   4   0.0000000133
6   6   3   5   -0.0000000159
7   4   1   4   -0.0000000005
7   4   1   5   -0.0000000001
7   4   2   4   -0.0000000003
7   4   2   5   -0.0000000002
7   4   3   6   0.0000000174
7   5   1   4   -0.0000000003
7   5   1   5   -0.0000000003
7   5   2   4   -0.0000000000
7   5   2   5   -0.0000000002
7   5   3   6   0.0000000147
7   6   1   6   -0.0000000011
7   6   2   6   -0.0000000011
7   6   3   4   0.0000000152
7   6   3   5   0.0000000129

End IABC Block
