0   1   5   6       0.145230991330
0   1   6   5      -0.145230991328
0   2   4   5      -0.074404211855
0   2   4   6      -0.098212812124
0   2   5   4       0.074404211855
0   2   6   4       0.098212812124
1   0   5   6      -0.145230991330
1   0   6   5       0.145230991328
1   2   4   5       0.098212811236
1   2   4   6      -0.074404211447
1   2   5   4      -0.098212811236
1   2   6   4       0.074404211447
2   0   4   5       0.074404211855
2   0   4   6       0.098212812124
2   0   5   4      -0.074404211855
2   0   6   4      -0.098212812124
2   1   4   5      -0.098212811236
2   1   4   6       0.074404211447
2   1   5   4       0.098212811236
2   1   6   4      -0.074404211447
0   53   5   12      -0.292300802452
0   53   5   13      -0.316757012694
0   53   6   12      -0.316757012567
0   53   6   13      -0.470447610225
0   54   5   12       0.316757020786
0   54   5   13       0.161688907004
0   54   6   13      -0.316757021437
0   55   4   12      -0.201888953792
0   55   4   13      -0.266491390680
0   55   5   11      -0.127484742425
0   55   6   11      -0.168278579199
0   60   6   13       0.055069235989
1   53   5   12       0.316757020796
1   53   6   12       0.161688907007
1   53   6   13      -0.316757021434
1   54   5   12      -0.470447604967
1   54   5   13       0.316757008488
1   54   6   12       0.316757008355
1   54   6   13      -0.292300801640
1   55   4   12       0.266491388171
1   55   4   13      -0.201888952627
1   55   5   11       0.168278577578
1   55   6   11      -0.127484741668
1   61   5   12      -0.055069232728
2   53   4   12      -0.127484742425
2   53   4   13      -0.168278579199
2   53   5   11      -0.201888953792
2   53   6   11      -0.266491390680
2   54   4   12       0.168278577578
2   54   4   13      -0.127484741668
2   54   5   11       0.266491388171
2   54   6   11      -0.201888952627
2   55   4   11      -0.517005569942
2   58   4   11      -0.061484790852
5   55   4   11      -0.061484790852
7   53   6   13       0.055069235989
8   54   5   12      -0.055069232727
0   53   12   5       0.292300802452
0   53   12   6       0.316757012567
0   53   13   5       0.316757012694
0   53   13   6       0.470447610225
0   54   12   5      -0.316757020786
0   54   13   5      -0.161688907004
0   54   13   6       0.316757021437
0   55   11   5       0.127484742425
0   55   11   6       0.168278579199
0   55   12   4       0.201888953792
0   55   13   4       0.266491390680
0   60   13   6      -0.055069235989
1   53   12   5      -0.316757020796
1   53   12   6      -0.161688907007
1   53   13   6       0.316757021434
1   54   12   5       0.470447604967
1   54   12   6      -0.316757008355
1   54   13   5      -0.316757008488
1   54   13   6       0.292300801640
1   55   11   5      -0.168278577578
1   55   11   6       0.127484741668
1   55   12   4      -0.266491388171
1   55   13   4       0.201888952627
1   61   12   5       0.055069232728
2   53   11   5       0.201888953792
2   53   11   6       0.266491390680
2   53   12   4       0.127484742425
2   53   13   4       0.168278579199
2   54   11   5      -0.266491388171
2   54   11   6       0.201888952627
2   54   12   4      -0.168278577578
2   54   13   4       0.127484741668
2   55   11   4       0.517005569942
2   58   11   4       0.061484790852
5   55   11   4       0.061484790852
7   53   13   6      -0.055069235989
8   54   12   5       0.055069232727
53   0   5   12       0.292300802452
53   0   5   13       0.316757012694
53   0   6   12       0.316757012567
53   0   6   13       0.470447610225
53   1   5   12      -0.316757020796
53   1   6   12      -0.161688907007
53   1   6   13       0.316757021434
53   2   4   12       0.127484742425
53   2   4   13       0.168278579199
53   2   5   11       0.201888953792
53   2   6   11       0.266491390680
53   7   6   13      -0.055069235989
54   0   5   12      -0.316757020786
54   0   5   13      -0.161688907004
54   0   6   13       0.316757021437
54   1   5   12       0.470447604967
54   1   5   13      -0.316757008488
54   1   6   12      -0.316757008355
54   1   6   13       0.292300801640
54   2   4   12      -0.168278577578
54   2   4   13       0.127484741668
54   2   5   11      -0.266491388171
54   2   6   11       0.201888952627
54   8   5   12       0.055069232727
55   0   4   12       0.201888953792
55   0   4   13       0.266491390680
55   0   5   11       0.127484742425
55   0   6   11       0.168278579199
55   1   4   12      -0.266491388171
55   1   4   13       0.201888952627
55   1   5   11      -0.168278577578
55   1   6   11       0.127484741668
55   2   4   11       0.517005569942
55   5   4   11       0.061484790852
58   2   4   11       0.061484790852
60   0   6   13      -0.055069235989
61   1   5   12       0.055069232728
53   0   12   5      -0.292300802452
53   0   12   6      -0.316757012567
53   0   13   5      -0.316757012694
53   0   13   6      -0.470447610225
53   1   12   5       0.316757020796
53   1   12   6       0.161688907007
53   1   13   6      -0.316757021434
53   2   11   5      -0.201888953792
53   2   11   6      -0.266491390680
53   2   12   4      -0.127484742425
53   2   13   4      -0.168278579199
53   7   13   6       0.055069235989
54   0   12   5       0.316757020786
54   0   13   5       0.161688907004
54   0   13   6      -0.316757021437
54   1   12   5      -0.470447604967
54   1   12   6       0.316757008355
54   1   13   5       0.316757008488
54   1   13   6      -0.292300801640
54   2   11   5       0.266491388171
54   2   11   6      -0.201888952627
54   2   12   4       0.168278577578
54   2   13   4      -0.127484741668
54   8   12   5      -0.055069232727
55   0   11   5      -0.127484742425
55   0   11   6      -0.168278579199
55   0   12   4      -0.201888953792
55   0   13   4      -0.266491390680
55   1   11   5       0.168278577578
55   1   11   6      -0.127484741668
55   1   12   4       0.266491388171
55   1   13   4      -0.201888952627
55   2   11   4      -0.517005569942
55   5   11   4      -0.061484790852
58   2   11   4      -0.061484790852
60   0   13   6       0.055069235989
61   1   12   5      -0.055069232728
53   54   12   13       0.145230991330
53   54   13   12      -0.145230991328
53   55   11   12      -0.074404211855
53   55   11   13      -0.098212812124
53   55   12   11       0.074404211855
53   55   13   11       0.098212812124
54   53   12   13      -0.145230991330
54   53   13   12       0.145230991328
54   55   11   12       0.098212811236
54   55   11   13      -0.074404211447
54   55   12   11      -0.098212811236
54   55   13   11       0.074404211447
55   53   11   12       0.074404211855
55   53   11   13       0.098212812124
55   53   12   11      -0.074404211855
55   53   13   11      -0.098212812124
55   54   11   12      -0.098212811236
55   54   11   13       0.074404211447
55   54   12   11       0.098212811236
55   54   13   11      -0.074404211447

