Begin IJ Block
1   1   -25.8934378192
1   2   0.0000006004
1   3   0.4798946170
1   4   -0.0002493257
1   5   -0.0445309845
2   2   -25.8935379111
2   3   0.0002430592
2   4   0.4921065980
2   5   -0.0000226031
3   3   -6.7977199908
3   4   0.0000003672
3   5   -0.1856272910
4   4   -6.7934208587
4   5   -0.0000001872
5   5   -6.3099201190
6   6   -6.2753936044
6   7   0.0000000040
7   7   -6.2753936263

End IJ Block
Begin IA Block
1   3   -0.0000287973
2   3   0.0567354331
3   3   0.0000002683
4   3   -0.3519588853
5   3   0.0000002552
6   1   0.0000002145
6   2   -0.0000000721
7   1   0.0000000721
7   2   0.0000002145

End IA Block
Begin AB Block
1   1   -6.1001817404
1   2   0.0000000006
2   2   -6.1001817367
3   3   -6.2910550488

End AB Block
Begin IJAB Block
1   8   1   4   0.0133459457
1   8   1   5   -0.0000000000
1   8   2   4   -0.0000000000
1   8   2   5   0.0133459456
1   8   3   6   0.0154641634
1   9   1   4   -0.0000000139
1   9   2   5   -0.0000000139
1   9   3   6   -0.0000000369
1   10   1   4   0.0137991486
1   10   1   5   0.0000000000
1   10   2   4   0.0000000000
1   10   2   5   0.0137991486
1   10   3   6   0.0144713837
1   11   1   4   -0.0000073564
1   11   2   5   -0.0000073564
1   11   3   6   -0.0000077472
1   12   1   4   -0.0012368933
1   12   1   5   0.0000000000
1   12   2   4   0.0000000000
1   12   2   5   -0.0012368932
1   12   3   6   -0.0006404736
1   13   1   6   0.0024616787
1   13   2   6   -0.0008276436
1   13   3   4   -0.0016183259
1   13   3   5   0.0005440990
1   14   1   6   0.0008276436
1   14   2   6   0.0024616789
1   14   3   4   -0.0005440990
1   14   3   5   -0.0016183255
2   8   1   4   -0.0000000139
2   8   2   5   -0.0000000139
2   8   3   6   -0.0000000369
2   9   1   4   0.0133785039
2   9   1   5   -0.0000000000
2   9   2   4   -0.0000000000
2   9   2   5   0.0133785038
2   9   3   6   0.0155397223
2   10   1   4   0.0000069923
2   10   2   5   0.0000069923
2   10   3   6   0.0000073316
2   11   1   4   0.0145261134
2   11   1   5   0.0000000000
2   11   2   4   0.0000000000
2   11   2   5   0.0145261134
2   11   3   6   0.0152953269
2   12   1   4   -0.0000006280
2   12   2   5   -0.0000006280
2   12   3   6   -0.0000003259
2   13   1   6   0.0000012486
2   13   2   6   -0.0000004198
2   13   3   4   -0.0000008211
2   13   3   5   0.0000002761
2   14   1   6   0.0000004198
2   14   2   6   0.0000012486
2   14   3   4   -0.0000002761
2   14   3   5   -0.0000008211
3   8   1   4   0.0137991486
3   8   1   5   0.0000000000
3   8   2   4   0.0000000000
3   8   2   5   0.0137991486
3   8   3   6   0.0144713837
3   9   1   4   0.0000069923
3   9   2   5   0.0000069923
3   9   3   6   0.0000073316
3   10   1   4   0.0593111212
3   10   1   5   -0.0000000001
3   10   2   4   -0.0000000001
3   10   2   5   0.0593111203
3   10   3   6   0.0642128040
3   11   1   4   0.0000000092
3   11   2   5   0.0000000092
3   11   3   6   0.0000000066
3   12   1   4   -0.0057133772
3   12   1   5   -0.0000000002
3   12   2   4   -0.0000000002
3   12   2   5   -0.0057133788
3   12   3   6   0.0185761934
3   13   1   6   0.0103264647
3   13   2   6   -0.0034718712
3   13   3   4   0.0166251785
3   13   3   5   -0.0055895686
3   14   1   6   0.0034718713
3   14   2   6   0.0103264635
3   14   3   4   0.0055895686
3   14   3   5   0.0166251786
4   8   1   4   -0.0000073564
4   8   2   5   -0.0000073564
4   8   3   6   -0.0000077472
4   9   1   4   0.0145261134
4   9   1   5   0.0000000000
4   9   2   4   0.0000000000
4   9   2   5   0.0145261134
4   9   3   6   0.0152953269
4   10   1   4   0.0000000092
4   10   2   5   0.0000000092
4   10   3   6   0.0000000066
4   11   1   4   0.0651425464
4   11   1   5   -0.0000000001
4   11   2   4   -0.0000000001
4   11   2   5   0.0651425455
4   11   3   6   0.0668643790
4   12   1   4   -0.0000000068
4   12   2   5   -0.0000000068
4   12   3   6   0.0000000075
4   13   1   6   0.0000000072
4   13   2   6   -0.0000000024
4   13   3   4   0.0000000093
4   13   3   5   -0.0000000031
4   14   1   6   0.0000000024
4   14   2   6   0.0000000072
4   14   3   4   0.0000000031
4   14   3   5   0.0000000093
5   8   1   4   -0.0012368933
5   8   1   5   0.0000000000
5   8   2   4   0.0000000000
5   8   2   5   -0.0012368932
5   8   3   6   -0.0006404736
5   9   1   4   -0.0000006280
5   9   2   5   -0.0000006280
5   9   3   6   -0.0000003259
5   10   1   4   -0.0057133772
5   10   1   5   -0.0000000002
5   10   2   4   -0.0000000002
5   10   2   5   -0.0057133788
5   10   3   6   0.0185761934
5   11   1   4   -0.0000000068
5   11   2   5   -0.0000000068
5   11   3   6   0.0000000075
5   12   1   4   0.0223900861
5   12   1   5   -0.0000000001
5   12   2   4   -0.0000000001
5   12   2   5   0.0223900857
5   12   3   6   0.2139601336
5   13   1   6   0.0206776153
5   13   2   6   -0.0069520424
5   13   3   4   0.1697631826
5   13   3   5   -0.0570762561
5   14   1   6   0.0069520424
5   14   2   6   0.0206776143
5   14   3   4   0.0570762561
5   14   3   5   0.1697631813
6   8   1   6   -0.0016183259
6   8   2   6   0.0005440990
6   8   3   4   0.0024616787
6   8   3   5   -0.0008276436
6   9   1   6   -0.0000008211
6   9   2   6   0.0000002761
6   9   3   4   0.0000012486
6   9   3   5   -0.0000004198
6   10   1   6   0.0166251785
6   10   2   6   -0.0055895686
6   10   3   4   0.0103264647
6   10   3   5   -0.0034718712
6   11   1   6   0.0000000093
6   11   2   6   -0.0000000031
6   11   3   4   0.0000000072
6   11   3   5   -0.0000000024
6   12   1   6   0.1697631826
6   12   2   6   -0.0570762561
6   12   3   4   0.0206776153
6   12   3   5   -0.0069520424
6   13   1   4   0.2151765833
6   13   1   5   -0.0642799351
6   13   2   4   -0.0642799351
6   13   2   5   0.0455989693
6   13   3   6   0.0247646516
6   14   1   4   0.0642799347
6   14   1   5   0.1669240861
6   14   2   4   0.0026535414
6   14   2   5   -0.0642799349
6   14   3   6   0.0000000000
7   8   1   6   -0.0005440990
7   8   2   6   -0.0016183255
7   8   3   4   0.0008276436
7   8   3   5   0.0024616789
7   9   1   6   -0.0000002761
7   9   2   6   -0.0000008211
7   9   3   4   0.0000004198
7   9   3   5   0.0000012486
7   10   1   6   0.0055895686
7   10   2   6   0.0166251786
7   10   3   4   0.0034718713
7   10   3   5   0.0103264635
7   11   1   6   0.0000000031
7   11   2   6   0.0000000093
7   11   3   4   0.0000000024
7   11   3   5   0.0000000072
7   12   1   6   0.0570762561
7   12   2   6   0.1697631813
7   12   3   4   0.0069520424
7   12   3   5   0.0206776143
7   13   1   4   0.0642799347
7   13   1   5   0.0026535414
7   13   2   4   0.1669240861
7   13   2   5   -0.0642799349
7   13   3   6   0.0000000000
7   14   1   4   0.0455989693
7   14   1   5   0.0642799353
7   14   2   4   0.0642799353
7   14   2   5   0.2151765843
7   14   3   6   0.0247646514

End IJAB Block
Begin IJKL Block
1   8   1   8   2.1654617575
1   8   1   9   -0.0019826248
1   8   1   10   -0.1982490624
1   8   1   11   0.0003099549
1   8   1   12   0.0140572790
1   8   2   8   -0.0019826248
1   8   2   9   1.9538467062
1   8   2   10   0.0001008519
1   8   2   11   -0.2036659730
1   8   2   12   -0.0000055680
1   8   3   8   -0.1982490624
1   8   3   9   0.0001008519
1   8   3   10   0.0287844228
1   8   3   11   -0.0000299095
1   8   3   12   -0.0016071189
1   8   4   8   0.0003099549
1   8   4   9   -0.2036659730
1   8   4   10   -0.0000299095
1   8   4   11   0.0304723157
1   8   4   12   0.0000028294
1   8   5   8   0.0140572790
1   8   5   9   -0.0000055680
1   8   5   10   -0.0016071189
1   8   5   11   0.0000028294
1   8   5   12   0.0116469940
1   8   6   13   0.0123985335
1   8   6   14   -0.0000000000
1   8   7   13   -0.0000000000
1   8   7   14   0.0123985336
1   9   1   8   -0.0019826248
1   9   1   9   2.1655000771
1   9   1   10   0.0001009437
1   9   1   11   -0.2038893069
1   9   1   12   -0.0000040185
1   9   2   8   1.9538473865
1   9   2   9   0.0019825800
1   9   2   10   -0.1984363730
1   9   2   11   -0.0001034849
1   9   2   12   0.0109922951
1   9   3   8   0.0001008552
1   9   3   9   -0.1982622915
1   9   3   10   -0.0000000393
1   9   3   11   0.0294666853
1   9   3   12   0.0000000034
1   9   4   8   -0.2036608365
1   9   4   9   -0.0001033689
1   9   4   10   0.0294781798
1   9   4   11   0.0000000339
1   9   4   12   -0.0027848134
1   9   5   8   -0.0000055691
1   9   5   9   0.0140493715
1   9   5   10   0.0000000035
1   9   5   11   -0.0027951903
1   9   5   12   0.0000000446
1   9   6   13   0.0000000224
1   9   7   14   0.0000000224
1   10   1   8   -0.1982490624
1   10   1   9   0.0001009437
1   10   1   10   0.5889128847
1   10   1   11   -0.0003869529
1   10   1   12   0.0072859703
1   10   2   8   0.0001008552
1   10   2   9   -0.1984429040
1   10   2   10   -0.0000006075
1   10   2   11   0.3813146689
1   10   2   12   0.0000000486
1   10   3   8   0.0310259901
1   10   3   9   -0.0000000512
1   10   3   10   -0.0081937367
1   10   3   11   0.0000044570
1   10   3   12   0.0008167249
1   10   4   8   -0.0000321359
1   10   4   9   0.0316647283
1   10   4   10   0.0000045495
1   10   4   11   -0.0089317030
1   10   4   12   0.0000002831
1   10   5   8   -0.0016392510
1   10   5   9   0.0000000041
1   10   5   10   0.0029163614
1   10   5   11   0.0000008318
1   10   5   12   0.0138082861
1   10   6   13   0.0141339974
1   10   6   14   -0.0000000000
1   10   7   13   -0.0000000000
1   10   7   14   0.0141339975
1   11   1   8   0.0003099549
1   11   1   9   -0.2038893069
1   11   1   10   -0.0003869529
1   11   1   11   0.5981821485
1   11   1   12   0.0000682749
1   11   2   8   -0.2036608365
1   11   2   9   -0.0001034823
1   11   2   10   0.3813297372
1   11   2   11   0.0000005835
1   11   2   12   -0.0672822280
1   11   3   8   -0.0000321359
1   11   3   9   0.0316681851
1   11   3   10   0.0000045781
1   11   3   11   -0.0091027512
1   11   3   12   -0.0000007177
1   11   4   8   0.0328901826
1   11   4   9   0.0000000441
1   11   4   10   -0.0087016909
1   11   4   11   0.0000045033
1   11   4   12   0.0001354696
1   11   5   8   0.0000029492
1   11   5   9   -0.0029143864
1   11   5   10   0.0000008121
1   11   5   11   -0.0001959218
1   11   5   12   -0.0000066252
1   11   6   13   -0.0000070700
1   11   7   14   -0.0000070700
1   12   1   8   0.0140572790
1   12   1   9   -0.0000040185
1   12   1   10   0.0072859703
1   12   1   11   0.0000682749
1   12   1   12   0.5703729270
1   12   2   8   -0.0000055691
1   12   2   9   0.0109945405
1   12   2   10   0.0000000486
1   12   2   11   -0.0672806691
1   12   2   12   -0.0000000817
1   12   3   8   -0.0016392510
1   12   3   9   0.0000000041
1   12   3   10   0.0008453789
1   12   3   11   -0.0000007318
1   12   3   12   -0.0057722156
1   12   4   8   0.0000029492
1   12   4   9   -0.0029020421
1   12   4   10   0.0000002397
1   12   4   11   0.0001521301
1   12   4   12   0.0000030405
1   12   5   8   0.0138472156
1   12   5   9   0.0000000390
1   12   5   10   0.0145189919
1   12   5   11   -0.0000070305
1   12   5   12   0.0009173028
1   12   6   13   -0.0006929552
1   12   6   14   -0.0000000000
1   12   7   13   -0.0000000000
1   12   7   14   -0.0006929552
1   13   1   13   0.5760685183
1   13   1   14   -0.0000000005
1   13   2   13   -0.0000001005
1   13   2   14   -0.0000000000
1   13   3   13   -0.0061704049
1   13   3   14   0.0000000000
1   13   4   13   0.0000032664
1   13   5   13   0.0019632951
1   13   5   14   -0.0000000000
1   13   6   8   0.0147877973
1   13   6   9   0.0000000183
1   13   6   10   0.0149035322
1   13   6   11   -0.0000075243
1   13   6   12   -0.0008141104
1   13   7   8   -0.0000000000
1   13   7   10   -0.0000000000
1   13   7   12   -0.0000000000
1   14   1   13   -0.0000000005
1   14   1   14   0.5760685209
1   14   2   13   -0.0000000000
1   14   2   14   -0.0000001005
1   14   3   13   0.0000000000
1   14   3   14   -0.0061704052
1   14   4   14   0.0000032664
1   14   5   13   -0.0000000000
1   14   5   14   0.0019632953
1   14   6   8   -0.0000000000
1   14   6   10   -0.0000000000
1   14   6   12   -0.0000000000
1   14   7   8   0.0147877973
1   14   7   9   0.0000000183
1   14   7   10   0.0149035323
1   14   7   11   -0.0000075243
1   14   7   12   -0.0008141103
2   8   1   8   -0.0019826248
2   8   1   9   1.9538473865
2   8   1   10   0.0001008552
2   8   1   11   -0.2036608365
2   8   1   12   -0.0000055691
2   8   2   8   2.1655000771
2   8   2   9   0.0019825800
2   8   2   10   -0.1982622915
2   8   2   11   -0.0001033689
2   8   2   12   0.0140493715
2   8   3   8   0.0001009437
2   8   3   9   -0.1984363730
2   8   3   10   -0.0000000393
2   8   3   11   0.0294781798
2   8   3   12   0.0000000035
2   8   4   8   -0.2038893069
2   8   4   9   -0.0001034849
2   8   4   10   0.0294666853
2   8   4   11   0.0000000339
2   8   4   12   -0.0027951903
2   8   5   8   -0.0000040185
2   8   5   9   0.0109922951
2   8   5   10   0.0000000034
2   8   5   11   -0.0027848134
2   8   5   12   0.0000000446
2   8   6   13   0.0000000224
2   8   7   14   0.0000000224
2   9   1   8   1.9538467062
2   9   1   9   0.0019825800
2   9   1   10   -0.1984429040
2   9   1   11   -0.0001034823
2   9   1   12   0.0109945405
2   9   2   8   0.0019825800
2   9   2   9   2.1655472648
2   9   2   10   -0.0003017834
2   9   2   11   -0.2038852668
2   9   2   12   0.0000182879
2   9   3   8   -0.1984429040
2   9   3   9   -0.0003017834
2   9   3   10   0.0287661019
2   9   3   11   0.0000299029
2   9   3   12   -0.0016107285
2   9   4   8   -0.0001034823
2   9   4   9   -0.2038852668
2   9   4   10   0.0000299029
2   9   4   11   0.0304933736
2   9   4   12   -0.0000028328
2   9   5   8   0.0109945405
2   9   5   9   0.0000182879
2   9   5   10   -0.0016107285
2   9   5   11   -0.0000028328
2   9   5   12   0.0115546816
2   9   6   13   0.0123465263
2   9   6   14   -0.0000000000
2   9   7   13   -0.0000000000
2   9   7   14   0.0123465264
2   10   1   8   0.0001008519
2   10   1   9   -0.1984363730
2   10   1   10   -0.0000006075
2   10   1   11   0.3813297372
2   10   1   12   0.0000000486
2   10   2   8   -0.1982622915
2   10   2   9   -0.0003017834
2   10   2   10   0.5888994716
2   10   2   11   0.0003869156
2   10   2   12   0.0072777146
2   10   3   8   -0.0000000512
2   10   3   9   0.0310246238
2   10   3   10   -0.0000041356
2   10   3   11   -0.0087681651
2   10   3   12   0.0000004140
2   10   4   8   0.0316681851
2   10   4   9   0.0000321291
2   10   4   10   -0.0089511890
2   10   4   11   -0.0000045380
2   10   4   12   -0.0005560081
2   10   5   8   0.0000000041
2   10   5   9   -0.0016441436
2   10   5   10   0.0000014821
2   10   5   11   -0.0016332629
2   10   5   12   0.0000069921
2   10   6   13   0.0000071556
2   10   7   14   0.0000071556
2   11   1   8   -0.2036659730
2   11   1   9   -0.0001034849
2   11   1   10   0.3813146689
2   11   1   11   0.0000005835
2   11   1   12   -0.0672806691
2   11   2   8   -0.0001033689
2   11   2   9   -0.2038852668
2   11   2   10   0.0003869156
2   11   2   11   0.5982009738
2   11   2   12   -0.0000682684
2   11   3   8   0.0316647283
2   11   3   9   0.0000321291
2   11   3   10   -0.0090072451
2   11   3   11   -0.0000046249
2   11   3   12   0.0014157863
2   11   4   8   0.0000000441
2   11   4   9   0.0328979594
2   11   4   10   -0.0000044215
2   11   4   11   -0.0089167812
2   11   4   12   0.0000000697
2   11   5   8   -0.0029020421
2   11   5   9   -0.0000029528
2   11   5   10   -0.0015943924
2   11   5   11   -0.0000001013
2   11   5   12   0.0130735271
2   11   6   13   0.0139480372
2   11   6   14   -0.0000000000
2   11   7   13   -0.0000000000
2   11   7   14   0.0139480372
2   12   1   8   -0.0000055680
2   12   1   9   0.0109922951
2   12   1   10   0.0000000486
2   12   1   11   -0.0672822280
2   12   1   12   -0.0000000817
2   12   2   8   0.0140493715
2   12   2   9   0.0000182879
2   12   2   10   0.0072777146
2   12   2   11   -0.0000682684
2   12   2   12   0.5703730181
2   12   3   8   0.0000000041
2   12   3   9   -0.0016441436
2   12   3   10   0.0000004284
2   12   3   11   0.0014436988
2   12   3   12   -0.0000029222
2   12   4   8   -0.0029143864
2   12   4   9   -0.0000029528
2   12   4   10   -0.0004704074
2   12   4   11   0.0000000783
2   12   4   12   -0.0059983352
2   12   5   8   0.0000000390
2   12   5   9   0.0137619011
2   12   5   10   0.0000073509
2   12   5   11   0.0138709737
2   12   5   12   0.0000004650
2   12   6   13   -0.0000003516
2   12   7   14   -0.0000003516
2   13   1   13   -0.0000001005
2   13   1   14   -0.0000000000
2   13   2   13   0.5760694942
2   13   2   14   -0.0000000005
2   13   3   13   -0.0000031237
2   13   4   13   -0.0064440326
2   13   4   14   0.0000000001
2   13   5   13   0.0000009963
2   13   6   8   0.0000000183
2   13   6   9   0.0147425993
2   13   6   10   0.0000075450
2   13   6   11   0.0148442192
2   13   6   12   -0.0000004133
2   13   7   9   -0.0000000000
2   13   7   11   -0.0000000000
2   14   1   13   -0.0000000000
2   14   1   14   -0.0000001005
2   14   2   13   -0.0000000005
2   14   2   14   0.5760694969
2   14   3   14   -0.0000031237
2   14   4   13   0.0000000001
2   14   4   14   -0.0064440329
2   14   5   14   0.0000009963
2   14   6   9   -0.0000000000
2   14   6   11   -0.0000000000
2   14   7   8   0.0000000183
2   14   7   9   0.0147425994
2   14   7   10   0.0000075450
2   14   7   11   0.0148442193
2   14   7   12   -0.0000004133
3   8   1   8   -0.1982490624
3   8   1   9   0.0001008552
3   8   1   10   0.0310259901
3   8   1   11   -0.0000321359
3   8   1   12   -0.0016392510
3   8   2   8   0.0001009437
3   8   2   9   -0.1984429040
3   8   2   10   -0.0000000512
3   8   2   11   0.0316647283
3   8   2   12   0.0000000041
3   8   3   8   0.5889128847
3   8   3   9   -0.0000006075
3   8   3   10   -0.0081937367
3   8   3   11   0.0000045495
3   8   3   12   0.0029163614
3   8   4   8   -0.0003869529
3   8   4   9   0.3813146689
3   8   4   10   0.0000044570
3   8   4   11   -0.0089317030
3   8   4   12   0.0000008318
3   8   5   8   0.0072859703
3   8   5   9   0.0000000486
3   8   5   10   0.0008167249
3   8   5   11   0.0000002831
3   8   5   12   0.0138082861
3   8   6   13   0.0141339974
3   8   6   14   -0.0000000000
3   8   7   13   -0.0000000000
3   8   7   14   0.0141339975
3   9   1   8   0.0001008519
3   9   1   9   -0.1982622915
3   9   1   10   -0.0000000512
3   9   1   11   0.0316681851
3   9   1   12   0.0000000041
3   9   2   8   -0.1984363730
3   9   2   9   -0.0003017834
3   9   2   10   0.0310246238
3   9   2   11   0.0000321291
3   9   2   12   -0.0016441436
3   9   3   8   -0.0000006075
3   9   3   9   0.5888994716
3   9   3   10   -0.0000041356
3   9   3   11   -0.0089511890
3   9   3   12   0.0000014821
3   9   4   8   0.3813297372
3   9   4   9   0.0003869156
3   9   4   10   -0.0087681651
3   9   4   11   -0.0000045380
3   9   4   12   -0.0016332629
3   9   5   8   0.0000000486
3   9   5   9   0.0072777146
3   9   5   10   0.0000004140
3   9   5   11   -0.0005560081
3   9   5   12   0.0000069921
3   9   6   13   0.0000071556
3   9   7   14   0.0000071556
3   10   1   8   0.0287844228
3   10   1   9   -0.0000000393
3   10   1   10   -0.0081937367
3   10   1   11   0.0000045781
3   10   1   12   0.0008453789
3   10   2   8   -0.0000000393
3   10   2   9   0.0287661019
3   10   2   10   -0.0000041356
3   10   2   11   -0.0090072451
3   10   2   12   0.0000004284
3   10   3   8   -0.0081937367
3   10   3   9   -0.0000041356
3   10   3   10   0.4441653457
3   10   3   11   -0.0000003723
3   10   3   12   0.0188560950
3   10   4   8   0.0000045781
3   10   4   9   -0.0090072451
3   10   4   10   -0.0000003723
3   10   4   11   0.2300301658
3   10   4   12   0.0000000498
3   10   5   8   0.0008453789
3   10   5   9   0.0000004284
3   10   5   10   0.0188560950
3   10   5   11   0.0000000498
3   10   5   12   0.0665038515
3   10   6   13   0.0611282986
3   10   6   14   -0.0000000001
3   10   7   13   -0.0000000001
3   10   7   14   0.0611282994
3   11   1   8   -0.0000299095
3   11   1   9   0.0294666853
3   11   1   10   0.0000044570
3   11   1   11   -0.0091027512
3   11   1   12   -0.0000007318
3   11   2   8   0.0294781798
3   11   2   9   0.0000299029
3   11   2   10   -0.0087681651
3   11   2   11   -0.0000046249
3   11   2   12   0.0014436988
3   11   3   8   0.0000045495
3   11   3   9   -0.0089511890
3   11   3   10   -0.0000003723
3   11   3   11   0.4408037838
3   11   3   12   0.0000000925
3   11   4   8   -0.0087016909
3   11   4   9   -0.0000044215
3   11   4   10   0.2321116135
3   11   4   11   0.0000003511
3   11   4   12   -0.0493576875
3   11   5   8   0.0000002397
3   11   5   9   -0.0004704074
3   11   5   10   0.0000000496
3   11   5   11   0.0018320989
3   11   5   12   -0.0000000080
3   11   6   13   -0.0000000141
3   11   6   14   -0.0000000000
3   11   7   13   -0.0000000000
3   11   7   14   -0.0000000141
3   12   1   8   -0.0016071189
3   12   1   9   0.0000000034
3   12   1   10   0.0008167249
3   12   1   11   -0.0000007177
3   12   1   12   -0.0057722156
3   12   2   8   0.0000000035
3   12   2   9   -0.0016107285
3   12   2   10   0.0000004140
3   12   2   11   0.0014157863
3   12   2   12   -0.0000029222
3   12   3   8   0.0029163614
3   12   3   9   0.0000014821
3   12   3   10   0.0188560950
3   12   3   11   0.0000000925
3   12   3   12   0.4313024266
3   12   4   8   0.0000008121
3   12   4   9   -0.0015943924
3   12   4   10   0.0000000496
3   12   4   11   -0.0492806947
3   12   4   12   -0.0000000478
3   12   5   8   0.0145189919
3   12   5   9   0.0000073509
3   12   5   10   0.0674122710
3   12   5   11   -0.0000000095
3   12   5   12   0.0159561405
3   12   6   13   -0.0010352569
3   12   6   14   -0.0000000001
3   12   7   13   -0.0000000001
3   12   7   14   -0.0010352561
3   13   1   13   -0.0061704049
3   13   1   14   0.0000000000
3   13   2   13   -0.0000031237
3   13   3   13   0.4282947639
3   13   3   14   -0.0000000004
3   13   4   13   -0.0000000624
3   13   4   14   -0.0000000000
3   13   5   13   0.0142923284
3   13   5   14   -0.0000000003
3   13   6   8   0.0149035322
3   13   6   9   0.0000075450
3   13   6   10   0.0624762786
3   13   6   11   -0.0000000132
3   13   6   12   -0.0002674347
3   13   7   8   -0.0000000000
3   13   7   10   -0.0000000001
3   13   7   11   -0.0000000000
3   13   7   12   -0.0000000001
3   14   1   13   0.0000000000
3   14   1   14   -0.0061704052
3   14   2   14   -0.0000031237
3   14   3   13   -0.0000000004
3   14   3   14   0.4282947659
3   14   4   13   -0.0000000000
3   14   4   14   -0.0000000624
3   14   5   13   -0.0000000003
3   14   5   14   0.0142923302
3   14   6   8   -0.0000000000
3   14   6   10   -0.0000000001
3   14   6   11   -0.0000000000
3   14   6   12   -0.0000000001
3   14   7   8   0.0149035323
3   14   7   9   0.0000075450
3   14   7   10   0.0624762793
3   14   7   11   -0.0000000132
3   14   7   12   -0.0002674342
4   8   1   8   0.0003099549
4   8   1   9   -0.2036608365
4   8   1   10   -0.0000321359
4   8   1   11   0.0328901826
4   8   1   12   0.0000029492
4   8   2   8   -0.2038893069
4   8   2   9   -0.0001034823
4   8   2   10   0.0316681851
4   8   2   11   0.0000000441
4   8   2   12   -0.0029143864
4   8   3   8   -0.0003869529
4   8   3   9   0.3813297372
4   8   3   10   0.0000045781
4   8   3   11   -0.0087016909
4   8   3   12   0.0000008121
4   8   4   8   0.5981821485
4   8   4   9   0.0000005835
4   8   4   10   -0.0091027512
4   8   4   11   0.0000045033
4   8   4   12   -0.0001959218
4   8   5   8   0.0000682749
4   8   5   9   -0.0672822280
4   8   5   10   -0.0000007177
4   8   5   11   0.0001354696
4   8   5   12   -0.0000066252
4   8   6   13   -0.0000070700
4   8   7   14   -0.0000070700
4   9   1   8   -0.2036659730
4   9   1   9   -0.0001033689
4   9   1   10   0.0316647283
4   9   1   11   0.0000000441
4   9   1   12   -0.0029020421
4   9   2   8   -0.0001034849
4   9   2   9   -0.2038852668
4   9   2   10   0.0000321291
4   9   2   11   0.0328979594
4   9   2   12   -0.0000029528
4   9   3   8   0.3813146689
4   9   3   9   0.0003869156
4   9   3   10   -0.0090072451
4   9   3   11   -0.0000044215
4   9   3   12   -0.0015943924
4   9   4   8   0.0000005835
4   9   4   9   0.5982009738
4   9   4   10   -0.0000046249
4   9   4   11   -0.0089167812
4   9   4   12   -0.0000001013
4   9   5   8   -0.0672806691
4   9   5   9   -0.0000682684
4   9   5   10   0.0014157863
4   9   5   11   0.0000000697
4   9   5   12   0.0130735271
4   9   6   13   0.0139480372
4   9   6   14   -0.0000000000
4   9   7   13   -0.0000000000
4   9   7   14   0.0139480372
4   10   1   8   -0.0000299095
4   10   1   9   0.0294781798
4   10   1   10   0.0000045495
4   10   1   11   -0.0087016909
4   10   1   12   0.0000002397
4   10   2   8   0.0294666853
4   10   2   9   0.0000299029
4   10   2   10   -0.0089511890
4   10   2   11   -0.0000044215
4   10   2   12   -0.0004704074
4   10   3   8   0.0000044570
4   10   3   9   -0.0087681651
4   10   3   10   -0.0000003723
4   10   3   11   0.2321116135
4   10   3   12   0.0000000496
4   10   4   8   -0.0091027512
4   10   4   9   -0.0000046249
4   10   4   10   0.4408037838
4   10   4   11   0.0000003511
4   10   4   12   0.0018320989
4   10   5   8   -0.0000007318
4   10   5   9   0.0014436988
4   10   5   10   0.0000000925
4   10   5   11   -0.0493576875
4   10   5   12   -0.0000000080
4   10   6   13   -0.0000000141
4   10   6   14   -0.0000000000
4   10   7   13   -0.0000000000
4   10   7   14   -0.0000000141
4   11   1   8   0.0304723157
4   11   1   9   0.0000000339
4   11   1   10   -0.0089317030
4   11   1   11   0.0000045033
4   11   1   12   0.0001521301
4   11   2   8   0.0000000339
4   11   2   9   0.0304933736
4   11   2   10   -0.0000045380
4   11   2   11   -0.0089167812
4   11   2   12   0.0000000783
4   11   3   8   -0.0089317030
4   11   3   9   -0.0000045380
4   11   3   10   0.2300301658
4   11   3   11   0.0000003511
4   11   3   12   -0.0492806947
4   11   4   8   0.0000045033
4   11   4   9   -0.0089167812
4   11   4   10   0.0000003511
4   11   4   11   0.4472084843
4   11   4   12   -0.0000000746
4   11   5   8   0.0001521301
4   11   5   9   0.0000000783
4   11   5   10   -0.0492806947
4   11   5   11   -0.0000000746
4   11   5   12   0.0616430671
4   11   6   13   0.0575247334
4   11   6   14   0.0000000000
4   11   7   13   0.0000000000
4   11   7   14   0.0575247332
4   12   1   8   0.0000028294
4   12   1   9   -0.0027848134
4   12   1   10   0.0000002831
4   12   1   11   0.0001354696
4   12   1   12   0.0000030405
4   12   2   8   -0.0027951903
4   12   2   9   -0.0000028328
4   12   2   10   -0.0005560081
4   12   2   11   0.0000000697
4   12   2   12   -0.0059983352
4   12   3   8   0.0000008318
4   12   3   9   -0.0016332629
4   12   3   10   0.0000000498
4   12   3   11   -0.0493576875
4   12   3   12   -0.0000000478
4   12   4   8   -0.0001959218
4   12   4   9   -0.0000001013
4   12   4   10   0.0018320989
4   12   4   11   -0.0000000746
4   12   4   12   0.4286322941
4   12   5   8   -0.0000070305
4   12   5   9   0.0138709737
4   12   5   10   -0.0000000095
4   12   5   11   0.0619092191
4   12   5   12   0.0000000216
4   12   6   13   -0.0000000005
4   12   7   14   -0.0000000005
4   13   1   13   0.0000032664
4   13   2   13   -0.0064440326
4   13   2   14   0.0000000001
4   13   3   13   -0.0000000624
4   13   3   14   -0.0000000000
4   13   4   13   0.4269122491
4   13   4   14   -0.0000000002
4   13   5   13   0.0000000228
4   13   6   8   -0.0000075243
4   13   6   9   0.0148442192
4   13   6   10   -0.0000000132
4   13   6   11   0.0565385582
4   13   6   12   0.0000000022
4   13   7   9   -0.0000000000
4   13   7   10   -0.0000000000
4   13   7   11   0.0000000001
4   14   1   14   0.0000032664
4   14   2   13   0.0000000001
4   14   2   14   -0.0064440329
4   14   3   13   -0.0000000000
4   14   3   14   -0.0000000624
4   14   4   13   -0.0000000002
4   14   4   14   0.4269122502
4   14   5   14   0.0000000228
4   14   6   9   -0.0000000000
4   14   6   10   -0.0000000000
4   14   6   11   0.0000000001
4   14   7   8   -0.0000075243
4   14   7   9   0.0148442193
4   14   7   10   -0.0000000132
4   14   7   11   0.0565385579
4   14   7   12   0.0000000022
5   8   1   8   0.0140572790
5   8   1   9   -0.0000055691
5   8   1   10   -0.0016392510
5   8   1   11   0.0000029492
5   8   1   12   0.0138472156
5   8   2   8   -0.0000040185
5   8   2   9   0.0109945405
5   8   2   10   0.0000000041
5   8   2   11   -0.0029020421
5   8   2   12   0.0000000390
5   8   3   8   0.0072859703
5   8   3   9   0.0000000486
5   8   3   10   0.0008453789
5   8   3   11   0.0000002397
5   8   3   12   0.0145189919
5   8   4   8   0.0000682749
5   8   4   9   -0.0672806691
5   8   4   10   -0.0000007318
5   8   4   11   0.0001521301
5   8   4   12   -0.0000070305
5   8   5   8   0.5703729270
5   8   5   9   -0.0000000817
5   8   5   10   -0.0057722156
5   8   5   11   0.0000030405
5   8   5   12   0.0009173028
5   8   6   13   -0.0006929552
5   8   6   14   -0.0000000000
5   8   7   13   -0.0000000000
5   8   7   14   -0.0006929552
5   9   1   8   -0.0000055680
5   9   1   9   0.0140493715
5   9   1   10   0.0000000041
5   9   1   11   -0.0029143864
5   9   1   12   0.0000000390
5   9   2   8   0.0109922951
5   9   2   9   0.0000182879
5   9   2   10   -0.0016441436
5   9   2   11   -0.0000029528
5   9   2   12   0.0137619011
5   9   3   8   0.0000000486
5   9   3   9   0.0072777146
5   9   3   10   0.0000004284
5   9   3   11   -0.0004704074
5   9   3   12   0.0000073509
5   9   4   8   -0.0672822280
5   9   4   9   -0.0000682684
5   9   4   10   0.0014436988
5   9   4   11   0.0000000783
5   9   4   12   0.0138709737
5   9   5   8   -0.0000000817
5   9   5   9   0.5703730181
5   9   5   10   -0.0000029222
5   9   5   11   -0.0059983352
5   9   5   12   0.0000004650
5   9   6   13   -0.0000003516
5   9   7   14   -0.0000003516
5   10   1   8   -0.0016071189
5   10   1   9   0.0000000035
5   10   1   10   0.0029163614
5   10   1   11   0.0000008121
5   10   1   12   0.0145189919
5   10   2   8   0.0000000034
5   10   2   9   -0.0016107285
5   10   2   10   0.0000014821
5   10   2   11   -0.0015943924
5   10   2   12   0.0000073509
5   10   3   8   0.0008167249
5   10   3   9   0.0000004140
5   10   3   10   0.0188560950
5   10   3   11   0.0000000496
5   10   3   12   0.0674122710
5   10   4   8   -0.0000007177
5   10   4   9   0.0014157863
5   10   4   10   0.0000000925
5   10   4   11   -0.0492806947
5   10   4   12   -0.0000000095
5   10   5   8   -0.0057722156
5   10   5   9   -0.0000029222
5   10   5   10   0.4313024266
5   10   5   11   -0.0000000478
5   10   5   12   0.0159561405
5   10   6   13   -0.0010352569
5   10   6   14   -0.0000000001
5   10   7   13   -0.0000000001
5   10   7   14   -0.0010352561
5   11   1   8   0.0000028294
5   11   1   9   -0.0027951903
5   11   1   10   0.0000008318
5   11   1   11   -0.0001959218
5   11   1   12   -0.0000070305
5   11   2   8   -0.0027848134
5   11   2   9   -0.0000028328
5   11   2   10   -0.0016332629
5   11   2   11   -0.0000001013
5   11   2   12   0.0138709737
5   11   3   8   0.0000002831
5   11   3   9   -0.0005560081
5   11   3   10   0.0000000498
5   11   3   11   0.0018320989
5   11   3   12   -0.0000000095
5   11   4   8   0.0001354696
5   11   4   9   0.0000000697
5   11   4   10   -0.0493576875
5   11   4   11   -0.0000000746
5   11   4   12   0.0619092191
5   11   5   8   0.0000030405
5   11   5   9   -0.0059983352
5   11   5   10   -0.0000000478
5   11   5   11   0.4286322941
5   11   5   12   0.0000000216
5   11   6   13   -0.0000000005
5   11   7   14   -0.0000000005
5   12   1   8   0.0116469940
5   12   1   9   0.0000000446
5   12   1   10   0.0138082861
5   12   1   11   -0.0000066252
5   12   1   12   0.0009173028
5   12   2   8   0.0000000446
5   12   2   9   0.0115546816
5   12   2   10   0.0000069921
5   12   2   11   0.0130735271
5   12   2   12   0.0000004650
5   12   3   8   0.0138082861
5   12   3   9   0.0000069921
5   12   3   10   0.0665038515
5   12   3   11   -0.0000000080
5   12   3   12   0.0159561405
5   12   4   8   -0.0000066252
5   12   4   9   0.0130735271
5   12   4   10   -0.0000000080
5   12   4   11   0.0616430671
5   12   4   12   0.0000000216
5   12   5   8   0.0009173028
5   12   5   9   0.0000004650
5   12   5   10   0.0159561405
5   12   5   11   0.0000000216
5   12   5   12   0.4382255705
5   12   6   13   0.0138763361
5   12   6   14   0.0000000001
5   12   7   13   0.0000000001
5   12   7   14   0.0138763357
5   13   1   13   0.0019632951
5   13   1   14   -0.0000000000
5   13   2   13   0.0000009963
5   13   3   13   0.0142923284
5   13   3   14   -0.0000000003
5   13   4   13   0.0000000228
5   13   5   13   0.4097187503
5   13   5   14   -0.0000000002
5   13   6   8   -0.0008141104
5   13   6   9   -0.0000004133
5   13   6   10   -0.0002674347
5   13   6   11   0.0000000022
5   13   6   12   0.0104246115
5   13   7   8   -0.0000000000
5   13   7   10   -0.0000000001
5   13   7   12   0.0000000001
5   14   1   13   -0.0000000000
5   14   1   14   0.0019632953
5   14   2   14   0.0000009963
5   14   3   13   -0.0000000003
5   14   3   14   0.0142923302
5   14   4   14   0.0000000228
5   14   5   13   -0.0000000002
5   14   5   14   0.4097187512
5   14   6   8   -0.0000000000
5   14   6   10   -0.0000000001
5   14   6   12   0.0000000001
5   14   7   8   -0.0008141103
5   14   7   9   -0.0000004133
5   14   7   10   -0.0002674342
5   14   7   11   0.0000000022
5   14   7   12   0.0104246110
6   8   1   13   0.0147877973
6   8   1   14   -0.0000000000
6   8   2   13   0.0000000183
6   8   3   13   0.0149035322
6   8   3   14   -0.0000000000
6   8   4   13   -0.0000075243
6   8   5   13   -0.0008141104
6   8   5   14   -0.0000000000
6   8   6   8   0.5760685183
6   8   6   9   -0.0000001005
6   8   6   10   -0.0061704049
6   8   6   11   0.0000032664
6   8   6   12   0.0019632951
6   8   7   8   -0.0000000005
6   8   7   9   -0.0000000000
6   8   7   10   0.0000000000
6   8   7   12   -0.0000000000
6   9   1   13   0.0000000183
6   9   2   13   0.0147425993
6   9   2   14   -0.0000000000
6   9   3   13   0.0000075450
6   9   4   13   0.0148442192
6   9   4   14   -0.0000000000
6   9   5   13   -0.0000004133
6   9   6   8   -0.0000001005
6   9   6   9   0.5760694942
6   9   6   10   -0.0000031237
6   9   6   11   -0.0064440326
6   9   6   12   0.0000009963
6   9   7   8   -0.0000000000
6   9   7   9   -0.0000000005
6   9   7   11   0.0000000001
6   10   1   13   0.0149035322
6   10   1   14   -0.0000000000
6   10   2   13   0.0000075450
6   10   3   13   0.0624762786
6   10   3   14   -0.0000000001
6   10   4   13   -0.0000000132
6   10   4   14   -0.0000000000
6   10   5   13   -0.0002674347
6   10   5   14   -0.0000000001
6   10   6   8   -0.0061704049
6   10   6   9   -0.0000031237
6   10   6   10   0.4282947639
6   10   6   11   -0.0000000624
6   10   6   12   0.0142923284
6   10   7   8   0.0000000000
6   10   7   10   -0.0000000004
6   10   7   11   -0.0000000000
6   10   7   12   -0.0000000003
6   11   1   13   -0.0000075243
6   11   2   13   0.0148442192
6   11   2   14   -0.0000000000
6   11   3   13   -0.0000000132
6   11   3   14   -0.0000000000
6   11   4   13   0.0565385582
6   11   4   14   0.0000000001
6   11   5   13   0.0000000022
6   11   6   8   0.0000032664
6   11   6   9   -0.0064440326
6   11   6   10   -0.0000000624
6   11   6   11   0.4269122491
6   11   6   12   0.0000000228
6   11   7   9   0.0000000001
6   11   7   10   -0.0000000000
6   11   7   11   -0.0000000002
6   12   1   13   -0.0008141104
6   12   1   14   -0.0000000000
6   12   2   13   -0.0000004133
6   12   3   13   -0.0002674347
6   12   3   14   -0.0000000001
6   12   4   13   0.0000000022
6   12   5   13   0.0104246115
6   12   5   14   0.0000000001
6   12   6   8   0.0019632951
6   12   6   9   0.0000009963
6   12   6   10   0.0142923284
6   12   6   11   0.0000000228
6   12   6   12   0.4097187503
6   12   7   8   -0.0000000000
6   12   7   10   -0.0000000003
6   12   7   12   -0.0000000002
6   13   1   8   0.0123985335
6   13   1   9   0.0000000224
6   13   1   10   0.0141339974
6   13   1   11   -0.0000070700
6   13   1   12   -0.0006929552
6   13   2   8   0.0000000224
6   13   2   9   0.0123465263
6   13   2   10   0.0000071556
6   13   2   11   0.0139480372
6   13   2   12   -0.0000003516
6   13   3   8   0.0141339974
6   13   3   9   0.0000071556
6   13   3   10   0.0611282986
6   13   3   11   -0.0000000141
6   13   3   12   -0.0010352569
6   13   4   8   -0.0000070700
6   13   4   9   0.0139480372
6   13   4   10   -0.0000000141
6   13   4   11   0.0575247334
6   13   4   12   -0.0000000005
6   13   5   8   -0.0006929552
6   13   5   9   -0.0000003516
6   13   5   10   -0.0010352569
6   13   5   11   -0.0000000005
6   13   5   12   0.0138763361
6   13   6   13   0.4299643614
6   13   6   14   -0.0000000019
6   13   7   13   -0.0000000019
6   13   7   14   0.0136884715
6   14   1   8   -0.0000000000
6   14   1   10   -0.0000000000
6   14   1   12   -0.0000000000
6   14   2   9   -0.0000000000
6   14   2   11   -0.0000000000
6   14   3   8   -0.0000000000
6   14   3   10   -0.0000000001
6   14   3   11   -0.0000000000
6   14   3   12   -0.0000000001
6   14   4   9   -0.0000000000
6   14   4   10   -0.0000000000
6   14   4   11   0.0000000000
6   14   5   8   -0.0000000000
6   14   5   10   -0.0000000001
6   14   5   12   0.0000000001
6   14   6   13   -0.0000000019
6   14   6   14   0.4077756853
6   14   7   13   0.0085002134
6   14   7   14   0.0000000014
7   8   1   13   -0.0000000000
7   8   1   14   0.0147877973
7   8   2   14   0.0000000183
7   8   3   13   -0.0000000000
7   8   3   14   0.0149035323
7   8   4   14   -0.0000075243
7   8   5   13   -0.0000000000
7   8   5   14   -0.0008141103
7   8   6   8   -0.0000000005
7   8   6   9   -0.0000000000
7   8   6   10   0.0000000000
7   8   6   12   -0.0000000000
7   8   7   8   0.5760685209
7   8   7   9   -0.0000001005
7   8   7   10   -0.0061704052
7   8   7   11   0.0000032664
7   8   7   12   0.0019632953
7   9   1   14   0.0000000183
7   9   2   13   -0.0000000000
7   9   2   14   0.0147425994
7   9   3   14   0.0000075450
7   9   4   13   -0.0000000000
7   9   4   14   0.0148442193
7   9   5   14   -0.0000004133
7   9   6   8   -0.0000000000
7   9   6   9   -0.0000000005
7   9   6   11   0.0000000001
7   9   7   8   -0.0000001005
7   9   7   9   0.5760694969
7   9   7   10   -0.0000031237
7   9   7   11   -0.0064440329
7   9   7   12   0.0000009963
7   10   1   13   -0.0000000000
7   10   1   14   0.0149035323
7   10   2   14   0.0000075450
7   10   3   13   -0.0000000001
7   10   3   14   0.0624762793
7   10   4   13   -0.0000000000
7   10   4   14   -0.0000000132
7   10   5   13   -0.0000000001
7   10   5   14   -0.0002674342
7   10   6   8   0.0000000000
7   10   6   10   -0.0000000004
7   10   6   11   -0.0000000000
7   10   6   12   -0.0000000003
7   10   7   8   -0.0061704052
7   10   7   9   -0.0000031237
7   10   7   10   0.4282947659
7   10   7   11   -0.0000000624
7   10   7   12   0.0142923302
7   11   1   14   -0.0000075243
7   11   2   13   -0.0000000000
7   11   2   14   0.0148442193
7   11   3   13   -0.0000000000
7   11   3   14   -0.0000000132
7   11   4   13   0.0000000001
7   11   4   14   0.0565385579
7   11   5   14   0.0000000022
7   11   6   9   0.0000000001
7   11   6   10   -0.0000000000
7   11   6   11   -0.0000000002
7   11   7   8   0.0000032664
7   11   7   9   -0.0064440329
7   11   7   10   -0.0000000624
7   11   7   11   0.4269122502
7   11   7   12   0.0000000228
7   12   1   13   -0.0000000000
7   12   1   14   -0.0008141103
7   12   2   14   -0.0000004133
7   12   3   13   -0.0000000001
7   12   3   14   -0.0002674342
7   12   4   14   0.0000000022
7   12   5   13   0.0000000001
7   12   5   14   0.0104246110
7   12   6   8   -0.0000000000
7   12   6   10   -0.0000000003
7   12   6   12   -0.0000000002
7   12   7   8   0.0019632953
7   12   7   9   0.0000009963
7   12   7   10   0.0142923302
7   12   7   11   0.0000000228
7   12   7   12   0.4097187512
7   13   1   8   -0.0000000000
7   13   1   10   -0.0000000000
7   13   1   12   -0.0000000000
7   13   2   9   -0.0000000000
7   13   2   11   -0.0000000000
7   13   3   8   -0.0000000000
7   13   3   10   -0.0000000001
7   13   3   11   -0.0000000000
7   13   3   12   -0.0000000001
7   13   4   9   -0.0000000000
7   13   4   10   -0.0000000000
7   13   4   11   0.0000000000
7   13   5   8   -0.0000000000
7   13   5   10   -0.0000000001
7   13   5   12   0.0000000001
7   13   6   13   -0.0000000019
7   13   6   14   0.0085002134
7   13   7   13   0.4077756853
7   13   7   14   0.0000000014
7   14   1   8   0.0123985336
7   14   1   9   0.0000000224
7   14   1   10   0.0141339975
7   14   1   11   -0.0000070700
7   14   1   12   -0.0006929552
7   14   2   8   0.0000000224
7   14   2   9   0.0123465264
7   14   2   10   0.0000071556
7   14   2   11   0.0139480372
7   14   2   12   -0.0000003516
7   14   3   8   0.0141339975
7   14   3   9   0.0000071556
7   14   3   10   0.0611282994
7   14   3   11   -0.0000000141
7   14   3   12   -0.0010352561
7   14   4   8   -0.0000070700
7   14   4   9   0.0139480372
7   14   4   10   -0.0000000141
7   14   4   11   0.0575247332
7   14   4   12   -0.0000000005
7   14   5   8   -0.0006929552
7   14   5   9   -0.0000003516
7   14   5   10   -0.0010352561
7   14   5   11   -0.0000000005
7   14   5   12   0.0138763357
7   14   6   13   0.0136884715
7   14   6   14   0.0000000014
7   14   7   13   0.0000000014
7   14   7   14   0.4299643638

End IJKL Block
Begin ABCD Block
1   4   1   4   0.4272278902
1   4   1   5   0.0000000025
1   4   2   4   0.0000000025
1   4   2   5   0.0163947928
1   4   3   6   0.0177335295
1   5   1   4   0.0000000025
1   5   1   5   0.3957287584
1   5   2   4   0.0151043539
1   5   2   5   -0.0000000021
1   5   3   6   -0.0000000000
1   6   1   6   0.4086896611
1   6   2   6   0.0000000000
1   6   3   4   0.0166976875
1   6   3   5   0.0000000000
2   4   1   4   0.0000000025
2   4   1   5   0.0151043539
2   4   2   4   0.3957287584
2   4   2   5   -0.0000000021
2   4   3   6   -0.0000000000
2   5   1   4   0.0163947928
2   5   1   5   -0.0000000021
2   5   2   4   -0.0000000021
2   5   2   5   0.4272278924
2   5   3   6   0.0177335295
2   6   1   6   0.0000000000
2   6   2   6   0.4086896613
2   6   3   4   0.0000000000
2   6   3   5   0.0166976877
3   4   1   6   0.0166976875
3   4   2   6   0.0000000000
3   4   3   4   0.4086896611
3   4   3   5   0.0000000000
3   5   1   6   0.0000000000
3   5   2   6   0.0166976877
3   5   3   4   0.0000000000
3   5   3   5   0.4086896613
3   6   1   4   0.0177335295
3   6   1   5   -0.0000000000
3   6   2   4   -0.0000000000
3   6   2   5   0.0177335295
3   6   3   6   0.4576257443

End ABCD Block
Begin AIJB Block
1   8   1   4   0.0127795730
1   8   2   4   -0.0000000132
1   8   3   4   0.0128643892
1   8   3   5   0.0000000000
1   8   4   4   -0.0000068337
1   8   5   4   -0.0009915610
1   8   5   5   -0.0000000000
1   8   6   6   -0.0017640981
1   8   7   6   -0.0005931092
1   9   1   4   -0.0000000132
1   9   2   4   0.0128104010
1   9   3   4   0.0000065189
1   9   4   4   0.0134945483
1   9   4   5   0.0000000000
1   9   5   4   -0.0000005033
1   9   6   6   -0.0000008950
1   9   7   6   -0.0000003009
1   10   1   4   0.0128643892
1   10   1   5   0.0000000000
1   10   2   4   0.0000065189
1   10   3   4   0.0592204995
1   10   3   5   -0.0000000000
1   10   4   4   0.0000000072
1   10   5   4   -0.0061219854
1   10   5   5   -0.0000000001
1   10   6   6   0.0153987607
1   10   7   6   0.0051772335
1   11   1   4   -0.0000068337
1   11   2   4   0.0134945483
1   11   2   5   0.0000000000
1   11   3   4   0.0000000072
1   11   4   4   0.0673394323
1   11   4   5   0.0000000000
1   11   5   4   -0.0000000095
1   11   6   6   0.0000000086
1   11   7   6   0.0000000029
1   12   1   4   -0.0009915610
1   12   1   5   -0.0000000000
1   12   2   4   -0.0000005033
1   12   3   4   -0.0061219854
1   12   3   5   -0.0000000001
1   12   4   4   -0.0000000095
1   12   5   4   0.0239723704
1   12   5   5   0.0000000000
1   12   6   6   0.1696442913
1   12   7   6   0.0570362836
1   13   1   6   0.0019756363
1   13   2   6   0.0000010021
1   13   3   6   0.0073524363
1   13   4   6   0.0000000070
1   13   5   6   0.0167842385
1   13   6   4   0.2107257406
1   13   6   5   -0.0622107943
1   13   7   4   0.0622107940
1   13   7   5   -0.0019443669
1   14   1   6   0.0006642307
1   14   2   6   0.0000003369
1   14   3   6   0.0024719703
1   14   4   6   0.0000000024
1   14   5   6   0.0056430463
1   14   6   4   0.0622107940
1   14   6   5   0.1660633706
1   14   7   4   0.0466067497
1   14   7   5   0.0622107946
2   8   1   5   0.0127795730
2   8   2   5   -0.0000000132
2   8   3   4   0.0000000000
2   8   3   5   0.0128643892
2   8   4   5   -0.0000068337
2   8   5   4   -0.0000000000
2   8   5   5   -0.0009915610
2   8   6   6   0.0005931092
2   8   7   6   -0.0017640979
2   9   1   5   -0.0000000132
2   9   2   5   0.0128104010
2   9   3   5   0.0000065189
2   9   4   4   0.0000000000
2   9   4   5   0.0134945483
2   9   5   5   -0.0000005033
2   9   6   6   0.0000003009
2   9   7   6   -0.0000008950
2   10   1   4   0.0000000000
2   10   1   5   0.0128643892
2   10   2   5   0.0000065189
2   10   3   4   -0.0000000000
2   10   3   5   0.0592204993
2   10   4   5   0.0000000072
2   10   5   4   -0.0000000001
2   10   5   5   -0.0061219859
2   10   6   6   -0.0051772335
2   10   7   6   0.0153987615
2   11   1   5   -0.0000068337
2   11   2   4   0.0000000000
2   11   2   5   0.0134945483
2   11   3   5   0.0000000072
2   11   4   4   0.0000000000
2   11   4   5   0.0673394325
2   11   5   5   -0.0000000095
2   11   6   6   -0.0000000029
2   11   7   6   0.0000000086
2   12   1   4   -0.0000000000
2   12   1   5   -0.0009915610
2   12   2   5   -0.0000005033
2   12   3   4   -0.0000000001
2   12   3   5   -0.0061219859
2   12   4   5   -0.0000000095
2   12   5   4   0.0000000000
2   12   5   5   0.0239723704
2   12   6   6   -0.0570362836
2   12   7   6   0.1696442903
2   13   1   6   -0.0006642307
2   13   2   6   -0.0000003369
2   13   3   6   -0.0024719703
2   13   4   6   -0.0000000024
2   13   5   6   -0.0056430463
2   13   6   4   -0.0622107943
2   13   6   5   0.0466067504
2   13   7   4   0.1660633706
2   13   7   5   -0.0622107942
2   14   1   6   0.0019756363
2   14   2   6   0.0000010021
2   14   3   6   0.0073524367
2   14   4   6   0.0000000070
2   14   5   6   0.0167842386
2   14   6   4   -0.0019443669
2   14   6   5   -0.0622107942
2   14   7   4   0.0622107946
2   14   7   5   0.2107257421
3   8   1   6   0.0146932610
3   8   2   6   -0.0000000371
3   8   3   6   0.0133489097
3   8   4   6   -0.0000072045
3   8   5   6   -0.0009929030
3   8   6   4   0.0019756363
3   8   6   5   -0.0006642307
3   8   7   4   0.0006642307
3   8   7   5   0.0019756363
3   9   1   6   -0.0000000371
3   9   2   6   0.0147687639
3   9   3   6   0.0000067630
3   9   4   6   0.0142239683
3   9   5   6   -0.0000005043
3   9   6   4   0.0000010021
3   9   6   5   -0.0000003369
3   9   7   4   0.0000003369
3   9   7   5   0.0000010021
3   10   1   6   0.0133489097
3   10   2   6   0.0000067630
3   10   3   6   0.0615011480
3   10   4   6   0.0000000035
3   10   5   6   0.0150251446
3   10   6   4   0.0073524363
3   10   6   5   -0.0024719703
3   10   7   4   0.0024719703
3   10   7   5   0.0073524367
3   11   1   6   -0.0000072045
3   11   2   6   0.0142239683
3   11   3   6   0.0000000035
3   11   4   6   0.0670845472
3   11   5   6   0.0000000042
3   11   6   4   0.0000000070
3   11   6   5   -0.0000000024
3   11   7   4   0.0000000024
3   11   7   5   0.0000000070
3   12   1   6   -0.0009929030
3   12   2   6   -0.0000005043
3   12   3   6   0.0150251446
3   12   4   6   0.0000000042
3   12   5   6   0.2119534492
3   12   6   4   0.0167842385
3   12   6   5   -0.0056430463
3   12   7   4   0.0056430463
3   12   7   5   0.0167842386
3   13   1   4   -0.0017640981
3   13   1   5   0.0005931092
3   13   2   4   -0.0000008950
3   13   2   5   0.0000003009
3   13   3   4   0.0153987607
3   13   3   5   -0.0051772335
3   13   4   4   0.0000000086
3   13   4   5   -0.0000000029
3   13   5   4   0.1696442913
3   13   5   5   -0.0570362836
3   13   6   6   0.0255492268
3   13   7   6   -0.0000000001
3   14   1   4   -0.0005931092
3   14   1   5   -0.0017640979
3   14   2   4   -0.0000003009
3   14   2   5   -0.0000008950
3   14   3   4   0.0051772335
3   14   3   5   0.0153987615
3   14   4   4   0.0000000029
3   14   4   5   0.0000000086
3   14   5   4   0.0570362836
3   14   5   5   0.1696442903
3   14   6   6   -0.0000000001
3   14   7   6   0.0255492276

1   8   8   1   -0.5530105609
1   8   8   2   0.0000000001
1   8   9   1   -0.0000000769
1   8   10   1   0.0049647722
1   8   10   2   -0.0000000000
1   8   11   1   -0.0000026399
1   8   12   1   -0.0012758835
1   8   12   2   0.0000000000
1   8   13   3   -0.0021499940
1   8   14   3   -0.0007228517
1   9   8   1   -0.0000000769
1   9   9   1   -0.5530105069
1   9   9   2   0.0000000001
1   9   10   1   0.0000025157
1   9   11   1   0.0052128232
1   9   11   2   -0.0000000000
1   9   12   1   -0.0000006471
1   9   13   3   -0.0000010903
1   9   14   3   -0.0000003666
1   10   8   1   0.0049647722
1   10   8   2   -0.0000000000
1   10   9   1   0.0000025157
1   10   10   1   -0.4272949405
1   10   10   2   0.0000000001
1   10   11   1   -0.0000000444
1   10   12   1   -0.0079323543
1   10   12   2   0.0000000001
1   10   13   3   -0.0086868734
1   10   14   3   -0.0029206227
1   11   8   1   -0.0000026399
1   11   9   1   0.0052128232
1   11   9   2   -0.0000000000
1   11   10   1   -0.0000000444
1   11   11   1   -0.4306366764
1   11   11   2   0.0000000000
1   11   12   1   0.0000000058
1   11   13   3   -0.0000000037
1   11   14   3   -0.0000000012
1   12   8   1   -0.0012758835
1   12   8   2   0.0000000000
1   12   9   1   -0.0000006471
1   12   10   1   -0.0079323543
1   12   10   2   0.0000000001
1   12   11   1   0.0000000058
1   12   12   1   -0.4127786211
1   12   12   2   0.0000000000
1   12   13   3   -0.0165649976
1   12   14   3   -0.0055693351
1   13   8   3   -0.0020876694
1   13   9   3   -0.0000010587
1   13   10   3   -0.0090927372
1   13   11   3   -0.0000000056
1   13   12   3   -0.0189803302
1   13   13   1   -0.4473504405
1   13   13   2   0.0116586124
1   13   14   1   -0.0116586124
1   13   14   2   -0.0165855277
1   14   8   3   -0.0007018975
1   14   9   3   -0.0000003559
1   14   10   3   -0.0030570787
1   14   11   3   -0.0000000019
1   14   12   3   -0.0063813966
1   14   13   1   -0.0116586124
1   14   13   2   -0.0141711942
1   14   14   1   -0.4165937279
1   14   14   2   -0.0116586124
2   8   8   1   0.0000000001
2   8   8   2   -0.5530105605
2   8   9   2   -0.0000000769
2   8   10   1   -0.0000000000
2   8   10   2   0.0049647721
2   8   11   2   -0.0000026399
2   8   12   1   0.0000000000
2   8   12   2   -0.0012758835
2   8   13   3   0.0007228517
2   8   14   3   -0.0021499940
2   9   8   2   -0.0000000769
2   9   9   1   0.0000000001
2   9   9   2   -0.5530105065
2   9   10   2   0.0000025157
2   9   11   1   -0.0000000000
2   9   11   2   0.0052128230
2   9   12   2   -0.0000006471
2   9   13   3   0.0000003666
2   9   14   3   -0.0000010903
2   10   8   1   -0.0000000000
2   10   8   2   0.0049647721
2   10   9   2   0.0000025157
2   10   10   1   0.0000000001
2   10   10   2   -0.4272949400
2   10   11   2   -0.0000000444
2   10   12   1   0.0000000001
2   10   12   2   -0.0079323535
2   10   13   3   0.0029206227
2   10   14   3   -0.0086868734
2   11   8   2   -0.0000026399
2   11   9   1   -0.0000000000
2   11   9   2   0.0052128230
2   11   10   2   -0.0000000444
2   11   11   1   0.0000000000
2   11   11   2   -0.4306366763
2   11   12   2   0.0000000058
2   11   13   3   0.0000000012
2   11   14   3   -0.0000000037
2   12   8   1   0.0000000000
2   12   8   2   -0.0012758835
2   12   9   2   -0.0000006471
2   12   10   1   0.0000000001
2   12   10   2   -0.0079323535
2   12   11   2   0.0000000058
2   12   12   1   0.0000000000
2   12   12   2   -0.4127786210
2   12   13   3   0.0055693351
2   12   14   3   -0.0165649975
2   13   8   3   0.0007018975
2   13   9   3   0.0000003559
2   13   10   3   0.0030570787
2   13   11   3   0.0000000019
2   13   12   3   0.0063813966
2   13   13   1   0.0116586124
2   13   13   2   -0.4165937295
2   13   14   1   -0.0141711942
2   13   14   2   0.0116586118
2   14   8   3   -0.0020876694
2   14   9   3   -0.0000010587
2   14   10   3   -0.0090927375
2   14   11   3   -0.0000000056
2   14   12   3   -0.0189803304
2   14   13   1   -0.0165855277
2   14   13   2   0.0116586118
2   14   14   1   -0.0116586124
2   14   14   2   -0.4473504387
3   8   8   3   -0.5803997089
3   8   9   3   -0.0000000461
3   8   10   3   0.0054858354
3   8   11   3   -0.0000030937
3   8   12   3   -0.0051656980
3   8   13   1   -0.0020876694
3   8   13   2   0.0007018975
3   8   14   1   -0.0007018975
3   8   14   2   -0.0020876694
3   9   8   3   -0.0000000461
3   9   9   3   -0.5803976186
3   9   10   3   0.0000027789
3   9   11   3   0.0061071722
3   9   12   3   -0.0000026201
3   9   13   1   -0.0000010587
3   9   13   2   0.0000003559
3   9   14   1   -0.0000003559
3   9   14   2   -0.0000010587
3   10   8   3   0.0054858354
3   10   9   3   0.0000027789
3   10   10   3   -0.4441207528
3   10   11   3   -0.0000000272
3   10   12   3   -0.0234717582
3   10   13   1   -0.0090927372
3   10   13   2   0.0030570787
3   10   14   1   -0.0030570787
3   10   14   2   -0.0090927375
3   11   8   3   -0.0000030937
3   11   9   3   0.0061071722
3   11   10   3   -0.0000000272
3   11   11   3   -0.4427090436
3   11   12   3   -0.0000000082
3   11   13   1   -0.0000000056
3   11   13   2   0.0000000019
3   11   14   1   -0.0000000019
3   11   14   2   -0.0000000056
3   12   8   3   -0.0051656980
3   12   9   3   -0.0000026201
3   12   10   3   -0.0234717582
3   12   11   3   -0.0000000082
3   12   12   3   -0.4630372741
3   12   13   1   -0.0189803302
3   12   13   2   0.0063813966
3   12   14   1   -0.0063813966
3   12   14   2   -0.0189803304
3   13   8   1   -0.0021499940
3   13   8   2   0.0007228517
3   13   9   1   -0.0000010903
3   13   9   2   0.0000003666
3   13   10   1   -0.0086868734
3   13   10   2   0.0029206227
3   13   11   1   -0.0000000037
3   13   11   2   0.0000000012
3   13   12   1   -0.0165649976
3   13   12   2   0.0055693351
3   13   13   3   -0.4265563037
3   13   14   3   0.0000000003
3   14   8   1   -0.0007228517
3   14   8   2   -0.0021499940
3   14   9   1   -0.0000003666
3   14   9   2   -0.0000010903
3   14   10   1   -0.0029206227
3   14   10   2   -0.0086868734
3   14   11   1   -0.0000000012
3   14   11   2   -0.0000000037
3   14   12   1   -0.0055693351
3   14   12   2   -0.0165649975
3   14   13   3   0.0000000003
3   14   14   3   -0.4265563055

End AIJB Block
Begin IJKA Block
1   8   1   6   0.0000489630
1   8   2   6   -0.0330910822
1   8   3   6   -0.0000054103
1   8   4   6   0.0041835567
1   8   5   6   -0.0000128785
1   8   6   4   -0.0000125271
1   8   6   5   0.0000042117
1   8   7   4   -0.0000042117
1   8   7   5   -0.0000125271
1   9   1   6   -0.0303152594
1   9   2   6   -0.0000167804
1   9   3   6   0.0053334088
1   9   4   6   0.0000000075
1   9   5   6   0.0127304232
1   9   6   4   0.0123631356
1   9   6   5   -0.0041566227
1   9   7   4   0.0041566227
1   9   7   5   0.0123631357
1   10   1   6   -0.0000414828
1   10   2   6   0.0408549006
1   10   3   6   0.0000005029
1   10   4   6   -0.0023094312
1   10   5   6   -0.0000067372
1   10   6   4   -0.0000065261
1   10   6   5   0.0000021942
1   10   7   4   -0.0000021942
1   10   7   5   -0.0000065261
1   11   1   6   0.0345503361
1   11   2   6   0.0000000319
1   11   3   6   -0.0006259301
1   11   4   6   0.0000010484
1   11   5   6   0.0141664228
1   11   6   4   0.0135475235
1   11   6   5   -0.0045548270
1   11   7   4   0.0045548270
1   11   7   5   0.0135475235
1   12   1   6   -0.0003240450
1   12   2   6   0.3193423054
1   12   3   6   0.0000017948
1   12   4   6   -0.0034988072
1   12   5   6   0.0000002884
1   12   6   4   0.0000004821
1   12   6   5   -0.0000001621
1   12   7   4   0.0000001621
1   12   7   5   0.0000004821
1   13   1   4   -0.0003208435
1   13   1   5   0.0001078711
1   13   2   4   0.3161913393
1   13   2   5   -0.1063070194
1   13   3   4   0.0000017812
1   13   3   5   -0.0000005989
1   13   4   4   -0.0033723810
1   13   4   5   0.0011338316
1   13   5   4   0.0000006989
1   13   5   5   -0.0000002350
1   13   6   6   -0.0000010474
1   14   1   4   -0.0001078711
1   14   1   5   -0.0003208435
1   14   2   4   0.1063070194
1   14   2   5   0.3161913397
1   14   3   4   0.0000005989
1   14   3   5   0.0000017812
1   14   4   4   -0.0011338317
1   14   4   5   -0.0033723805
1   14   5   4   0.0000002350
1   14   5   5   0.0000006989
1   14   7   6   -0.0000010474
2   8   1   6   -0.0330928307
2   8   2   6   -0.0000181895
2   8   3   6   0.0053223374
2   8   4   6   0.0000000074
2   8   5   6   0.0126509681
2   8   6   4   0.0123264665
2   8   6   5   -0.0041442941
2   8   7   4   0.0041442941
2   8   7   5   0.0123264665
2   9   1   6   -0.0000167813
2   9   2   6   -0.0303260338
2   9   3   6   0.0000054023
2   9   4   6   0.0041759443
2   9   5   6   0.0000128764
2   9   6   4   0.0000125259
2   9   6   5   -0.0000042113
2   9   7   4   0.0000042113
2   9   7   5   0.0000125259
2   10   1   6   0.0408547949
2   10   2   6   0.0000414295
2   10   3   6   -0.0009865411
2   10   4   6   -0.0000011708
2   10   5   6   0.0132549183
2   10   6   4   0.0128408678
2   10   6   5   -0.0043172415
2   10   7   4   0.0043172415
2   10   7   5   0.0128408678
2   11   1   6   0.0000000319
2   11   2   6   0.0345394157
2   11   3   6   -0.0000003166
2   11   4   6   -0.0020705851
2   11   5   6   0.0000071968
2   11   6   4   0.0000068829
2   11   6   5   -0.0000023141
2   11   7   4   0.0000023141
2   11   7   5   0.0000068829
2   12   1   6   0.3193357859
2   12   2   6   0.0003240328
2   12   3   6   -0.0035331716
2   12   4   6   -0.0000017785
2   12   5   6   -0.0005691880
2   12   6   4   -0.0009503653
2   12   6   5   0.0003195233
2   12   7   4   -0.0003195233
2   12   7   5   -0.0009503653
2   13   1   4   0.3161857150
2   13   1   5   -0.1063051284
2   13   2   4   0.0003208405
2   13   2   5   -0.0001078701
2   13   3   4   -0.0035064914
2   13   3   5   0.0011789211
2   13   4   4   -0.0000017143
2   13   4   5   0.0000005764
2   13   5   4   -0.0013768143
2   13   5   5   0.0004629002
2   13   6   6   0.0020629545
2   13   7   6   0.0000000000
2   14   1   4   0.1063051284
2   14   1   5   0.3161857153
2   14   2   4   0.0001078701
2   14   2   5   0.0003208405
2   14   3   4   -0.0011789211
2   14   3   5   -0.0035064910
2   14   4   4   -0.0000005764
2   14   4   5   -0.0000017143
2   14   5   4   -0.0004629002
2   14   5   5   -0.0013768143
2   14   6   6   0.0000000000
2   14   7   6   0.0020629545
3   8   1   6   -0.0000056776
3   8   2   6   0.0055854686
3   8   3   6   -0.0000005794
3   8   4   6   -0.0034067772
3   8   5   6   -0.0000077315
3   8   6   4   -0.0000069560
3   8   6   5   0.0000023387
3   8   7   4   -0.0000023387
3   8   7   5   -0.0000069560
3   9   1   6   0.0055964664
3   9   2   6   0.0000056690
3   9   3   6   0.0011533027
3   9   4   6   -0.0000017253
3   9   5   6   0.0152138022
3   9   6   4   0.0136876806
3   9   6   5   -0.0046019494
3   9   7   4   0.0046019494
3   9   7   5   0.0136876807
3   10   1   6   0.0000004667
3   10   2   6   -0.0009160246
3   10   3   6   -0.0000000452
3   10   4   6   0.0156781800
3   10   5   6   -0.0000000929
3   10   6   4   -0.0000000918
3   10   6   5   0.0000000308
3   10   7   4   -0.0000000308
3   10   7   5   -0.0000000918
3   11   1   6   -0.0005140675
3   11   2   6   -0.0000002601
3   11   3   6   0.0274121114
3   11   4   6   0.0000000217
3   11   5   6   0.0634424346
3   11   6   4   0.0593440492
3   11   6   5   -0.0199521247
3   11   7   4   0.0199521247
3   11   7   5   0.0593440499
3   12   1   6   0.0000019423
3   12   2   6   -0.0038247334
3   12   3   6   -0.0000003275
3   12   4   6   0.2017979689
3   12   5   6   0.0000000300
3   12   6   4   0.0000000050
3   12   6   5   -0.0000000017
3   12   7   4   0.0000000017
3   12   7   5   0.0000000050
3   13   1   4   0.0000019971
3   13   1   5   -0.0000006715
3   13   2   4   -0.0039327559
3   13   2   5   0.0013222359
3   13   3   4   -0.0000003234
3   13   3   5   0.0000001087
3   13   4   4   0.1999934134
3   13   4   5   -0.0672399938
3   13   5   4   0.0000000300
3   13   5   5   -0.0000000101
3   13   6   6   -0.0000000067
3   14   1   4   0.0000006715
3   14   1   5   0.0000019971
3   14   2   4   -0.0013222359
3   14   2   5   -0.0039327555
3   14   3   4   -0.0000001087
3   14   3   5   -0.0000003234
3   14   4   4   0.0672399938
3   14   4   5   0.1999934139
3   14   5   4   0.0000000101
3   14   5   5   0.0000000300
3   14   7   6   -0.0000000067
4   8   1   6   0.0043975202
4   8   2   6   0.0000000068
4   8   3   6   -0.0034676792
4   8   4   6   0.0000012391
4   8   5   6   0.0146811017
4   8   6   4   0.0136392079
4   8   6   5   -0.0045856523
4   8   7   4   0.0045856523
4   8   7   5   0.0136392079
4   9   1   6   0.0000000068
4   9   2   6   0.0043912039
4   9   3   6   -0.0000017564
4   9   4   6   -0.0024521548
4   9   5   6   0.0000074595
4   9   6   4   0.0000069300
4   9   6   5   -0.0000023299
4   9   7   4   0.0000023299
4   9   7   5   0.0000069300
4   10   1   6   -0.0021812219
4   10   2   6   -0.0000011061
4   10   3   6   0.0150357584
4   10   4   6   0.0000000159
4   10   5   6   0.0512605562
4   10   6   4   0.0550636622
4   10   6   5   -0.0185130113
4   10   7   4   0.0185130113
4   10   7   5   0.0550636628
4   11   1   6   0.0000009938
4   11   2   6   -0.0019629407
4   11   3   6   0.0000000206
4   11   4   6   0.0116637176
4   11   5   6   0.0000000888
4   11   6   4   0.0000000876
4   11   6   5   -0.0000000295
4   11   7   4   0.0000000295
4   11   7   5   0.0000000876
4   12   1   6   -0.0038247569
4   12   2   6   -0.0000019447
4   12   3   6   0.2021074046
4   12   4   6   0.0000003127
4   12   5   6   -0.0441241489
4   12   6   4   -0.0051190246
4   12   6   5   0.0017210725
4   12   7   4   -0.0017210726
4   12   7   5   -0.0051190243
4   13   1   4   -0.0038924818
4   13   1   5   0.0013086953
4   13   2   4   -0.0000019793
4   13   2   5   0.0000006655
4   13   3   4   0.1996898338
4   13   3   5   -0.0671379269
4   13   4   4   0.0000003090
4   13   4   5   -0.0000001039
4   13   5   4   -0.0411848372
4   13   5   5   0.0138467969
4   13   6   6   0.0040307919
4   13   7   6   0.0000000000
4   14   1   4   -0.0013086953
4   14   1   5   -0.0038924814
4   14   2   4   -0.0000006655
4   14   2   5   -0.0000019793
4   14   3   4   0.0671379269
4   14   3   5   0.1996898341
4   14   4   4   0.0000001039
4   14   4   5   0.0000003090
4   14   5   4   -0.0138467969
4   14   5   5   -0.0411848369
4   14   6   6   0.0000000000
4   14   7   6   0.0040307918
5   8   1   6   -0.0000149841
5   8   2   6   0.0147274119
5   8   3   6   -0.0000083060
5   8   4   6   0.0158468027
5   8   5   6   0.0000004430
5   8   6   4   0.0000004003
5   8   6   5   -0.0000001346
5   8   7   4   0.0000001346
5   8   7   5   0.0000004003
5   9   1   6   0.0147999553
5   9   2   6   0.0000149778
5   9   3   6   0.0163428035
5   9   4   6   0.0000080511
5   9   5   6   -0.0008727990
5   9   6   4   -0.0007893593
5   9   6   5   0.0002653913
5   9   7   4   -0.0002653913
5   9   7   5   -0.0007893594
5   10   1   6   -0.0000067547
5   10   2   6   0.0132863910
5   10   3   6   -0.0000000950
5   10   4   6   0.0520032282
5   10   5   6   -0.0000000142
5   10   6   4   0.0000000023
5   10   6   5   -0.0000000008
5   10   7   4   0.0000000008
5   10   7   5   0.0000000023
5   11   1   6   0.0140207757
5   11   2   6   0.0000071213
5   11   3   6   0.0641269304
5   11   4   6   0.0000000888
5   11   5   6   0.0159548747
5   11   6   4   -0.0032286777
5   11   6   5   0.0010855169
5   11   7   4   -0.0010855170
5   11   7   5   -0.0032286769
5   12   1   6   0.0000000804
5   12   2   6   -0.0001588147
5   12   3   6   0.0000000298
5   12   4   6   -0.0445747963
5   12   5   6   -0.0000000368
5   12   6   4   0.0000000004
5   12   6   5   -0.0000000001
5   12   7   4   0.0000000001
5   12   7   5   0.0000000004
5   13   1   4   0.0000005230
5   13   1   5   -0.0000001758
5   13   2   4   -0.0010297242
5   13   2   5   0.0003462046
5   13   3   4   0.0000000298
5   13   3   5   -0.0000000100
5   13   4   4   -0.0407185949
5   13   4   5   0.0136900410
5   13   5   4   -0.0000000386
5   13   5   5   0.0000000130
5   13   6   6   -0.0000000016
5   14   1   4   0.0000001758
5   14   1   5   0.0000005230
5   14   2   4   -0.0003462046
5   14   2   5   -0.0010297242
5   14   3   4   0.0000000100
5   14   3   5   0.0000000298
5   14   4   4   -0.0136900410
5   14   4   5   -0.0407185938
5   14   5   4   -0.0000000130
5   14   5   5   -0.0000000386
5   14   7   6   -0.0000000016
6   8   1   4   -0.0000147643
6   8   1   5   0.0000049639
6   8   2   4   0.0145328522
6   8   2   5   -0.0048861054
6   8   3   4   -0.0000076019
6   8   3   5   0.0000025558
6   8   4   4   0.0149155799
6   8   4   5   -0.0050147826
6   8   5   4   0.0000005934
6   8   5   5   -0.0000001995
6   8   6   6   -0.0000003633
6   9   1   4   0.0145629147
6   9   1   5   -0.0048962127
6   9   2   4   0.0000147597
6   9   2   5   -0.0000049624
6   9   3   4   0.0149574959
6   9   3   5   -0.0050288753
6   9   4   4   0.0000075780
6   9   4   5   -0.0000025478
6   9   5   4   -0.0011699574
6   9   5   5   0.0003933526
6   9   6   6   0.0007177399
6   9   7   6   -0.0000000000
6   10   1   4   -0.0000066228
6   10   1   5   0.0000022267
6   10   2   4   0.0130281402
6   10   2   5   -0.0043802046
6   10   3   4   -0.0000000934
6   10   3   5   0.0000000314
6   10   4   4   0.0554478111
6   10   4   5   -0.0186421663
6   10   5   4   0.0000000049
6   10   5   5   -0.0000000017
6   10   6   6   -0.0000000213
6   11   1   4   0.0135593972
6   11   1   5   -0.0045588191
6   11   2   4   0.0000068875
6   11   2   5   -0.0000023156
6   11   3   4   0.0591609071
6   11   3   5   -0.0198905502
6   11   4   4   0.0000000863
6   11   4   5   -0.0000000290
6   11   5   4   -0.0051146910
6   11   5   5   0.0017196154
6   11   6   6   0.0229013742
6   11   7   6   -0.0000000001
6   12   1   4   0.0000003365
6   12   1   5   -0.0000001131
6   12   2   4   -0.0006631822
6   12   2   5   0.0002229692
6   12   3   4   0.0000000053
6   12   3   5   -0.0000000018
6   12   4   4   -0.0060928906
6   12   4   5   0.0020484970
6   12   5   4   -0.0000000020
6   12   5   5   0.0000000007
6   12   6   6   -0.0000000480
6   12   7   6   -0.0000000000
6   13   1   6   -0.0000009537
6   13   2   6   0.0018780841
6   13   3   6   -0.0000000077
6   13   4   6   0.0047057840
6   13   5   6   -0.0000000088
6   13   6   4   -0.0000000615
6   13   6   5   0.0000000207
6   13   7   4   -0.0000000018
6   13   7   5   -0.0000000054
6   14   2   6   -0.0000000000
6   14   4   6   -0.0000000001
6   14   6   4   -0.0000000170
6   14   6   5   -0.0000000507
6   14   7   4   -0.0000000056
6   14   7   5   0.0000000018
7   8   1   4   -0.0000049639
7   8   1   5   -0.0000147643
7   8   2   4   0.0048861054
7   8   2   5   0.0145328524
7   8   3   4   -0.0000025558
7   8   3   5   -0.0000076019
7   8   4   4   0.0050147826
7   8   4   5   0.0149155799
7   8   5   4   0.0000001995
7   8   5   5   0.0000005934
7   8   7   6   -0.0000003633
7   9   1   4   0.0048962127
7   9   1   5   0.0145629148
7   9   2   4   0.0000049624
7   9   2   5   0.0000147597
7   9   3   4   0.0050288753
7   9   3   5   0.0149574959
7   9   4   4   0.0000025478
7   9   4   5   0.0000075780
7   9   5   4   -0.0003933526
7   9   5   5   -0.0011699575
7   9   6   6   -0.0000000000
7   9   7   6   0.0007177399
7   10   1   4   -0.0000022267
7   10   1   5   -0.0000066228
7   10   2   4   0.0043802046
7   10   2   5   0.0130281403
7   10   3   4   -0.0000000314
7   10   3   5   -0.0000000934
7   10   4   4   0.0186421663
7   10   4   5   0.0554478113
7   10   5   4   0.0000000017
7   10   5   5   0.0000000049
7   10   7   6   -0.0000000213
7   11   1   4   0.0045588191
7   11   1   5   0.0135593973
7   11   2   4   0.0000023156
7   11   2   5   0.0000068875
7   11   3   4   0.0198905502
7   11   3   5   0.0591609075
7   11   4   4   0.0000000290
7   11   4   5   0.0000000863
7   11   5   4   -0.0017196154
7   11   5   5   -0.0051146899
7   11   6   6   -0.0000000001
7   11   7   6   0.0229013747
7   12   1   4   0.0000001131
7   12   1   5   0.0000003365
7   12   2   4   -0.0002229692
7   12   2   5   -0.0006631821
7   12   3   4   0.0000000018
7   12   3   5   0.0000000053
7   12   4   4   -0.0020484970
7   12   4   5   -0.0060928900
7   12   5   4   -0.0000000007
7   12   5   5   -0.0000000020
7   12   6   6   -0.0000000000
7   12   7   6   -0.0000000480
7   13   2   6   -0.0000000000
7   13   4   6   -0.0000000001
7   13   6   4   -0.0000000019
7   13   6   5   -0.0000000056
7   13   7   4   -0.0000000507
7   13   7   5   0.0000000170
7   14   1   6   -0.0000009537
7   14   2   6   0.0018780842
7   14   3   6   -0.0000000077
7   14   4   6   0.0047057848
7   14   5   6   -0.0000000088
7   14   6   4   -0.0000000054
7   14   6   5   0.0000000018
7   14   7   4   -0.0000000207
7   14   7   5   -0.0000000615

End IJKA Block
Begin IABC Block
1   4   1   6   -0.0000010366
1   4   3   4   -0.0000001666
1   5   2   6   -0.0000010366
1   5   3   5   -0.0000001666
1   6   1   4   -0.0000009970
1   6   2   5   -0.0000009970
1   6   3   6   -0.0000019925
2   4   1   6   0.0020431542
2   4   3   4   0.0003277441
2   5   2   6   0.0020431542
2   5   3   5   0.0003277441
2   6   1   4   0.0019651691
2   6   1   5   0.0000000000
2   6   2   4   0.0000000000
2   6   2   5   0.0019651691
2   6   3   6   0.0039269951
3   4   1   6   -0.0000000054
3   4   3   4   -0.0000000120
3   5   2   6   -0.0000000054
3   5   3   5   -0.0000000120
3   6   1   4   -0.0000000039
3   6   2   5   -0.0000000039
3   6   3   6   -0.0000000208
4   4   1   6   0.0074140981
4   4   2   6   0.0000000001
4   4   3   4   0.0211163910
4   4   3   5   0.0000000001
4   5   1   6   0.0000000001
4   5   2   6   0.0074140987
4   5   3   4   0.0000000001
4   5   3   5   0.0211163915
4   6   1   4   0.0055756551
4   6   1   5   -0.0000000001
4   6   2   4   -0.0000000001
4   6   2   5   0.0055756547
4   6   3   6   0.0297397145
5   4   1   6   -0.0000000047
5   4   3   4   0.0000000372
5   5   2   6   -0.0000000047
5   5   3   5   0.0000000372
5   6   1   4   -0.0000000019
5   6   2   5   -0.0000000019
5   6   3   6   0.0000000114
6   4   1   4   0.0000000479
6   4   1   5   -0.0000000008
6   4   2   4   -0.0000000138
6   4   2   5   0.0000000042
6   4   3   6   0.0000000086
6   5   1   4   -0.0000000014
6   5   1   5   0.0000000412
6   5   2   4   0.0000000024
6   5   2   5   -0.0000000161
6   5   3   6   -0.0000000029
6   6   1   6   0.0000000211
6   6   2   6   -0.0000000071
6   6   3   4   0.0000000003
6   6   3   5   -0.0000000001
7   4   1   4   0.0000000161
7   4   1   5   0.0000000024
7   4   2   4   0.0000000412
7   4   2   5   0.0000000014
7   4   3   6   0.0000000029
7   5   1   4   0.0000000042
7   5   1   5   0.0000000138
7   5   2   4   0.0000000008
7   5   2   5   0.0000000478
7   5   3   6   0.0000000086
7   6   1   6   0.0000000071
7   6   2   6   0.0000000211
7   6   3   4   0.0000000001
7   6   3   5   0.0000000003

End IABC Block
