0   53   5   12      -0.074279541963
0   53   5   13      -0.064741816272
0   53   6   12      -0.064741816272
0   53   6   13      -0.116900135212
0   54   5   12       0.064741830254
0   54   6   13      -0.064741829964
1   53   5   12       0.064741830254
1   53   6   13      -0.064741829964
1   54   5   12      -0.116900136440
1   54   5   13       0.064741816849
1   54   6   12       0.064741816849
1   54   6   13      -0.074279542253
0   53   12   5       0.074279541963
0   53   12   6       0.064741816272
0   53   13   5       0.064741816272
0   53   13   6       0.116900135212
0   54   12   5      -0.064741830254
0   54   13   6       0.064741829964
1   53   12   5      -0.064741830254
1   53   13   6       0.064741829964
1   54   12   5       0.116900136440
1   54   12   6      -0.064741816849
1   54   13   5      -0.064741816849
1   54   13   6       0.074279542253
53   0   5   12       0.074279541963
53   0   5   13       0.064741816272
53   0   6   12       0.064741816272
53   0   6   13       0.116900135212
53   1   5   12      -0.064741830254
53   1   6   13       0.064741829964
54   0   5   12      -0.064741830254
54   0   6   13       0.064741829964
54   1   5   12       0.116900136440
54   1   5   13      -0.064741816849
54   1   6   12      -0.064741816849
54   1   6   13       0.074279542253
53   0   12   5      -0.074279541963
53   0   12   6      -0.064741816272
53   0   13   5      -0.064741816272
53   0   13   6      -0.116900135212
53   1   12   5       0.064741830254
53   1   13   6      -0.064741829964
54   0   12   5       0.064741830254
54   0   13   6      -0.064741829964
54   1   12   5      -0.116900136440
54   1   12   6       0.064741816849
54   1   13   5       0.064741816849
54   1   13   6      -0.074279542253

