0   1   5   6      -0.054461739107
0   1   6   5       0.054461741020
1   0   5   6       0.054461739107
1   0   6   5      -0.054461741020
0   103   5   12      -0.432236171434
0   103   6   13      -0.052181519927
0   104   5   13       0.162796446182
0   104   6   12       0.217258187727
0   105   4   12      -0.127589049468
0   105   5   11      -0.115671442875
1   103   5   13       0.217258192279
1   103   6   12       0.162796444751
1   104   5   12      -0.052181519982
1   104   6   13      -0.432236171041
1   105   4   13       0.127589048504
1   105   6   11       0.115671441564
2   103   4   12      -0.115671442875
2   103   5   11      -0.127589049468
2   104   4   13       0.115671441564
2   104   6   11       0.127589048504
2   105   4   11      -0.224428980810
0   103   12   5       0.432236171434
0   103   13   6       0.052181519927
0   104   12   6      -0.217258187727
0   104   13   5      -0.162796446182
0   105   11   5       0.115671442875
0   105   12   4       0.127589049468
1   103   12   6      -0.162796444751
1   103   13   5      -0.217258192279
1   104   12   5       0.052181519982
1   104   13   6       0.432236171041
1   105   11   6      -0.115671441564
1   105   13   4      -0.127589048504
2   103   11   5       0.127589049468
2   103   12   4       0.115671442875
2   104   11   6      -0.127589048504
2   104   13   4      -0.115671441564
2   105   11   4       0.224428980810
2   106   4   11       0.053498695430
2   106   11   4      -0.053498695430
3   105   4   11       0.053498695430
3   105   11   4      -0.053498695430
103   0   5   12       0.432236171434
103   0   6   13       0.052181519927
103   1   5   13      -0.217258192279
103   1   6   12      -0.162796444751
103   2   4   12       0.115671442875
103   2   5   11       0.127589049468
104   0   5   13      -0.162796446182
104   0   6   12      -0.217258187727
104   1   5   12       0.052181519982
104   1   6   13       0.432236171041
104   2   4   13      -0.115671441564
104   2   6   11      -0.127589048504
105   0   4   12       0.127589049468
105   0   5   11       0.115671442875
105   1   4   13      -0.127589048504
105   1   6   11      -0.115671441564
105   2   4   11       0.224428980810
103   0   12   5      -0.432236171434
103   0   13   6      -0.052181519927
103   1   12   6       0.162796444751
103   1   13   5       0.217258192279
103   2   11   5      -0.127589049468
103   2   12   4      -0.115671442875
104   0   12   6       0.217258187727
104   0   13   5       0.162796446182
104   1   12   5      -0.052181519982
104   1   13   6      -0.432236171041
104   2   11   6       0.127589048504
104   2   13   4       0.115671441564
105   0   11   5      -0.115671442875
105   0   12   4      -0.127589049468
105   1   11   6       0.115671441564
105   1   13   4       0.127589048504
105   2   11   4      -0.224428980810
105   3   4   11      -0.053498695430
105   3   11   4       0.053498695430
103   104   12   13      -0.054461739107
103   104   13   12       0.054461741020
104   103   12   13       0.054461739107
104   103   13   12      -0.054461741020
106   2   4   11      -0.053498695430
106   2   11   4       0.053498695430

