0   1   5   6       0.169862638995
0   1   6   5      -0.169862638985
0   2   4   5      -0.060160626916
0   2   4   6      -0.155461361197
0   2   5   4       0.060160626937
0   2   6   4       0.155461361149
1   0   5   6      -0.169862638995
1   0   6   5       0.169862638985
1   2   4   5       0.155461361192
1   2   4   6      -0.060160626913
1   2   5   4      -0.155461361191
1   2   6   4       0.060160626927
2   0   4   5       0.060160626916
2   0   4   6       0.155461361197
2   0   5   4      -0.060160626937
2   0   6   4      -0.155461361149
2   1   4   5      -0.155461361192
2   1   4   6       0.060160626913
2   1   5   4       0.155461361191
2   1   6   4      -0.060160626927
0   53   5   12      -0.151838455731
0   53   5   13      -0.259766641382
0   53   6   12      -0.259766639970
0   53   6   13      -0.722577825592
0   54   5   12       0.259766631099
0   54   5   13       0.370301019308
0   54   6   12       0.200438381009
0   54   6   13      -0.259766632380
0   55   4   12      -0.162494996247
0   55   4   13      -0.419904089166
0   55   5   11      -0.102334369292
0   55   6   11      -0.264442728216
1   53   5   12       0.259766632393
1   53   5   13       0.200438380396
1   53   6   12       0.370301019953
1   53   6   13      -0.259766631336
1   54   5   12      -0.722577825230
1   54   5   13       0.259766639329
1   54   6   12       0.259766641982
1   54   6   13      -0.151838455769
1   55   4   12       0.419904089063
1   55   4   13      -0.162494996267
1   55   5   11       0.264442728215
1   55   6   11      -0.102334369306
2   53   4   12      -0.102334369270
2   53   4   13      -0.264442728295
2   53   5   11      -0.162494996217
2   53   6   11      -0.419904089214
2   54   4   12       0.264442728185
2   54   4   13      -0.102334369279
2   54   5   11       0.419904089097
2   54   6   11      -0.162494996260
2   55   4   11      -0.745798655850
0   53   12   5       0.151838455731
0   53   12   6       0.259766639970
0   53   13   5       0.259766641382
0   53   13   6       0.722577825592
0   54   12   5      -0.259766631099
0   54   12   6      -0.200438381009
0   54   13   5      -0.370301019308
0   54   13   6       0.259766632380
0   55   11   5       0.102334369292
0   55   11   6       0.264442728216
0   55   12   4       0.162494996247
0   55   13   4       0.419904089166
1   53   12   5      -0.259766632393
1   53   12   6      -0.370301019953
1   53   13   5      -0.200438380396
1   53   13   6       0.259766631336
1   54   12   5       0.722577825230
1   54   12   6      -0.259766641982
1   54   13   5      -0.259766639329
1   54   13   6       0.151838455769
1   55   11   5      -0.264442728215
1   55   11   6       0.102334369306
1   55   12   4      -0.419904089063
1   55   13   4       0.162494996267
2   53   11   5       0.162494996217
2   53   11   6       0.419904089214
2   53   12   4       0.102334369270
2   53   13   4       0.264442728295
2   54   11   5      -0.419904089097
2   54   11   6       0.162494996260
2   54   12   4      -0.264442728185
2   54   13   4       0.102334369279
2   55   11   4       0.745798655850
0   61   6   13      -0.050344331512
1   60   5   12      -0.050344331489
2   59   4   11      -0.060092066814
0   61   13   6       0.050344331512
1   60   12   5       0.050344331489
2   59   11   4       0.060092066814
6   55   4   11      -0.060092066814
7   54   5   12      -0.050344331513
8   53   6   13      -0.050344331532
6   55   11   4       0.060092066814
7   54   12   5       0.050344331513
8   53   13   6       0.050344331532
53   0   5   12       0.151838455731
53   0   5   13       0.259766641382
53   0   6   12       0.259766639970
53   0   6   13       0.722577825592
53   1   5   12      -0.259766632393
53   1   5   13      -0.200438380396
53   1   6   12      -0.370301019953
53   1   6   13       0.259766631336
53   2   4   12       0.102334369270
53   2   4   13       0.264442728295
53   2   5   11       0.162494996217
53   2   6   11       0.419904089214
54   0   5   12      -0.259766631099
54   0   5   13      -0.370301019308
54   0   6   12      -0.200438381009
54   0   6   13       0.259766632380
54   1   5   12       0.722577825230
54   1   5   13      -0.259766639329
54   1   6   12      -0.259766641982
54   1   6   13       0.151838455769
54   2   4   12      -0.264442728185
54   2   4   13       0.102334369279
54   2   5   11      -0.419904089097
54   2   6   11       0.162494996260
55   0   4   12       0.162494996247
55   0   4   13       0.419904089166
55   0   5   11       0.102334369292
55   0   6   11       0.264442728216
55   1   4   12      -0.419904089063
55   1   4   13       0.162494996267
55   1   5   11      -0.264442728215
55   1   6   11       0.102334369306
55   2   4   11       0.745798655850
53   0   12   5      -0.151838455731
53   0   12   6      -0.259766639970
53   0   13   5      -0.259766641382
53   0   13   6      -0.722577825592
53   1   12   5       0.259766632393
53   1   12   6       0.370301019953
53   1   13   5       0.200438380396
53   1   13   6      -0.259766631336
53   2   11   5      -0.162494996217
53   2   11   6      -0.419904089214
53   2   12   4      -0.102334369270
53   2   13   4      -0.264442728295
54   0   12   5       0.259766631099
54   0   12   6       0.200438381009
54   0   13   5       0.370301019308
54   0   13   6      -0.259766632380
54   1   12   5      -0.722577825230
54   1   12   6       0.259766641982
54   1   13   5       0.259766639329
54   1   13   6      -0.151838455769
54   2   11   5       0.419904089097
54   2   11   6      -0.162494996260
54   2   12   4       0.264442728185
54   2   13   4      -0.102334369279
55   0   11   5      -0.102334369292
55   0   11   6      -0.264442728216
55   0   12   4      -0.162494996247
55   0   13   4      -0.419904089166
55   1   11   5       0.264442728215
55   1   11   6      -0.102334369306
55   1   12   4       0.419904089063
55   1   13   4      -0.162494996267
55   2   11   4      -0.745798655850
53   8   6   13       0.050344331532
54   7   5   12       0.050344331513
55   6   4   11       0.060092066814
53   8   13   6      -0.050344331532
54   7   12   5      -0.050344331513
55   6   11   4      -0.060092066814
53   54   12   13       0.169862638995
53   54   13   12      -0.169862638985
53   55   11   12      -0.060160626916
53   55   11   13      -0.155461361197
53   55   12   11       0.060160626937
53   55   13   11       0.155461361149
54   53   12   13      -0.169862638995
54   53   13   12       0.169862638985
54   55   11   12       0.155461361192
54   55   11   13      -0.060160626913
54   55   12   11      -0.155461361191
54   55   13   11       0.060160626927
55   53   11   12       0.060160626916
55   53   11   13       0.155461361197
55   53   12   11      -0.060160626937
55   53   13   11      -0.155461361149
55   54   11   12      -0.155461361192
55   54   11   13       0.060160626913
55   54   12   11       0.155461361191
55   54   13   11      -0.060160626927
59   2   4   11       0.060092066814
60   1   5   12       0.050344331489
61   0   6   13       0.050344331512
59   2   11   4      -0.060092066814
60   1   12   5      -0.050344331489
61   0   13   6      -0.050344331512

