0   53   5   12      -0.093668845272
0   54   5   13      -0.058347688276
1   53   6   12      -0.058347688276
1   54   6   13      -0.093668847946
0   53   12   5       0.093668845272
0   54   13   5       0.058347688276
1   53   12   6       0.058347688276
1   54   13   6       0.093668847946
53   0   5   12       0.093668845272
53   1   6   12       0.058347688276
54   0   5   13       0.058347688276
54   1   6   13       0.093668847946
53   0   12   5      -0.093668845272
53   1   12   6      -0.058347688276
54   0   13   5      -0.058347688276
54   1   13   6      -0.093668847946

