Begin IJ Block
1   1   -25.9566313026
1   2   -0.0000000063
1   3   0.4789881483
1   4   -0.0000024797
1   5   0.0518574062
2   2   -25.9567534429
2   3   -0.0000024073
2   4   -0.4932132056
2   5   -0.0000002608
3   3   -6.8668011847
3   4   0.0000000037
3   5   0.2023390953
4   4   -6.8490210689
4   5   0.0000000038
5   5   -6.3774650370
6   6   -6.3272966045
6   7   -0.0000000022
7   7   -6.3272965803

End IJ Block
Begin IA Block
1   3   -0.0000003254
2   3   -0.0646167778
3   3   0.0000000026
4   3   -0.3793680834
5   3   -0.0000000035
6   1   0.0000000010
6   2   -0.0000000021
7   1   -0.0000000023
7   2   -0.0000000010

End IA Block
Begin AB Block
1   1   -6.1554247877
1   2   -0.0000000011
2   2   -6.1554247848
3   3   -6.3582315794

End AB Block
Begin IJAB Block
1   8   1   4   0.0134224639
1   8   1   5   0.0000000000
1   8   2   4   0.0000000000
1   8   2   5   0.0134224638
1   8   3   6   0.0158780925
1   9   1   4   0.0000000002
1   9   2   5   0.0000000002
1   9   3   6   0.0000000004
1   10   1   4   0.0138122353
1   10   1   5   -0.0000000000
1   10   2   4   -0.0000000000
1   10   2   5   0.0138122353
1   10   3   6   0.0144593836
1   11   1   4   -0.0000000736
1   11   2   5   -0.0000000736
1   11   3   6   -0.0000000772
1   12   1   4   0.0014671016
1   12   1   5   0.0000000000
1   12   2   4   0.0000000000
1   12   2   5   0.0014671016
1   12   3   6   0.0007809429
1   13   1   6   0.0011855987
1   13   2   6   -0.0026412027
1   13   3   4   -0.0007616048
1   13   3   5   0.0016966554
1   14   1   6   -0.0026412025
1   14   2   6   -0.0011855986
1   14   3   4   0.0016966558
1   14   3   5   0.0007616049
2   8   1   4   0.0000000002
2   8   2   5   0.0000000002
2   8   3   6   0.0000000004
2   9   1   4   0.0134590915
2   9   1   5   0.0000000000
2   9   2   4   0.0000000000
2   9   2   5   0.0134590915
2   9   3   6   0.0159639087
2   10   1   4   -0.0000000695
2   10   2   5   -0.0000000695
2   10   3   6   -0.0000000727
2   11   1   4   -0.0146502045
2   11   1   5   0.0000000000
2   11   2   4   0.0000000000
2   11   2   5   -0.0146502045
2   11   3   6   -0.0153519127
2   12   1   4   -0.0000000074
2   12   1   5   -0.0000000000
2   12   2   4   -0.0000000000
2   12   2   5   -0.0000000074
2   12   3   6   -0.0000000039
2   13   1   6   -0.0000000060
2   13   2   6   0.0000000133
2   13   3   4   0.0000000038
2   13   3   5   -0.0000000085
2   14   1   6   0.0000000133
2   14   2   6   0.0000000060
2   14   3   4   -0.0000000085
2   14   3   5   -0.0000000038
3   8   1   4   0.0138122353
3   8   1   5   -0.0000000000
3   8   2   4   -0.0000000000
3   8   2   5   0.0138122353
3   8   3   6   0.0144593836
3   9   1   4   -0.0000000695
3   9   2   5   -0.0000000695
3   9   3   6   -0.0000000727
3   10   1   4   0.0592325762
3   10   1   5   0.0000000004
3   10   2   4   0.0000000004
3   10   2   5   0.0592325750
3   10   3   6   0.0647863582
3   11   1   4   0.0000000002
3   11   1   5   0.0000000000
3   11   2   4   0.0000000000
3   11   2   5   0.0000000001
3   11   3   6   -0.0000000000
3   12   1   4   0.0067357158
3   12   1   5   -0.0000000006
3   12   2   4   -0.0000000006
3   12   2   5   0.0067357173
3   12   3   6   -0.0207743885
3   13   1   6   0.0049148390
3   13   2   6   -0.0109489709
3   13   3   4   0.0083557850
3   13   3   5   -0.0186144956
3   14   1   6   -0.0109489720
3   14   2   6   -0.0049148393
3   14   3   4   -0.0186144957
3   14   3   5   -0.0083557850
4   8   1   4   -0.0000000736
4   8   2   5   -0.0000000736
4   8   3   6   -0.0000000772
4   9   1   4   -0.0146502045
4   9   1   5   0.0000000000
4   9   2   4   0.0000000000
4   9   2   5   -0.0146502045
4   9   3   6   -0.0153519127
4   10   1   4   0.0000000002
4   10   1   5   0.0000000000
4   10   2   4   0.0000000000
4   10   2   5   0.0000000001
4   10   3   6   -0.0000000000
4   11   1   4   0.0659682504
4   11   1   5   0.0000000005
4   11   2   4   0.0000000005
4   11   2   5   0.0659682492
4   11   3   6   0.0669183109
4   12   1   4   0.0000000001
4   12   1   5   0.0000000000
4   12   2   4   0.0000000000
4   12   2   5   0.0000000000
4   12   3   6   -0.0000000002
4   13   1   6   0.0000000000
4   13   2   6   -0.0000000000
4   13   3   4   0.0000000001
4   13   3   5   -0.0000000002
4   14   1   6   0.0000000000
4   14   3   4   -0.0000000000
4   14   3   5   -0.0000000000
5   8   1   4   0.0014671016
5   8   1   5   0.0000000000
5   8   2   4   0.0000000000
5   8   2   5   0.0014671016
5   8   3   6   0.0007809429
5   9   1   4   -0.0000000074
5   9   1   5   -0.0000000000
5   9   2   4   -0.0000000000
5   9   2   5   -0.0000000074
5   9   3   6   -0.0000000039
5   10   1   4   0.0067357158
5   10   1   5   -0.0000000006
5   10   2   4   -0.0000000006
5   10   2   5   0.0067357173
5   10   3   6   -0.0207743885
5   11   1   4   0.0000000001
5   11   1   5   0.0000000000
5   11   2   4   0.0000000000
5   11   2   5   0.0000000000
5   11   3   6   -0.0000000002
5   12   1   4   0.0222840965
5   12   1   5   0.0000000001
5   12   2   4   0.0000000001
5   12   2   5   0.0222840963
5   12   3   6   0.2060738120
5   13   1   6   -0.0085110102
5   13   2   6   0.0189602965
5   13   3   4   -0.0710181662
5   13   3   5   0.1582098320
5   14   1   6   0.0189602972
5   14   2   6   0.0085110104
5   14   3   4   0.1582098331
5   14   3   5   0.0710181664
6   8   1   6   -0.0007616048
6   8   2   6   0.0016966554
6   8   3   4   0.0011855987
6   8   3   5   -0.0026412027
6   9   1   6   0.0000000038
6   9   2   6   -0.0000000085
6   9   3   4   -0.0000000060
6   9   3   5   0.0000000133
6   10   1   6   0.0083557850
6   10   2   6   -0.0186144956
6   10   3   4   0.0049148390
6   10   3   5   -0.0109489709
6   11   1   6   0.0000000001
6   11   2   6   -0.0000000002
6   11   3   4   0.0000000000
6   11   3   5   -0.0000000000
6   12   1   6   -0.0710181662
6   12   2   6   0.1582098320
6   12   3   4   -0.0085110102
6   12   3   5   0.0189602965
6   13   1   4   0.0586942483
6   13   1   5   -0.0776523217
6   13   2   4   -0.0776523217
6   13   2   5   0.1968262008
6   13   3   6   0.0247101530
6   14   1   4   -0.0776523244
6   14   1   5   -0.0111710806
6   14   2   4   0.1493030441
6   14   2   5   0.0776523245
6   14   3   6   0.0000000000
7   8   1   6   0.0016966558
7   8   2   6   0.0007616049
7   8   3   4   -0.0026412025
7   8   3   5   -0.0011855986
7   9   1   6   -0.0000000085
7   9   2   6   -0.0000000038
7   9   3   4   0.0000000133
7   9   3   5   0.0000000060
7   10   1   6   -0.0186144957
7   10   2   6   -0.0083557850
7   10   3   4   -0.0109489720
7   10   3   5   -0.0049148393
7   11   1   6   -0.0000000000
7   11   2   6   -0.0000000000
7   11   3   4   0.0000000000
7   12   1   6   0.1582098331
7   12   2   6   0.0710181664
7   12   3   4   0.0189602972
7   12   3   5   0.0085110104
7   13   1   4   -0.0776523244
7   13   1   5   0.1493030441
7   13   2   4   -0.0111710806
7   13   2   5   0.0776523245
7   13   3   6   0.0000000000
7   14   1   4   0.1968261994
7   14   1   5   0.0776523212
7   14   2   4   0.0776523212
7   14   2   5   0.0586942483
7   14   3   6   0.0247101529

End IJAB Block
Begin IJKL Block
1   8   1   8   2.1698961632
1   8   1   9   0.0000196273
1   8   1   10   -0.1978341324
1   8   1   11   0.0000030815
1   8   1   12   -0.0167892307
1   8   2   8   0.0000196273
1   8   2   9   1.9494727611
1   8   2   10   -0.0000009986
1   8   2   11   0.2040474003
1   8   2   12   -0.0000000679
1   8   3   8   -0.1978341324
1   8   3   9   -0.0000009986
1   8   3   10   0.0286792387
1   8   3   11   -0.0000002966
1   8   3   12   0.0019307233
1   8   4   8   0.0000030815
1   8   4   9   0.2040474003
1   8   4   10   -0.0000002966
1   8   4   11   0.0306307756
1   8   4   12   -0.0000000331
1   8   5   8   -0.0167892307
1   8   5   9   -0.0000000679
1   8   5   10   0.0019307233
1   8   5   11   -0.0000000331
1   8   5   12   0.0115134934
1   8   6   13   0.0122784234
1   8   6   14   0.0000000000
1   8   7   13   0.0000000000
1   8   7   14   0.0122784232
1   9   1   8   0.0000196273
1   9   1   9   2.1699474785
1   9   1   10   -0.0000009997
1   9   1   11   0.2043267781
1   9   1   12   -0.0000000513
1   9   2   8   1.9494724736
1   9   2   9   -0.0000196268
1   9   2   10   -0.1980630518
1   9   2   11   -0.0000010286
1   9   2   12   -0.0134803509
1   9   3   8   -0.0000009987
1   9   3   9   -0.1978497503
1   9   3   10   0.0000000004
1   9   3   11   -0.0294496770
1   9   3   12   0.0000000001
1   9   4   8   0.2040438514
1   9   4   9   -0.0000010271
1   9   4   10   -0.0294609876
1   9   4   11   -0.0000000003
1   9   4   12   -0.0032799667
1   9   5   8   -0.0000000679
1   9   5   9   -0.0167809773
1   9   5   10   0.0000000001
1   9   5   11   -0.0032924747
1   9   5   12   -0.0000000005
1   9   6   13   -0.0000000003
1   9   7   14   -0.0000000003
1   10   1   8   -0.1978341324
1   10   1   9   -0.0000009997
1   10   1   10   0.5931126578
1   10   1   11   -0.0000037897
1   10   1   12   -0.0078247669
1   10   2   8   -0.0000009987
1   10   2   9   -0.1980683137
1   10   2   10   0.0000000055
1   10   2   11   -0.3763914465
1   10   2   12   0.0000000007
1   10   3   8   0.0308976804
1   10   3   9   0.0000000005
1   10   3   10   -0.0081286886
1   10   3   11   0.0000000443
1   10   3   12   -0.0009848059
1   10   4   8   -0.0000003188
1   10   4   9   -0.0316621588
1   10   4   10   0.0000000454
1   10   4   11   -0.0089100277
1   10   4   12   -0.0000000031
1   10   5   8   0.0019601866
1   10   5   9   0.0000000001
1   10   5   10   -0.0033972725
1   10   5   11   -0.0000000083
1   10   5   12   0.0137629241
1   10   6   13   0.0140721955
1   10   6   14   0.0000000000
1   10   7   13   0.0000000000
1   10   7   14   0.0140721954
1   11   1   8   0.0000030815
1   11   1   9   0.2043267781
1   11   1   10   -0.0000037897
1   11   1   11   0.6029146378
1   11   1   12   -0.0000007651
1   11   2   8   0.2040438514
1   11   2   9   -0.0000010285
1   11   2   10   -0.3764048663
1   11   2   11   -0.0000000052
1   11   2   12   -0.0759694623
1   11   3   8   -0.0000003188
1   11   3   9   -0.0316641840
1   11   3   10   0.0000000454
1   11   3   11   -0.0091646525
1   11   3   12   0.0000000084
1   11   4   8   0.0330431248
1   11   4   9   -0.0000000004
1   11   4   10   -0.0087066575
1   11   4   11   0.0000000450
1   11   4   12   -0.0002004536
1   11   5   8   -0.0000000349
1   11   5   9   -0.0034725642
1   11   5   10   -0.0000000082
1   11   5   11   0.0002550849
1   11   5   12   -0.0000000652
1   11   6   13   -0.0000000697
1   11   7   14   -0.0000000697
1   12   1   8   -0.0167892307
1   12   1   9   -0.0000000513
1   12   1   10   -0.0078247669
1   12   1   11   -0.0000007651
1   12   1   12   0.5742426338
1   12   2   8   -0.0000000679
1   12   2   9   -0.0134821504
1   12   2   10   0.0000000007
1   12   2   11   -0.0759683403
1   12   2   12   0.0000000008
1   12   3   8   0.0019601866
1   12   3   9   0.0000000001
1   12   3   10   -0.0010279290
1   12   3   11   0.0000000087
1   12   3   12   -0.0057345163
1   12   4   8   -0.0000000349
1   12   4   9   -0.0034584379
1   12   4   10   -0.0000000027
1   12   4   11   -0.0002009016
1   12   4   12   0.0000000302
1   12   5   8   0.0137420674
1   12   5   9   -0.0000000004
1   12   5   10   0.0144488990
1   12   5   11   -0.0000000690
1   12   5   12   -0.0009319043
1   12   6   13   0.0008238554
1   12   6   14   -0.0000000000
1   12   7   13   -0.0000000000
1   12   7   14   0.0008238554
1   13   1   13   0.5786174369
1   13   1   14   0.0000000003
1   13   2   13   0.0000000010
1   13   3   13   -0.0061063101
1   13   3   14   -0.0000000000
1   13   4   13   0.0000000325
1   13   5   13   -0.0021975510
1   13   5   14   -0.0000000000
1   13   6   8   0.0146656008
1   13   6   9   -0.0000000002
1   13   6   10   0.0147959361
1   13   6   11   -0.0000000740
1   13   6   12   0.0009405516
1   13   7   8   0.0000000000
1   13   7   10   0.0000000000
1   13   7   12   -0.0000000000
1   14   1   13   0.0000000003
1   14   1   14   0.5786174340
1   14   2   14   0.0000000010
1   14   3   13   -0.0000000000
1   14   3   14   -0.0061063100
1   14   4   14   0.0000000325
1   14   5   13   -0.0000000000
1   14   5   14   -0.0021975508
1   14   6   8   0.0000000000
1   14   6   10   0.0000000000
1   14   6   12   -0.0000000000
1   14   7   8   0.0146656008
1   14   7   9   -0.0000000002
1   14   7   10   0.0147959360
1   14   7   11   -0.0000000740
1   14   7   12   0.0009405516
2   8   1   8   0.0000196273
2   8   1   9   1.9494724736
2   8   1   10   -0.0000009987
2   8   1   11   0.2040438514
2   8   1   12   -0.0000000679
2   8   2   8   2.1699474785
2   8   2   9   -0.0000196268
2   8   2   10   -0.1978497503
2   8   2   11   -0.0000010271
2   8   2   12   -0.0167809773
2   8   3   8   -0.0000009997
2   8   3   9   -0.1980630518
2   8   3   10   0.0000000004
2   8   3   11   -0.0294609876
2   8   3   12   0.0000000001
2   8   4   8   0.2043267781
2   8   4   9   -0.0000010286
2   8   4   10   -0.0294496770
2   8   4   11   -0.0000000003
2   8   4   12   -0.0032924747
2   8   5   8   -0.0000000513
2   8   5   9   -0.0134803509
2   8   5   10   0.0000000001
2   8   5   11   -0.0032799667
2   8   5   12   -0.0000000005
2   8   6   13   -0.0000000003
2   8   7   14   -0.0000000003
2   9   1   8   1.9494727611
2   9   1   9   -0.0000196268
2   9   1   10   -0.1980683137
2   9   1   11   -0.0000010285
2   9   1   12   -0.0134821504
2   9   2   8   -0.0000196268
2   9   2   9   2.1700013905
2   9   2   10   0.0000029885
2   9   2   11   0.2043232578
2   9   2   12   0.0000002201
2   9   3   8   -0.1980683137
2   9   3   9   0.0000029885
2   9   3   10   0.0286621893
2   9   3   11   0.0000002965
2   9   3   12   0.0019358559
2   9   4   8   -0.0000010285
2   9   4   9   0.2043232578
2   9   4   10   0.0000002965
2   9   4   11   0.0306512427
2   9   4   12   0.0000000331
2   9   5   8   -0.0134821504
2   9   5   9   0.0000002201
2   9   5   10   0.0019358559
2   9   5   11   0.0000000331
2   9   5   12   0.0114103751
2   9   6   13   0.0122198596
2   9   6   14   0.0000000000
2   9   7   13   0.0000000000
2   9   7   14   0.0122198595
2   10   1   8   -0.0000009986
2   10   1   9   -0.1980630518
2   10   1   10   0.0000000055
2   10   1   11   -0.3764048663
2   10   1   12   0.0000000007
2   10   2   8   -0.1978497503
2   10   2   9   0.0000029885
2   10   2   10   0.5930992211
2   10   2   11   0.0000037893
2   10   2   12   -0.0078156682
2   10   3   8   0.0000000005
2   10   3   9   0.0308963625
2   10   3   10   0.0000000407
2   10   3   11   0.0087943721
2   10   3   12   0.0000000050
2   10   4   8   -0.0316641840
2   10   4   9   0.0000003187
2   10   4   10   0.0090039205
2   10   4   11   0.0000000449
2   10   4   12   -0.0006096975
2   10   5   8   0.0000000001
2   10   5   9   0.0019661290
2   10   5   10   0.0000000171
2   10   5   11   -0.0016345618
2   10   5   12   -0.0000000692
2   10   6   13   -0.0000000707
2   10   7   14   -0.0000000707
2   11   1   8   0.2040474003
2   11   1   9   -0.0000010286
2   11   1   10   -0.3763914465
2   11   1   11   -0.0000000052
2   11   1   12   -0.0759683403
2   11   2   8   -0.0000010271
2   11   2   9   0.2043232578
2   11   2   10   0.0000037893
2   11   2   11   0.6029342140
2   11   2   12   0.0000007645
2   11   3   8   -0.0316621588
2   11   3   9   0.0000003187
2   11   3   10   0.0090128440
2   11   3   11   0.0000000462
2   11   3   12   0.0016746168
2   11   4   8   -0.0000000004
2   11   4   9   0.0330522143
2   11   4   10   0.0000000439
2   11   4   11   0.0089824410
2   11   4   12   0.0000000010
2   11   5   8   -0.0034584379
2   11   5   9   0.0000000349
2   11   5   10   -0.0016291557
2   11   5   11   -0.0000000013
2   11   5   12   -0.0129586623
2   11   6   13   -0.0138606404
2   11   6   14   -0.0000000000
2   11   7   13   -0.0000000000
2   11   7   14   -0.0138606404
2   12   1   8   -0.0000000679
2   12   1   9   -0.0134803509
2   12   1   10   0.0000000007
2   12   1   11   -0.0759694623
2   12   1   12   0.0000000008
2   12   2   8   -0.0167809773
2   12   2   9   0.0000002201
2   12   2   10   -0.0078156682
2   12   2   11   0.0000007645
2   12   2   12   0.5742426168
2   12   3   8   0.0000000001
2   12   3   9   0.0019661290
2   12   3   10   0.0000000052
2   12   3   11   0.0017210117
2   12   3   12   0.0000000288
2   12   4   8   -0.0034725642
2   12   4   9   0.0000000349
2   12   4   10   -0.0005347459
2   12   4   11   0.0000000010
2   12   4   12   0.0060008781
2   12   5   8   -0.0000000004
2   12   5   9   0.0136461340
2   12   5   10   -0.0000000726
2   12   5   11   -0.0137196449
2   12   5   12   0.0000000047
2   12   6   13   -0.0000000041
2   12   7   14   -0.0000000041
2   13   1   13   0.0000000010
2   13   2   13   0.5786179444
2   13   2   14   0.0000000003
2   13   3   13   0.0000000307
2   13   4   13   0.0064523352
2   13   4   14   0.0000000000
2   13   5   13   0.0000000111
2   13   6   8   -0.0000000002
2   13   6   9   0.0146141620
2   13   6   10   -0.0000000743
2   13   6   11   -0.0147047550
2   13   6   12   -0.0000000047
2   13   7   9   0.0000000000
2   13   7   11   -0.0000000000
2   14   1   14   0.0000000010
2   14   2   13   0.0000000003
2   14   2   14   0.5786179415
2   14   3   14   0.0000000307
2   14   4   13   0.0000000000
2   14   4   14   0.0064523350
2   14   5   14   0.0000000111
2   14   6   9   0.0000000000
2   14   6   11   -0.0000000000
2   14   7   8   -0.0000000002
2   14   7   9   0.0146141620
2   14   7   10   -0.0000000743
2   14   7   11   -0.0147047549
2   14   7   12   -0.0000000047
3   8   1   8   -0.1978341324
3   8   1   9   -0.0000009987
3   8   1   10   0.0308976804
3   8   1   11   -0.0000003188
3   8   1   12   0.0019601866
3   8   2   8   -0.0000009997
3   8   2   9   -0.1980683137
3   8   2   10   0.0000000005
3   8   2   11   -0.0316621588
3   8   2   12   0.0000000001
3   8   3   8   0.5931126578
3   8   3   9   0.0000000055
3   8   3   10   -0.0081286886
3   8   3   11   0.0000000454
3   8   3   12   -0.0033972725
3   8   4   8   -0.0000037897
3   8   4   9   -0.3763914465
3   8   4   10   0.0000000443
3   8   4   11   -0.0089100277
3   8   4   12   -0.0000000083
3   8   5   8   -0.0078247669
3   8   5   9   0.0000000007
3   8   5   10   -0.0009848059
3   8   5   11   -0.0000000031
3   8   5   12   0.0137629241
3   8   6   13   0.0140721955
3   8   6   14   0.0000000000
3   8   7   13   0.0000000000
3   8   7   14   0.0140721954
3   9   1   8   -0.0000009986
3   9   1   9   -0.1978497503
3   9   1   10   0.0000000005
3   9   1   11   -0.0316641840
3   9   1   12   0.0000000001
3   9   2   8   -0.1980630518
3   9   2   9   0.0000029885
3   9   2   10   0.0308963625
3   9   2   11   0.0000003187
3   9   2   12   0.0019661290
3   9   3   8   0.0000000055
3   9   3   9   0.5930992211
3   9   3   10   0.0000000407
3   9   3   11   0.0090039205
3   9   3   12   0.0000000171
3   9   4   8   -0.3764048663
3   9   4   9   0.0000037893
3   9   4   10   0.0087943721
3   9   4   11   0.0000000449
3   9   4   12   -0.0016345618
3   9   5   8   0.0000000007
3   9   5   9   -0.0078156682
3   9   5   10   0.0000000050
3   9   5   11   -0.0006096975
3   9   5   12   -0.0000000692
3   9   6   13   -0.0000000707
3   9   7   14   -0.0000000707
3   10   1   8   0.0286792387
3   10   1   9   0.0000000004
3   10   1   10   -0.0081286886
3   10   1   11   0.0000000454
3   10   1   12   -0.0010279290
3   10   2   8   0.0000000004
3   10   2   9   0.0286621893
3   10   2   10   0.0000000407
3   10   2   11   0.0090128440
3   10   2   12   0.0000000052
3   10   3   8   -0.0081286886
3   10   3   9   0.0000000407
3   10   3   10   0.4494818317
3   10   3   11   -0.0000000034
3   10   3   12   -0.0216669222
3   10   4   8   0.0000000454
3   10   4   9   0.0090128440
3   10   4   10   -0.0000000034
3   10   4   11   0.2250966903
3   10   4   12   -0.0000000006
3   10   5   8   -0.0010279290
3   10   5   9   0.0000000052
3   10   5   10   -0.0216669222
3   10   5   11   -0.0000000006
3   10   5   12   0.0676944316
3   10   6   13   0.0614103411
3   10   6   14   0.0000000001
3   10   7   13   0.0000000001
3   10   7   14   0.0614103403
3   11   1   8   -0.0000002966
3   11   1   9   -0.0294496770
3   11   1   10   0.0000000443
3   11   1   11   -0.0091646525
3   11   1   12   0.0000000087
3   11   2   8   -0.0294609876
3   11   2   9   0.0000002965
3   11   2   10   0.0087943721
3   11   2   11   0.0000000462
3   11   2   12   0.0017210117
3   11   3   8   0.0000000454
3   11   3   9   0.0090039205
3   11   3   10   -0.0000000034
3   11   3   11   0.4447266713
3   11   3   12   -0.0000000010
3   11   4   8   -0.0087066575
3   11   4   9   0.0000000439
3   11   4   10   0.2270445767
3   11   4   11   0.0000000031
3   11   4   12   0.0546581926
3   11   5   8   -0.0000000027
3   11   5   9   -0.0005347459
3   11   5   10   -0.0000000005
3   11   5   11   -0.0013371994
3   11   5   12   -0.0000000002
3   11   6   13   -0.0000000002
3   11   6   14   -0.0000000000
3   11   7   13   -0.0000000000
3   11   7   14   -0.0000000001
3   12   1   8   0.0019307233
3   12   1   9   0.0000000001
3   12   1   10   -0.0009848059
3   12   1   11   0.0000000084
3   12   1   12   -0.0057345163
3   12   2   8   0.0000000001
3   12   2   9   0.0019358559
3   12   2   10   0.0000000050
3   12   2   11   0.0016746168
3   12   2   12   0.0000000288
3   12   3   8   -0.0033972725
3   12   3   9   0.0000000171
3   12   3   10   -0.0216669222
3   12   3   11   -0.0000000010
3   12   3   12   0.4365217683
3   12   4   8   -0.0000000082
3   12   4   9   -0.0016291557
3   12   4   10   -0.0000000005
3   12   4   11   0.0547479059
3   12   4   12   -0.0000000005
3   12   5   8   0.0144488990
3   12   5   9   -0.0000000726
3   12   5   10   0.0687766426
3   12   5   11   -0.0000000001
3   12   5   12   -0.0169718199
3   12   6   13   0.0012123633
3   12   6   14   -0.0000000001
3   12   7   13   -0.0000000001
3   12   7   14   0.0012123641
3   13   1   13   -0.0061063101
3   13   1   14   -0.0000000000
3   13   2   13   0.0000000307
3   13   3   13   0.4322957626
3   13   3   14   0.0000000002
3   13   4   13   -0.0000000006
3   13   5   13   -0.0156495343
3   13   5   14   -0.0000000002
3   13   6   8   0.0147959361
3   13   6   9   -0.0000000743
3   13   6   10   0.0629011698
3   13   6   11   -0.0000000001
3   13   6   12   0.0004727646
3   13   7   8   0.0000000000
3   13   7   10   0.0000000001
3   13   7   11   0.0000000000
3   13   7   12   -0.0000000000
3   14   1   13   -0.0000000000
3   14   1   14   -0.0061063100
3   14   2   14   0.0000000307
3   14   3   13   0.0000000002
3   14   3   14   0.4322957602
3   14   4   14   -0.0000000006
3   14   5   13   -0.0000000002
3   14   5   14   -0.0156495326
3   14   6   8   0.0000000000
3   14   6   10   0.0000000001
3   14   6   11   0.0000000000
3   14   6   12   -0.0000000000
3   14   7   8   0.0147959360
3   14   7   9   -0.0000000743
3   14   7   10   0.0629011691
3   14   7   11   -0.0000000001
3   14   7   12   0.0004727650
4   8   1   8   0.0000030815
4   8   1   9   0.2040438514
4   8   1   10   -0.0000003188
4   8   1   11   0.0330431248
4   8   1   12   -0.0000000349
4   8   2   8   0.2043267781
4   8   2   9   -0.0000010285
4   8   2   10   -0.0316641840
4   8   2   11   -0.0000000004
4   8   2   12   -0.0034725642
4   8   3   8   -0.0000037897
4   8   3   9   -0.3764048663
4   8   3   10   0.0000000454
4   8   3   11   -0.0087066575
4   8   3   12   -0.0000000082
4   8   4   8   0.6029146378
4   8   4   9   -0.0000000052
4   8   4   10   -0.0091646525
4   8   4   11   0.0000000450
4   8   4   12   0.0002550849
4   8   5   8   -0.0000007651
4   8   5   9   -0.0759694623
4   8   5   10   0.0000000084
4   8   5   11   -0.0002004536
4   8   5   12   -0.0000000652
4   8   6   13   -0.0000000697
4   8   7   14   -0.0000000697
4   9   1   8   0.2040474003
4   9   1   9   -0.0000010271
4   9   1   10   -0.0316621588
4   9   1   11   -0.0000000004
4   9   1   12   -0.0034584379
4   9   2   8   -0.0000010286
4   9   2   9   0.2043232578
4   9   2   10   0.0000003187
4   9   2   11   0.0330522143
4   9   2   12   0.0000000349
4   9   3   8   -0.3763914465
4   9   3   9   0.0000037893
4   9   3   10   0.0090128440
4   9   3   11   0.0000000439
4   9   3   12   -0.0016291557
4   9   4   8   -0.0000000052
4   9   4   9   0.6029342140
4   9   4   10   0.0000000462
4   9   4   11   0.0089824410
4   9   4   12   -0.0000000013
4   9   5   8   -0.0759683403
4   9   5   9   0.0000007645
4   9   5   10   0.0016746168
4   9   5   11   0.0000000010
4   9   5   12   -0.0129586623
4   9   6   13   -0.0138606404
4   9   6   14   -0.0000000000
4   9   7   13   -0.0000000000
4   9   7   14   -0.0138606404
4   10   1   8   -0.0000002966
4   10   1   9   -0.0294609876
4   10   1   10   0.0000000454
4   10   1   11   -0.0087066575
4   10   1   12   -0.0000000027
4   10   2   8   -0.0294496770
4   10   2   9   0.0000002965
4   10   2   10   0.0090039205
4   10   2   11   0.0000000439
4   10   2   12   -0.0005347459
4   10   3   8   0.0000000443
4   10   3   9   0.0087943721
4   10   3   10   -0.0000000034
4   10   3   11   0.2270445767
4   10   3   12   -0.0000000005
4   10   4   8   -0.0091646525
4   10   4   9   0.0000000462
4   10   4   10   0.4447266713
4   10   4   11   0.0000000031
4   10   4   12   -0.0013371994
4   10   5   8   0.0000000087
4   10   5   9   0.0017210117
4   10   5   10   -0.0000000010
4   10   5   11   0.0546581926
4   10   5   12   -0.0000000002
4   10   6   13   -0.0000000002
4   10   6   14   -0.0000000000
4   10   7   13   -0.0000000000
4   10   7   14   -0.0000000001
4   11   1   8   0.0306307756
4   11   1   9   -0.0000000003
4   11   1   10   -0.0089100277
4   11   1   11   0.0000000450
4   11   1   12   -0.0002009016
4   11   2   8   -0.0000000003
4   11   2   9   0.0306512427
4   11   2   10   0.0000000449
4   11   2   11   0.0089824410
4   11   2   12   0.0000000010
4   11   3   8   -0.0089100277
4   11   3   9   0.0000000449
4   11   3   10   0.2250966903
4   11   3   11   0.0000000031
4   11   3   12   0.0547479059
4   11   4   8   0.0000000450
4   11   4   9   0.0089824410
4   11   4   10   0.0000000031
4   11   4   11   0.4514665254
4   11   4   12   0.0000000006
4   11   5   8   -0.0002009016
4   11   5   9   0.0000000010
4   11   5   10   0.0547479059
4   11   5   11   0.0000000006
4   11   5   12   0.0634751229
4   11   6   13   0.0572186354
4   11   6   14   -0.0000000000
4   11   7   13   -0.0000000000
4   11   7   14   0.0572186357
4   12   1   8   -0.0000000331
4   12   1   9   -0.0032799667
4   12   1   10   -0.0000000031
4   12   1   11   -0.0002004536
4   12   1   12   0.0000000302
4   12   2   8   -0.0032924747
4   12   2   9   0.0000000331
4   12   2   10   -0.0006096975
4   12   2   11   0.0000000010
4   12   2   12   0.0060008781
4   12   3   8   -0.0000000083
4   12   3   9   -0.0016345618
4   12   3   10   -0.0000000006
4   12   3   11   0.0546581926
4   12   3   12   -0.0000000005
4   12   4   8   0.0002550849
4   12   4   9   -0.0000000013
4   12   4   10   -0.0013371994
4   12   4   11   0.0000000006
4   12   4   12   0.4329055613
4   12   5   8   -0.0000000690
4   12   5   9   -0.0137196449
4   12   5   10   -0.0000000001
4   12   5   11   0.0639924517
4   12   5   12   -0.0000000004
4   12   6   13   -0.0000000001
4   12   6   14   -0.0000000000
4   12   7   13   -0.0000000000
4   12   7   14   0.0000000000
4   13   1   13   0.0000000325
4   13   2   13   0.0064523352
4   13   2   14   0.0000000000
4   13   3   13   -0.0000000006
4   13   4   13   0.4300596221
4   13   4   14   0.0000000001
4   13   5   13   -0.0000000004
4   13   5   14   -0.0000000000
4   13   6   8   -0.0000000740
4   13   6   9   -0.0147047550
4   13   6   10   -0.0000000001
4   13   6   11   0.0563657844
4   13   6   12   -0.0000000001
4   13   7   9   -0.0000000000
4   13   7   10   0.0000000000
4   13   7   11   -0.0000000000
4   13   7   12   -0.0000000000
4   14   1   14   0.0000000325
4   14   2   13   0.0000000000
4   14   2   14   0.0064523350
4   14   3   14   -0.0000000006
4   14   4   13   0.0000000001
4   14   4   14   0.4300596209
4   14   5   13   -0.0000000000
4   14   5   14   -0.0000000004
4   14   6   9   -0.0000000000
4   14   6   10   0.0000000000
4   14   6   11   -0.0000000000
4   14   6   12   -0.0000000000
4   14   7   8   -0.0000000740
4   14   7   9   -0.0147047549
4   14   7   10   -0.0000000001
4   14   7   11   0.0563657849
4   14   7   12   -0.0000000000
5   8   1   8   -0.0167892307
5   8   1   9   -0.0000000679
5   8   1   10   0.0019601866
5   8   1   11   -0.0000000349
5   8   1   12   0.0137420674
5   8   2   8   -0.0000000513
5   8   2   9   -0.0134821504
5   8   2   10   0.0000000001
5   8   2   11   -0.0034584379
5   8   2   12   -0.0000000004
5   8   3   8   -0.0078247669
5   8   3   9   0.0000000007
5   8   3   10   -0.0010279290
5   8   3   11   -0.0000000027
5   8   3   12   0.0144488990
5   8   4   8   -0.0000007651
5   8   4   9   -0.0759683403
5   8   4   10   0.0000000087
5   8   4   11   -0.0002009016
5   8   4   12   -0.0000000690
5   8   5   8   0.5742426338
5   8   5   9   0.0000000008
5   8   5   10   -0.0057345163
5   8   5   11   0.0000000302
5   8   5   12   -0.0009319043
5   8   6   13   0.0008238554
5   8   6   14   -0.0000000000
5   8   7   13   -0.0000000000
5   8   7   14   0.0008238554
5   9   1   8   -0.0000000679
5   9   1   9   -0.0167809773
5   9   1   10   0.0000000001
5   9   1   11   -0.0034725642
5   9   1   12   -0.0000000004
5   9   2   8   -0.0134803509
5   9   2   9   0.0000002201
5   9   2   10   0.0019661290
5   9   2   11   0.0000000349
5   9   2   12   0.0136461340
5   9   3   8   0.0000000007
5   9   3   9   -0.0078156682
5   9   3   10   0.0000000052
5   9   3   11   -0.0005347459
5   9   3   12   -0.0000000726
5   9   4   8   -0.0759694623
5   9   4   9   0.0000007645
5   9   4   10   0.0017210117
5   9   4   11   0.0000000010
5   9   4   12   -0.0137196449
5   9   5   8   0.0000000008
5   9   5   9   0.5742426168
5   9   5   10   0.0000000288
5   9   5   11   0.0060008781
5   9   5   12   0.0000000047
5   9   6   13   -0.0000000041
5   9   7   14   -0.0000000041
5   10   1   8   0.0019307233
5   10   1   9   0.0000000001
5   10   1   10   -0.0033972725
5   10   1   11   -0.0000000082
5   10   1   12   0.0144488990
5   10   2   8   0.0000000001
5   10   2   9   0.0019358559
5   10   2   10   0.0000000171
5   10   2   11   -0.0016291557
5   10   2   12   -0.0000000726
5   10   3   8   -0.0009848059
5   10   3   9   0.0000000050
5   10   3   10   -0.0216669222
5   10   3   11   -0.0000000005
5   10   3   12   0.0687766426
5   10   4   8   0.0000000084
5   10   4   9   0.0016746168
5   10   4   10   -0.0000000010
5   10   4   11   0.0547479059
5   10   4   12   -0.0000000001
5   10   5   8   -0.0057345163
5   10   5   9   0.0000000288
5   10   5   10   0.4365217683
5   10   5   11   -0.0000000005
5   10   5   12   -0.0169718199
5   10   6   13   0.0012123633
5   10   6   14   -0.0000000001
5   10   7   13   -0.0000000001
5   10   7   14   0.0012123641
5   11   1   8   -0.0000000331
5   11   1   9   -0.0032924747
5   11   1   10   -0.0000000083
5   11   1   11   0.0002550849
5   11   1   12   -0.0000000690
5   11   2   8   -0.0032799667
5   11   2   9   0.0000000331
5   11   2   10   -0.0016345618
5   11   2   11   -0.0000000013
5   11   2   12   -0.0137196449
5   11   3   8   -0.0000000031
5   11   3   9   -0.0006096975
5   11   3   10   -0.0000000006
5   11   3   11   -0.0013371994
5   11   3   12   -0.0000000001
5   11   4   8   -0.0002004536
5   11   4   9   0.0000000010
5   11   4   10   0.0546581926
5   11   4   11   0.0000000006
5   11   4   12   0.0639924517
5   11   5   8   0.0000000302
5   11   5   9   0.0060008781
5   11   5   10   -0.0000000005
5   11   5   11   0.4329055613
5   11   5   12   -0.0000000004
5   11   6   13   -0.0000000001
5   11   6   14   -0.0000000000
5   11   7   13   -0.0000000000
5   11   7   14   0.0000000000
5   12   1   8   0.0115134934
5   12   1   9   -0.0000000005
5   12   1   10   0.0137629241
5   12   1   11   -0.0000000652
5   12   1   12   -0.0009319043
5   12   2   8   -0.0000000005
5   12   2   9   0.0114103751
5   12   2   10   -0.0000000692
5   12   2   11   -0.0129586623
5   12   2   12   0.0000000047
5   12   3   8   0.0137629241
5   12   3   9   -0.0000000692
5   12   3   10   0.0676944316
5   12   3   11   -0.0000000002
5   12   3   12   -0.0169718199
5   12   4   8   -0.0000000652
5   12   4   9   -0.0129586623
5   12   4   10   -0.0000000002
5   12   4   11   0.0634751229
5   12   4   12   -0.0000000004
5   12   5   8   -0.0009319043
5   12   5   9   0.0000000047
5   12   5   10   -0.0169718199
5   12   5   11   -0.0000000004
5   12   5   12   0.4436121724
5   12   6   13   0.0138226656
5   12   6   14   -0.0000000000
5   12   7   13   -0.0000000000
5   12   7   14   0.0138226658
5   13   1   13   -0.0021975510
5   13   1   14   -0.0000000000
5   13   2   13   0.0000000111
5   13   3   13   -0.0156495343
5   13   3   14   -0.0000000002
5   13   4   13   -0.0000000004
5   13   4   14   -0.0000000000
5   13   5   13   0.4135929061
5   13   5   14   0.0000000001
5   13   6   8   0.0009405516
5   13   6   9   -0.0000000047
5   13   6   10   0.0004727646
5   13   6   11   -0.0000000001
5   13   6   12   0.0112574889
5   13   7   8   -0.0000000000
5   13   7   10   -0.0000000000
5   13   7   11   -0.0000000000
5   13   7   12   -0.0000000000
5   14   1   13   -0.0000000000
5   14   1   14   -0.0021975508
5   14   2   14   0.0000000111
5   14   3   13   -0.0000000002
5   14   3   14   -0.0156495326
5   14   4   13   -0.0000000000
5   14   4   14   -0.0000000004
5   14   5   13   0.0000000001
5   14   5   14   0.4135929052
5   14   6   8   -0.0000000000
5   14   6   10   -0.0000000000
5   14   6   11   -0.0000000000
5   14   6   12   -0.0000000000
5   14   7   8   0.0009405516
5   14   7   9   -0.0000000047
5   14   7   10   0.0004727650
5   14   7   11   -0.0000000000
5   14   7   12   0.0112574893
6   8   1   13   0.0146656008
6   8   1   14   0.0000000000
6   8   2   13   -0.0000000002
6   8   3   13   0.0147959361
6   8   3   14   0.0000000000
6   8   4   13   -0.0000000740
6   8   5   13   0.0009405516
6   8   5   14   -0.0000000000
6   8   6   8   0.5786174369
6   8   6   9   0.0000000010
6   8   6   10   -0.0061063101
6   8   6   11   0.0000000325
6   8   6   12   -0.0021975510
6   8   7   8   0.0000000003
6   8   7   10   -0.0000000000
6   8   7   12   -0.0000000000
6   9   1   13   -0.0000000002
6   9   2   13   0.0146141620
6   9   2   14   0.0000000000
6   9   3   13   -0.0000000743
6   9   4   13   -0.0147047550
6   9   4   14   -0.0000000000
6   9   5   13   -0.0000000047
6   9   6   8   0.0000000010
6   9   6   9   0.5786179444
6   9   6   10   0.0000000307
6   9   6   11   0.0064523352
6   9   6   12   0.0000000111
6   9   7   9   0.0000000003
6   9   7   11   0.0000000000
6   10   1   13   0.0147959361
6   10   1   14   0.0000000000
6   10   2   13   -0.0000000743
6   10   3   13   0.0629011698
6   10   3   14   0.0000000001
6   10   4   13   -0.0000000001
6   10   4   14   0.0000000000
6   10   5   13   0.0004727646
6   10   5   14   -0.0000000000
6   10   6   8   -0.0061063101
6   10   6   9   0.0000000307
6   10   6   10   0.4322957626
6   10   6   11   -0.0000000006
6   10   6   12   -0.0156495343
6   10   7   8   -0.0000000000
6   10   7   10   0.0000000002
6   10   7   12   -0.0000000002
6   11   1   13   -0.0000000740
6   11   2   13   -0.0147047550
6   11   2   14   -0.0000000000
6   11   3   13   -0.0000000001
6   11   3   14   0.0000000000
6   11   4   13   0.0563657844
6   11   4   14   -0.0000000000
6   11   5   13   -0.0000000001
6   11   5   14   -0.0000000000
6   11   6   8   0.0000000325
6   11   6   9   0.0064523352
6   11   6   10   -0.0000000006
6   11   6   11   0.4300596221
6   11   6   12   -0.0000000004
6   11   7   9   0.0000000000
6   11   7   11   0.0000000001
6   11   7   12   -0.0000000000
6   12   1   13   0.0009405516
6   12   1   14   -0.0000000000
6   12   2   13   -0.0000000047
6   12   3   13   0.0004727646
6   12   3   14   -0.0000000000
6   12   4   13   -0.0000000001
6   12   4   14   -0.0000000000
6   12   5   13   0.0112574889
6   12   5   14   -0.0000000000
6   12   6   8   -0.0021975510
6   12   6   9   0.0000000111
6   12   6   10   -0.0156495343
6   12   6   11   -0.0000000004
6   12   6   12   0.4135929061
6   12   7   8   -0.0000000000
6   12   7   10   -0.0000000002
6   12   7   11   -0.0000000000
6   12   7   12   0.0000000001
6   13   1   8   0.0122784234
6   13   1   9   -0.0000000003
6   13   1   10   0.0140721955
6   13   1   11   -0.0000000697
6   13   1   12   0.0008238554
6   13   2   8   -0.0000000003
6   13   2   9   0.0122198596
6   13   2   10   -0.0000000707
6   13   2   11   -0.0138606404
6   13   2   12   -0.0000000041
6   13   3   8   0.0140721955
6   13   3   9   -0.0000000707
6   13   3   10   0.0614103411
6   13   3   11   -0.0000000002
6   13   3   12   0.0012123633
6   13   4   8   -0.0000000697
6   13   4   9   -0.0138606404
6   13   4   10   -0.0000000002
6   13   4   11   0.0572186354
6   13   4   12   -0.0000000001
6   13   5   8   0.0008238554
6   13   5   9   -0.0000000041
6   13   5   10   0.0012123633
6   13   5   11   -0.0000000001
6   13   5   12   0.0138226656
6   13   6   13   0.4336851721
6   13   6   14   -0.0000000007
6   13   7   13   -0.0000000007
6   13   7   14   0.0135109636
6   14   1   8   0.0000000000
6   14   1   10   0.0000000000
6   14   1   12   -0.0000000000
6   14   2   9   0.0000000000
6   14   2   11   -0.0000000000
6   14   3   8   0.0000000000
6   14   3   10   0.0000000001
6   14   3   11   -0.0000000000
6   14   3   12   -0.0000000001
6   14   4   9   -0.0000000000
6   14   4   10   -0.0000000000
6   14   4   11   -0.0000000000
6   14   4   12   -0.0000000000
6   14   5   8   -0.0000000000
6   14   5   10   -0.0000000001
6   14   5   11   -0.0000000000
6   14   5   12   -0.0000000000
6   14   6   13   -0.0000000007
6   14   6   14   0.4108386864
6   14   7   13   0.0093355298
6   14   7   14   0.0000000011
7   8   1   13   0.0000000000
7   8   1   14   0.0146656008
7   8   2   14   -0.0000000002
7   8   3   13   0.0000000000
7   8   3   14   0.0147959360
7   8   4   14   -0.0000000740
7   8   5   13   -0.0000000000
7   8   5   14   0.0009405516
7   8   6   8   0.0000000003
7   8   6   10   -0.0000000000
7   8   6   12   -0.0000000000
7   8   7   8   0.5786174340
7   8   7   9   0.0000000010
7   8   7   10   -0.0061063100
7   8   7   11   0.0000000325
7   8   7   12   -0.0021975508
7   9   1   14   -0.0000000002
7   9   2   13   0.0000000000
7   9   2   14   0.0146141620
7   9   3   14   -0.0000000743
7   9   4   13   -0.0000000000
7   9   4   14   -0.0147047549
7   9   5   14   -0.0000000047
7   9   6   9   0.0000000003
7   9   6   11   0.0000000000
7   9   7   8   0.0000000010
7   9   7   9   0.5786179415
7   9   7   10   0.0000000307
7   9   7   11   0.0064523350
7   9   7   12   0.0000000111
7   10   1   13   0.0000000000
7   10   1   14   0.0147959360
7   10   2   14   -0.0000000743
7   10   3   13   0.0000000001
7   10   3   14   0.0629011691
7   10   4   13   0.0000000000
7   10   4   14   -0.0000000001
7   10   5   13   -0.0000000000
7   10   5   14   0.0004727650
7   10   6   8   -0.0000000000
7   10   6   10   0.0000000002
7   10   6   12   -0.0000000002
7   10   7   8   -0.0061063100
7   10   7   9   0.0000000307
7   10   7   10   0.4322957602
7   10   7   11   -0.0000000006
7   10   7   12   -0.0156495326
7   11   1   14   -0.0000000740
7   11   2   13   -0.0000000000
7   11   2   14   -0.0147047549
7   11   3   13   0.0000000000
7   11   3   14   -0.0000000001
7   11   4   13   -0.0000000000
7   11   4   14   0.0563657849
7   11   5   13   -0.0000000000
7   11   5   14   -0.0000000000
7   11   6   9   0.0000000000
7   11   6   11   0.0000000001
7   11   6   12   -0.0000000000
7   11   7   8   0.0000000325
7   11   7   9   0.0064523350
7   11   7   10   -0.0000000006
7   11   7   11   0.4300596209
7   11   7   12   -0.0000000004
7   12   1   13   -0.0000000000
7   12   1   14   0.0009405516
7   12   2   14   -0.0000000047
7   12   3   13   -0.0000000000
7   12   3   14   0.0004727650
7   12   4   13   -0.0000000000
7   12   4   14   -0.0000000000
7   12   5   13   -0.0000000000
7   12   5   14   0.0112574893
7   12   6   8   -0.0000000000
7   12   6   10   -0.0000000002
7   12   6   11   -0.0000000000
7   12   6   12   0.0000000001
7   12   7   8   -0.0021975508
7   12   7   9   0.0000000111
7   12   7   10   -0.0156495326
7   12   7   11   -0.0000000004
7   12   7   12   0.4135929052
7   13   1   8   0.0000000000
7   13   1   10   0.0000000000
7   13   1   12   -0.0000000000
7   13   2   9   0.0000000000
7   13   2   11   -0.0000000000
7   13   3   8   0.0000000000
7   13   3   10   0.0000000001
7   13   3   11   -0.0000000000
7   13   3   12   -0.0000000001
7   13   4   9   -0.0000000000
7   13   4   10   -0.0000000000
7   13   4   11   -0.0000000000
7   13   4   12   -0.0000000000
7   13   5   8   -0.0000000000
7   13   5   10   -0.0000000001
7   13   5   11   -0.0000000000
7   13   5   12   -0.0000000000
7   13   6   13   -0.0000000007
7   13   6   14   0.0093355298
7   13   7   13   0.4108386864
7   13   7   14   0.0000000011
7   14   1   8   0.0122784232
7   14   1   9   -0.0000000003
7   14   1   10   0.0140721954
7   14   1   11   -0.0000000697
7   14   1   12   0.0008238554
7   14   2   8   -0.0000000003
7   14   2   9   0.0122198595
7   14   2   10   -0.0000000707
7   14   2   11   -0.0138606404
7   14   2   12   -0.0000000041
7   14   3   8   0.0140721954
7   14   3   9   -0.0000000707
7   14   3   10   0.0614103403
7   14   3   11   -0.0000000001
7   14   3   12   0.0012123641
7   14   4   8   -0.0000000697
7   14   4   9   -0.0138606404
7   14   4   10   -0.0000000001
7   14   4   11   0.0572186357
7   14   4   12   0.0000000000
7   14   5   8   0.0008238554
7   14   5   9   -0.0000000041
7   14   5   10   0.0012123641
7   14   5   11   0.0000000000
7   14   5   12   0.0138226658
7   14   6   13   0.0135109636
7   14   6   14   0.0000000011
7   14   7   13   0.0000000011
7   14   7   14   0.4336851683

End IJKL Block
Begin ABCD Block
1   4   1   4   0.4316837507
1   4   1   5   -0.0000000043
1   4   2   4   -0.0000000043
1   4   2   5   0.0165408966
1   4   3   6   0.0180653064
1   5   1   4   -0.0000000043
1   5   1   5   0.3997584390
1   5   2   4   0.0153844202
1   5   2   5   0.0000000037
1   5   3   6   0.0000000000
1   6   1   6   0.4135965072
1   6   2   6   -0.0000000001
1   6   3   4   0.0171838871
1   6   3   5   -0.0000000000
2   4   1   4   -0.0000000043
2   4   1   5   0.0153844202
2   4   2   4   0.3997584390
2   4   2   5   0.0000000037
2   4   3   6   0.0000000000
2   5   1   4   0.0165408966
2   5   1   5   0.0000000037
2   5   2   4   0.0000000037
2   5   2   5   0.4316837525
2   5   3   6   0.0180653064
2   6   1   6   -0.0000000001
2   6   2   6   0.4135965075
2   6   3   4   -0.0000000000
2   6   3   5   0.0171838872
3   4   1   6   0.0171838871
3   4   2   6   -0.0000000000
3   4   3   4   0.4135965072
3   4   3   5   -0.0000000001
3   5   1   6   -0.0000000000
3   5   2   6   0.0171838872
3   5   3   4   -0.0000000001
3   5   3   5   0.4135965075
3   6   1   4   0.0180653064
3   6   1   5   0.0000000000
3   6   2   4   0.0000000000
3   6   2   5   0.0180653064
3   6   3   6   0.4642805968

End ABCD Block
Begin AIJB Block
1   8   1   4   0.0128347017
1   8   2   4   0.0000000001
1   8   3   4   0.0128748694
1   8   4   4   -0.0000000683
1   8   5   4   0.0012058764
1   8   5   5   -0.0000000000
1   8   6   6   -0.0008280482
1   8   7   6   0.0018446742
1   9   1   4   0.0000000001
1   9   2   4   0.0128695019
1   9   3   4   -0.0000000647
1   9   4   4   -0.0135984573
1   9   4   5   0.0000000000
1   9   5   4   -0.0000000061
1   9   6   6   0.0000000042
1   9   7   6   -0.0000000093
1   10   1   4   0.0128748694
1   10   2   4   -0.0000000647
1   10   3   4   0.0585685135
1   10   3   5   0.0000000001
1   10   4   4   0.0000000001
1   10   5   4   0.0069025926
1   10   5   5   -0.0000000002
1   10   6   6   0.0078669669
1   10   7   6   -0.0175255366
1   11   1   4   -0.0000000683
1   11   2   4   -0.0135984573
1   11   2   5   0.0000000000
1   11   3   4   0.0000000001
1   11   4   4   0.0674670153
1   11   4   5   -0.0000000000
1   11   5   4   0.0000000001
1   11   5   5   0.0000000000
1   11   6   6   0.0000000001
1   11   7   6   -0.0000000001
1   12   1   4   0.0012058764
1   12   1   5   -0.0000000000
1   12   2   4   -0.0000000061
1   12   3   4   0.0069025926
1   12   3   5   -0.0000000002
1   12   4   4   0.0000000001
1   12   4   5   0.0000000000
1   12   5   4   0.0233010595
1   12   5   5   -0.0000000000
1   12   6   6   -0.0712401962
1   12   7   6   0.1587044575
1   13   1   6   0.0009635790
1   13   2   6   -0.0000000049
1   13   3   6   0.0036181379
1   13   4   6   0.0000000000
1   13   5   6   -0.0071021792
1   13   6   4   0.0586004441
1   13   6   5   -0.0754415692
1   13   7   4   -0.0754415716
1   13   7   5   0.1491676950
1   14   1   6   -0.0021466010
1   14   2   6   0.0000000108
1   14   3   6   -0.0080602611
1   14   4   6   0.0000000000
1   14   5   6   0.0158217908
1   14   6   4   -0.0754415716
1   14   6   5   -0.0149683328
1   14   7   4   0.1927997948
1   14   7   5   0.0754415683
2   8   1   5   0.0128347017
2   8   2   5   0.0000000001
2   8   3   5   0.0128748694
2   8   4   5   -0.0000000683
2   8   5   4   -0.0000000000
2   8   5   5   0.0012058764
2   8   6   6   0.0018446741
2   8   7   6   0.0008280483
2   9   1   5   0.0000000001
2   9   2   5   0.0128695019
2   9   3   5   -0.0000000647
2   9   4   4   0.0000000000
2   9   4   5   -0.0135984573
2   9   5   5   -0.0000000061
2   9   6   6   -0.0000000093
2   9   7   6   -0.0000000042
2   10   1   5   0.0128748694
2   10   2   5   -0.0000000647
2   10   3   4   0.0000000001
2   10   3   5   0.0585685133
2   10   4   5   0.0000000001
2   10   5   4   -0.0000000002
2   10   5   5   0.0069025931
2   10   6   6   -0.0175255373
2   10   7   6   -0.0078669667
2   11   1   5   -0.0000000683
2   11   2   4   0.0000000000
2   11   2   5   -0.0135984573
2   11   3   5   0.0000000001
2   11   4   4   -0.0000000000
2   11   4   5   0.0674670154
2   11   5   4   0.0000000000
2   11   5   5   0.0000000000
2   11   6   6   -0.0000000002
2   11   7   6   -0.0000000001
2   12   1   4   -0.0000000000
2   12   1   5   0.0012058764
2   12   2   5   -0.0000000061
2   12   3   4   -0.0000000002
2   12   3   5   0.0069025931
2   12   4   4   0.0000000000
2   12   4   5   0.0000000000
2   12   5   4   -0.0000000000
2   12   5   5   0.0233010596
2   12   6   6   0.1587044566
2   12   7   6   0.0712401964
2   13   1   6   -0.0021466010
2   13   2   6   0.0000000108
2   13   3   6   -0.0080602616
2   13   4   6   -0.0000000000
2   13   5   6   0.0158217909
2   13   6   4   -0.0754415692
2   13   6   5   0.1927997964
2   13   7   4   -0.0149683328
2   13   7   5   0.0754415717
2   14   1   6   -0.0009635790
2   14   2   6   0.0000000049
2   14   3   6   -0.0036181378
2   14   5   6   0.0071021791
2   14   6   4   0.1491676950
2   14   6   5   0.0754415717
2   14   7   4   0.0754415683
2   14   7   5   0.0586004448
3   8   1   6   0.0150598398
3   8   2   6   0.0000000004
3   8   3   6   0.0133278944
3   8   4   6   -0.0000000718
3   8   5   6   0.0011282398
3   8   6   4   0.0009635790
3   8   6   5   -0.0021466010
3   8   7   4   -0.0021466010
3   8   7   5   -0.0009635790
3   9   1   6   0.0000000004
3   9   2   6   0.0151459770
3   9   3   6   -0.0000000670
3   9   4   6   -0.0142863547
3   9   5   6   -0.0000000057
3   9   6   4   -0.0000000049
3   9   6   5   0.0000000108
3   9   7   4   0.0000000108
3   9   7   5   0.0000000049
3   10   1   6   0.0133278944
3   10   2   6   -0.0000000670
3   10   3   6   0.0614924353
3   10   4   6   0.0000000000
3   10   5   6   -0.0176901043
3   10   6   4   0.0036181379
3   10   6   5   -0.0080602616
3   10   7   4   -0.0080602611
3   10   7   5   -0.0036181378
3   11   1   6   -0.0000000718
3   11   2   6   -0.0142863547
3   11   3   6   0.0000000000
3   11   4   6   0.0666349824
3   11   5   6   -0.0000000002
3   11   6   4   0.0000000000
3   11   6   5   -0.0000000000
3   11   7   4   0.0000000000
3   12   1   6   0.0011282398
3   12   2   6   -0.0000000057
3   12   3   6   -0.0176901043
3   12   4   6   -0.0000000002
3   12   5   6   0.2049859028
3   12   6   4   -0.0071021792
3   12   6   5   0.0158217909
3   12   7   4   0.0158217908
3   12   7   5   0.0071021791
3   13   1   4   -0.0008280482
3   13   1   5   0.0018446741
3   13   2   4   0.0000000042
3   13   2   5   -0.0000000093
3   13   3   4   0.0078669669
3   13   3   5   -0.0175255373
3   13   4   4   0.0000000001
3   13   4   5   -0.0000000002
3   13   5   4   -0.0712401962
3   13   5   5   0.1587044566
3   13   6   6   0.0248122529
3   13   7   6   0.0000000001
3   14   1   4   0.0018446742
3   14   1   5   0.0008280483
3   14   2   4   -0.0000000093
3   14   2   5   -0.0000000042
3   14   3   4   -0.0175255366
3   14   3   5   -0.0078669667
3   14   4   4   -0.0000000001
3   14   4   5   -0.0000000001
3   14   5   4   0.1587044575
3   14   5   5   0.0712401964
3   14   6   6   0.0000000001
3   14   7   6   0.0248122522

1   8   8   1   -0.5575136242
1   8   8   2   -0.0000000001
1   8   9   1   0.0000000008
1   8   10   1   0.0049582838
1   8   10   2   0.0000000000
1   8   11   1   -0.0000000263
1   8   12   1   0.0013709610
1   8   12   2   0.0000000000
1   8   13   3   -0.0010402204
1   8   14   3   0.0023173380
1   9   8   1   0.0000000008
1   9   9   1   -0.5575137803
1   9   9   2   -0.0000000001
1   9   10   1   -0.0000000249
1   9   11   1   -0.0052415101
1   9   11   2   -0.0000000000
1   9   12   1   -0.0000000069
1   9   13   3   0.0000000052
1   9   14   3   -0.0000000117
1   10   8   1   0.0049582838
1   10   8   2   0.0000000000
1   10   9   1   -0.0000000249
1   10   10   1   -0.4313431403
1   10   10   2   -0.0000000002
1   10   11   1   -0.0000000004
1   10   12   1   0.0083519996
1   10   12   2   0.0000000003
1   10   13   3   -0.0043070291
1   10   14   3   0.0095949301
1   11   8   1   -0.0000000263
1   11   9   1   -0.0052415101
1   11   9   2   -0.0000000000
1   11   10   1   -0.0000000004
1   11   11   1   -0.4345739608
1   11   11   2   -0.0000000000
1   11   12   1   0.0000000001
1   11   12   2   -0.0000000000
1   11   13   3   -0.0000000000
1   11   14   3   0.0000000000
1   12   8   1   0.0013709610
1   12   8   2   0.0000000000
1   12   9   1   -0.0000000069
1   12   10   1   0.0083519996
1   12   10   2   0.0000000003
1   12   11   1   0.0000000001
1   12   11   2   -0.0000000000
1   12   12   1   -0.4164598566
1   12   12   2   0.0000000000
1   12   13   3   0.0070640265
1   12   14   3   -0.0157367969
1   13   8   3   -0.0010141090
1   13   9   3   0.0000000051
1   13   10   3   -0.0044800947
1   13   11   3   -0.0000000000
1   13   12   3   0.0081237152
1   13   13   1   -0.4218937901
1   13   13   2   0.0143254811
1   13   14   1   0.0143254839
1   13   14   2   -0.0114594213
1   14   8   3   0.0022591687
1   14   9   3   -0.0000000114
1   14   10   3   0.0099804746
1   14   11   3   0.0000000000
1   14   12   3   -0.0180975049
1   14   13   1   0.0143254839
1   14   13   2   -0.0140234908
1   14   14   1   -0.4473766941
1   14   14   2   -0.0143254812
2   8   8   1   -0.0000000001
2   8   8   2   -0.5575136240
2   8   9   2   0.0000000008
2   8   10   1   0.0000000000
2   8   10   2   0.0049582837
2   8   11   2   -0.0000000263
2   8   12   1   0.0000000000
2   8   12   2   0.0013709610
2   8   13   3   0.0023173380
2   8   14   3   0.0010402204
2   9   8   2   0.0000000008
2   9   9   1   -0.0000000001
2   9   9   2   -0.5575137801
2   9   10   2   -0.0000000249
2   9   11   1   -0.0000000000
2   9   11   2   -0.0052415101
2   9   12   2   -0.0000000069
2   9   13   3   -0.0000000117
2   9   14   3   -0.0000000052
2   10   8   1   0.0000000000
2   10   8   2   0.0049582837
2   10   9   2   -0.0000000249
2   10   10   1   -0.0000000002
2   10   10   2   -0.4313431399
2   10   11   2   -0.0000000004
2   10   12   1   0.0000000003
2   10   12   2   0.0083519988
2   10   13   3   0.0095949302
2   10   14   3   0.0043070291
2   11   8   2   -0.0000000263
2   11   9   1   -0.0000000000
2   11   9   2   -0.0052415101
2   11   10   2   -0.0000000004
2   11   11   1   -0.0000000000
2   11   11   2   -0.4345739607
2   11   12   1   -0.0000000000
2   11   12   2   0.0000000001
2   11   13   3   0.0000000000
2   11   14   3   0.0000000000
2   12   8   1   0.0000000000
2   12   8   2   0.0013709610
2   12   9   2   -0.0000000069
2   12   10   1   0.0000000003
2   12   10   2   0.0083519988
2   12   11   1   -0.0000000000
2   12   11   2   0.0000000001
2   12   12   1   0.0000000000
2   12   12   2   -0.4164598566
2   12   13   3   -0.0157367969
2   12   14   3   -0.0070640266
2   13   8   3   0.0022591687
2   13   9   3   -0.0000000114
2   13   10   3   0.0099804750
2   13   11   3   0.0000000000
2   13   12   3   -0.0180975051
2   13   13   1   0.0143254811
2   13   13   2   -0.4473766922
2   13   14   1   -0.0140234908
2   13   14   2   -0.0143254836
2   14   8   3   0.0010141090
2   14   9   3   -0.0000000051
2   14   10   3   0.0044800946
2   14   11   3   0.0000000000
2   14   12   3   -0.0081237152
2   14   13   1   -0.0114594213
2   14   13   2   -0.0143254836
2   14   14   1   -0.0143254812
2   14   14   2   -0.4218937918
3   8   8   3   -0.5874300160
3   8   9   3   0.0000000005
3   8   10   3   0.0055211059
3   8   11   3   -0.0000000317
3   8   12   3   0.0057178505
3   8   13   1   -0.0010141090
3   8   13   2   0.0022591687
3   8   14   1   0.0022591687
3   8   14   2   0.0010141090
3   9   8   3   0.0000000005
3   9   9   3   -0.5874277948
3   9   10   3   -0.0000000278
3   9   11   3   -0.0063032143
3   9   12   3   -0.0000000288
3   9   13   1   0.0000000051
3   9   13   2   -0.0000000114
3   9   14   1   -0.0000000114
3   9   14   2   -0.0000000051
3   10   8   3   0.0055211059
3   10   9   3   -0.0000000278
3   10   10   3   -0.4497968232
3   10   11   3   -0.0000000002
3   10   12   3   0.0260344441
3   10   13   1   -0.0044800947
3   10   13   2   0.0099804750
3   10   14   1   0.0099804746
3   10   14   2   0.0044800946
3   11   8   3   -0.0000000317
3   11   9   3   -0.0063032143
3   11   10   3   -0.0000000002
3   11   11   3   -0.4469991886
3   11   12   3   0.0000000002
3   11   13   1   -0.0000000000
3   11   13   2   0.0000000000
3   11   14   1   0.0000000000
3   11   14   2   0.0000000000
3   12   8   3   0.0057178505
3   12   9   3   -0.0000000288
3   12   10   3   0.0260344441
3   12   11   3   0.0000000002
3   12   12   3   -0.4672026060
3   12   13   1   0.0081237152
3   12   13   2   -0.0180975051
3   12   14   1   -0.0180975049
3   12   14   2   -0.0081237152
3   13   8   1   -0.0010402204
3   13   8   2   0.0023173380
3   13   9   1   0.0000000052
3   13   9   2   -0.0000000117
3   13   10   1   -0.0043070291
3   13   10   2   0.0095949302
3   13   11   1   -0.0000000000
3   13   11   2   0.0000000000
3   13   12   1   0.0070640265
3   13   12   2   -0.0157367969
3   13   13   3   -0.4304124515
3   13   14   3   -0.0000000002
3   14   8   1   0.0023173380
3   14   8   2   0.0010402204
3   14   9   1   -0.0000000117
3   14   9   2   -0.0000000052
3   14   10   1   0.0095949301
3   14   10   2   0.0043070291
3   14   11   1   0.0000000000
3   14   11   2   0.0000000000
3   14   12   1   -0.0157367969
3   14   12   2   -0.0070640266
3   14   13   3   -0.0000000002
3   14   14   3   -0.4304124497

End AIJB Block
Begin IJKA Block
1   8   1   6   0.0000005482
1   8   2   6   0.0373075520
1   8   3   6   -0.0000000611
1   8   4   6   0.0047414760
1   8   5   6   0.0000001268
1   8   6   4   -0.0000000536
1   8   6   5   0.0000001194
1   8   7   4   0.0000001194
1   8   7   5   0.0000000536
1   9   1   6   0.0342711377
1   9   2   6   -0.0000001877
1   9   3   6   -0.0060728077
1   9   4   6   -0.0000000001
1   9   5   6   0.0126398317
1   9   6   4   -0.0053324731
1   9   6   5   0.0118793504
1   9   7   4   0.0118793503
1   9   7   5   0.0053324731
1   10   1   6   -0.0000004729
1   10   2   6   -0.0469437600
1   10   3   6   0.0000000053
1   10   4   6   -0.0026021613
1   10   5   6   0.0000000666
1   10   6   4   -0.0000000278
1   10   6   5   0.0000000619
1   10   7   4   0.0000000619
1   10   7   5   0.0000000278
1   11   1   6   0.0378348167
1   11   2   6   -0.0000000004
1   11   3   6   -0.0006581489
1   11   4   6   0.0000000118
1   11   5   6   -0.0141854261
1   11   6   4   0.0058623759
1   11   6   5   -0.0130598348
1   11   7   4   -0.0130598348
1   11   7   5   -0.0058623760
1   12   1   6   0.0000031414
1   12   2   6   0.3120101195
1   12   3   6   -0.0000000177
1   12   4   6   0.0034618599
1   12   5   6   0.0000000029
1   12   6   4   -0.0000000025
1   12   6   5   0.0000000056
1   12   7   4   0.0000000056
1   12   7   5   0.0000000025
1   13   1   4   -0.0000013537
1   13   1   5   0.0000030156
1   13   2   4   -0.1344560927
1   13   2   5   0.2995328804
1   13   3   4   0.0000000077
1   13   3   5   -0.0000000171
1   13   4   4   -0.0014525740
1   13   4   5   0.0032359535
1   13   5   4   -0.0000000030
1   13   5   5   0.0000000067
1   13   6   6   -0.0000000117
1   14   1   4   0.0000030157
1   14   1   5   0.0000013537
1   14   2   4   0.2995328798
1   14   2   5   0.1344560925
1   14   3   4   -0.0000000171
1   14   3   5   -0.0000000077
1   14   4   4   0.0032359540
1   14   4   5   0.0014525741
1   14   5   4   0.0000000067
1   14   5   5   0.0000000030
1   14   7   6   -0.0000000117
2   8   1   6   0.0373095325
2   8   2   6   -0.0000002030
2   8   3   6   -0.0060604041
2   8   4   6   -0.0000000001
2   8   5   6   0.0125497129
2   8   6   4   -0.0053145451
2   8   6   5   0.0118394115
2   8   7   4   0.0118394115
2   8   7   5   0.0053145451
2   9   1   6   -0.0000001877
2   9   2   6   0.0342832726
2   9   3   6   0.0000000610
2   9   4   6   0.0047316613
2   9   5   6   -0.0000001268
2   9   6   4   0.0000000536
2   9   6   5   -0.0000001194
2   9   7   4   -0.0000001194
2   9   7   5   -0.0000000536
2   10   1   6   -0.0469433329
2   10   2   6   0.0000004724
2   10   3   6   0.0010554075
2   10   4   6   0.0000000131
2   10   5   6   0.0131981929
2   10   6   4   -0.0055127823
2   10   6   5   0.0122810319
2   10   7   4   0.0122810319
2   10   7   5   0.0055127823
2   11   1   6   -0.0000000004
2   11   2   6   0.0378229686
2   11   3   6   0.0000000033
2   11   4   6   0.0023550707
2   11   5   6   0.0000000715
2   11   6   4   -0.0000000296
2   11   6   5   0.0000000658
2   11   7   4   0.0000000658
2   11   7   5   0.0000000296
2   12   1   6   0.3120030057
2   12   2   6   -0.0000031411
2   12   3   6   -0.0035094535
2   12   4   6   -0.0000000175
2   12   5   6   0.0005705714
2   12   6   4   -0.0004975023
2   12   6   5   0.0011083045
2   12   7   4   0.0011083044
2   12   7   5   0.0004975023
2   13   1   4   -0.1344533496
2   13   1   5   0.2995267697
2   13   2   4   0.0000013537
2   13   2   5   -0.0000030156
2   13   3   4   0.0015256986
2   13   3   5   -0.0033988560
2   13   4   4   0.0000000073
2   13   4   5   -0.0000000163
2   13   5   4   -0.0006013397
2   13   5   5   0.0013396271
2   13   6   6   -0.0023211425
2   13   7   6   0.0000000000
2   14   1   4   0.2995267691
2   14   1   5   0.1344533495
2   14   2   4   -0.0000030156
2   14   2   5   -0.0000013537
2   14   3   4   -0.0033988565
2   14   3   5   -0.0015256988
2   14   4   4   -0.0000000163
2   14   4   5   -0.0000000073
2   14   5   4   0.0013396270
2   14   5   5   0.0006013397
2   14   6   6   0.0000000000
2   14   7   6   -0.0023211425
3   8   1   6   -0.0000000641
3   8   2   6   -0.0063552660
3   8   3   6   -0.0000000071
3   8   4   6   -0.0037239539
3   8   5   6   0.0000000774
3   8   6   4   -0.0000000298
3   8   6   5   0.0000000664
3   8   7   4   0.0000000664
3   8   7   5   0.0000000298
3   9   1   6   -0.0063672521
3   9   2   6   0.0000000640
3   9   3   6   -0.0014132308
3   9   4   6   0.0000000187
3   9   5   6   0.0153565494
3   9   6   4   -0.0059091367
3   9   6   5   0.0131640053
3   9   7   4   0.0131640053
3   9   7   5   0.0059091367
3   10   1   6   0.0000000049
3   10   2   6   0.0009637723
3   10   3   6   -0.0000000004
3   10   4   6   0.0186055534
3   10   5   6   0.0000000008
3   10   6   4   -0.0000000004
3   10   6   5   0.0000000009
3   10   7   4   0.0000000009
3   10   7   5   0.0000000004
3   11   1   6   -0.0005325661
3   11   2   6   0.0000000027
3   11   3   6   0.0303843636
3   11   4   6   0.0000000002
3   11   5   6   -0.0634805365
3   11   6   4   0.0256850391
3   11   6   5   -0.0572195251
3   11   7   4   -0.0572195243
3   11   7   5   -0.0256850389
3   12   1   6   -0.0000000188
3   12   2   6   -0.0037334938
3   12   3   6   0.0000000029
3   12   4   6   -0.1959365445
3   12   5   6   0.0000000003
3   12   6   4   -0.0000000001
3   12   6   5   0.0000000002
3   12   7   4   0.0000000002
3   12   7   5   0.0000000001
3   13   1   4   0.0000000085
3   13   1   5   -0.0000000189
3   13   2   4   0.0016865083
3   13   2   5   -0.0037570978
3   13   3   4   -0.0000000012
3   13   3   5   0.0000000028
3   13   4   4   0.0845513036
3   13   4   5   -0.1883581101
3   13   5   4   -0.0000000002
3   13   5   5   0.0000000003
3   13   6   6   -0.0000000000
3   13   7   6   -0.0000000000
3   14   1   4   -0.0000000189
3   14   1   5   -0.0000000085
3   14   2   4   -0.0037570982
3   14   2   5   -0.0016865084
3   14   3   4   0.0000000028
3   14   3   5   0.0000000012
3   14   4   4   -0.1883581098
3   14   4   5   -0.0845513035
3   14   5   4   0.0000000004
3   14   5   5   0.0000000002
3   14   6   6   -0.0000000000
3   14   7   6   0.0000000000
4   8   1   6   0.0049793291
4   8   2   6   -0.0000000001
4   8   3   6   -0.0037952568
4   8   4   6   0.0000000144
4   8   5   6   -0.0148050598
4   8   6   4   0.0058847488
4   8   6   5   -0.0131096755
4   8   7   4   -0.0131096755
4   8   7   5   -0.0058847488
4   9   1   6   -0.0000000001
4   9   2   6   0.0049709685
4   9   3   6   0.0000000191
4   9   4   6   0.0028711038
4   9   5   6   0.0000000746
4   9   6   4   -0.0000000297
4   9   6   5   0.0000000661
4   9   7   4   0.0000000661
4   9   7   5   0.0000000297
4   10   1   6   -0.0024456765
4   10   2   6   0.0000000123
4   10   3   6   0.0179927876
4   10   4   6   0.0000000002
4   10   5   6   -0.0495256662
4   10   6   4   0.0236019110
4   10   6   5   -0.0525788625
4   10   7   4   -0.0525788618
4   10   7   5   -0.0236019109
4   11   1   6   0.0000000112
4   11   2   6   0.0022226059
4   11   3   6   0.0000000003
4   11   4   6   0.0120004490
4   11   5   6   -0.0000000008
4   11   6   4   0.0000000003
4   11   6   5   -0.0000000008
4   11   7   4   -0.0000000007
4   11   7   5   -0.0000000003
4   12   1   6   0.0037256796
4   12   2   6   -0.0000000188
4   12   3   6   -0.1962637282
4   12   4   6   -0.0000000028
4   12   5   6   -0.0487216413
4   12   6   4   0.0026124781
4   12   6   5   -0.0058199153
4   12   7   4   -0.0058199155
4   12   7   5   -0.0026124781
4   13   1   4   -0.0016584072
4   13   1   5   0.0036944958
4   13   2   4   0.0000000084
4   13   2   5   -0.0000000186
4   13   3   4   0.0844120163
4   13   3   5   -0.1880478146
4   13   4   4   0.0000000012
4   13   4   5   -0.0000000027
4   13   5   4   0.0197431706
4   13   5   5   -0.0439826016
4   13   6   6   0.0048992556
4   13   7   6   -0.0000000000
4   14   1   4   0.0036944962
4   14   1   5   0.0016584073
4   14   2   4   -0.0000000186
4   14   2   5   -0.0000000084
4   14   3   4   -0.1880478144
4   14   3   5   -0.0844120163
4   14   4   4   -0.0000000026
4   14   4   5   -0.0000000012
4   14   5   4   -0.0439826018
4   14   5   5   -0.0197431707
4   14   6   6   -0.0000000000
4   14   7   6   0.0048992558
5   8   1   6   0.0000001459
5   8   2   6   0.0144491262
5   8   3   6   0.0000000824
5   8   4   6   -0.0158355720
5   8   5   6   0.0000000053
5   8   6   4   -0.0000000020
5   8   6   5   0.0000000045
5   8   7   4   0.0000000045
5   8   7   5   0.0000000020
5   9   1   6   0.0145315708
5   9   2   6   -0.0000001458
5   9   3   6   0.0163524488
5   9   4   6   0.0000000798
5   9   5   6   0.0010442858
5   9   6   4   -0.0003995075
5   9   6   5   0.0008899979
5   9   7   4   0.0008899978
5   9   7   5   0.0003995075
5   10   1   6   0.0000000662
5   10   2   6   0.0131226885
5   10   3   6   0.0000000008
5   10   4   6   -0.0499356146
5   10   5   6   -0.0000000002
5   10   6   4   0.0000000000
5   10   6   5   -0.0000000001
5   10   7   4   -0.0000000001
5   10   7   5   -0.0000000000
5   11   1   6   -0.0139028035
5   11   2   6   0.0000000700
5   11   3   6   -0.0637977180
5   11   4   6   -0.0000000008
5   11   5   6   0.0165627028
5   11   6   4   0.0016363988
5   11   6   5   -0.0036454668
5   11   7   4   -0.0036454674
5   11   7   5   -0.0016363989
5   12   1   6   0.0000000009
5   12   2   6   0.0001751269
5   12   3   6   0.0000000005
5   12   4   6   -0.0492499898
5   12   5   6   0.0000000006
5   12   6   4   0.0000000000
5   12   6   5   -0.0000000001
5   12   7   4   -0.0000000001
5   12   7   5   -0.0000000000
5   13   1   4   -0.0000000023
5   13   1   5   0.0000000051
5   13   2   4   -0.0004589300
5   13   2   5   0.0010223755
5   13   3   4   -0.0000000002
5   13   3   5   0.0000000004
5   13   4   4   0.0195565417
5   13   4   5   -0.0435668411
5   13   5   4   -0.0000000002
5   13   5   5   0.0000000005
5   13   6   6   -0.0000000001
5   13   7   6   0.0000000000
5   14   1   4   0.0000000052
5   14   1   5   0.0000000023
5   14   2   4   0.0010223756
5   14   2   5   0.0004589300
5   14   3   4   0.0000000005
5   14   3   5   0.0000000002
5   14   4   4   -0.0435668421
5   14   4   5   -0.0195565419
5   14   5   4   0.0000000004
5   14   5   5   0.0000000002
5   14   6   6   0.0000000000
5   14   7   6   -0.0000000001
6   8   1   4   -0.0000000627
6   8   1   5   0.0000001396
6   8   2   4   -0.0062165273
6   8   2   5   0.0138487909
6   8   3   4   -0.0000000324
6   8   3   5   0.0000000721
6   8   4   4   0.0063990291
6   8   4   5   -0.0142553572
6   8   5   4   -0.0000000028
6   8   5   5   0.0000000061
6   8   6   6   -0.0000000040
6   9   1   4   -0.0062313726
6   9   1   5   0.0138818624
6   9   2   4   0.0000000627
6   9   2   5   -0.0000001396
6   9   3   4   -0.0064214938
6   9   3   5   0.0143054025
6   9   4   4   -0.0000000323
6   9   4   5   0.0000000719
6   9   5   4   -0.0005476728
6   9   5   5   0.0012200713
6   9   6   6   -0.0007970523
6   9   7   6   -0.0000000000
6   10   1   4   -0.0000000281
6   10   1   5   0.0000000626
6   10   2   4   -0.0055734261
6   10   2   5   0.0124161303
6   10   3   4   -0.0000000004
6   10   3   5   0.0000000008
6   10   4   4   0.0236854160
6   10   4   5   -0.0527648895
6   10   5   4   0.0000000000
6   10   5   5   -0.0000000001
6   10   6   6   -0.0000000002
6   10   7   6   -0.0000000000
6   11   1   4   0.0058357095
6   11   1   5   -0.0130004289
6   11   2   4   -0.0000000294
6   11   2   5   0.0000000655
6   11   3   4   0.0254932679
6   11   3   5   -0.0567923090
6   11   4   4   0.0000000003
6   11   4   5   -0.0000000008
6   11   5   4   0.0024551944
6   11   5   5   -0.0054695285
6   11   6   6   0.0249354202
6   11   7   6   0.0000000000
6   12   1   4   -0.0000000019
6   12   1   5   0.0000000042
6   12   2   4   -0.0003734456
6   12   2   5   0.0008319387
6   12   3   4   -0.0000000001
6   12   3   5   0.0000000003
6   12   4   4   0.0030669582
6   12   4   5   -0.0068323778
6   12   5   4   0.0000000000
6   12   5   5   -0.0000000001
6   12   6   6   0.0000000006
6   12   7   6   -0.0000000000
6   13   1   6   -0.0000000107
6   13   2   6   -0.0021255428
6   13   3   6   0.0000000001
6   13   4   6   0.0054588636
6   13   5   6   -0.0000000000
6   13   6   4   -0.0000000003
6   13   6   5   0.0000000007
6   13   7   4   0.0000000000
6   13   7   5   0.0000000000
6   14   2   6   -0.0000000000
6   14   3   6   -0.0000000000
6   14   4   6   0.0000000001
6   14   5   6   0.0000000000
6   14   6   4   0.0000000005
6   14   6   5   0.0000000002
6   14   7   4   -0.0000000000
6   14   7   5   0.0000000001
7   8   1   4   0.0000001396
7   8   1   5   0.0000000627
7   8   2   4   0.0138487908
7   8   2   5   0.0062165272
7   8   3   4   0.0000000721
7   8   3   5   0.0000000324
7   8   4   4   -0.0142553572
7   8   4   5   -0.0063990291
7   8   5   4   0.0000000061
7   8   5   5   0.0000000028
7   8   7   6   -0.0000000040
7   9   1   4   0.0138818623
7   9   1   5   0.0062313725
7   9   2   4   -0.0000001396
7   9   2   5   -0.0000000627
7   9   3   4   0.0143054025
7   9   3   5   0.0064214938
7   9   4   4   0.0000000719
7   9   4   5   0.0000000323
7   9   5   4   0.0012200712
7   9   5   5   0.0005476728
7   9   6   6   -0.0000000000
7   9   7   6   -0.0007970522
7   10   1   4   0.0000000626
7   10   1   5   0.0000000281
7   10   2   4   0.0124161302
7   10   2   5   0.0055734261
7   10   3   4   0.0000000008
7   10   3   5   0.0000000004
7   10   4   4   -0.0527648893
7   10   4   5   -0.0236854159
7   10   5   4   -0.0000000001
7   10   5   5   -0.0000000000
7   10   6   6   -0.0000000000
7   10   7   6   -0.0000000002
7   11   1   4   -0.0130004288
7   11   1   5   -0.0058357095
7   11   2   4   0.0000000655
7   11   2   5   0.0000000294
7   11   3   4   -0.0567923085
7   11   3   5   -0.0254932677
7   11   4   4   -0.0000000008
7   11   4   5   -0.0000000003
7   11   5   4   -0.0054695295
7   11   5   5   -0.0024551947
7   11   6   6   0.0000000000
7   11   7   6   0.0249354200
7   12   1   4   0.0000000042
7   12   1   5   0.0000000019
7   12   2   4   0.0008319388
7   12   2   5   0.0003734456
7   12   3   4   0.0000000004
7   12   3   5   0.0000000002
7   12   4   4   -0.0068323783
7   12   4   5   -0.0030669584
7   12   5   4   -0.0000000001
7   12   5   5   -0.0000000001
7   12   6   6   -0.0000000000
7   12   7   6   0.0000000006
7   13   2   6   -0.0000000000
7   13   3   6   -0.0000000000
7   13   4   6   0.0000000001
7   13   5   6   0.0000000000
7   13   6   4   0.0000000001
7   13   6   5   0.0000000000
7   13   7   4   -0.0000000002
7   13   7   5   0.0000000005
7   14   1   6   -0.0000000107
7   14   2   6   -0.0021255428
7   14   3   6   0.0000000001
7   14   4   6   0.0054588627
7   14   5   6   -0.0000000001
7   14   6   4   -0.0000000000
7   14   6   5   0.0000000001
7   14   7   4   0.0000000006
7   14   7   5   0.0000000003

End IJKA Block
Begin IABC Block
1   4   1   6   -0.0000000116
1   4   3   4   -0.0000000015
1   5   2   6   -0.0000000116
1   5   3   5   -0.0000000015
1   6   1   4   -0.0000000112
1   6   2   5   -0.0000000112
1   6   3   6   -0.0000000218
2   4   1   6   -0.0023046460
2   4   3   4   -0.0002952821
2   4   3   5   -0.0000000000
2   5   2   6   -0.0023046460
2   5   3   4   -0.0000000000
2   5   3   5   -0.0002952821
2   6   1   4   -0.0022244226
2   6   1   5   0.0000000000
2   6   2   4   0.0000000000
2   6   2   5   -0.0022244227
2   6   3   6   -0.0043267860
3   4   1   6   0.0000000000
3   4   3   4   -0.0000000001
3   4   3   5   -0.0000000000
3   5   2   6   0.0000000000
3   5   3   4   -0.0000000000
3   5   3   5   -0.0000000001
3   6   1   4   0.0000000001
3   6   1   5   0.0000000000
3   6   2   4   0.0000000000
3   6   2   5   0.0000000001
3   6   3   6   -0.0000000002
4   4   1   6   0.0081741383
4   4   2   6   -0.0000000002
4   4   3   4   0.0226150081
4   4   3   5   -0.0000000002
4   5   1   6   -0.0000000002
4   5   2   6   0.0081741389
4   5   3   4   -0.0000000002
4   5   3   5   0.0226150085
4   6   1   4   0.0062743662
4   6   1   5   0.0000000002
4   6   2   4   0.0000000002
4   6   2   5   0.0062743657
4   6   3   6   0.0319896333
5   4   1   6   0.0000000004
5   4   2   6   0.0000000000
5   4   3   4   -0.0000000004
5   4   3   5   0.0000000000
5   5   1   6   0.0000000000
5   5   2   6   0.0000000004
5   5   3   4   0.0000000000
5   5   3   5   -0.0000000004
5   6   1   4   0.0000000004
5   6   1   5   0.0000000000
5   6   2   4   0.0000000000
5   6   2   5   0.0000000004
5   6   3   6   -0.0000000002
6   4   1   4   0.0000000002
6   4   1   5   -0.0000000000
6   4   2   4   -0.0000000004
6   4   2   5   0.0000000000
6   4   3   6   -0.0000000001
6   5   1   4   -0.0000000000
6   5   1   5   0.0000000002
6   5   2   4   0.0000000000
6   5   2   5   -0.0000000005
6   5   3   6   0.0000000002
6   6   1   6   0.0000000001
6   6   2   6   -0.0000000003
6   6   3   4   -0.0000000001
6   6   3   5   0.0000000003
7   4   1   4   -0.0000000005
7   4   2   4   -0.0000000002
7   4   2   5   -0.0000000001
7   4   3   6   0.0000000002
7   5   1   4   -0.0000000000
7   5   1   5   -0.0000000004
7   5   2   4   -0.0000000000
7   5   2   5   -0.0000000002
7   5   3   6   0.0000000001
7   6   1   6   -0.0000000002
7   6   2   6   -0.0000000001
7   6   3   4   0.0000000003
7   6   3   5   0.0000000001

End IABC Block
