0   1   5   6       0.079848303974
0   1   6   5      -0.079848303926
1   0   5   6      -0.079848303974
1   0   6   5       0.079848303926
0   103   5   12      -0.173856271235
0   103   5   13      -0.198856591711
0   103   6   12      -0.198856591607
0   103   6   13      -0.378873034655
0   104   5   12       0.198856585153
0   104   5   13       0.142432538531
0   104   6   12       0.062584232750
0   104   6   13      -0.198856585613
0   105   4   12       0.089470257714
0   105   4   13       0.146779105599
0   105   5   11       0.069659707522
0   105   6   11       0.114279200905
1   103   5   12       0.198856585211
1   103   5   13       0.062584232866
1   103   6   12       0.142432538499
1   103   6   13      -0.198856585669
1   104   5   12      -0.378873035425
1   104   5   13       0.198856592416
1   104   6   12       0.198856592607
1   104   6   13      -0.173856272075
1   105   4   12      -0.146779106058
1   105   4   13       0.089470258525
1   105   5   11      -0.114279201145
1   105   6   11       0.069659707955
2   103   4   12       0.069659707522
2   103   4   13       0.114279200905
2   103   5   11       0.089470257714
2   103   6   11       0.146779105599
2   104   4   12      -0.114279201145
2   104   4   13       0.069659707955
2   104   5   11      -0.146779106058
2   104   6   11       0.089470258525
2   105   4   11      -0.281599834531
2   106   4   11      -0.057339301924
3   105   4   11      -0.057339301924
0   103   12   5       0.173856271235
0   103   12   6       0.198856591607
0   103   13   5       0.198856591711
0   103   13   6       0.378873034655
0   104   12   5      -0.198856585153
0   104   12   6      -0.062584232750
0   104   13   5      -0.142432538531
0   104   13   6       0.198856585613
0   105   11   5      -0.069659707522
0   105   11   6      -0.114279200905
0   105   12   4      -0.089470257714
0   105   13   4      -0.146779105599
1   103   12   5      -0.198856585211
1   103   12   6      -0.142432538499
1   103   13   5      -0.062584232866
1   103   13   6       0.198856585669
1   104   12   5       0.378873035425
1   104   12   6      -0.198856592607
1   104   13   5      -0.198856592416
1   104   13   6       0.173856272075
1   105   11   5       0.114279201145
1   105   11   6      -0.069659707955
1   105   12   4       0.146779106058
1   105   13   4      -0.089470258525
2   103   11   5      -0.089470257714
2   103   11   6      -0.146779105599
2   103   12   4      -0.069659707522
2   103   13   4      -0.114279200905
2   104   11   5       0.146779106058
2   104   11   6      -0.089470258525
2   104   12   4       0.114279201145
2   104   13   4      -0.069659707955
2   105   11   4       0.281599834531
2   106   11   4       0.057339301924
3   105   11   4       0.057339301924
103   0   5   12       0.173856271235
103   0   5   13       0.198856591711
103   0   6   12       0.198856591607
103   0   6   13       0.378873034655
103   1   5   12      -0.198856585211
103   1   5   13      -0.062584232866
103   1   6   12      -0.142432538499
103   1   6   13       0.198856585669
103   2   4   12      -0.069659707522
103   2   4   13      -0.114279200905
103   2   5   11      -0.089470257714
103   2   6   11      -0.146779105599
104   0   5   12      -0.198856585153
104   0   5   13      -0.142432538531
104   0   6   12      -0.062584232750
104   0   6   13       0.198856585613
104   1   5   12       0.378873035425
104   1   5   13      -0.198856592416
104   1   6   12      -0.198856592607
104   1   6   13       0.173856272075
104   2   4   12       0.114279201145
104   2   4   13      -0.069659707955
104   2   5   11       0.146779106058
104   2   6   11      -0.089470258525
105   0   4   12      -0.089470257714
105   0   4   13      -0.146779105599
105   0   5   11      -0.069659707522
105   0   6   11      -0.114279200905
105   1   4   12       0.146779106058
105   1   4   13      -0.089470258525
105   1   5   11       0.114279201145
105   1   6   11      -0.069659707955
105   2   4   11       0.281599834531
105   3   4   11       0.057339301924
106   2   4   11       0.057339301924
103   0   12   5      -0.173856271235
103   0   12   6      -0.198856591607
103   0   13   5      -0.198856591711
103   0   13   6      -0.378873034655
103   1   12   5       0.198856585211
103   1   12   6       0.142432538499
103   1   13   5       0.062584232866
103   1   13   6      -0.198856585669
103   2   11   5       0.089470257714
103   2   11   6       0.146779105599
103   2   12   4       0.069659707522
103   2   13   4       0.114279200905
104   0   12   5       0.198856585153
104   0   12   6       0.062584232750
104   0   13   5       0.142432538531
104   0   13   6      -0.198856585613
104   1   12   5      -0.378873035425
104   1   12   6       0.198856592607
104   1   13   5       0.198856592416
104   1   13   6      -0.173856272075
104   2   11   5      -0.146779106058
104   2   11   6       0.089470258525
104   2   12   4      -0.114279201145
104   2   13   4       0.069659707955
105   0   11   5       0.069659707522
105   0   11   6       0.114279200905
105   0   12   4       0.089470257714
105   0   13   4       0.146779105599
105   1   11   5      -0.114279201145
105   1   11   6       0.069659707955
105   1   12   4      -0.146779106058
105   1   13   4       0.089470258525
105   2   11   4      -0.281599834531
105   3   11   4      -0.057339301924
106   2   11   4      -0.057339301924
103   104   12   13       0.079848303974
103   104   13   12      -0.079848303926
104   103   12   13      -0.079848303974
104   103   13   12       0.079848303926

