Begin IJ Block
1   1   -28.5377706913
1   2   0.0000000023
1   3   -0.4945318799
1   6   0.0000000006
1   7   -0.2951608715
2   2   -28.5353420096
2   3   -0.0000000069
2   6   0.5128905128
2   7   -0.0000000006
3   3   -11.1296505960
3   6   -0.0000000418
3   7   1.1865840303
4   4   -8.9343458603
4   5   0.0000000042
5   5   -8.9343458549
6   6   -7.8622317852
6   7   0.0000000097
7   7   -8.2099014252

End IJ Block
Begin IA Block
1   3   0.0000000009
2   3   0.2063429754
3   3   0.0000000369
4   1   -0.0000000290
4   2   -0.0000000536
5   1   0.0000000287
5   2   0.0000000207
6   3   -1.0205101942
7   3   -0.0000003803

End IA Block
Begin AB Block
1   1   -6.2169726557
1   2   0.0000000302
2   2   -6.2169726328
3   3   -3.6876699091

End AB Block
Begin IJAB Block
1   8   1   4   0.0084674429
1   8   1   5   -0.0000000008
1   8   2   4   -0.0000000008
1   8   2   5   0.0084674423
1   8   3   6   0.0054898950
1   9   1   4   -0.0000000002
1   9   1   5   0.0000000003
1   9   2   4   0.0000000003
1   9   2   5   0.0000000000
1   9   3   6   -0.0000000203
1   10   1   4   -0.0064583104
1   10   1   5   0.0000000001
1   10   2   4   0.0000000001
1   10   2   5   -0.0064583104
1   10   3   6   0.0006909971
1   11   1   6   0.0004019024
1   11   2   6   0.0039504450
1   11   3   4   0.0000732943
1   11   3   5   0.0007204383
1   12   1   6   -0.0039504445
1   12   2   6   0.0004019014
1   12   3   4   -0.0007204385
1   12   3   5   0.0000732946
1   13   1   4   -0.0000000002
1   13   1   5   -0.0000000008
1   13   2   4   -0.0000000008
1   13   2   5   -0.0000000008
1   13   3   6   -0.0000000019
1   14   1   4   -0.0052869452
1   14   1   5   0.0000000005
1   14   2   4   0.0000000005
1   14   2   5   -0.0052869449
1   14   3   6   -0.0004418832
2   8   1   4   -0.0000000002
2   8   1   5   0.0000000003
2   8   2   4   0.0000000003
2   8   2   5   0.0000000000
2   8   3   6   -0.0000000203
2   9   1   4   0.0088521887
2   9   1   5   -0.0000000008
2   9   2   4   -0.0000000008
2   9   2   5   0.0088521881
2   9   3   6   0.0055762495
2   10   1   4   0.0000000001
2   10   1   5   -0.0000000001
2   10   2   4   -0.0000000001
2   10   2   5   0.0000000001
2   10   3   6   -0.0000000056
2   11   1   6   -0.0000000004
2   11   2   6   -0.0000000014
2   11   3   4   -0.0000000009
2   11   3   5   -0.0000000019
2   12   1   6   0.0000000011
2   12   2   6   0.0000000001
2   12   3   4   0.0000000012
2   12   3   5   0.0000000006
2   13   1   4   0.0097293664
2   13   1   5   -0.0000000007
2   13   2   4   -0.0000000007
2   13   2   5   0.0097293658
2   13   3   6   -0.0004573678
2   14   1   4   -0.0000000000
2   14   1   5   0.0000000003
2   14   2   4   0.0000000003
2   14   2   5   0.0000000002
2   14   3   6   -0.0000000068
3   8   1   4   -0.0064583104
3   8   1   5   0.0000000001
3   8   2   4   0.0000000001
3   8   2   5   -0.0064583104
3   8   3   6   0.0006909971
3   9   1   4   0.0000000001
3   9   1   5   -0.0000000001
3   9   2   4   -0.0000000001
3   9   2   5   0.0000000001
3   9   3   6   -0.0000000056
3   10   1   4   0.0215312266
3   10   1   5   -0.0000000041
3   10   2   4   -0.0000000041
3   10   2   5   0.0215312234
3   10   3   6   0.0058578299
3   11   1   6   -0.0011345686
3   11   2   6   -0.0111520522
3   11   3   4   -0.0019441737
3   11   3   5   -0.0191099140
3   12   1   6   0.0111520471
3   12   2   6   -0.0011345584
3   12   3   4   0.0191099034
3   12   3   5   -0.0019441526
3   13   1   4   0.0000000001
3   13   1   5   -0.0000000011
3   13   2   4   -0.0000000011
3   13   2   5   -0.0000000007
3   13   3   6   -0.0000000132
3   14   1   4   0.0171614342
3   14   1   5   -0.0000000008
3   14   2   4   -0.0000000008
3   14   2   5   0.0171614336
3   14   3   6   0.0065381387
4   8   1   6   0.0000732943
4   8   2   6   0.0007204383
4   8   3   4   0.0004019024
4   8   3   5   0.0039504450
4   9   1   6   -0.0000000009
4   9   2   6   -0.0000000019
4   9   3   4   -0.0000000004
4   9   3   5   -0.0000000014
4   10   1   6   -0.0019441737
4   10   2   6   -0.0191099140
4   10   3   4   -0.0011345686
4   10   3   5   -0.0111520522
4   11   1   4   0.0142441125
4   11   1   5   0.0076409990
4   11   2   4   0.0076409990
4   11   2   5   0.0885730652
4   11   3   6   0.0059986767
4   12   1   4   -0.0076410086
4   12   1   5   -0.0117535329
4   12   2   4   -0.0625754098
4   12   2   5   0.0076410119
4   12   3   6   0.0000000284
4   13   1   6   0.0000000105
4   13   2   6   0.0000000200
4   13   3   4   0.0000000043
4   13   3   5   0.0000000015
4   14   1   6   -0.0012508581
4   14   2   6   -0.0122952174
4   14   3   4   -0.0010031126
4   14   3   5   -0.0098598302
5   8   1   6   -0.0007204385
5   8   2   6   0.0000732946
5   8   3   4   -0.0039504445
5   8   3   5   0.0004019014
5   9   1   6   0.0000000012
5   9   2   6   0.0000000006
5   9   3   4   0.0000000011
5   9   3   5   0.0000000001
5   10   1   6   0.0191099034
5   10   2   6   -0.0019441526
5   10   3   4   0.0111520471
5   10   3   5   -0.0011345584
5   11   1   4   -0.0076410086
5   11   1   5   -0.0625754098
5   11   2   4   -0.0117535329
5   11   2   5   0.0076410119
5   11   3   6   0.0000000284
5   12   1   4   0.0885730696
5   12   1   5   -0.0076410050
5   12   2   4   -0.0076410050
5   12   2   5   0.0142441123
5   12   3   6   0.0059987126
5   13   1   6   -0.0000000111
5   13   2   6   -0.0000000073
5   13   3   4   0.0000000029
5   13   3   5   -0.0000000044
5   14   1   6   0.0122952243
5   14   2   6   -0.0012508719
5   14   3   4   0.0098598152
5   14   3   5   -0.0010030827
6   8   1   4   -0.0000000002
6   8   1   5   -0.0000000008
6   8   2   4   -0.0000000008
6   8   2   5   -0.0000000008
6   8   3   6   -0.0000000019
6   9   1   4   0.0097293664
6   9   1   5   -0.0000000007
6   9   2   4   -0.0000000007
6   9   2   5   0.0097293658
6   9   3   6   -0.0004573678
6   10   1   4   0.0000000001
6   10   1   5   -0.0000000011
6   10   2   4   -0.0000000011
6   10   2   5   -0.0000000007
6   10   3   6   -0.0000000132
6   11   1   6   0.0000000043
6   11   2   6   0.0000000015
6   11   3   4   0.0000000105
6   11   3   5   0.0000000200
6   12   1   6   0.0000000029
6   12   2   6   -0.0000000044
6   12   3   4   -0.0000000111
6   12   3   5   -0.0000000073
6   13   1   4   0.0598836811
6   13   1   5   -0.0000000138
6   13   2   4   -0.0000000138
6   13   2   5   0.0598836706
6   13   3   6   0.0282965033
6   14   1   4   0.0000000038
6   14   1   5   -0.0000000084
6   14   2   4   -0.0000000084
6   14   2   5   -0.0000000026
6   14   3   6   -0.0000000563
7   8   1   4   -0.0052869452
7   8   1   5   0.0000000005
7   8   2   4   0.0000000005
7   8   2   5   -0.0052869449
7   8   3   6   -0.0004418832
7   9   1   4   -0.0000000000
7   9   1   5   0.0000000003
7   9   2   4   0.0000000003
7   9   2   5   0.0000000002
7   9   3   6   -0.0000000068
7   10   1   4   0.0171614342
7   10   1   5   -0.0000000008
7   10   2   4   -0.0000000008
7   10   2   5   0.0171614336
7   10   3   6   0.0065381387
7   11   1   6   -0.0010031126
7   11   2   6   -0.0098598302
7   11   3   4   -0.0012508581
7   11   3   5   -0.0122952174
7   12   1   6   0.0098598152
7   12   2   6   -0.0010030827
7   12   3   4   0.0122952243
7   12   3   5   -0.0012508719
7   13   1   4   0.0000000038
7   13   1   5   -0.0000000084
7   13   2   4   -0.0000000084
7   13   2   5   -0.0000000026
7   13   3   6   -0.0000000563
7   14   1   4   0.0372334402
7   14   1   5   -0.0000000122
7   14   2   4   -0.0000000122
7   14   2   5   0.0372334309
7   14   3   6   0.0200176849

End IJAB Block
Begin IJKL Block
1   8   1   8   2.3432890426
1   8   1   9   -0.0000000020
1   8   1   10   0.2149480802
1   8   1   13   0.0000000022
1   8   1   14   0.0677446210
1   8   2   8   -0.0000000020
1   8   2   9   1.7585003837
1   8   2   10   -0.0000000006
1   8   2   13   -0.1631573367
1   8   2   14   0.0000000015
1   8   3   8   0.2149480802
1   8   3   9   -0.0000000006
1   8   3   10   0.0454483427
1   8   3   13   -0.0000000009
1   8   3   14   -0.0020783742
1   8   4   11   0.0125334898
1   8   4   12   0.0000000001
1   8   5   11   0.0000000001
1   8   5   12   0.0125334899
1   8   6   8   0.0000000022
1   8   6   9   -0.1631573367
1   8   6   10   -0.0000000009
1   8   6   13   0.0239974901
1   8   6   14   -0.0000000003
1   8   7   8   0.0677446210
1   8   7   9   0.0000000015
1   8   7   10   -0.0020783742
1   8   7   13   -0.0000000003
1   8   7   14   0.0170678652
1   9   1   8   -0.0000000020
1   9   1   9   2.3476669673
1   9   1   10   -0.0000000008
1   9   1   13   -0.1762746628
1   9   1   14   0.0000000015
1   9   2   8   1.7590599875
1   9   2   9   -0.0000000017
1   9   2   10   0.2373449852
1   9   2   13   0.0000000017
1   9   2   14   0.0407074924
1   9   3   8   -0.0000000007
1   9   3   9   0.2159468058
1   9   3   10   0.0000000012
1   9   3   13   -0.0231881740
1   9   3   14   0.0000000008
1   9   4   11   -0.0000000002
1   9   4   12   0.0000000004
1   9   5   11   0.0000000004
1   9   5   12   0.0000000003
1   9   6   8   -0.1632355804
1   9   6   9   0.0000000016
1   9   6   10   -0.0241545126
1   9   6   13   0.0000000009
1   9   6   14   -0.0129070013
1   9   7   8   0.0000000014
1   9   7   9   0.0676864334
1   9   7   10   -0.0000000003
1   9   7   13   -0.0141191485
1   9   7   14   -0.0000000004
1   10   1   8   0.2149480802
1   10   1   9   -0.0000000008
1   10   1   10   0.9611635792
1   10   1   13   0.0000000047
1   10   1   14   -0.1380645997
1   10   2   8   -0.0000000007
1   10   2   9   0.2372729423
1   10   2   10   -0.0000000009
1   10   2   13   -0.1255571661
1   10   2   14   -0.0000000002
1   10   3   8   0.0484364617
1   10   3   9   0.0000000016
1   10   3   10   -0.0125959122
1   10   3   13   0.0000000007
1   10   3   14   0.0113327678
1   10   4   11   -0.0212178485
1   10   4   12   -0.0000000000
1   10   5   11   -0.0000000000
1   10   5   12   -0.0212178486
1   10   6   8   -0.0000000007
1   10   6   9   -0.0250820005
1   10   6   10   -0.0000000002
1   10   6   13   0.0029906522
1   10   6   14   -0.0000000002
1   10   7   8   -0.0027649619
1   10   7   9   -0.0000000008
1   10   7   10   0.0415763273
1   10   7   13   -0.0000000001
1   10   7   14   -0.0186062053
1   11   1   11   0.7652407758
1   11   1   12   0.0000000006
1   11   2   11   -0.0000000005
1   11   2   12   0.0000000004
1   11   3   11   -0.0021638915
1   11   3   12   -0.0000000004
1   11   4   8   0.0157663026
1   11   4   9   -0.0000000005
1   11   4   10   -0.0220606970
1   11   4   13   -0.0000000004
1   11   4   14   -0.0044703472
1   11   5   8   0.0000000000
1   11   5   9   0.0000000008
1   11   5   10   -0.0000000001
1   11   5   13   0.0000000006
1   11   5   14   -0.0000000000
1   11   6   11   0.0000000003
1   11   6   12   0.0000000004
1   11   7   11   0.0147521265
1   11   7   12   -0.0000000002
1   12   1   11   0.0000000006
1   12   1   12   0.7652407766
1   12   2   11   0.0000000004
1   12   2   12   0.0000000000
1   12   3   11   -0.0000000004
1   12   3   12   -0.0021638921
1   12   4   8   0.0000000000
1   12   4   9   0.0000000008
1   12   4   10   -0.0000000001
1   12   4   13   0.0000000006
1   12   4   14   -0.0000000000
1   12   5   8   0.0157663027
1   12   5   9   0.0000000005
1   12   5   10   -0.0220606971
1   12   5   13   0.0000000004
1   12   5   14   -0.0044703472
1   12   6   11   0.0000000004
1   12   6   12   0.0000000007
1   12   7   11   -0.0000000002
1   12   7   12   0.0147521262
1   13   1   8   0.0000000022
1   13   1   9   -0.1762746628
1   13   1   10   0.0000000047
1   13   1   13   0.6772971736
1   13   1   14   -0.0000000004
1   13   2   8   -0.1632355804
1   13   2   9   0.0000000021
1   13   2   10   -0.1256199481
1   13   2   13   -0.0000000043
1   13   2   14   -0.2420015228
1   13   3   8   -0.0000000007
1   13   3   9   -0.0241702624
1   13   3   10   0.0000000007
1   13   3   13   0.0153765469
1   13   3   14   -0.0000000011
1   13   4   11   -0.0000000007
1   13   4   12   0.0000000008
1   13   5   11   0.0000000008
1   13   5   12   0.0000000002
1   13   6   8   0.0265924219
1   13   6   9   0.0000000004
1   13   6   10   0.0026862736
1   13   6   13   -0.0000000013
1   13   6   14   -0.0050540621
1   13   7   8   -0.0000000001
1   13   7   9   -0.0157789552
1   13   7   10   -0.0000000000
1   13   7   13   -0.0064199068
1   13   7   14   -0.0000000010
1   14   1   8   0.0677446210
1   14   1   9   0.0000000015
1   14   1   10   -0.1380645997
1   14   1   13   -0.0000000004
1   14   1   14   0.7233887047
1   14   2   8   0.0000000014
1   14   2   9   0.0406761912
1   14   2   10   -0.0000000002
1   14   2   13   -0.2420012145
1   14   2   14   0.0000000012
1   14   3   8   -0.0027649619
1   14   3   9   0.0000000004
1   14   3   10   0.0114167962
1   14   3   13   -0.0000000011
1   14   3   14   0.0086976000
1   14   4   11   -0.0041345157
1   14   5   12   -0.0041345157
1   14   6   8   -0.0000000001
1   14   6   9   -0.0145612393
1   14   6   10   -0.0000000001
1   14   6   13   -0.0050489253
1   14   6   14   -0.0000000025
1   14   7   8   0.0198702569
1   14   7   9   0.0000000010
1   14   7   10   -0.0188117588
1   14   7   13   -0.0000000011
1   14   7   14   0.0013399583
2   8   1   8   -0.0000000020
2   8   1   9   1.7590599875
2   8   1   10   -0.0000000007
2   8   1   13   -0.1632355804
2   8   1   14   0.0000000014
2   8   2   8   2.3476669673
2   8   2   9   -0.0000000017
2   8   2   10   0.2159468058
2   8   2   13   0.0000000016
2   8   2   14   0.0676864334
2   8   3   8   -0.0000000008
2   8   3   9   0.2373449852
2   8   3   10   0.0000000012
2   8   3   13   -0.0241545126
2   8   3   14   -0.0000000003
2   8   4   11   -0.0000000002
2   8   4   12   0.0000000004
2   8   5   11   0.0000000004
2   8   5   12   0.0000000003
2   8   6   8   -0.1762746628
2   8   6   9   0.0000000017
2   8   6   10   -0.0231881740
2   8   6   13   0.0000000009
2   8   6   14   -0.0141191485
2   8   7   8   0.0000000015
2   8   7   9   0.0407074924
2   8   7   10   0.0000000008
2   8   7   13   -0.0129070013
2   8   7   14   -0.0000000004
2   9   1   8   1.7585003837
2   9   1   9   -0.0000000017
2   9   1   10   0.2372729423
2   9   1   13   0.0000000021
2   9   1   14   0.0406761912
2   9   2   8   -0.0000000017
2   9   2   9   2.3509516299
2   9   2   10   -0.0000000005
2   9   2   13   -0.1765979334
2   9   2   14   0.0000000016
2   9   3   8   0.2372729423
2   9   3   9   -0.0000000005
2   9   3   10   0.0442207443
2   9   3   13   -0.0000000004
2   9   3   14   -0.0001380702
2   9   4   11   0.0111195576
2   9   4   12   0.0000000001
2   9   5   11   0.0000000001
2   9   5   12   0.0111195577
2   9   6   8   0.0000000021
2   9   6   9   -0.1765979334
2   9   6   10   -0.0000000004
2   9   6   13   0.0246169089
2   9   6   14   -0.0000000009
2   9   7   8   0.0406761912
2   9   7   9   0.0000000016
2   9   7   10   -0.0001380702
2   9   7   13   -0.0000000009
2   9   7   14   0.0145380695
2   10   1   8   -0.0000000006
2   10   1   9   0.2373449852
2   10   1   10   -0.0000000009
2   10   1   13   -0.1256199481
2   10   1   14   -0.0000000002
2   10   2   8   0.2159468058
2   10   2   9   -0.0000000005
2   10   2   10   0.9605196763
2   10   2   13   0.0000000046
2   10   2   14   -0.1375833406
2   10   3   8   0.0000000016
2   10   3   9   0.0473360127
2   10   3   10   0.0000000011
2   10   3   13   -0.0100642654
2   10   3   14   -0.0000000001
2   10   4   11   -0.0000000002
2   10   4   12   0.0000000007
2   10   5   11   0.0000000007
2   10   5   12   0.0000000006
2   10   6   8   -0.0241702624
2   10   6   9   -0.0000000004
2   10   6   10   -0.0299173164
2   10   6   13   -0.0000000006
2   10   6   14   0.0105483707
2   10   7   8   0.0000000004
2   10   7   9   -0.0008441280
2   10   7   10   -0.0000000003
2   10   7   13   0.0029395246
2   10   7   14   0.0000000002
2   11   1   11   -0.0000000005
2   11   1   12   0.0000000004
2   11   2   11   0.7650739445
2   11   2   12   0.0000000006
2   11   3   11   -0.0000000001
2   11   3   12   -0.0000000004
2   11   4   8   -0.0000000005
2   11   4   9   0.0143457418
2   11   4   10   -0.0000000006
2   11   4   13   0.0101864321
2   11   4   14   -0.0000000000
2   11   5   8   0.0000000008
2   11   5   9   0.0000000000
2   11   5   10   0.0000000009
2   11   5   13   0.0000000000
2   11   5   14   -0.0000000001
2   11   6   11   -0.0120506949
2   11   6   12   0.0000000004
2   11   7   11   0.0000000000
2   11   7   12   -0.0000000002
2   12   1   11   0.0000000004
2   12   1   12   0.0000000000
2   12   2   11   0.0000000006
2   12   2   12   0.7650739452
2   12   3   11   -0.0000000004
2   12   3   12   -0.0000000006
2   12   4   8   0.0000000008
2   12   4   9   0.0000000000
2   12   4   10   0.0000000009
2   12   4   13   0.0000000000
2   12   4   14   -0.0000000001
2   12   5   8   0.0000000005
2   12   5   9   0.0143457419
2   12   5   10   0.0000000006
2   12   5   13   0.0101864321
2   12   5   14   -0.0000000001
2   12   6   11   0.0000000004
2   12   6   12   -0.0120506944
2   12   7   11   -0.0000000002
2   12   7   12   -0.0000000002
2   13   1   8   -0.1631573367
2   13   1   9   0.0000000017
2   13   1   10   -0.1255571661
2   13   1   13   -0.0000000043
2   13   1   14   -0.2420012145
2   13   2   8   0.0000000016
2   13   2   9   -0.1765979334
2   13   2   10   0.0000000046
2   13   2   13   0.6775823619
2   13   2   14   -0.0000000004
2   13   3   8   -0.0250820005
2   13   3   9   -0.0000000004
2   13   3   10   -0.0104602679
2   13   3   13   0.0000000012
2   13   3   14   -0.0209550517
2   13   4   11   0.0095146810
2   13   4   12   0.0000000001
2   13   5   11   0.0000000001
2   13   5   12   0.0095146811
2   13   6   8   0.0000000004
2   13   6   9   0.0271902609
2   13   6   10   -0.0000000008
2   13   6   13   -0.0025687924
2   13   6   14   0.0000000016
2   13   7   8   -0.0145612393
2   13   7   9   -0.0000000008
2   13   7   10   0.0027784572
2   13   7   13   0.0000000006
2   13   7   14   0.0178545351
2   14   1   8   0.0000000015
2   14   1   9   0.0407074924
2   14   1   10   -0.0000000002
2   14   1   13   -0.2420015228
2   14   1   14   0.0000000012
2   14   2   8   0.0676864334
2   14   2   9   0.0000000016
2   14   2   10   -0.1375833406
2   14   2   13   -0.0000000004
2   14   2   14   0.7234283538
2   14   3   8   -0.0000000008
2   14   3   9   -0.0008441280
2   14   3   10   -0.0000000002
2   14   3   13   -0.0209372663
2   14   3   14   0.0000000026
2   14   4   11   0.0000000001
2   14   4   12   -0.0000000001
2   14   5   11   -0.0000000001
2   14   5   12   -0.0000000000
2   14   6   8   -0.0157789552
2   14   6   9   -0.0000000008
2   14   6   10   0.0104316379
2   14   6   13   0.0000000015
2   14   6   14   -0.0058029915
2   14   7   8   0.0000000010
2   14   7   9   0.0173570694
2   14   7   10   0.0000000003
2   14   7   13   0.0178218486
2   14   7   14   0.0000000011
3   8   1   8   0.2149480802
3   8   1   9   -0.0000000007
3   8   1   10   0.0484364617
3   8   1   13   -0.0000000007
3   8   1   14   -0.0027649619
3   8   2   8   -0.0000000008
3   8   2   9   0.2372729423
3   8   2   10   0.0000000016
3   8   2   13   -0.0250820005
3   8   2   14   -0.0000000008
3   8   3   8   0.9611635792
3   8   3   9   -0.0000000009
3   8   3   10   -0.0125959122
3   8   3   13   -0.0000000002
3   8   3   14   0.0415763273
3   8   4   11   -0.0212178485
3   8   4   12   -0.0000000000
3   8   5   11   -0.0000000000
3   8   5   12   -0.0212178486
3   8   6   8   0.0000000047
3   8   6   9   -0.1255571661
3   8   6   10   0.0000000007
3   8   6   13   0.0029906522
3   8   6   14   -0.0000000001
3   8   7   8   -0.1380645997
3   8   7   9   -0.0000000002
3   8   7   10   0.0113327678
3   8   7   13   -0.0000000002
3   8   7   14   -0.0186062053
3   9   1   8   -0.0000000006
3   9   1   9   0.2159468058
3   9   1   10   0.0000000016
3   9   1   13   -0.0241702624
3   9   1   14   0.0000000004
3   9   2   8   0.2373449852
3   9   2   9   -0.0000000005
3   9   2   10   0.0473360127
3   9   2   13   -0.0000000004
3   9   2   14   -0.0008441280
3   9   3   8   -0.0000000009
3   9   3   9   0.9605196763
3   9   3   10   0.0000000011
3   9   3   13   -0.0299173164
3   9   3   14   -0.0000000003
3   9   4   11   -0.0000000002
3   9   4   12   0.0000000007
3   9   5   11   0.0000000007
3   9   5   12   0.0000000006
3   9   6   8   -0.1256199481
3   9   6   9   0.0000000046
3   9   6   10   -0.0100642654
3   9   6   13   -0.0000000006
3   9   6   14   0.0029395246
3   9   7   8   -0.0000000002
3   9   7   9   -0.1375833406
3   9   7   10   -0.0000000001
3   9   7   13   0.0105483707
3   9   7   14   0.0000000002
3   10   1   8   0.0454483427
3   10   1   9   0.0000000012
3   10   1   10   -0.0125959122
3   10   1   13   0.0000000007
3   10   1   14   0.0114167962
3   10   2   8   0.0000000012
3   10   2   9   0.0442207443
3   10   2   10   0.0000000011
3   10   2   13   -0.0104602679
3   10   2   14   -0.0000000002
3   10   3   8   -0.0125959122
3   10   3   9   0.0000000011
3   10   3   10   0.9242162957
3   10   3   13   0.0000000035
3   10   3   14   -0.1574205304
3   10   4   11   0.1079609416
3   10   4   12   0.0000000001
3   10   5   11   0.0000000001
3   10   5   12   0.1079609416
3   10   6   8   0.0000000007
3   10   6   9   -0.0104602679
3   10   6   10   0.0000000035
3   10   6   13   0.0293086231
3   10   6   14   -0.0000000012
3   10   7   8   0.0114167962
3   10   7   9   -0.0000000002
3   10   7   10   -0.1574205304
3   10   7   13   -0.0000000012
3   10   7   14   0.0600213042
3   11   1   11   -0.0021638915
3   11   1   12   -0.0000000004
3   11   2   11   -0.0000000001
3   11   2   12   -0.0000000004
3   11   3   11   0.7094897830
3   11   3   12   -0.0000000003
3   11   4   8   -0.0220606970
3   11   4   9   -0.0000000006
3   11   4   10   0.1124118097
3   11   4   13   -0.0000000027
3   11   4   14   0.0148941315
3   11   5   8   -0.0000000001
3   11   5   9   0.0000000009
3   11   5   10   -0.0000000001
3   11   5   13   0.0000000038
3   11   5   14   -0.0000000006
3   11   6   11   0.0000000019
3   11   6   12   0.0000000005
3   11   7   11   -0.0723822516
3   11   7   12   -0.0000000001
3   12   1   11   -0.0000000004
3   12   1   12   -0.0021638921
3   12   2   11   -0.0000000004
3   12   2   12   -0.0000000006
3   12   3   11   -0.0000000003
3   12   3   12   0.7094897827
3   12   4   8   -0.0000000001
3   12   4   9   0.0000000009
3   12   4   10   -0.0000000001
3   12   4   13   0.0000000038
3   12   4   14   -0.0000000006
3   12   5   8   -0.0220606971
3   12   5   9   0.0000000006
3   12   5   10   0.1124118096
3   12   5   13   0.0000000022
3   12   5   14   0.0148941308
3   12   6   11   0.0000000005
3   12   6   12   0.0000000025
3   12   7   11   -0.0000000001
3   12   7   12   -0.0723822517
3   13   1   8   -0.0000000009
3   13   1   9   -0.0231881740
3   13   1   10   0.0000000007
3   13   1   13   0.0153765469
3   13   1   14   -0.0000000011
3   13   2   8   -0.0241545126
3   13   2   9   -0.0000000004
3   13   2   10   -0.0100642654
3   13   2   13   0.0000000012
3   13   2   14   -0.0209372663
3   13   3   8   -0.0000000002
3   13   3   9   -0.0299173164
3   13   3   10   0.0000000035
3   13   3   13   0.5439576120
3   13   3   14   0.0000000010
3   13   4   11   -0.0000000030
3   13   4   12   0.0000000039
3   13   5   11   0.0000000039
3   13   5   12   0.0000000019
3   13   6   8   0.0026862736
3   13   6   9   -0.0000000008
3   13   6   10   0.0332913645
3   13   6   13   0.0000000029
3   13   6   14   0.0688181114
3   13   7   8   -0.0000000001
3   13   7   9   0.0104316379
3   13   7   10   -0.0000000014
3   13   7   13   -0.0175079295
3   13   7   14   -0.0000000003
3   14   1   8   -0.0020783742
3   14   1   9   0.0000000008
3   14   1   10   0.0113327678
3   14   1   13   -0.0000000011
3   14   1   14   0.0086976000
3   14   2   8   -0.0000000003
3   14   2   9   -0.0001380702
3   14   2   10   -0.0000000001
3   14   2   13   -0.0209550517
3   14   2   14   0.0000000026
3   14   3   8   0.0415763273
3   14   3   9   -0.0000000003
3   14   3   10   -0.1574205304
3   14   3   13   0.0000000010
3   14   3   14   0.6024715399
3   14   4   11   0.0153728829
3   14   4   12   -0.0000000004
3   14   5   11   -0.0000000004
3   14   5   12   0.0153728824
3   14   6   8   -0.0000000000
3   14   6   9   0.0027784572
3   14   6   10   -0.0000000014
3   14   6   13   0.0693501543
3   14   6   14   0.0000000026
3   14   7   8   -0.0188117588
3   14   7   9   0.0000000003
3   14   7   10   0.0635391080
3   14   7   13   -0.0000000008
3   14   7   14   -0.0461595678
4   8   1   11   0.0157663026
4   8   1   12   0.0000000000
4   8   2   11   -0.0000000005
4   8   2   12   0.0000000008
4   8   3   11   -0.0220606970
4   8   3   12   -0.0000000001
4   8   4   8   0.7652407758
4   8   4   9   -0.0000000005
4   8   4   10   -0.0021638915
4   8   4   13   0.0000000003
4   8   4   14   0.0147521265
4   8   5   8   0.0000000006
4   8   5   9   0.0000000004
4   8   5   10   -0.0000000004
4   8   5   13   0.0000000004
4   8   5   14   -0.0000000002
4   8   6   11   -0.0000000004
4   8   6   12   0.0000000006
4   8   7   11   -0.0044703472
4   8   7   12   -0.0000000000
4   9   1   11   -0.0000000005
4   9   1   12   0.0000000008
4   9   2   11   0.0143457418
4   9   2   12   0.0000000000
4   9   3   11   -0.0000000006
4   9   3   12   0.0000000009
4   9   4   8   -0.0000000005
4   9   4   9   0.7650739445
4   9   4   10   -0.0000000001
4   9   4   13   -0.0120506949
4   9   4   14   0.0000000000
4   9   5   8   0.0000000004
4   9   5   9   0.0000000006
4   9   5   10   -0.0000000004
4   9   5   13   0.0000000004
4   9   5   14   -0.0000000002
4   9   6   11   0.0101864321
4   9   6   12   0.0000000000
4   9   7   11   -0.0000000000
4   9   7   12   -0.0000000001
4   10   1   11   -0.0220606970
4   10   1   12   -0.0000000001
4   10   2   11   -0.0000000006
4   10   2   12   0.0000000009
4   10   3   11   0.1124118097
4   10   3   12   -0.0000000001
4   10   4   8   -0.0021638915
4   10   4   9   -0.0000000001
4   10   4   10   0.7094897830
4   10   4   13   0.0000000019
4   10   4   14   -0.0723822516
4   10   5   8   -0.0000000004
4   10   5   9   -0.0000000004
4   10   5   10   -0.0000000003
4   10   5   13   0.0000000005
4   10   5   14   -0.0000000001
4   10   6   11   -0.0000000027
4   10   6   12   0.0000000038
4   10   7   11   0.0148941315
4   10   7   12   -0.0000000006
4   11   1   8   0.0125334898
4   11   1   9   -0.0000000002
4   11   1   10   -0.0212178485
4   11   1   13   -0.0000000007
4   11   1   14   -0.0041345157
4   11   2   8   -0.0000000002
4   11   2   9   0.0111195576
4   11   2   10   -0.0000000002
4   11   2   13   0.0095146810
4   11   2   14   0.0000000001
4   11   3   8   -0.0212178485
4   11   3   9   -0.0000000002
4   11   3   10   0.1079609416
4   11   3   13   -0.0000000030
4   11   3   14   0.0153728829
4   11   4   11   0.6313540306
4   11   4   12   0.0000000023
4   11   5   11   0.0000000023
4   11   5   12   0.0197761252
4   11   6   8   -0.0000000007
4   11   6   9   0.0095146810
4   11   6   10   -0.0000000030
4   11   6   13   0.0295459697
4   11   6   14   0.0000000003
4   11   7   8   -0.0041345157
4   11   7   9   0.0000000001
4   11   7   10   0.0153728829
4   11   7   13   0.0000000003
4   11   7   14   0.0198495250
4   12   1   8   0.0000000001
4   12   1   9   0.0000000004
4   12   1   10   -0.0000000000
4   12   1   13   0.0000000008
4   12   2   8   0.0000000004
4   12   2   9   0.0000000001
4   12   2   10   0.0000000007
4   12   2   13   0.0000000001
4   12   2   14   -0.0000000001
4   12   3   8   -0.0000000000
4   12   3   9   0.0000000007
4   12   3   10   0.0000000001
4   12   3   13   0.0000000039
4   12   3   14   -0.0000000004
4   12   4   11   0.0000000023
4   12   4   12   0.5869534751
4   12   5   11   0.0246244272
4   12   5   12   -0.0000000015
4   12   6   8   0.0000000008
4   12   6   9   0.0000000001
4   12   6   10   0.0000000039
4   12   6   13   0.0000000005
4   12   6   14   -0.0000000006
4   12   7   9   -0.0000000001
4   12   7   10   -0.0000000004
4   12   7   13   -0.0000000006
4   12   7   14   0.0000000007
4   13   1   11   -0.0000000004
4   13   1   12   0.0000000006
4   13   2   11   0.0101864321
4   13   2   12   0.0000000000
4   13   3   11   -0.0000000027
4   13   3   12   0.0000000038
4   13   4   8   0.0000000003
4   13   4   9   -0.0120506949
4   13   4   10   0.0000000019
4   13   4   13   0.5128235963
4   13   4   14   -0.0000000023
4   13   5   8   0.0000000004
4   13   5   9   0.0000000004
4   13   5   10   0.0000000005
4   13   5   13   -0.0000000010
4   13   5   14   0.0000000015
4   13   6   11   0.0343680795
4   13   6   12   0.0000000000
4   13   7   11   0.0000000004
4   13   7   12   -0.0000000007
4   14   1   11   -0.0044703472
4   14   1   12   -0.0000000000
4   14   2   11   -0.0000000000
4   14   2   12   -0.0000000001
4   14   3   11   0.0148941315
4   14   3   12   -0.0000000006
4   14   4   8   0.0147521265
4   14   4   9   0.0000000000
4   14   4   10   -0.0723822516
4   14   4   13   -0.0000000023
4   14   4   14   0.5330857998
4   14   5   8   -0.0000000002
4   14   5   9   -0.0000000002
4   14   5   10   -0.0000000001
4   14   5   13   0.0000000015
4   14   5   14   -0.0000000029
4   14   6   11   0.0000000004
4   14   6   12   -0.0000000007
4   14   7   11   0.0251911664
4   14   7   12   -0.0000000001
5   8   1   11   0.0000000000
5   8   1   12   0.0157663027
5   8   2   11   0.0000000008
5   8   2   12   0.0000000005
5   8   3   11   -0.0000000001
5   8   3   12   -0.0220606971
5   8   4   8   0.0000000006
5   8   4   9   0.0000000004
5   8   4   10   -0.0000000004
5   8   4   13   0.0000000004
5   8   4   14   -0.0000000002
5   8   5   8   0.7652407766
5   8   5   9   0.0000000000
5   8   5   10   -0.0021638921
5   8   5   13   0.0000000007
5   8   5   14   0.0147521262
5   8   6   11   0.0000000006
5   8   6   12   0.0000000004
5   8   7   11   -0.0000000000
5   8   7   12   -0.0044703472
5   9   1   11   0.0000000008
5   9   1   12   0.0000000005
5   9   2   11   0.0000000000
5   9   2   12   0.0143457419
5   9   3   11   0.0000000009
5   9   3   12   0.0000000006
5   9   4   8   0.0000000004
5   9   4   9   0.0000000006
5   9   4   10   -0.0000000004
5   9   4   13   0.0000000004
5   9   4   14   -0.0000000002
5   9   5   8   0.0000000000
5   9   5   9   0.7650739452
5   9   5   10   -0.0000000006
5   9   5   13   -0.0120506944
5   9   5   14   -0.0000000002
5   9   6   11   0.0000000000
5   9   6   12   0.0101864321
5   9   7   11   -0.0000000001
5   9   7   12   -0.0000000001
5   10   1   11   -0.0000000001
5   10   1   12   -0.0220606971
5   10   2   11   0.0000000009
5   10   2   12   0.0000000006
5   10   3   11   -0.0000000001
5   10   3   12   0.1124118096
5   10   4   8   -0.0000000004
5   10   4   9   -0.0000000004
5   10   4   10   -0.0000000003
5   10   4   13   0.0000000005
5   10   4   14   -0.0000000001
5   10   5   8   -0.0021638921
5   10   5   9   -0.0000000006
5   10   5   10   0.7094897827
5   10   5   13   0.0000000025
5   10   5   14   -0.0723822517
5   10   6   11   0.0000000038
5   10   6   12   0.0000000022
5   10   7   11   -0.0000000006
5   10   7   12   0.0148941308
5   11   1   8   0.0000000001
5   11   1   9   0.0000000004
5   11   1   10   -0.0000000000
5   11   1   13   0.0000000008
5   11   2   8   0.0000000004
5   11   2   9   0.0000000001
5   11   2   10   0.0000000007
5   11   2   13   0.0000000001
5   11   2   14   -0.0000000001
5   11   3   8   -0.0000000000
5   11   3   9   0.0000000007
5   11   3   10   0.0000000001
5   11   3   13   0.0000000039
5   11   3   14   -0.0000000004
5   11   4   11   0.0000000023
5   11   4   12   0.0246244272
5   11   5   11   0.5869534751
5   11   5   12   -0.0000000015
5   11   6   8   0.0000000008
5   11   6   9   0.0000000001
5   11   6   10   0.0000000039
5   11   6   13   0.0000000005
5   11   6   14   -0.0000000006
5   11   7   9   -0.0000000001
5   11   7   10   -0.0000000004
5   11   7   13   -0.0000000006
5   11   7   14   0.0000000007
5   12   1   8   0.0125334899
5   12   1   9   0.0000000003
5   12   1   10   -0.0212178486
5   12   1   13   0.0000000002
5   12   1   14   -0.0041345157
5   12   2   8   0.0000000003
5   12   2   9   0.0111195577
5   12   2   10   0.0000000006
5   12   2   13   0.0095146811
5   12   2   14   -0.0000000000
5   12   3   8   -0.0212178486
5   12   3   9   0.0000000006
5   12   3   10   0.1079609416
5   12   3   13   0.0000000019
5   12   3   14   0.0153728824
5   12   4   11   0.0197761252
5   12   4   12   -0.0000000015
5   12   5   11   -0.0000000015
5   12   5   12   0.6313540317
5   12   6   8   0.0000000002
5   12   6   9   0.0095146811
5   12   6   10   0.0000000019
5   12   6   13   0.0295459704
5   12   6   14   -0.0000000004
5   12   7   8   -0.0041345157
5   12   7   9   -0.0000000000
5   12   7   10   0.0153728824
5   12   7   13   -0.0000000004
5   12   7   14   0.0198495260
5   13   1   11   0.0000000006
5   13   1   12   0.0000000004
5   13   2   11   0.0000000000
5   13   2   12   0.0101864321
5   13   3   11   0.0000000038
5   13   3   12   0.0000000022
5   13   4   8   0.0000000004
5   13   4   9   0.0000000004
5   13   4   10   0.0000000005
5   13   4   13   -0.0000000010
5   13   4   14   0.0000000015
5   13   5   8   0.0000000007
5   13   5   9   -0.0120506944
5   13   5   10   0.0000000025
5   13   5   13   0.5128235951
5   13   5   14   -0.0000000004
5   13   6   11   0.0000000000
5   13   6   12   0.0343680795
5   13   7   11   -0.0000000007
5   13   7   12   -0.0000000004
5   14   1   11   -0.0000000000
5   14   1   12   -0.0044703472
5   14   2   11   -0.0000000001
5   14   2   12   -0.0000000001
5   14   3   11   -0.0000000006
5   14   3   12   0.0148941308
5   14   4   8   -0.0000000002
5   14   4   9   -0.0000000002
5   14   4   10   -0.0000000001
5   14   4   13   0.0000000015
5   14   4   14   -0.0000000029
5   14   5   8   0.0147521262
5   14   5   9   -0.0000000002
5   14   5   10   -0.0723822517
5   14   5   13   -0.0000000004
5   14   5   14   0.5330857962
5   14   6   11   -0.0000000007
5   14   6   12   -0.0000000004
5   14   7   11   -0.0000000001
5   14   7   12   0.0251911663
6   8   1   8   0.0000000022
6   8   1   9   -0.1632355804
6   8   1   10   -0.0000000007
6   8   1   13   0.0265924219
6   8   1   14   -0.0000000001
6   8   2   8   -0.1762746628
6   8   2   9   0.0000000021
6   8   2   10   -0.0241702624
6   8   2   13   0.0000000004
6   8   2   14   -0.0157789552
6   8   3   8   0.0000000047
6   8   3   9   -0.1256199481
6   8   3   10   0.0000000007
6   8   3   13   0.0026862736
6   8   3   14   -0.0000000000
6   8   4   11   -0.0000000007
6   8   4   12   0.0000000008
6   8   5   11   0.0000000008
6   8   5   12   0.0000000002
6   8   6   8   0.6772971736
6   8   6   9   -0.0000000043
6   8   6   10   0.0153765469
6   8   6   13   -0.0000000013
6   8   6   14   -0.0064199068
6   8   7   8   -0.0000000004
6   8   7   9   -0.2420015228
6   8   7   10   -0.0000000011
6   8   7   13   -0.0050540621
6   8   7   14   -0.0000000010
6   9   1   8   -0.1631573367
6   9   1   9   0.0000000016
6   9   1   10   -0.0250820005
6   9   1   13   0.0000000004
6   9   1   14   -0.0145612393
6   9   2   8   0.0000000017
6   9   2   9   -0.1765979334
6   9   2   10   -0.0000000004
6   9   2   13   0.0271902609
6   9   2   14   -0.0000000008
6   9   3   8   -0.1255571661
6   9   3   9   0.0000000046
6   9   3   10   -0.0104602679
6   9   3   13   -0.0000000008
6   9   3   14   0.0027784572
6   9   4   11   0.0095146810
6   9   4   12   0.0000000001
6   9   5   11   0.0000000001
6   9   5   12   0.0095146811
6   9   6   8   -0.0000000043
6   9   6   9   0.6775823619
6   9   6   10   0.0000000012
6   9   6   13   -0.0025687924
6   9   6   14   0.0000000006
6   9   7   8   -0.2420012145
6   9   7   9   -0.0000000004
6   9   7   10   -0.0209550517
6   9   7   13   0.0000000016
6   9   7   14   0.0178545351
6   10   1   8   -0.0000000009
6   10   1   9   -0.0241545126
6   10   1   10   -0.0000000002
6   10   1   13   0.0026862736
6   10   1   14   -0.0000000001
6   10   2   8   -0.0231881740
6   10   2   9   -0.0000000004
6   10   2   10   -0.0299173164
6   10   2   13   -0.0000000008
6   10   2   14   0.0104316379
6   10   3   8   0.0000000007
6   10   3   9   -0.0100642654
6   10   3   10   0.0000000035
6   10   3   13   0.0332913645
6   10   3   14   -0.0000000014
6   10   4   11   -0.0000000030
6   10   4   12   0.0000000039
6   10   5   11   0.0000000039
6   10   5   12   0.0000000019
6   10   6   8   0.0153765469
6   10   6   9   0.0000000012
6   10   6   10   0.5439576120
6   10   6   13   0.0000000029
6   10   6   14   -0.0175079295
6   10   7   8   -0.0000000011
6   10   7   9   -0.0209372663
6   10   7   10   0.0000000010
6   10   7   13   0.0688181114
6   10   7   14   -0.0000000003
6   11   1   11   0.0000000003
6   11   1   12   0.0000000004
6   11   2   11   -0.0120506949
6   11   2   12   0.0000000004
6   11   3   11   0.0000000019
6   11   3   12   0.0000000005
6   11   4   8   -0.0000000004
6   11   4   9   0.0101864321
6   11   4   10   -0.0000000027
6   11   4   13   0.0343680795
6   11   4   14   0.0000000004
6   11   5   8   0.0000000006
6   11   5   9   0.0000000000
6   11   5   10   0.0000000038
6   11   5   13   0.0000000000
6   11   5   14   -0.0000000007
6   11   6   11   0.5128235963
6   11   6   12   -0.0000000010
6   11   7   11   -0.0000000023
6   11   7   12   0.0000000015
6   12   1   11   0.0000000004
6   12   1   12   0.0000000007
6   12   2   11   0.0000000004
6   12   2   12   -0.0120506944
6   12   3   11   0.0000000005
6   12   3   12   0.0000000025
6   12   4   8   0.0000000006
6   12   4   9   0.0000000000
6   12   4   10   0.0000000038
6   12   4   13   0.0000000000
6   12   4   14   -0.0000000007
6   12   5   8   0.0000000004
6   12   5   9   0.0101864321
6   12   5   10   0.0000000022
6   12   5   13   0.0343680795
6   12   5   14   -0.0000000004
6   12   6   11   -0.0000000010
6   12   6   12   0.5128235951
6   12   7   11   0.0000000015
6   12   7   12   -0.0000000004
6   13   1   8   0.0239974901
6   13   1   9   0.0000000009
6   13   1   10   0.0029906522
6   13   1   13   -0.0000000013
6   13   1   14   -0.0050489253
6   13   2   8   0.0000000009
6   13   2   9   0.0246169089
6   13   2   10   -0.0000000006
6   13   2   13   -0.0025687924
6   13   2   14   0.0000000015
6   13   3   8   0.0029906522
6   13   3   9   -0.0000000006
6   13   3   10   0.0293086231
6   13   3   13   0.0000000029
6   13   3   14   0.0693501543
6   13   4   11   0.0295459697
6   13   4   12   0.0000000005
6   13   5   11   0.0000000005
6   13   5   12   0.0295459704
6   13   6   8   -0.0000000013
6   13   6   9   -0.0025687924
6   13   6   10   0.0000000029
6   13   6   13   0.5349801546
6   13   6   14   0.0000000028
6   13   7   8   -0.0050489253
6   13   7   9   0.0000000015
6   13   7   10   0.0693501543
6   13   7   13   0.0000000028
6   13   7   14   0.1977311083
6   14   1   8   -0.0000000003
6   14   1   9   -0.0129070013
6   14   1   10   -0.0000000002
6   14   1   13   -0.0050540621
6   14   1   14   -0.0000000025
6   14   2   8   -0.0141191485
6   14   2   9   -0.0000000009
6   14   2   10   0.0105483707
6   14   2   13   0.0000000016
6   14   2   14   -0.0058029915
6   14   3   8   -0.0000000001
6   14   3   9   0.0029395246
6   14   3   10   -0.0000000012
6   14   3   13   0.0688181114
6   14   3   14   0.0000000026
6   14   4   11   0.0000000003
6   14   4   12   -0.0000000006
6   14   5   11   -0.0000000006
6   14   5   12   -0.0000000004
6   14   6   8   -0.0064199068
6   14   6   9   0.0000000006
6   14   6   10   -0.0175079295
6   14   6   13   0.0000000028
6   14   6   14   0.5366895816
6   14   7   8   -0.0000000011
6   14   7   9   0.0178218486
6   14   7   10   -0.0000000008
6   14   7   13   0.1974782540
6   14   7   14   -0.0000000020
7   8   1   8   0.0677446210
7   8   1   9   0.0000000014
7   8   1   10   -0.0027649619
7   8   1   13   -0.0000000001
7   8   1   14   0.0198702569
7   8   2   8   0.0000000015
7   8   2   9   0.0406761912
7   8   2   10   0.0000000004
7   8   2   13   -0.0145612393
7   8   2   14   0.0000000010
7   8   3   8   -0.1380645997
7   8   3   9   -0.0000000002
7   8   3   10   0.0114167962
7   8   3   13   -0.0000000001
7   8   3   14   -0.0188117588
7   8   4   11   -0.0041345157
7   8   5   12   -0.0041345157
7   8   6   8   -0.0000000004
7   8   6   9   -0.2420012145
7   8   6   10   -0.0000000011
7   8   6   13   -0.0050489253
7   8   6   14   -0.0000000011
7   8   7   8   0.7233887047
7   8   7   9   0.0000000012
7   8   7   10   0.0086976000
7   8   7   13   -0.0000000025
7   8   7   14   0.0013399583
7   9   1   8   0.0000000015
7   9   1   9   0.0676864334
7   9   1   10   -0.0000000008
7   9   1   13   -0.0157789552
7   9   1   14   0.0000000010
7   9   2   8   0.0407074924
7   9   2   9   0.0000000016
7   9   2   10   -0.0008441280
7   9   2   13   -0.0000000008
7   9   2   14   0.0173570694
7   9   3   8   -0.0000000002
7   9   3   9   -0.1375833406
7   9   3   10   -0.0000000002
7   9   3   13   0.0104316379
7   9   3   14   0.0000000003
7   9   4   11   0.0000000001
7   9   4   12   -0.0000000001
7   9   5   11   -0.0000000001
7   9   5   12   -0.0000000000
7   9   6   8   -0.2420015228
7   9   6   9   -0.0000000004
7   9   6   10   -0.0209372663
7   9   6   13   0.0000000015
7   9   6   14   0.0178218486
7   9   7   8   0.0000000012
7   9   7   9   0.7234283538
7   9   7   10   0.0000000026
7   9   7   13   -0.0058029915
7   9   7   14   0.0000000011
7   10   1   8   -0.0020783742
7   10   1   9   -0.0000000003
7   10   1   10   0.0415763273
7   10   1   13   -0.0000000000
7   10   1   14   -0.0188117588
7   10   2   8   0.0000000008
7   10   2   9   -0.0001380702
7   10   2   10   -0.0000000003
7   10   2   13   0.0027784572
7   10   2   14   0.0000000003
7   10   3   8   0.0113327678
7   10   3   9   -0.0000000001
7   10   3   10   -0.1574205304
7   10   3   13   -0.0000000014
7   10   3   14   0.0635391080
7   10   4   11   0.0153728829
7   10   4   12   -0.0000000004
7   10   5   11   -0.0000000004
7   10   5   12   0.0153728824
7   10   6   8   -0.0000000011
7   10   6   9   -0.0209550517
7   10   6   10   0.0000000010
7   10   6   13   0.0693501543
7   10   6   14   -0.0000000008
7   10   7   8   0.0086976000
7   10   7   9   0.0000000026
7   10   7   10   0.6024715399
7   10   7   13   0.0000000026
7   10   7   14   -0.0461595678
7   11   1   11   0.0147521265
7   11   1   12   -0.0000000002
7   11   2   11   0.0000000000
7   11   2   12   -0.0000000002
7   11   3   11   -0.0723822516
7   11   3   12   -0.0000000001
7   11   4   8   -0.0044703472
7   11   4   9   -0.0000000000
7   11   4   10   0.0148941315
7   11   4   13   0.0000000004
7   11   4   14   0.0251911664
7   11   5   8   -0.0000000000
7   11   5   9   -0.0000000001
7   11   5   10   -0.0000000006
7   11   5   13   -0.0000000007
7   11   5   14   -0.0000000001
7   11   6   11   -0.0000000023
7   11   6   12   0.0000000015
7   11   7   11   0.5330857998
7   11   7   12   -0.0000000029
7   12   1   11   -0.0000000002
7   12   1   12   0.0147521262
7   12   2   11   -0.0000000002
7   12   2   12   -0.0000000002
7   12   3   11   -0.0000000001
7   12   3   12   -0.0723822517
7   12   4   8   -0.0000000000
7   12   4   9   -0.0000000001
7   12   4   10   -0.0000000006
7   12   4   13   -0.0000000007
7   12   4   14   -0.0000000001
7   12   5   8   -0.0044703472
7   12   5   9   -0.0000000001
7   12   5   10   0.0148941308
7   12   5   13   -0.0000000004
7   12   5   14   0.0251911663
7   12   6   11   0.0000000015
7   12   6   12   -0.0000000004
7   12   7   11   -0.0000000029
7   12   7   12   0.5330857962
7   13   1   8   -0.0000000003
7   13   1   9   -0.0141191485
7   13   1   10   -0.0000000001
7   13   1   13   -0.0064199068
7   13   1   14   -0.0000000011
7   13   2   8   -0.0129070013
7   13   2   9   -0.0000000009
7   13   2   10   0.0029395246
7   13   2   13   0.0000000006
7   13   2   14   0.0178218486
7   13   3   8   -0.0000000002
7   13   3   9   0.0105483707
7   13   3   10   -0.0000000012
7   13   3   13   -0.0175079295
7   13   3   14   -0.0000000008
7   13   4   11   0.0000000003
7   13   4   12   -0.0000000006
7   13   5   11   -0.0000000006
7   13   5   12   -0.0000000004
7   13   6   8   -0.0050540621
7   13   6   9   0.0000000016
7   13   6   10   0.0688181114
7   13   6   13   0.0000000028
7   13   6   14   0.1974782540
7   13   7   8   -0.0000000025
7   13   7   9   -0.0058029915
7   13   7   10   0.0000000026
7   13   7   13   0.5366895816
7   13   7   14   -0.0000000020
7   14   1   8   0.0170678652
7   14   1   9   -0.0000000004
7   14   1   10   -0.0186062053
7   14   1   13   -0.0000000010
7   14   1   14   0.0013399583
7   14   2   8   -0.0000000004
7   14   2   9   0.0145380695
7   14   2   10   0.0000000002
7   14   2   13   0.0178545351
7   14   2   14   0.0000000011
7   14   3   8   -0.0186062053
7   14   3   9   0.0000000002
7   14   3   10   0.0600213042
7   14   3   13   -0.0000000003
7   14   3   14   -0.0461595678
7   14   4   11   0.0198495250
7   14   4   12   0.0000000007
7   14   5   11   0.0000000007
7   14   5   12   0.0198495260
7   14   6   8   -0.0000000010
7   14   6   9   0.0178545351
7   14   6   10   -0.0000000003
7   14   6   13   0.1977311083
7   14   6   14   -0.0000000020
7   14   7   8   0.0013399583
7   14   7   9   0.0000000011
7   14   7   10   -0.0461595678
7   14   7   13   -0.0000000020
7   14   7   14   0.5559283651

End IJKL Block
Begin ABCD Block
1   4   1   4   0.4034602142
1   4   1   5   -0.0000000001
1   4   2   4   -0.0000000001
1   4   2   5   0.0152477208
1   4   3   6   0.0104283039
1   5   1   4   -0.0000000001
1   5   1   5   0.3730374184
1   5   2   4   0.0151751528
1   5   2   5   0.0000000294
1   5   3   6   0.0000000069
1   6   1   6   0.2759561725
1   6   2   6   0.0000014251
1   6   3   4   0.0103917483
1   6   3   5   -0.0000000024
2   4   1   4   -0.0000000001
2   4   1   5   0.0151751528
2   4   2   4   0.3730374184
2   4   2   5   0.0000000294
2   4   3   6   0.0000000069
2   5   1   4   0.0152477208
2   5   1   5   0.0000000294
2   5   2   4   0.0000000294
2   5   2   5   0.4034602364
2   5   3   6   0.0104283091
2   6   1   6   0.0000014251
2   6   2   6   0.2759572522
2   6   3   4   -0.0000000024
2   6   3   5   0.0103917465
3   4   1   6   0.0103917483
3   4   2   6   -0.0000000024
3   4   3   4   0.2759561725
3   4   3   5   0.0000014251
3   5   1   6   -0.0000000024
3   5   2   6   0.0103917465
3   5   3   4   0.0000014251
3   5   3   5   0.2759572522
3   6   1   4   0.0104283039
3   6   1   5   0.0000000069
3   6   2   4   0.0000000069
3   6   2   5   0.0104283091
3   6   3   6   0.3061299551

End ABCD Block
Begin AIJB Block
1   8   1   4   0.0079791181
1   8   1   5   0.0000000000
1   8   2   4   -0.0000000000
1   8   2   5   -0.0000000000
1   8   3   4   -0.0057698578
1   8   3   5   0.0000000000
1   8   4   6   0.0000292286
1   8   5   6   -0.0002873018
1   8   6   4   0.0000000001
1   8   6   5   -0.0000000004
1   8   7   4   -0.0049253413
1   8   7   5   -0.0000000001
1   9   1   4   -0.0000000000
1   9   1   5   -0.0000000000
1   9   2   4   0.0083701847
1   9   2   5   0.0000000000
1   9   3   4   0.0000000000
1   9   3   5   -0.0000000000
1   9   4   6   -0.0000000003
1   9   5   6   0.0000000004
1   9   6   4   0.0091833612
1   9   6   5   -0.0000000000
1   9   7   4   -0.0000000000
1   9   7   5   -0.0000000000
1   10   1   4   -0.0057698578
1   10   1   5   0.0000000000
1   10   2   4   0.0000000000
1   10   2   5   -0.0000000000
1   10   3   4   0.0185842743
1   10   3   5   -0.0000000000
1   10   4   6   -0.0016934748
1   10   5   6   0.0166457758
1   10   6   4   -0.0000000007
1   10   6   5   0.0000000019
1   10   7   4   0.0160867620
1   10   7   5   0.0000000001
1   11   1   6   0.0003449321
1   11   2   6   -0.0000000003
1   11   3   6   -0.0008544139
1   11   4   4   0.0117674740
1   11   4   5   0.0075080985
1   11   5   4   -0.0075081040
1   11   5   5   -0.0627539698
1   11   6   6   -0.0000000004
1   11   7   6   -0.0007734229
1   12   1   6   -0.0033904676
1   12   2   6   -0.0000000001
1   12   3   6   0.0083983541
1   12   4   4   -0.0075081040
1   12   4   5   -0.0102821196
1   12   5   4   0.0848035710
1   12   5   5   -0.0075080976
1   12   6   6   -0.0000000003
1   12   7   6   0.0076022709
1   13   1   4   0.0000000001
1   13   1   5   -0.0000000004
1   13   2   4   0.0091833612
1   13   2   5   -0.0000000000
1   13   3   4   -0.0000000007
1   13   3   5   0.0000000019
1   13   4   6   0.0000000068
1   13   5   6   -0.0000000070
1   13   6   4   0.0557538956
1   13   6   5   -0.0000000001
1   13   7   4   0.0000000011
1   13   7   5   -0.0000000027
1   14   1   4   -0.0049253413
1   14   1   5   -0.0000000001
1   14   2   4   -0.0000000000
1   14   2   5   -0.0000000000
1   14   3   4   0.0160867620
1   14   3   5   0.0000000001
1   14   4   6   -0.0011568717
1   14   5   6   0.0113714816
1   14   6   4   0.0000000011
1   14   6   5   -0.0000000027
1   14   7   4   0.0331962124
1   14   7   5   0.0000000006
2   8   1   4   0.0000000000
2   8   1   5   0.0079791181
2   8   2   4   -0.0000000000
2   8   2   5   -0.0000000000
2   8   3   4   0.0000000000
2   8   3   5   -0.0057698577
2   8   4   6   0.0002873016
2   8   5   6   0.0000292292
2   8   6   4   -0.0000000004
2   8   6   5   -0.0000000002
2   8   7   4   -0.0000000001
2   8   7   5   -0.0049253413
2   9   1   4   -0.0000000000
2   9   1   5   -0.0000000000
2   9   2   4   0.0000000000
2   9   2   5   0.0083701847
2   9   3   4   -0.0000000000
2   9   3   5   0.0000000000
2   9   4   6   -0.0000000006
2   9   5   6   0.0000000002
2   9   6   4   -0.0000000000
2   9   6   5   0.0091833612
2   9   7   4   -0.0000000000
2   9   7   5   -0.0000000000
2   10   1   4   0.0000000000
2   10   1   5   -0.0057698577
2   10   2   4   -0.0000000000
2   10   2   5   0.0000000000
2   10   3   4   -0.0000000000
2   10   3   5   0.0185842743
2   10   4   6   -0.0166457780
2   10   5   6   -0.0016934704
2   10   6   4   0.0000000019
2   10   6   5   0.0000000008
2   10   7   4   0.0000000001
2   10   7   5   0.0160867621
2   11   1   6   0.0033904675
2   11   2   6   -0.0000000002
2   11   3   6   -0.0083983542
2   11   4   4   0.0075080985
2   11   4   5   0.0848035719
2   11   5   4   -0.0102821196
2   11   5   5   0.0075081030
2   11   6   6   -0.0000000002
2   11   7   6   -0.0076022702
2   12   1   6   0.0003449323
2   12   2   6   0.0000000002
2   12   3   6   -0.0008544138
2   12   4   4   -0.0627539698
2   12   4   5   0.0075081030
2   12   5   4   -0.0075080976
2   12   5   5   0.0117674738
2   12   6   6   0.0000000005
2   12   7   6   -0.0007734243
2   13   1   4   -0.0000000004
2   13   1   5   -0.0000000002
2   13   2   4   -0.0000000000
2   13   2   5   0.0091833612
2   13   3   4   0.0000000019
2   13   3   5   0.0000000008
2   13   4   6   0.0000000128
2   13   5   6   -0.0000000048
2   13   6   4   -0.0000000001
2   13   6   5   0.0557538956
2   13   7   4   -0.0000000027
2   13   7   5   -0.0000000010
2   14   1   4   -0.0000000001
2   14   1   5   -0.0049253413
2   14   2   4   -0.0000000000
2   14   2   5   -0.0000000000
2   14   3   4   0.0000000001
2   14   3   5   0.0160867621
2   14   4   6   -0.0113714665
2   14   5   6   -0.0011569019
2   14   6   4   -0.0000000027
2   14   6   5   -0.0000000010
2   14   7   4   0.0000000006
2   14   7   5   0.0331962129
3   8   1   6   0.0049788133
3   8   2   6   0.0000000004
3   8   3   6   0.0006923623
3   8   4   4   0.0003449321
3   8   4   5   0.0033904675
3   8   5   4   -0.0033904676
3   8   5   5   0.0003449323
3   8   6   6   -0.0000000041
3   8   7   6   -0.0001950562
3   9   1   6   0.0000000004
3   9   2   6   0.0050642926
3   9   3   6   0.0000000005
3   9   4   4   -0.0000000003
3   9   4   5   -0.0000000002
3   9   5   4   -0.0000000001
3   9   5   5   0.0000000002
3   9   6   6   -0.0005940492
3   9   7   6   -0.0000000068
3   10   1   6   0.0006923623
3   10   2   6   0.0000000005
3   10   3   6   0.0047418976
3   10   4   4   -0.0008544139
3   10   4   5   -0.0083983542
3   10   5   4   0.0083983541
3   10   5   5   -0.0008544138
3   10   6   6   -0.0000000124
3   10   7   6   0.0046193369
3   11   1   4   0.0000292286
3   11   1   5   0.0002873016
3   11   2   4   -0.0000000003
3   11   2   5   -0.0000000006
3   11   3   4   -0.0016934748
3   11   3   5   -0.0166457780
3   11   4   6   0.0052521241
3   11   5   6   -0.0000000011
3   11   6   4   0.0000000068
3   11   6   5   0.0000000128
3   11   7   4   -0.0011568717
3   11   7   5   -0.0113714665
3   12   1   4   -0.0002873018
3   12   1   5   0.0000292292
3   12   2   4   0.0000000004
3   12   2   5   0.0000000002
3   12   3   4   0.0166457758
3   12   3   5   -0.0016934704
3   12   4   6   -0.0000000011
3   12   5   6   0.0052521227
3   12   6   4   -0.0000000070
3   12   6   5   -0.0000000048
3   12   7   4   0.0113714816
3   12   7   5   -0.0011569019
3   13   1   6   -0.0000000041
3   13   2   6   -0.0005940492
3   13   3   6   -0.0000000124
3   13   4   4   -0.0000000004
3   13   4   5   -0.0000000002
3   13   5   4   -0.0000000003
3   13   5   5   0.0000000005
3   13   6   6   0.0240217792
3   13   7   6   0.0000001305
3   14   1   6   -0.0001950562
3   14   2   6   -0.0000000068
3   14   3   6   0.0046193369
3   14   4   4   -0.0007734229
3   14   4   5   -0.0076022702
3   14   5   4   0.0076022709
3   14   5   5   -0.0007734243
3   14   6   6   0.0000001305
3   14   7   6   0.0162014611

1   8   8   1   -0.5390443072
1   8   8   2   -0.0000000001
1   8   9   1   0.0000000002
1   8   9   2   0.0000000003
1   8   10   1   -0.0035442945
1   8   10   2   0.0000000011
1   8   11   3   -0.0004184161
1   8   12   3   0.0041127686
1   8   13   1   -0.0000000004
1   8   13   2   -0.0000000014
1   8   14   1   -0.0012014109
1   8   14   2   0.0000000014
1   9   8   1   0.0000000002
1   9   8   2   0.0000000003
1   9   9   1   -0.5391297655
1   9   9   2   -0.0000000004
1   9   10   1   -0.0000000001
1   9   10   2   0.0000000016
1   9   11   3   0.0000000023
1   9   12   3   0.0000000012
1   9   13   1   0.0027683113
1   9   13   2   -0.0000000016
1   9   14   1   0.0000000003
1   9   14   2   0.0000000005
1   10   8   1   -0.0035442945
1   10   8   2   0.0000000011
1   10   9   1   -0.0000000001
1   10   9   2   0.0000000016
1   10   10   1   -0.4851857383
1   10   10   2   -0.0000000045
1   10   11   3   0.0013322956
1   10   12   3   -0.0130956326
1   10   13   1   -0.0000000021
1   10   13   2   -0.0000000004
1   10   14   1   0.0204310584
1   10   14   2   0.0000000051
1   11   8   3   -0.0004240818
1   11   9   3   0.0000000023
1   11   10   3   0.0013517866
1   11   11   1   -0.4435243548
1   11   11   2   -0.0031790527
1   11   12   1   0.0031790624
1   11   12   2   0.0144935602
1   11   13   3   0.0000000640
1   11   14   3   0.0003701297
1   12   8   3   0.0041684601
1   12   9   3   0.0000000012
1   12   10   3   -0.0132872148
1   12   11   1   0.0031790624
1   12   11   2   0.0164311840
1   12   12   1   -0.4744491104
1   12   12   2   0.0031790609
1   12   13   3   0.0000000314
1   12   14   3   -0.0036381529
1   13   8   1   -0.0000000004
1   13   8   2   -0.0000000014
1   13   9   1   0.0027683113
1   13   9   2   -0.0000000016
1   13   10   1   -0.0000000021
1   13   10   2   -0.0000000004
1   13   11   3   0.0000000640
1   13   12   3   0.0000000288
1   13   13   1   -0.4395790254
1   13   13   2   0.0000000021
1   13   14   1   -0.0000000012
1   13   14   2   -0.0000000039
1   14   8   1   -0.0012014109
1   14   8   2   0.0000000014
1   14   9   1   0.0000000003
1   14   9   2   0.0000000005
1   14   10   1   0.0204310584
1   14   10   2   0.0000000051
1   14   11   3   0.0004116322
1   14   12   3   -0.0040460844
1   14   13   1   -0.0000000012
1   14   13   2   -0.0000000039
1   14   14   1   -0.4414230072
1   14   14   2   0.0000000083
2   8   8   1   -0.0000000001
2   8   8   2   -0.5390443073
2   8   9   1   0.0000000003
2   8   9   2   0.0000000004
2   8   10   1   0.0000000011
2   8   10   2   -0.0035442936
2   8   11   3   -0.0041127686
2   8   12   3   -0.0004184161
2   8   13   1   -0.0000000014
2   8   13   2   -0.0000000015
2   8   14   1   0.0000000014
2   8   14   2   -0.0012014098
2   9   8   1   0.0000000003
2   9   8   2   0.0000000004
2   9   9   1   -0.0000000004
2   9   9   2   -0.5391297658
2   9   10   1   0.0000000016
2   9   10   2   0.0000000011
2   9   11   3   0.0000000011
2   9   12   3   -0.0000000023
2   9   13   1   -0.0000000016
2   9   13   2   0.0027683101
2   9   14   1   0.0000000005
2   9   14   2   0.0000000007
2   10   8   1   0.0000000011
2   10   8   2   -0.0035442936
2   10   9   1   0.0000000016
2   10   9   2   0.0000000011
2   10   10   1   -0.0000000045
2   10   10   2   -0.4851857417
2   10   11   3   0.0130956326
2   10   12   3   0.0013322956
2   10   13   1   -0.0000000004
2   10   13   2   -0.0000000024
2   10   14   1   0.0000000051
2   10   14   2   0.0204310623
2   11   8   3   -0.0041684600
2   11   9   3   0.0000000012
2   11   10   3   0.0132872150
2   11   11   1   -0.0031790527
2   11   11   2   -0.4744491059
2   11   12   1   0.0164311840
2   11   12   2   -0.0031790645
2   11   13   3   0.0000000326
2   11   14   3   0.0036381520
2   12   8   3   -0.0004240820
2   12   9   3   -0.0000000023
2   12   10   3   0.0013517861
2   12   11   1   0.0144935602
2   12   11   2   -0.0031790645
2   12   12   1   0.0031790609
2   12   12   2   -0.4435243530
2   12   13   3   -0.0000000639
2   12   14   3   0.0003701315
2   13   8   1   -0.0000000014
2   13   8   2   -0.0000000015
2   13   9   1   -0.0000000016
2   13   9   2   0.0027683101
2   13   10   1   -0.0000000004
2   13   10   2   -0.0000000024
2   13   11   3   0.0000000348
2   13   12   3   -0.0000000633
2   13   13   1   0.0000000021
2   13   13   2   -0.4395790238
2   13   14   1   -0.0000000039
2   13   14   2   -0.0000000041
2   14   8   1   0.0000000014
2   14   8   2   -0.0012014098
2   14   9   1   0.0000000005
2   14   9   2   0.0000000007
2   14   10   1   0.0000000051
2   14   10   2   0.0204310623
2   14   11   3   0.0040460847
2   14   12   3   0.0004116316
2   14   13   1   -0.0000000039
2   14   13   2   -0.0000000041
2   14   14   1   0.0000000083
2   14   14   2   -0.4414230009
3   8   8   3   -0.3156181367
3   8   9   3   -0.0000000016
3   8   10   3   -0.0030870793
3   8   11   1   -0.0004240818
3   8   11   2   -0.0041684600
3   8   12   1   0.0041684601
3   8   12   2   -0.0004240820
3   8   13   3   -0.0000001321
3   8   14   3   0.0016737978
3   9   8   3   -0.0000000016
3   9   9   3   -0.3156837327
3   9   10   3   0.0000001258
3   9   11   1   0.0000000023
3   9   11   2   0.0000000012
3   9   12   1   0.0000000012
3   9   12   2   -0.0000000023
3   9   13   3   0.0001370464
3   9   14   3   0.0000000540
3   10   8   3   -0.0030870793
3   10   9   3   0.0000001258
3   10   10   3   -0.2880579445
3   10   11   1   0.0013517866
3   10   11   2   0.0132872150
3   10   12   1   -0.0132872148
3   10   12   2   0.0013517861
3   10   13   3   -0.0000000336
3   10   14   3   0.0007354269
3   11   8   1   -0.0004184161
3   11   8   2   -0.0041127686
3   11   9   1   0.0000000023
3   11   9   2   0.0000000011
3   11   10   1   0.0013322956
3   11   10   2   0.0130956326
3   11   11   3   -0.2833943877
3   11   12   3   -0.0000001177
3   11   13   1   0.0000000640
3   11   13   2   0.0000000348
3   11   14   1   0.0004116322
3   11   14   2   0.0040460847
3   12   8   1   0.0041127686
3   12   8   2   -0.0004184161
3   12   9   1   0.0000000012
3   12   9   2   -0.0000000023
3   12   10   1   -0.0130956326
3   12   10   2   0.0013322956
3   12   11   3   -0.0000001177
3   12   12   3   -0.2833945369
3   12   13   1   0.0000000288
3   12   13   2   -0.0000000633
3   12   14   1   -0.0040460844
3   12   14   2   0.0004116316
3   13   8   3   -0.0000001321
3   13   9   3   0.0001370464
3   13   10   3   -0.0000000336
3   13   11   1   0.0000000640
3   13   11   2   0.0000000326
3   13   12   1   0.0000000314
3   13   12   2   -0.0000000639
3   13   13   3   -0.3051690640
3   13   14   3   -0.0000003178
3   14   8   3   0.0016737978
3   14   9   3   0.0000000540
3   14   10   3   0.0007354269
3   14   11   1   0.0003701297
3   14   11   2   0.0036381520
3   14   12   1   -0.0036381529
3   14   12   2   0.0003701315
3   14   13   3   -0.0000003178
3   14   14   3   -0.3061112225

End AIJB Block
Begin IJKA Block
1   8   1   6   0.0000000017
1   8   2   6   -0.0724625393
1   8   3   6   -0.0000000020
1   8   4   4   0.0000000001
1   8   4   5   0.0000000001
1   8   5   4   0.0000000000
1   8   5   5   -0.0000000001
1   8   6   6   0.0116721413
1   8   7   6   0.0000000066
1   9   1   6   -0.0769771982
1   9   2   6   -0.0000000003
1   9   3   6   -0.0117277978
1   9   4   4   0.0011395305
1   9   4   5   0.0112008719
1   9   5   4   -0.0112008718
1   9   5   5   0.0011395304
1   9   6   6   -0.0000000001
1   9   7   6   -0.0063380633
1   10   1   6   -0.0000000021
1   10   2   6   -0.0482669919
1   10   3   6   -0.0000000006
1   10   4   4   0.0000000004
1   10   4   5   0.0000000002
1   10   5   4   0.0000000001
1   10   5   5   -0.0000000004
1   10   6   6   0.0016157321
1   10   7   6   0.0000000014
1   11   1   4   0.0000000020
1   11   1   5   0.0000000049
1   11   2   4   0.0153014013
1   11   2   5   0.1504032228
1   11   3   4   0.0000000005
1   11   3   5   0.0000000007
1   11   4   6   0.0000000000
1   11   5   6   -0.0000000003
1   11   6   4   0.0001424361
1   11   6   5   0.0014000609
1   11   7   4   0.0000000002
1   11   7   5   0.0000000003
1   12   1   4   -0.0000000033
1   12   1   5   -0.0000000012
1   12   2   4   -0.1504032243
1   12   2   5   0.0153014043
1   12   3   4   -0.0000000002
1   12   3   5   -0.0000000004
1   12   4   6   -0.0000000003
1   12   5   6   -0.0000000004
1   12   6   4   -0.0014000612
1   12   6   5   0.0001424368
1   12   7   4   -0.0000000001
1   12   7   5   -0.0000000001
1   13   1   6   0.1157641116
1   13   2   6   0.0000000090
1   13   3   6   0.0044844689
1   13   4   4   0.0012784158
1   13   4   5   0.0125660291
1   13   5   4   -0.0125660292
1   13   5   5   0.0012784160
1   13   6   6   -0.0000000050
1   13   7   6   -0.0012531721
1   14   1   6   0.0000000297
1   14   2   6   -0.0459033225
1   14   3   6   0.0000000062
1   14   4   4   0.0000000001
1   14   4   5   0.0000000000
1   14   5   4   0.0000000001
1   14   5   5   -0.0000000001
1   14   6   6   -0.0009624024
1   14   7   6   0.0000000036
2   8   1   6   -0.0725018122
2   8   2   6   -0.0000000000
2   8   3   6   -0.0120424179
2   8   4   4   0.0010631473
2   8   4   5   0.0104500727
2   8   5   4   -0.0104500726
2   8   5   5   0.0010631472
2   8   6   6   -0.0000000002
2   8   7   6   -0.0059128169
2   9   1   6   0.0000000007
2   9   2   6   -0.0771416892
2   9   3   6   -0.0000000020
2   9   4   4   0.0000000002
2   9   4   5   0.0000000001
2   9   5   4   0.0000000001
2   9   5   5   -0.0000000002
2   9   6   6   0.0119022708
2   9   7   6   0.0000000059
2   10   1   6   -0.0482487010
2   10   2   6   -0.0000000023
2   10   3   6   -0.0037587617
2   10   4   4   -0.0008175346
2   10   4   5   -0.0080358535
2   10   5   4   0.0080358535
2   10   5   5   -0.0008175345
2   10   6   6   0.0000000002
2   10   7   6   0.0003411782
2   11   1   4   0.0152877198
2   11   1   5   0.1502687414
2   11   2   4   0.0000000020
2   11   2   5   0.0000000047
2   11   3   4   0.0008274958
2   11   3   5   0.0081337630
2   11   4   6   0.0044541674
2   11   5   6   0.0000000001
2   11   6   4   -0.0000000004
2   11   6   5   -0.0000000004
2   11   7   4   -0.0005971403
2   11   7   5   -0.0058695165
2   12   1   4   -0.1502687428
2   12   1   5   0.0152877227
2   12   2   4   -0.0000000031
2   12   2   5   -0.0000000012
2   12   3   4   -0.0081337627
2   12   3   5   0.0008274951
2   12   4   6   0.0000000001
2   12   5   6   0.0044541674
2   12   6   4   0.0000000000
2   12   6   5   0.0000000003
2   12   7   4   0.0058695166
2   12   7   5   -0.0005971405
2   13   1   6   0.0000000089
2   13   2   6   0.1157922321
2   13   3   6   0.0000000066
2   13   4   4   0.0000000001
2   13   4   5   -0.0000000001
2   13   5   4   0.0000000002
2   13   5   5   -0.0000000001
2   13   6   6   -0.0012158306
2   13   7   6   0.0000000003
2   14   1   6   -0.0458725582
2   14   2   6   0.0000000290
2   14   3   6   -0.0046897156
2   14   4   4   -0.0005935353
2   14   4   5   -0.0058340806
2   14   5   4   0.0058340805
2   14   5   5   -0.0005935352
2   14   6   6   -0.0000000063
2   14   7   6   0.0038123199
3   8   1   6   -0.0000000006
3   8   2   6   -0.0123897280
3   8   3   6   -0.0000000005
3   8   4   4   -0.0000000001
3   8   4   5   0.0000000000
3   8   5   4   -0.0000000002
3   8   5   5   0.0000000002
3   8   6   6   0.0012746675
3   8   7   6   0.0000000018
3   9   1   6   -0.0120956614
3   9   2   6   -0.0000000008
3   9   3   6   -0.0110062432
3   9   4   4   -0.0014970856
3   9   4   5   -0.0147154153
3   9   5   4   0.0147154153
3   9   5   5   -0.0014970856
3   9   6   6   -0.0000000006
3   9   7   6   0.0037811848
3   10   1   6   -0.0000000007
3   10   2   6   -0.0032555470
3   10   3   6   -0.0000000006
3   10   4   4   -0.0000000025
3   10   4   5   -0.0000000010
3   10   5   4   -0.0000000015
3   10   5   5   0.0000000026
3   10   6   6   0.0112567906
3   10   7   6   -0.0000000026
3   11   1   4   0.0000000005
3   11   1   5   0.0000000010
3   11   2   4   0.0006314073
3   11   2   5   0.0062063351
3   11   3   4   0.0000000007
3   11   3   5   0.0000000025
3   11   4   6   0.0000000022
3   11   5   6   -0.0000000012
3   11   6   4   -0.0047710464
3   11   6   5   -0.0468964013
3   11   7   4   0.0000000013
3   11   7   5   0.0000000012
3   12   1   4   -0.0000000006
3   12   1   5   -0.0000000003
3   12   2   4   -0.0062063347
3   12   2   5   0.0006314064
3   12   3   4   -0.0000000021
3   12   3   5   -0.0000000002
3   12   4   6   -0.0000000012
3   12   5   6   0.0000000007
3   12   6   4   0.0468964011
3   12   6   5   -0.0047710460
3   12   7   4   0.0000000001
3   12   7   5   -0.0000000012
3   13   1   6   0.0039156153
3   13   2   6   0.0000000065
3   13   3   6   0.0787430544
3   13   4   4   -0.0052613201
3   13   4   5   -0.0517154888
3   13   5   4   0.0517154890
3   13   5   5   -0.0052613204
3   13   6   6   -0.0000000013
3   13   7   6   -0.0069501382
3   14   1   6   0.0000000072
3   14   2   6   -0.0040354814
3   14   3   6   0.0000000164
3   14   4   4   0.0000000044
3   14   4   5   0.0000000022
3   14   5   4   0.0000000021
3   14   5   5   -0.0000000044
3   14   6   6   0.0084180465
3   14   7   6   -0.0000000017
4   8   1   4   0.0000000001
4   8   1   5   0.0000000001
4   8   2   4   0.0011407589
4   8   2   5   0.0112129460
4   8   3   4   -0.0000000001
4   8   3   5   -0.0000000001
4   8   4   6   -0.0000000003
4   8   5   6   0.0000000004
4   8   6   4   0.0008808909
4   8   6   5   0.0086586069
4   8   7   4   0.0000000009
4   8   7   5   0.0000000005
4   9   1   4   0.0012074609
4   9   1   5   0.0118685847
4   9   2   4   0.0000000003
4   9   2   5   0.0000000002
4   9   3   4   -0.0015123748
4   9   3   5   -0.0148656984
4   9   4   6   -0.0039479205
4   9   5   6   0.0000000003
4   9   6   4   -0.0000000001
4   9   6   5   -0.0000000000
4   9   7   4   -0.0004248966
4   9   7   5   -0.0041764683
4   10   1   4   0.0000000003
4   10   1   5   0.0000000004
4   10   2   4   -0.0008519952
4   10   2   5   -0.0083745818
4   10   3   4   -0.0000000031
4   10   3   5   -0.0000000013
4   10   4   6   0.0000000004
4   10   5   6   -0.0000000002
4   10   6   4   -0.0023193132
4   10   6   5   -0.0227973950
4   10   7   4   0.0000000034
4   10   7   5   0.0000000021
4   11   1   6   -0.0000000003
4   11   2   6   0.0039675380
4   11   3   6   0.0000000039
4   11   4   4   0.0000000002
4   11   4   5   0.0000000019
4   11   5   4   0.0000000003
4   11   5   5   0.0000000005
4   11   6   6   0.0103828448
4   11   7   6   -0.0000000045
4   12   1   6   -0.0000000005
4   12   2   6   0.0000000004
4   12   3   6   -0.0000000053
4   12   4   4   -0.0000000009
4   12   4   5   0.0000000002
4   12   5   4   0.0000000004
4   12   5   5   -0.0000000007
4   12   6   6   -0.0000000003
4   12   7   6   0.0000000032
4   13   1   4   0.0011660439
4   13   1   5   0.0114614827
4   13   2   4   0.0000000000
4   13   2   5   -0.0000000000
4   13   3   4   -0.0049087595
4   13   3   5   -0.0482500373
4   13   4   6   0.0698816340
4   13   5   6   -0.0000000066
4   13   6   4   -0.0000000001
4   13   6   5   -0.0000000004
4   13   7   4   -0.0031221706
4   13   7   5   -0.0306889809
4   14   1   4   0.0000000002
4   14   1   5   -0.0000000001
4   14   2   4   -0.0005702718
4   14   2   5   -0.0056054141
4   14   3   4   0.0000000037
4   14   3   5   0.0000000022
4   14   4   6   0.0000000321
4   14   5   6   -0.0000000083
4   14   6   4   -0.0028894302
4   14   6   5   -0.0284012955
4   14   7   4   -0.0000000015
4   14   7   5   -0.0000000010
5   8   1   4   0.0000000000
5   8   1   5   -0.0000000001
5   8   2   4   -0.0112129460
5   8   2   5   0.0011407588
5   8   3   4   -0.0000000000
5   8   3   5   0.0000000001
5   8   4   6   0.0000000004
5   8   5   6   0.0000000002
5   8   6   4   -0.0086586069
5   8   6   5   0.0008808909
5   8   7   4   0.0000000004
5   8   7   5   -0.0000000009
5   9   1   4   -0.0118685846
5   9   1   5   0.0012074607
5   9   2   4   0.0000000001
5   9   2   5   -0.0000000003
5   9   3   4   0.0148656984
5   9   3   5   -0.0015123748
5   9   4   6   0.0000000003
5   9   5   6   -0.0039479201
5   9   6   4   -0.0000000001
5   9   6   5   0.0000000001
5   9   7   4   0.0041764683
5   9   7   5   -0.0004248967
5   10   1   4   -0.0000000001
5   10   1   5   -0.0000000003
5   10   2   4   0.0083745820
5   10   2   5   -0.0008519956
5   10   3   4   -0.0000000018
5   10   3   5   0.0000000031
5   10   4   6   -0.0000000002
5   10   5   6   0.0000000002
5   10   6   4   0.0227973946
5   10   6   5   -0.0023193124
5   10   7   4   0.0000000013
5   10   7   5   -0.0000000033
5   11   1   6   -0.0000000005
5   11   2   6   0.0000000004
5   11   3   6   -0.0000000053
5   11   4   4   0.0000000006
5   11   4   5   0.0000000007
5   11   5   4   0.0000000012
5   11   5   5   0.0000000016
5   11   6   6   -0.0000000003
5   11   7   6   0.0000000032
5   12   1   6   -0.0000000010
5   12   2   6   0.0039675385
5   12   3   6   -0.0000000028
5   12   4   4   0.0000000006
5   12   4   5   -0.0000000002
5   12   5   4   -0.0000000014
5   12   5   5   -0.0000000010
5   12   6   6   0.0103828444
5   12   7   6   -0.0000000004
5   13   1   4   -0.0114614828
5   13   1   5   0.0011660440
5   13   2   4   0.0000000000
5   13   2   5   -0.0000000000
5   13   3   4   0.0482500374
5   13   3   5   -0.0049087596
5   13   4   6   -0.0000000066
5   13   5   6   0.0698816256
5   13   6   4   0.0000000003
5   13   6   5   0.0000000000
5   13   7   4   0.0306889805
5   13   7   5   -0.0031221697
5   14   1   4   0.0000000003
5   14   1   5   -0.0000000002
5   14   2   4   0.0056054140
5   14   2   5   -0.0005702716
5   14   3   4   0.0000000014
5   14   3   5   -0.0000000036
5   14   4   6   -0.0000000083
5   14   5   6   0.0000000216
5   14   6   4   0.0284012958
5   14   6   5   -0.0028894308
5   14   7   4   -0.0000000005
5   14   7   5   0.0000000015
6   8   1   6   0.0122769517
6   8   2   6   0.0000000005
6   8   3   6   0.0013816427
6   8   4   4   0.0008691630
6   8   4   5   0.0085433284
6   8   5   4   -0.0085433284
6   8   5   5   0.0008691629
6   8   6   6   -0.0000000009
6   8   7   6   -0.0016554917
6   9   1   6   0.0000000005
6   9   2   6   0.0124813589
6   9   3   6   -0.0000000005
6   9   4   4   -0.0000000001
6   9   4   5   -0.0000000001
6   9   5   4   0.0000000001
6   9   5   5   0.0000000000
6   9   6   6   -0.0011287894
6   9   7   6   0.0000000002
6   10   1   6   0.0014474870
6   10   2   6   0.0000000002
6   10   3   6   0.0110203353
6   10   4   4   -0.0023922913
6   10   4   5   -0.0235147240
6   10   5   4   0.0235147236
6   10   5   5   -0.0023922905
6   10   6   6   0.0000000015
6   10   7   6   0.0199280053
6   11   1   4   0.0001227625
6   11   1   5   0.0012066811
6   11   2   4   -0.0000000004
6   11   2   5   -0.0000000005
6   11   3   4   -0.0046163083
6   11   3   5   -0.0453754212
6   11   4   6   0.0110770387
6   11   5   6   0.0000000005
6   11   6   4   0.0000000014
6   11   6   5   0.0000000010
6   11   7   4   -0.0099926251
6   11   7   5   -0.0982212363
6   12   1   4   -0.0012066814
6   12   1   5   0.0001227630
6   12   2   4   0.0000000001
6   12   2   5   0.0000000004
6   12   3   4   0.0453754208
6   12   3   5   -0.0046163076
6   12   4   6   0.0000000005
6   12   5   6   0.0110770394
6   12   6   4   0.0000000004
6   12   6   5   -0.0000000013
6   12   7   4   0.0982212341
6   12   7   5   -0.0099926206
6   13   1   6   -0.0000000032
6   13   2   6   -0.0011911467
6   13   3   6   0.0000000040
6   13   4   4   -0.0000000008
6   13   4   5   -0.0000000019
6   13   5   4   0.0000000012
6   13   5   5   0.0000000005
6   13   6   6   0.0628191512
6   13   7   6   -0.0000000669
6   14   1   6   -0.0008650387
6   14   2   6   -0.0000000067
6   14   3   6   0.0080701181
6   14   4   4   -0.0028763507
6   14   4   5   -0.0282727146
6   14   5   4   0.0282727130
6   14   5   5   -0.0028763476
6   14   6   6   0.0000000240
6   14   7   6   0.0198925027
7   8   1   6   -0.0000000002
7   8   2   6   -0.0064581384
7   8   3   6   -0.0000000002
7   8   4   4   0.0000000008
7   8   4   5   0.0000000004
7   8   5   4   0.0000000004
7   8   5   5   -0.0000000008
7   8   6   6   -0.0017035901
7   8   7   6   -0.0000000014
7   9   1   6   -0.0068631234
7   9   2   6   -0.0000000010
7   9   3   6   0.0038234312
7   9   4   4   -0.0004201863
7   9   4   5   -0.0041301672
7   9   5   4   0.0041301670
7   9   5   5   -0.0004201860
7   9   6   6   0.0000000009
7   9   7   6   -0.0022073225
7   10   1   6   0.0000000007
7   10   2   6   0.0004810448
7   10   3   6   0.0000000002
7   10   4   4   0.0000000024
7   10   4   5   0.0000000010
7   10   5   4   0.0000000014
7   10   5   5   -0.0000000024
7   10   6   6   0.0198675230
7   10   7   6   -0.0000000105
7   11   1   4   0.0000000003
7   11   1   5   0.0000000002
7   11   2   4   -0.0005151589
7   11   2   5   -0.0050636899
7   11   3   4   -0.0000000010
7   11   3   5   -0.0000000011
7   11   4   6   0.0000000032
7   11   5   6   -0.0000000004
7   11   6   4   -0.0098943196
7   11   6   5   -0.0972549539
7   11   7   4   0.0000000038
7   11   7   5   0.0000000063
7   12   1   4   0.0000000001
7   12   1   5   -0.0000000002
7   12   2   4   0.0050636899
7   12   2   5   -0.0005151589
7   12   3   4   0.0000000002
7   12   3   5   0.0000000008
7   12   4   6   -0.0000000004
7   12   5   6   0.0000000026
7   12   6   4   0.0972549515
7   12   6   5   -0.0098943148
7   12   7   4   -0.0000000030
7   12   7   5   -0.0000000028
7   13   1   6   -0.0013583859
7   13   2   6   0.0000000009
7   13   3   6   -0.0063883141
7   13   4   4   -0.0030331408
7   13   4   5   -0.0298138617
7   13   5   4   0.0298138600
7   13   5   5   -0.0030331374
7   13   6   6   -0.0000000155
7   13   7   6   0.0655950068
7   14   1   6   0.0000000042
7   14   2   6   0.0035497853
7   14   3   6   0.0000000072
7   14   4   4   -0.0000000035
7   14   4   5   -0.0000000036
7   14   5   4   0.0000000003
7   14   5   5   0.0000000031
7   14   6   6   0.0187678037
7   14   7   6   0.0000000095

End IJKA Block
Begin IABC Block
1   4   1   6   0.0000000000
1   4   2   6   0.0000000001
1   4   3   4   0.0000000000
1   4   3   5   0.0000000013
1   5   1   6   0.0000000001
1   5   2   6   0.0000000001
1   5   3   4   0.0000000013
1   5   3   5   0.0000000010
1   6   1   4   -0.0000000002
1   6   1   5   -0.0000000002
1   6   2   4   -0.0000000002
1   6   2   5   -0.0000000003
1   6   3   6   0.0000000971
2   4   1   6   0.0029901645
2   4   2   6   0.0000000000
2   4   3   4   -0.0009195838
2   4   3   5   0.0000000020
2   5   1   6   0.0000000000
2   5   2   6   0.0029901645
2   5   3   4   0.0000000020
2   5   3   5   -0.0009195823
2   6   1   4   0.0030081491
2   6   1   5   0.0000000001
2   6   2   4   0.0000000001
2   6   2   5   0.0030081491
2   6   3   6   -0.0001661570
3   4   1   6   -0.0000000365
3   4   2   6   0.0000000939
3   4   3   4   -0.0000000011
3   4   3   5   0.0000000067
3   5   1   6   0.0000000939
3   5   2   6   0.0000000346
3   5   3   4   0.0000000067
3   5   3   5   0.0000000040
3   6   1   4   -0.0000000335
3   6   1   5   0.0000000949
3   6   2   4   0.0000000949
3   6   2   5   0.0000000384
3   6   3   6   0.0000004277
4   4   1   4   0.0000000013
4   4   1   5   -0.0000000010
4   4   2   4   -0.0000000016
4   4   2   5   -0.0000000045
4   4   3   6   0.0000000170
4   5   1   4   -0.0000000009
4   5   1   5   -0.0000000021
4   5   2   4   -0.0000000049
4   5   2   5   -0.0000000015
4   5   3   6   0.0000000098
4   6   1   6   -0.0000001397
4   6   2   6   -0.0000003806
4   6   3   4   0.0000000196
4   6   3   5   0.0000000012
5   4   1   4   -0.0000000014
5   4   1   5   0.0000000028
5   4   2   4   -0.0000000005
5   4   2   5   0.0000000006
5   4   3   6   0.0000000070
5   5   1   4   0.0000000024
5   5   1   5   0.0000000040
5   5   2   4   0.0000000003
5   5   2   5   0.0000000007
5   5   3   6   -0.0000000167
5   6   1   6   0.0000002742
5   6   2   6   0.0000000731
5   6   3   4   0.0000000193
5   6   3   5   -0.0000000214
6   4   1   6   0.0055835393
6   4   2   6   0.0000000004
6   4   3   4   0.0435498849
6   4   3   5   -0.0000000301
6   5   1   6   0.0000000004
6   5   2   6   0.0055835396
6   5   3   4   -0.0000000301
6   5   3   5   0.0435498621
6   6   1   4   0.0063969067
6   6   1   5   0.0000000050
6   6   2   4   0.0000000050
6   6   2   5   0.0063969105
6   6   3   6   -0.0034525727
7   4   1   6   0.0000000452
7   4   2   6   -0.0000001230
7   4   3   4   -0.0000000116
7   4   3   5   -0.0000000489
7   5   1   6   -0.0000001230
7   5   2   6   -0.0000000480
7   5   3   4   -0.0000000489
7   5   3   5   -0.0000000486
7   6   1   4   0.0000000536
7   6   1   5   -0.0000001176
7   6   2   4   -0.0000001176
7   6   2   5   -0.0000000355
7   6   3   6   -0.0000042975

End IABC Block
