Begin IJ Block
1   1   -25.4926264743
1   2   -0.0000000142
1   3   -0.4840774941
1   4   0.0000020905
1   5   0.0131862587
2   2   -25.4926713232
2   3   -0.0000020809
2   4   -0.4867821997
2   5   0.0000000587
3   3   -6.3940317143
3   4   -0.0000000114
3   5   -0.1102119414
4   4   -6.4061684938
4   5   0.0000000092
4   7   0.0000000000
5   5   -5.9070185213
6   6   -5.9034626070
6   7   0.0000000001
7   7   -5.9034626025

End IJ Block
Begin IA Block
1   3   0.0000000843
2   3   -0.0191276251
3   3   0.0000000006
4   3   -0.1836021948
5   1   0.0000000000
5   3   -0.0000000117
6   1   -0.0000000007
6   2   -0.0000000077
7   1   -0.0000000077
7   2   0.0000000022
7   3   -0.0000000000

End IA Block
Begin AB Block
1   1   -5.7053177902
1   2   0.0000000003
2   2   -5.7053177884
3   3   -5.8008248486

End AB Block
Begin IJAB Block
1   8   1   4   0.0130582426
1   8   2   5   0.0130582426
1   8   3   6   0.0136799968
1   9   1   4   -0.0000000008
1   9   1   5   0.0000000000
1   9   2   4   0.0000000000
1   9   2   5   -0.0000000008
1   9   3   6   0.0000000010
1   10   1   4   -0.0133851240
1   10   1   5   0.0000000000
1   10   2   4   0.0000000000
1   10   2   5   -0.0133851240
1   10   3   6   -0.0137665820
1   11   1   4   0.0000000593
1   11   1   5   -0.0000000000
1   11   2   4   -0.0000000000
1   11   2   5   0.0000000593
1   11   3   6   0.0000000592
1   12   1   4   0.0002907640
1   12   2   5   0.0002907640
1   12   3   6   0.0001740606
1   13   1   6   0.0001848807
1   13   2   6   0.0010021221
1   13   3   4   -0.0001528837
1   13   3   5   -0.0008286868
1   14   1   6   0.0010021221
1   14   2   6   -0.0001848807
1   14   3   4   -0.0008286868
1   14   3   5   0.0001528837
2   8   1   4   -0.0000000008
2   8   1   5   0.0000000000
2   8   2   4   0.0000000000
2   8   2   5   -0.0000000008
2   8   3   6   0.0000000010
2   9   1   4   0.0130708490
2   9   2   5   0.0130708490
2   9   3   6   0.0137083979
2   10   1   4   -0.0000000567
2   10   1   5   -0.0000000000
2   10   2   4   -0.0000000000
2   10   2   5   -0.0000000567
2   10   3   6   -0.0000000606
2   11   1   4   -0.0136099631
2   11   2   5   -0.0136099631
2   11   3   6   -0.0141159609
2   12   1   4   0.0000000013
2   12   2   5   0.0000000013
2   12   3   6   0.0000000008
2   13   1   6   0.0000000008
2   13   2   6   0.0000000043
2   13   3   4   -0.0000000007
2   13   3   5   -0.0000000036
2   14   1   6   0.0000000043
2   14   2   6   -0.0000000008
2   14   3   4   -0.0000000036
2   14   3   5   0.0000000007
3   8   1   4   -0.0133851240
3   8   1   5   0.0000000000
3   8   2   4   0.0000000000
3   8   2   5   -0.0133851240
3   8   3   6   -0.0137665820
3   9   1   4   -0.0000000567
3   9   1   5   -0.0000000000
3   9   2   4   -0.0000000000
3   9   2   5   -0.0000000567
3   9   3   6   -0.0000000606
3   10   1   4   0.0581677836
3   10   1   5   -0.0000000000
3   10   2   4   -0.0000000000
3   10   2   5   0.0581677836
3   10   3   6   0.0600330811
3   11   1   4   -0.0000000036
3   11   1   5   0.0000000002
3   11   1   6   -0.0000000000
3   11   2   4   0.0000000002
3   11   2   5   -0.0000000037
3   11   3   4   -0.0000000000
3   11   3   6   0.0000000056
3   12   1   4   -0.0014080317
3   12   1   5   -0.0000000000
3   12   2   4   -0.0000000000
3   12   2   5   -0.0014080318
3   12   3   6   0.0069106249
3   13   1   6   -0.0008402936
3   13   2   6   -0.0045547049
3   13   3   4   -0.0008490431
3   13   3   5   -0.0046021299
3   14   1   6   -0.0045547049
3   14   2   6   0.0008402937
3   14   3   4   -0.0046021299
3   14   3   5   0.0008490431
4   8   1   4   0.0000000593
4   8   1   5   -0.0000000000
4   8   2   4   -0.0000000000
4   8   2   5   0.0000000593
4   8   3   6   0.0000000592
4   9   1   4   -0.0136099631
4   9   2   5   -0.0136099631
4   9   3   6   -0.0141159609
4   10   1   4   -0.0000000036
4   10   1   5   0.0000000002
4   10   1   6   -0.0000000000
4   10   2   4   0.0000000002
4   10   2   5   -0.0000000037
4   10   3   4   -0.0000000000
4   10   3   6   0.0000000056
4   11   1   4   0.0600886598
4   11   1   5   -0.0000000000
4   11   2   4   -0.0000000000
4   11   2   5   0.0600886598
4   11   3   6   0.0626120919
4   12   1   4   -0.0000000001
4   12   2   5   -0.0000000001
4   12   3   6   -0.0000000024
4   13   1   6   0.0000000001
4   13   2   6   0.0000000004
4   13   3   4   0.0000000003
4   13   3   5   0.0000000015
4   14   1   6   0.0000000004
4   14   2   6   -0.0000000001
4   14   3   4   0.0000000015
4   14   3   5   -0.0000000003
5   8   1   4   0.0002907640
5   8   2   5   0.0002907640
5   8   3   6   0.0001740606
5   9   1   4   0.0000000013
5   9   2   5   0.0000000013
5   9   3   6   0.0000000008
5   10   1   4   -0.0014080317
5   10   1   5   -0.0000000000
5   10   2   4   -0.0000000000
5   10   2   5   -0.0014080318
5   10   3   6   0.0069106249
5   11   1   4   -0.0000000001
5   11   2   5   -0.0000000001
5   11   3   6   -0.0000000024
5   12   1   4   0.0233558890
5   12   1   5   0.0000000000
5   12   2   4   0.0000000000
5   12   2   5   0.0233558890
5   12   3   6   0.2537409960
5   13   1   6   -0.0046346504
5   13   2   6   -0.0251215333
5   13   3   4   -0.0375171443
5   13   3   5   -0.2033569103
5   14   1   6   -0.0251215332
5   14   2   6   0.0046346504
5   14   3   4   -0.2033569099
5   14   3   5   0.0375171442
6   8   1   6   -0.0001528837
6   8   2   6   -0.0008286868
6   8   3   4   0.0001848807
6   8   3   5   0.0010021221
6   9   1   6   -0.0000000007
6   9   2   6   -0.0000000036
6   9   3   4   0.0000000008
6   9   3   5   0.0000000043
6   10   1   6   -0.0008490431
6   10   2   6   -0.0046021299
6   10   3   4   -0.0008402936
6   10   3   5   -0.0045547049
6   11   1   6   0.0000000003
6   11   2   6   0.0000000015
6   11   3   4   0.0000000001
6   11   3   5   0.0000000004
6   12   1   6   -0.0375171443
6   12   2   6   -0.2033569103
6   12   3   4   -0.0046346504
6   12   3   5   -0.0251215333
6   13   1   4   0.0315879148
6   13   1   5   0.0418690851
6   13   2   4   0.0418690851
6   13   2   5   0.2508095758
6   13   3   6   0.0242459959
6   14   1   4   0.0418690846
6   14   1   5   0.0184124937
6   14   2   4   0.2008091630
6   14   2   5   -0.0418690846
6   14   3   6   -0.0000000000
7   8   1   6   -0.0008286868
7   8   2   6   0.0001528837
7   8   3   4   0.0010021221
7   8   3   5   -0.0001848807
7   9   1   6   -0.0000000036
7   9   2   6   0.0000000007
7   9   3   4   0.0000000043
7   9   3   5   -0.0000000008
7   10   1   6   -0.0046021299
7   10   2   6   0.0008490431
7   10   3   4   -0.0045547049
7   10   3   5   0.0008402937
7   11   1   6   0.0000000015
7   11   2   6   -0.0000000003
7   11   3   4   0.0000000004
7   11   3   5   -0.0000000001
7   12   1   6   -0.2033569099
7   12   2   6   0.0375171442
7   12   3   4   -0.0251215332
7   12   3   5   0.0046346504
7   13   1   4   0.0418690846
7   13   1   5   0.2008091630
7   13   2   4   0.0184124937
7   13   2   5   -0.0418690846
7   13   3   6   -0.0000000000
7   14   1   4   0.2508095755
7   14   1   5   -0.0418690851
7   14   2   4   -0.0418690851
7   14   2   5   0.0315879148
7   14   3   6   0.0242459957

End IJAB Block
Begin IJKL Block
1   8   1   8   2.1309172831
1   8   1   9   -0.0000170615
1   8   1   10   0.1990696800
1   8   1   11   -0.0000025925
1   8   1   12   -0.0027092578
1   8   2   8   -0.0000170615
1   8   2   9   1.9753466876
1   8   2   10   -0.0000008642
1   8   2   11   0.2004640757
1   8   2   12   0.0000000033
1   8   3   8   0.1990696800
1   8   3   9   -0.0000008642
1   8   3   10   0.0292942972
1   8   3   11   -0.0000002548
1   8   3   12   -0.0002164276
1   8   4   8   -0.0000025925
1   8   4   9   0.2004640757
1   8   4   10   -0.0000002548
1   8   4   11   0.0297060940
1   8   4   12   0.0000000057
1   8   5   8   -0.0027092578
1   8   5   9   0.0000000033
1   8   5   10   -0.0002164276
1   8   5   11   0.0000000057
1   8   5   12   0.0121333271
1   8   6   13   0.0123094046
1   8   7   14   0.0123094046
1   9   1   8   -0.0000170615
1   9   1   9   2.1309402317
1   9   1   10   -0.0000008646
1   9   1   11   0.2004810634
1   9   1   12   -0.0000000039
1   9   2   8   1.9753509287
1   9   2   9   0.0000170613
1   9   2   10   0.1991451404
1   9   2   11   0.0000008704
1   9   2   12   -0.0010020746
1   9   3   8   -0.0000008643
1   9   3   9   0.1990777672
1   9   3   10   -0.0000000011
1   9   3   11   0.0294977786
1   9   3   12   -0.0000000002
1   9   4   8   0.2004516893
1   9   4   9   0.0000008702
1   9   4   10   0.0295107032
1   9   4   11   0.0000000013
1   9   4   12   -0.0006698507
1   9   5   8   0.0000000033
1   9   5   9   -0.0027046917
1   9   5   10   -0.0000000002
1   9   5   11   -0.0006730054
1   9   5   12   -0.0000000015
1   9   6   13   0.0000000010
1   9   6   14   -0.0000000000
1   9   7   13   -0.0000000000
1   9   7   14   0.0000000011
1   10   1   8   0.1990696800
1   10   1   9   -0.0000008646
1   10   1   10   0.5632508117
1   10   1   11   -0.0000035383
1   10   1   12   0.0061849295
1   10   2   8   -0.0000008643
1   10   2   9   0.1991579415
1   10   2   10   -0.0000000175
1   10   2   11   0.4096948252
1   10   2   12   -0.0000000007
1   10   3   8   0.0313857352
1   10   3   9   -0.0000000013
1   10   3   10   0.0083660711
1   10   3   11   -0.0000000373
1   10   3   12   -0.0001643864
1   10   4   8   -0.0000002707
1   10   4   9   0.0313402839
1   10   4   10   -0.0000000379
1   10   4   11   0.0089381535
1   10   4   12   -0.0000000016
1   10   5   8   -0.0002349678
1   10   5   9   -0.0000000002
1   10   5   10   -0.0010032553
1   10   5   11   -0.0000000054
1   10   5   12   -0.0140726815
1   10   6   13   -0.0141026129
1   10   7   14   -0.0141026128
1   11   1   8   -0.0000025925
1   11   1   9   0.2004810634
1   11   1   10   -0.0000035383
1   11   1   11   0.5664522515
1   11   1   12   0.0000002240
1   11   2   8   0.2004516893
1   11   2   9   0.0000008703
1   11   2   10   0.4097182167
1   11   2   11   0.0000000184
1   11   2   12   -0.0260220825
1   11   3   8   -0.0000002707
1   11   3   9   0.0313506308
1   11   3   10   -0.0000000389
1   11   3   11   0.0087838931
1   11   3   12   0.0000000017
1   11   4   8   0.0318665323
1   11   4   9   0.0000000015
1   11   4   10   0.0085630011
1   11   4   11   -0.0000000362
1   11   4   12   0.0001009722
1   11   5   8   0.0000000052
1   11   5   9   -0.0006167864
1   11   5   10   -0.0000000049
1   11   5   11   -0.0000261933
1   11   5   12   0.0000000608
1   11   6   13   0.0000000591
1   11   6   14   0.0000000000
1   11   7   13   0.0000000000
1   11   7   14   0.0000000591
1   12   1   8   -0.0027092578
1   12   1   9   -0.0000000039
1   12   1   10   0.0061849295
1   12   1   11   0.0000002240
1   12   1   12   0.5490087017
1   12   2   8   0.0000000033
1   12   2   9   -0.0010038060
1   12   2   10   -0.0000000007
1   12   2   11   -0.0260203784
1   12   2   12   -0.0000000405
1   12   2   14   -0.0000000000
1   12   3   8   -0.0002349678
1   12   3   9   -0.0000000002
1   12   3   10   -0.0001418860
1   12   3   11   0.0000000015
1   12   3   12   0.0061443534
1   12   4   8   0.0000000052
1   12   4   9   -0.0006118005
1   12   4   10   -0.0000000012
1   12   4   11   0.0000367822
1   12   4   12   -0.0000000272
1   12   5   8   0.0147098752
1   12   5   9   -0.0000000012
1   12   5   10   -0.0149752247
1   12   5   11   0.0000000646
1   12   5   12   -0.0006838842
1   12   6   13   0.0001088965
1   12   7   14   0.0001088965
1   13   1   13   0.5525000021
1   13   1   14   -0.0000000000
1   13   2   13   0.0000000234
1   13   2   14   -0.0000000009
1   13   3   13   0.0063471905
1   13   3   14   -0.0000000000
1   13   4   13   -0.0000000271
1   13   4   14   -0.0000000000
1   13   5   13   -0.0008698213
1   13   5   14   0.0000000000
1   13   6   8   0.0150898805
1   13   6   9   0.0000000009
1   13   6   10   -0.0151532917
1   13   6   11   0.0000000640
1   13   6   12   0.0002020501
1   13   7   9   -0.0000000000
1   13   7   11   0.0000000000
1   14   1   13   -0.0000000000
1   14   1   14   0.5525000016
1   14   2   12   -0.0000000000
1   14   2   13   -0.0000000009
1   14   2   14   0.0000000241
1   14   3   13   -0.0000000000
1   14   3   14   0.0063471905
1   14   4   13   -0.0000000000
1   14   4   14   -0.0000000271
1   14   5   13   0.0000000000
1   14   5   14   -0.0008698212
1   14   6   9   -0.0000000000
1   14   6   11   0.0000000000
1   14   7   8   0.0150898805
1   14   7   9   0.0000000010
1   14   7   10   -0.0151532917
1   14   7   11   0.0000000639
1   14   7   12   0.0002020501
2   8   1   8   -0.0000170615
2   8   1   9   1.9753509287
2   8   1   10   -0.0000008643
2   8   1   11   0.2004516893
2   8   1   12   0.0000000033
2   8   2   8   2.1309402317
2   8   2   9   0.0000170613
2   8   2   10   0.1990777672
2   8   2   11   0.0000008702
2   8   2   12   -0.0027046917
2   8   3   8   -0.0000008646
2   8   3   9   0.1991451404
2   8   3   10   -0.0000000011
2   8   3   11   0.0295107032
2   8   3   12   -0.0000000002
2   8   4   8   0.2004810634
2   8   4   9   0.0000008704
2   8   4   10   0.0294977786
2   8   4   11   0.0000000013
2   8   4   12   -0.0006730054
2   8   5   8   -0.0000000039
2   8   5   9   -0.0010020746
2   8   5   10   -0.0000000002
2   8   5   11   -0.0006698507
2   8   5   12   -0.0000000015
2   8   6   13   0.0000000010
2   8   6   14   -0.0000000000
2   8   7   13   -0.0000000000
2   8   7   14   0.0000000011
2   9   1   8   1.9753466876
2   9   1   9   0.0000170613
2   9   1   10   0.1991579415
2   9   1   11   0.0000008703
2   9   1   12   -0.0010038060
2   9   2   8   0.0000170613
2   9   2   9   2.1309584058
2   9   2   10   0.0000025757
2   9   2   11   0.2004786948
2   9   2   12   -0.0000000212
2   9   3   8   0.1991579415
2   9   3   9   0.0000025757
2   9   3   10   0.0292715832
2   9   3   11   0.0000002549
2   9   3   12   -0.0002162618
2   9   4   8   0.0000008703
2   9   4   9   0.2004786948
2   9   4   10   0.0000002549
2   9   4   11   0.0297307593
2   9   4   12   -0.0000000059
2   9   5   8   -0.0010038060
2   9   5   9   -0.0000000212
2   9   5   10   -0.0002162618
2   9   5   11   -0.0000000059
2   9   5   12   0.0120944710
2   9   6   13   0.0122886048
2   9   7   14   0.0122886047
2   10   1   8   -0.0000008642
2   10   1   9   0.1991451404
2   10   1   10   -0.0000000175
2   10   1   11   0.4097182167
2   10   1   12   -0.0000000007
2   10   2   8   0.1990777672
2   10   2   9   0.0000025757
2   10   2   10   0.5632386056
2   10   2   11   0.0000035391
2   10   2   12   0.0061808231
2   10   3   8   -0.0000000013
2   10   3   9   0.0313867868
2   10   3   10   0.0000000356
2   10   3   11   0.0085995294
2   10   3   12   -0.0000000007
2   10   4   8   0.0313506308
2   10   4   9   0.0000002708
2   10   4   10   0.0087410050
2   10   4   11   0.0000000388
2   10   4   12   0.0003445063
2   10   5   8   -0.0000000002
2   10   5   9   -0.0002364632
2   10   5   10   -0.0000000043
2   10   5   11   0.0012264568
2   10   5   12   -0.0000000587
2   10   6   13   -0.0000000616
2   10   6   14   0.0000000000
2   10   7   13   0.0000000000
2   10   7   14   -0.0000000616
2   11   1   8   0.2004640757
2   11   1   9   0.0000008704
2   11   1   10   0.4096948252
2   11   1   11   0.0000000184
2   11   1   12   -0.0260203784
2   11   2   8   0.0000008702
2   11   2   9   0.2004786948
2   11   2   10   0.0000035391
2   11   2   11   0.5664669705
2   11   2   12   -0.0000002255
2   11   3   8   0.0313402839
2   11   3   9   0.0000002708
2   11   3   10   0.0089656455
2   11   3   11   0.0000000382
2   11   3   12   -0.0003933294
2   11   4   8   0.0000000015
2   11   4   9   0.0318685694
2   11   4   10   0.0000000372
2   11   4   11   0.0085118066
2   11   4   12   0.0000000004
2   11   5   8   -0.0006118005
2   11   5   9   -0.0000000054
2   11   5   10   0.0011008869
2   11   5   11   -0.0000000001
2   11   5   12   -0.0137264918
2   11   6   13   -0.0139877750
2   11   7   14   -0.0139877749
2   12   1   8   0.0000000033
2   12   1   9   -0.0010020746
2   12   1   10   -0.0000000007
2   12   1   11   -0.0260220825
2   12   1   12   -0.0000000405
2   12   1   14   -0.0000000000
2   12   2   8   -0.0027046917
2   12   2   9   -0.0000000212
2   12   2   10   0.0061808231
2   12   2   11   -0.0000002255
2   12   2   12   0.5490086438
2   12   3   8   -0.0000000002
2   12   3   9   -0.0002364632
2   12   3   10   -0.0000000006
2   12   3   11   -0.0003566637
2   12   3   12   0.0000000259
2   12   4   8   -0.0006167864
2   12   4   9   -0.0000000054
2   12   4   10   0.0002560229
2   12   4   11   0.0000000001
2   12   4   12   0.0061930542
2   12   5   8   -0.0000000012
2   12   5   9   0.0146743595
2   12   5   10   -0.0000000629
2   12   5   11   -0.0146931448
2   12   5   12   -0.0000000030
2   12   6   13   0.0000000005
2   12   7   14   0.0000000005
2   13   1   13   0.0000000234
2   13   1   14   -0.0000000009
2   13   2   13   0.5525000734
2   13   2   14   -0.0000000000
2   13   3   13   0.0000000276
2   13   3   14   -0.0000000000
2   13   4   13   0.0063914320
2   13   4   14   -0.0000000000
2   13   5   13   -0.0000000037
2   13   5   14   -0.0000000000
2   13   6   8   0.0000000009
2   13   6   9   0.0150716205
2   13   6   10   -0.0000000660
2   13   6   11   -0.0151045254
2   13   6   12   0.0000000009
2   13   7   8   -0.0000000000
2   13   7   10   0.0000000000
2   14   1   12   -0.0000000000
2   14   1   13   -0.0000000009
2   14   1   14   0.0000000241
2   14   2   13   -0.0000000000
2   14   2   14   0.5525000729
2   14   3   13   -0.0000000000
2   14   3   14   0.0000000276
2   14   4   13   -0.0000000000
2   14   4   14   0.0063914320
2   14   5   13   -0.0000000000
2   14   5   14   -0.0000000037
2   14   6   8   -0.0000000000
2   14   6   10   0.0000000000
2   14   7   8   0.0000000010
2   14   7   9   0.0150716204
2   14   7   10   -0.0000000661
2   14   7   11   -0.0151045254
2   14   7   12   0.0000000009
3   8   1   8   0.1990696800
3   8   1   9   -0.0000008643
3   8   1   10   0.0313857352
3   8   1   11   -0.0000002707
3   8   1   12   -0.0002349678
3   8   2   8   -0.0000008646
3   8   2   9   0.1991579415
3   8   2   10   -0.0000000013
3   8   2   11   0.0313402839
3   8   2   12   -0.0000000002
3   8   3   8   0.5632508117
3   8   3   9   -0.0000000175
3   8   3   10   0.0083660711
3   8   3   11   -0.0000000379
3   8   3   12   -0.0010032553
3   8   4   8   -0.0000035383
3   8   4   9   0.4096948252
3   8   4   10   -0.0000000373
3   8   4   11   0.0089381535
3   8   4   12   -0.0000000054
3   8   5   8   0.0061849295
3   8   5   9   -0.0000000007
3   8   5   10   -0.0001643864
3   8   5   11   -0.0000000016
3   8   5   12   -0.0140726815
3   8   6   13   -0.0141026129
3   8   7   14   -0.0141026128
3   9   1   8   -0.0000008642
3   9   1   9   0.1990777672
3   9   1   10   -0.0000000013
3   9   1   11   0.0313506308
3   9   1   12   -0.0000000002
3   9   2   8   0.1991451404
3   9   2   9   0.0000025757
3   9   2   10   0.0313867868
3   9   2   11   0.0000002708
3   9   2   12   -0.0002364632
3   9   3   8   -0.0000000175
3   9   3   9   0.5632386056
3   9   3   10   0.0000000356
3   9   3   11   0.0087410050
3   9   3   12   -0.0000000043
3   9   4   8   0.4097182167
3   9   4   9   0.0000035391
3   9   4   10   0.0085995294
3   9   4   11   0.0000000388
3   9   4   12   0.0012264568
3   9   5   8   -0.0000000007
3   9   5   9   0.0061808231
3   9   5   10   -0.0000000007
3   9   5   11   0.0003445063
3   9   5   12   -0.0000000587
3   9   6   13   -0.0000000616
3   9   6   14   0.0000000000
3   9   7   13   0.0000000000
3   9   7   14   -0.0000000616
3   10   1   8   0.0292942972
3   10   1   9   -0.0000000011
3   10   1   10   0.0083660711
3   10   1   11   -0.0000000389
3   10   1   12   -0.0001418860
3   10   2   8   -0.0000000011
3   10   2   9   0.0292715832
3   10   2   10   0.0000000356
3   10   2   11   0.0089656455
3   10   2   12   -0.0000000006
3   10   3   8   0.0083660711
3   10   3   9   0.0000000356
3   10   3   10   0.4151350747
3   10   3   11   -0.0000000110
3   10   3   12   0.0084384498
3   10   4   8   -0.0000000389
3   10   4   9   0.0089656455
3   10   4   10   -0.0000000110
3   10   4   11   0.2578016865
3   10   4   12   0.0000000001
3   10   5   8   -0.0001418860
3   10   5   9   -0.0000000006
3   10   5   10   0.0084384498
3   10   5   11   0.0000000001
3   10   5   12   0.0606051238
3   10   6   13   0.0588130007
3   10   6   14   -0.0000000000
3   10   7   13   -0.0000000000
3   10   7   14   0.0588130006
3   11   1   8   -0.0000002548
3   11   1   9   0.0294977786
3   11   1   10   -0.0000000373
3   11   1   11   0.0087838931
3   11   1   12   0.0000000015
3   11   2   8   0.0295107032
3   11   2   9   0.0000002549
3   11   2   10   0.0085995294
3   11   2   11   0.0000000382
3   11   2   12   -0.0003566637
3   11   3   8   -0.0000000379
3   11   3   9   0.0087410050
3   11   3   10   -0.0000000110
3   11   3   11   0.4135670327
3   11   3   12   0.0000000002
3   11   4   8   0.0085630011
3   11   4   9   0.0000000372
3   11   4   10   0.2607298690
3   11   4   11   0.0000000117
3   11   4   12   -0.0215400108
3   11   5   8   -0.0000000012
3   11   5   9   0.0002560229
3   11   5   10   0.0000000001
3   11   5   11   0.0038157614
3   11   5   12   -0.0000000075
3   11   5   14   -0.0000000000
3   11   6   13   0.0000000042
3   11   6   14   -0.0000000002
3   11   7   12   -0.0000000000
3   11   7   13   -0.0000000002
3   11   7   14   0.0000000043
3   12   1   8   -0.0002164276
3   12   1   9   -0.0000000002
3   12   1   10   -0.0001643864
3   12   1   11   0.0000000017
3   12   1   12   0.0061443534
3   12   2   8   -0.0000000002
3   12   2   9   -0.0002162618
3   12   2   10   -0.0000000007
3   12   2   11   -0.0003933294
3   12   2   12   0.0000000259
3   12   3   8   -0.0010032553
3   12   3   9   -0.0000000043
3   12   3   10   0.0084384498
3   12   3   11   0.0000000002
3   12   3   12   0.4013940898
3   12   4   8   -0.0000000049
3   12   4   9   0.0011008869
3   12   4   10   0.0000000001
3   12   4   11   -0.0209957150
3   12   4   12   -0.0000000263
3   12   4   14   -0.0000000000
3   12   5   8   -0.0149752247
3   12   5   9   -0.0000000629
3   12   5   10   0.0607483755
3   12   5   11   -0.0000000067
3   12   5   12   0.0097855912
3   12   6   13   -0.0000133517
3   12   6   14   -0.0000000000
3   12   7   11   -0.0000000000
3   12   7   13   -0.0000000000
3   12   7   14   -0.0000133517
3   13   1   13   0.0063471905
3   13   1   14   -0.0000000000
3   13   2   13   0.0000000276
3   13   2   14   -0.0000000000
3   13   3   13   0.4011462159
3   13   3   14   -0.0000000000
3   13   4   13   0.0000000154
3   13   4   14   -0.0000000006
3   13   5   13   0.0084627469
3   13   5   14   0.0000000000
3   13   6   8   -0.0151532917
3   13   6   9   -0.0000000660
3   13   6   10   0.0596304309
3   13   6   11   0.0000000042
3   13   6   12   0.0005547817
3   13   7   9   0.0000000000
3   13   7   10   0.0000000000
3   13   7   11   -0.0000000002
3   13   7   12   -0.0000000000
3   14   1   13   -0.0000000000
3   14   1   14   0.0063471905
3   14   2   13   -0.0000000000
3   14   2   14   0.0000000276
3   14   3   13   -0.0000000000
3   14   3   14   0.4011462153
3   14   4   12   -0.0000000000
3   14   4   13   -0.0000000006
3   14   4   14   0.0000000158
3   14   5   11   -0.0000000000
3   14   5   13   0.0000000000
3   14   5   14   0.0084627470
3   14   6   9   0.0000000000
3   14   6   10   0.0000000000
3   14   6   11   -0.0000000002
3   14   6   12   -0.0000000000
3   14   7   8   -0.0151532917
3   14   7   9   -0.0000000661
3   14   7   10   0.0596304309
3   14   7   11   0.0000000043
3   14   7   12   0.0005547816
4   8   1   8   -0.0000025925
4   8   1   9   0.2004516893
4   8   1   10   -0.0000002707
4   8   1   11   0.0318665323
4   8   1   12   0.0000000052
4   8   2   8   0.2004810634
4   8   2   9   0.0000008703
4   8   2   10   0.0313506308
4   8   2   11   0.0000000015
4   8   2   12   -0.0006167864
4   8   3   8   -0.0000035383
4   8   3   9   0.4097182167
4   8   3   10   -0.0000000389
4   8   3   11   0.0085630011
4   8   3   12   -0.0000000049
4   8   4   8   0.5664522515
4   8   4   9   0.0000000184
4   8   4   10   0.0087838931
4   8   4   11   -0.0000000362
4   8   4   12   -0.0000261933
4   8   5   8   0.0000002240
4   8   5   9   -0.0260220825
4   8   5   10   0.0000000017
4   8   5   11   0.0001009722
4   8   5   12   0.0000000608
4   8   6   13   0.0000000591
4   8   6   14   0.0000000000
4   8   7   13   0.0000000000
4   8   7   14   0.0000000591
4   9   1   8   0.2004640757
4   9   1   9   0.0000008702
4   9   1   10   0.0313402839
4   9   1   11   0.0000000015
4   9   1   12   -0.0006118005
4   9   2   8   0.0000008704
4   9   2   9   0.2004786948
4   9   2   10   0.0000002708
4   9   2   11   0.0318685694
4   9   2   12   -0.0000000054
4   9   3   8   0.4096948252
4   9   3   9   0.0000035391
4   9   3   10   0.0089656455
4   9   3   11   0.0000000372
4   9   3   12   0.0011008869
4   9   4   8   0.0000000184
4   9   4   9   0.5664669705
4   9   4   10   0.0000000382
4   9   4   11   0.0085118066
4   9   4   12   -0.0000000001
4   9   5   8   -0.0260203784
4   9   5   9   -0.0000002255
4   9   5   10   -0.0003933294
4   9   5   11   0.0000000004
4   9   5   12   -0.0137264918
4   9   6   13   -0.0139877750
4   9   7   14   -0.0139877749
4   10   1   8   -0.0000002548
4   10   1   9   0.0295107032
4   10   1   10   -0.0000000379
4   10   1   11   0.0085630011
4   10   1   12   -0.0000000012
4   10   2   8   0.0294977786
4   10   2   9   0.0000002549
4   10   2   10   0.0087410050
4   10   2   11   0.0000000372
4   10   2   12   0.0002560229
4   10   3   8   -0.0000000373
4   10   3   9   0.0085995294
4   10   3   10   -0.0000000110
4   10   3   11   0.2607298690
4   10   3   12   0.0000000001
4   10   4   8   0.0087838931
4   10   4   9   0.0000000382
4   10   4   10   0.4135670327
4   10   4   11   0.0000000117
4   10   4   12   0.0038157614
4   10   5   8   0.0000000015
4   10   5   9   -0.0003566637
4   10   5   10   0.0000000002
4   10   5   11   -0.0215400108
4   10   5   12   -0.0000000075
4   10   5   14   -0.0000000000
4   10   6   13   0.0000000042
4   10   6   14   -0.0000000002
4   10   7   12   -0.0000000000
4   10   7   13   -0.0000000002
4   10   7   14   0.0000000043
4   11   1   8   0.0297060940
4   11   1   9   0.0000000013
4   11   1   10   0.0089381535
4   11   1   11   -0.0000000362
4   11   1   12   0.0000367822
4   11   2   8   0.0000000013
4   11   2   9   0.0297307593
4   11   2   10   0.0000000388
4   11   2   11   0.0085118066
4   11   2   12   0.0000000001
4   11   3   8   0.0089381535
4   11   3   9   0.0000000388
4   11   3   10   0.2578016865
4   11   3   11   0.0000000117
4   11   3   12   -0.0209957150
4   11   4   8   -0.0000000362
4   11   4   9   0.0085118066
4   11   4   10   0.0000000117
4   11   4   11   0.4175219900
4   11   4   12   -0.0000000012
4   11   5   8   0.0000367822
4   11   5   9   0.0000000001
4   11   5   10   -0.0209957150
4   11   5   11   -0.0000000012
4   11   5   12   0.0570878527
4   11   6   13   0.0572789504
4   11   6   14   -0.0000000000
4   11   7   13   -0.0000000000
4   11   7   14   0.0572789503
4   12   1   8   0.0000000057
4   12   1   9   -0.0006698507
4   12   1   10   -0.0000000016
4   12   1   11   0.0001009722
4   12   1   12   -0.0000000272
4   12   2   8   -0.0006730054
4   12   2   9   -0.0000000059
4   12   2   10   0.0003445063
4   12   2   11   0.0000000004
4   12   2   12   0.0061930542
4   12   3   8   -0.0000000054
4   12   3   9   0.0012264568
4   12   3   10   0.0000000001
4   12   3   11   -0.0215400108
4   12   3   12   -0.0000000263
4   12   3   14   -0.0000000000
4   12   4   8   -0.0000261933
4   12   4   9   -0.0000000001
4   12   4   10   0.0038157614
4   12   4   11   -0.0000000012
4   12   4   12   0.4012225084
4   12   5   8   0.0000000646
4   12   5   9   -0.0146931448
4   12   5   10   -0.0000000067
4   12   5   11   0.0565199148
4   12   5   12   0.0000000019
4   12   6   13   -0.0000000005
4   12   6   14   0.0000000000
4   12   7   10   -0.0000000000
4   12   7   13   0.0000000000
4   12   7   14   -0.0000000005
4   13   1   13   -0.0000000271
4   13   1   14   -0.0000000000
4   13   2   13   0.0063914320
4   13   2   14   -0.0000000000
4   13   3   13   0.0000000154
4   13   3   14   -0.0000000006
4   13   4   13   0.4011150321
4   13   4   14   -0.0000000000
4   13   5   13   -0.0000000017
4   13   5   14   0.0000000001
4   13   6   8   0.0000000640
4   13   6   9   -0.0151045254
4   13   6   10   0.0000000042
4   13   6   11   0.0568459365
4   13   6   12   -0.0000000003
4   13   7   8   0.0000000000
4   13   7   10   -0.0000000002
4   13   7   11   0.0000000000
4   13   7   12   0.0000000000
4   14   1   13   -0.0000000000
4   14   1   14   -0.0000000271
4   14   2   13   -0.0000000000
4   14   2   14   0.0063914320
4   14   3   12   -0.0000000000
4   14   3   13   -0.0000000006
4   14   3   14   0.0000000158
4   14   4   13   -0.0000000000
4   14   4   14   0.4011150315
4   14   5   10   -0.0000000000
4   14   5   13   0.0000000001
4   14   5   14   -0.0000000018
4   14   6   8   0.0000000000
4   14   6   10   -0.0000000002
4   14   6   11   0.0000000000
4   14   6   12   0.0000000000
4   14   7   8   0.0000000639
4   14   7   9   -0.0151045254
4   14   7   10   0.0000000043
4   14   7   11   0.0568459366
4   14   7   12   -0.0000000003
5   8   1   8   -0.0027092578
5   8   1   9   0.0000000033
5   8   1   10   -0.0002349678
5   8   1   11   0.0000000052
5   8   1   12   0.0147098752
5   8   2   8   -0.0000000039
5   8   2   9   -0.0010038060
5   8   2   10   -0.0000000002
5   8   2   11   -0.0006118005
5   8   2   12   -0.0000000012
5   8   3   8   0.0061849295
5   8   3   9   -0.0000000007
5   8   3   10   -0.0001418860
5   8   3   11   -0.0000000012
5   8   3   12   -0.0149752247
5   8   4   8   0.0000002240
5   8   4   9   -0.0260203784
5   8   4   10   0.0000000015
5   8   4   11   0.0000367822
5   8   4   12   0.0000000646
5   8   5   8   0.5490087017
5   8   5   9   -0.0000000405
5   8   5   10   0.0061443534
5   8   5   11   -0.0000000272
5   8   5   12   -0.0006838842
5   8   6   13   0.0001088965
5   8   7   9   -0.0000000000
5   8   7   14   0.0001088965
5   9   1   8   0.0000000033
5   9   1   9   -0.0027046917
5   9   1   10   -0.0000000002
5   9   1   11   -0.0006167864
5   9   1   12   -0.0000000012
5   9   2   8   -0.0010020746
5   9   2   9   -0.0000000212
5   9   2   10   -0.0002364632
5   9   2   11   -0.0000000054
5   9   2   12   0.0146743595
5   9   3   8   -0.0000000007
5   9   3   9   0.0061808231
5   9   3   10   -0.0000000006
5   9   3   11   0.0002560229
5   9   3   12   -0.0000000629
5   9   4   8   -0.0260220825
5   9   4   9   -0.0000002255
5   9   4   10   -0.0003566637
5   9   4   11   0.0000000001
5   9   4   12   -0.0146931448
5   9   5   8   -0.0000000405
5   9   5   9   0.5490086438
5   9   5   10   0.0000000259
5   9   5   11   0.0061930542
5   9   5   12   -0.0000000030
5   9   6   13   0.0000000005
5   9   7   8   -0.0000000000
5   9   7   14   0.0000000005
5   10   1   8   -0.0002164276
5   10   1   9   -0.0000000002
5   10   1   10   -0.0010032553
5   10   1   11   -0.0000000049
5   10   1   12   -0.0149752247
5   10   2   8   -0.0000000002
5   10   2   9   -0.0002162618
5   10   2   10   -0.0000000043
5   10   2   11   0.0011008869
5   10   2   12   -0.0000000629
5   10   3   8   -0.0001643864
5   10   3   9   -0.0000000007
5   10   3   10   0.0084384498
5   10   3   11   0.0000000001
5   10   3   12   0.0607483755
5   10   4   8   0.0000000017
5   10   4   9   -0.0003933294
5   10   4   10   0.0000000002
5   10   4   11   -0.0209957150
5   10   4   12   -0.0000000067
5   10   4   14   -0.0000000000
5   10   5   8   0.0061443534
5   10   5   9   0.0000000259
5   10   5   10   0.4013940898
5   10   5   11   -0.0000000263
5   10   5   12   0.0097855912
5   10   6   13   -0.0000133517
5   10   6   14   -0.0000000000
5   10   7   11   -0.0000000000
5   10   7   13   -0.0000000000
5   10   7   14   -0.0000133517
5   11   1   8   0.0000000057
5   11   1   9   -0.0006730054
5   11   1   10   -0.0000000054
5   11   1   11   -0.0000261933
5   11   1   12   0.0000000646
5   11   2   8   -0.0006698507
5   11   2   9   -0.0000000059
5   11   2   10   0.0012264568
5   11   2   11   -0.0000000001
5   11   2   12   -0.0146931448
5   11   3   8   -0.0000000016
5   11   3   9   0.0003445063
5   11   3   10   0.0000000001
5   11   3   11   0.0038157614
5   11   3   12   -0.0000000067
5   11   3   14   -0.0000000000
5   11   4   8   0.0001009722
5   11   4   9   0.0000000004
5   11   4   10   -0.0215400108
5   11   4   11   -0.0000000012
5   11   4   12   0.0565199148
5   11   5   8   -0.0000000272
5   11   5   9   0.0061930542
5   11   5   10   -0.0000000263
5   11   5   11   0.4012225084
5   11   5   12   0.0000000019
5   11   6   13   -0.0000000005
5   11   6   14   0.0000000000
5   11   7   10   -0.0000000000
5   11   7   13   0.0000000000
5   11   7   14   -0.0000000005
5   12   1   8   0.0121333271
5   12   1   9   -0.0000000015
5   12   1   10   -0.0140726815
5   12   1   11   0.0000000608
5   12   1   12   -0.0006838842
5   12   2   8   -0.0000000015
5   12   2   9   0.0120944710
5   12   2   10   -0.0000000587
5   12   2   11   -0.0137264918
5   12   2   12   -0.0000000030
5   12   3   8   -0.0140726815
5   12   3   9   -0.0000000587
5   12   3   10   0.0606051238
5   12   3   11   -0.0000000075
5   12   3   12   0.0097855912
5   12   4   8   0.0000000608
5   12   4   9   -0.0137264918
5   12   4   10   -0.0000000075
5   12   4   11   0.0570878527
5   12   4   12   0.0000000019
5   12   5   8   -0.0006838842
5   12   5   9   -0.0000000030
5   12   5   10   0.0097855912
5   12   5   11   0.0000000019
5   12   5   12   0.4024991718
5   12   6   13   0.0135802163
5   12   6   14   -0.0000000000
5   12   7   13   -0.0000000000
5   12   7   14   0.0135802162
5   13   1   13   -0.0008698213
5   13   1   14   0.0000000000
5   13   2   13   -0.0000000037
5   13   2   14   -0.0000000000
5   13   3   13   0.0084627469
5   13   3   14   0.0000000000
5   13   4   13   -0.0000000017
5   13   4   14   0.0000000001
5   13   5   13   0.3820421477
5   13   5   14   -0.0000000000
5   13   6   8   0.0002020501
5   13   6   9   0.0000000009
5   13   6   10   0.0005547817
5   13   6   11   -0.0000000003
5   13   6   12   0.0039870847
5   13   7   10   -0.0000000000
5   13   7   11   0.0000000000
5   13   7   12   -0.0000000000
5   14   1   13   0.0000000000
5   14   1   14   -0.0008698212
5   14   2   13   -0.0000000000
5   14   2   14   -0.0000000037
5   14   3   11   -0.0000000000
5   14   3   13   0.0000000000
5   14   3   14   0.0084627470
5   14   4   10   -0.0000000000
5   14   4   13   0.0000000001
5   14   4   14   -0.0000000018
5   14   5   13   -0.0000000000
5   14   5   14   0.3820421474
5   14   6   10   -0.0000000000
5   14   6   11   0.0000000000
5   14   6   12   -0.0000000000
5   14   7   8   0.0002020501
5   14   7   9   0.0000000009
5   14   7   10   0.0005547816
5   14   7   11   -0.0000000003
5   14   7   12   0.0039870845
6   8   1   13   0.0150898805
6   8   2   13   0.0000000009
6   8   2   14   -0.0000000000
6   8   3   13   -0.0151532917
6   8   4   13   0.0000000640
6   8   4   14   0.0000000000
6   8   5   13   0.0002020501
6   8   6   8   0.5525000021
6   8   6   9   0.0000000234
6   8   6   10   0.0063471905
6   8   6   11   -0.0000000271
6   8   6   12   -0.0008698213
6   8   7   8   -0.0000000000
6   8   7   9   -0.0000000009
6   8   7   10   -0.0000000000
6   8   7   11   -0.0000000000
6   8   7   12   0.0000000000
6   9   1   13   0.0000000009
6   9   1   14   -0.0000000000
6   9   2   13   0.0150716205
6   9   3   13   -0.0000000660
6   9   3   14   0.0000000000
6   9   4   13   -0.0151045254
6   9   5   13   0.0000000009
6   9   6   8   0.0000000234
6   9   6   9   0.5525000734
6   9   6   10   0.0000000276
6   9   6   11   0.0063914320
6   9   6   12   -0.0000000037
6   9   7   8   -0.0000000009
6   9   7   9   -0.0000000000
6   9   7   10   -0.0000000000
6   9   7   11   -0.0000000000
6   9   7   12   -0.0000000000
6   10   1   13   -0.0151532917
6   10   2   13   -0.0000000660
6   10   2   14   0.0000000000
6   10   3   13   0.0596304309
6   10   3   14   0.0000000000
6   10   4   13   0.0000000042
6   10   4   14   -0.0000000002
6   10   5   13   0.0005547817
6   10   5   14   -0.0000000000
6   10   6   8   0.0063471905
6   10   6   9   0.0000000276
6   10   6   10   0.4011462159
6   10   6   11   0.0000000154
6   10   6   12   0.0084627469
6   10   7   8   -0.0000000000
6   10   7   9   -0.0000000000
6   10   7   10   -0.0000000000
6   10   7   11   -0.0000000006
6   10   7   12   0.0000000000
6   11   1   13   0.0000000640
6   11   1   14   0.0000000000
6   11   2   13   -0.0151045254
6   11   3   13   0.0000000042
6   11   3   14   -0.0000000002
6   11   4   13   0.0568459365
6   11   4   14   0.0000000000
6   11   5   13   -0.0000000003
6   11   5   14   0.0000000000
6   11   6   8   -0.0000000271
6   11   6   9   0.0063914320
6   11   6   10   0.0000000154
6   11   6   11   0.4011150321
6   11   6   12   -0.0000000017
6   11   7   8   -0.0000000000
6   11   7   9   -0.0000000000
6   11   7   10   -0.0000000006
6   11   7   11   -0.0000000000
6   11   7   12   0.0000000001
6   12   1   13   0.0002020501
6   12   2   13   0.0000000009
6   12   3   13   0.0005547817
6   12   3   14   -0.0000000000
6   12   4   13   -0.0000000003
6   12   4   14   0.0000000000
6   12   5   13   0.0039870847
6   12   5   14   -0.0000000000
6   12   6   8   -0.0008698213
6   12   6   9   -0.0000000037
6   12   6   10   0.0084627469
6   12   6   11   -0.0000000017
6   12   6   12   0.3820421477
6   12   7   8   0.0000000000
6   12   7   9   -0.0000000000
6   12   7   10   0.0000000000
6   12   7   11   0.0000000001
6   12   7   12   -0.0000000000
6   13   1   8   0.0123094046
6   13   1   9   0.0000000010
6   13   1   10   -0.0141026129
6   13   1   11   0.0000000591
6   13   1   12   0.0001088965
6   13   2   8   0.0000000010
6   13   2   9   0.0122886048
6   13   2   10   -0.0000000616
6   13   2   11   -0.0139877750
6   13   2   12   0.0000000005
6   13   3   8   -0.0141026129
6   13   3   9   -0.0000000616
6   13   3   10   0.0588130007
6   13   3   11   0.0000000042
6   13   3   12   -0.0000133517
6   13   4   8   0.0000000591
6   13   4   9   -0.0139877750
6   13   4   10   0.0000000042
6   13   4   11   0.0572789504
6   13   4   12   -0.0000000005
6   13   5   8   0.0001088965
6   13   5   9   0.0000000005
6   13   5   10   -0.0000133517
6   13   5   11   -0.0000000005
6   13   5   12   0.0135802163
6   13   6   13   0.3968497683
6   13   6   14   -0.0000000001
6   13   7   13   -0.0000000001
6   13   7   14   0.0133702367
6   14   1   9   -0.0000000000
6   14   1   11   0.0000000000
6   14   2   8   -0.0000000000
6   14   2   10   0.0000000000
6   14   3   9   0.0000000000
6   14   3   10   -0.0000000000
6   14   3   11   -0.0000000002
6   14   3   12   -0.0000000000
6   14   4   8   0.0000000000
6   14   4   10   -0.0000000002
6   14   4   11   -0.0000000000
6   14   4   12   0.0000000000
6   14   5   10   -0.0000000000
6   14   5   11   0.0000000000
6   14   5   12   -0.0000000000
6   14   6   13   -0.0000000001
6   14   6   14   0.3811151583
6   14   7   13   0.0023643692
6   14   7   14   0.0000000001
7   8   1   14   0.0150898805
7   8   2   13   -0.0000000000
7   8   2   14   0.0000000010
7   8   3   14   -0.0151532917
7   8   4   13   0.0000000000
7   8   4   14   0.0000000639
7   8   5   9   -0.0000000000
7   8   5   14   0.0002020501
7   8   6   8   -0.0000000000
7   8   6   9   -0.0000000009
7   8   6   10   -0.0000000000
7   8   6   11   -0.0000000000
7   8   6   12   0.0000000000
7   8   7   8   0.5525000016
7   8   7   9   0.0000000241
7   8   7   10   0.0063471905
7   8   7   11   -0.0000000271
7   8   7   12   -0.0008698212
7   9   1   13   -0.0000000000
7   9   1   14   0.0000000010
7   9   2   14   0.0150716204
7   9   3   13   0.0000000000
7   9   3   14   -0.0000000661
7   9   4   14   -0.0151045254
7   9   5   8   -0.0000000000
7   9   5   14   0.0000000009
7   9   6   8   -0.0000000009
7   9   6   9   -0.0000000000
7   9   6   10   -0.0000000000
7   9   6   11   -0.0000000000
7   9   6   12   -0.0000000000
7   9   7   8   0.0000000241
7   9   7   9   0.5525000729
7   9   7   10   0.0000000276
7   9   7   11   0.0063914320
7   9   7   12   -0.0000000037
7   10   1   14   -0.0151532917
7   10   2   13   0.0000000000
7   10   2   14   -0.0000000661
7   10   3   13   0.0000000000
7   10   3   14   0.0596304309
7   10   4   12   -0.0000000000
7   10   4   13   -0.0000000002
7   10   4   14   0.0000000043
7   10   5   11   -0.0000000000
7   10   5   13   -0.0000000000
7   10   5   14   0.0005547816
7   10   6   8   -0.0000000000
7   10   6   9   -0.0000000000
7   10   6   10   -0.0000000000
7   10   6   11   -0.0000000006
7   10   6   12   0.0000000000
7   10   7   8   0.0063471905
7   10   7   9   0.0000000276
7   10   7   10   0.4011462153
7   10   7   11   0.0000000158
7   10   7   12   0.0084627470
7   11   1   13   0.0000000000
7   11   1   14   0.0000000639
7   11   2   14   -0.0151045254
7   11   3   12   -0.0000000000
7   11   3   13   -0.0000000002
7   11   3   14   0.0000000043
7   11   4   13   0.0000000000
7   11   4   14   0.0568459366
7   11   5   10   -0.0000000000
7   11   5   13   0.0000000000
7   11   5   14   -0.0000000003
7   11   6   8   -0.0000000000
7   11   6   9   -0.0000000000
7   11   6   10   -0.0000000006
7   11   6   11   -0.0000000000
7   11   6   12   0.0000000001
7   11   7   8   -0.0000000271
7   11   7   9   0.0063914320
7   11   7   10   0.0000000158
7   11   7   11   0.4011150315
7   11   7   12   -0.0000000018
7   12   1   14   0.0002020501
7   12   2   14   0.0000000009
7   12   3   11   -0.0000000000
7   12   3   13   -0.0000000000
7   12   3   14   0.0005547816
7   12   4   10   -0.0000000000
7   12   4   13   0.0000000000
7   12   4   14   -0.0000000003
7   12   5   13   -0.0000000000
7   12   5   14   0.0039870845
7   12   6   8   0.0000000000
7   12   6   9   -0.0000000000
7   12   6   10   0.0000000000
7   12   6   11   0.0000000001
7   12   6   12   -0.0000000000
7   12   7   8   -0.0008698212
7   12   7   9   -0.0000000037
7   12   7   10   0.0084627470
7   12   7   11   -0.0000000018
7   12   7   12   0.3820421474
7   13   1   9   -0.0000000000
7   13   1   11   0.0000000000
7   13   2   8   -0.0000000000
7   13   2   10   0.0000000000
7   13   3   9   0.0000000000
7   13   3   10   -0.0000000000
7   13   3   11   -0.0000000002
7   13   3   12   -0.0000000000
7   13   4   8   0.0000000000
7   13   4   10   -0.0000000002
7   13   4   11   -0.0000000000
7   13   4   12   0.0000000000
7   13   5   10   -0.0000000000
7   13   5   11   0.0000000000
7   13   5   12   -0.0000000000
7   13   6   13   -0.0000000001
7   13   6   14   0.0023643692
7   13   7   13   0.3811151583
7   13   7   14   0.0000000001
7   14   1   8   0.0123094046
7   14   1   9   0.0000000011
7   14   1   10   -0.0141026128
7   14   1   11   0.0000000591
7   14   1   12   0.0001088965
7   14   2   8   0.0000000011
7   14   2   9   0.0122886047
7   14   2   10   -0.0000000616
7   14   2   11   -0.0139877749
7   14   2   12   0.0000000005
7   14   3   8   -0.0141026128
7   14   3   9   -0.0000000616
7   14   3   10   0.0588130006
7   14   3   11   0.0000000043
7   14   3   12   -0.0000133517
7   14   4   8   0.0000000591
7   14   4   9   -0.0139877749
7   14   4   10   0.0000000043
7   14   4   11   0.0572789503
7   14   4   12   -0.0000000005
7   14   5   8   0.0001088965
7   14   5   9   0.0000000005
7   14   5   10   -0.0000133517
7   14   5   11   -0.0000000005
7   14   5   12   0.0135802162
7   14   6   13   0.0133702367
7   14   6   14   0.0000000001
7   14   7   13   0.0000000001
7   14   7   14   0.3968497679

End IJKL Block
Begin ABCD Block
1   4   1   4   0.3935221065
1   4   1   5   -0.0000000004
1   4   2   4   -0.0000000004
1   4   2   5   0.0153667694
1   4   3   6   0.0158690150
1   5   1   4   -0.0000000004
1   5   1   5   0.3651681846
1   5   2   4   0.0129871498
1   5   2   5   0.0000000004
1   5   3   6   -0.0000000000
1   6   1   6   0.3717437746
1   6   2   6   -0.0000000001
1   6   3   4   0.0136264853
1   6   3   5   0.0000000000
2   4   1   4   -0.0000000004
2   4   1   5   0.0129871498
2   4   2   4   0.3651681846
2   4   2   5   0.0000000004
2   4   3   6   -0.0000000000
2   5   1   4   0.0153667694
2   5   1   5   0.0000000004
2   5   2   4   0.0000000004
2   5   2   5   0.3935221065
2   5   3   6   0.0158690150
2   6   1   6   -0.0000000001
2   6   2   6   0.3717437742
2   6   3   4   0.0000000000
2   6   3   5   0.0136264853
3   4   1   6   0.0136264853
3   4   2   6   0.0000000000
3   4   3   4   0.3717437746
3   4   3   5   -0.0000000001
3   5   1   6   0.0000000000
3   5   2   6   0.0136264853
3   5   3   4   -0.0000000001
3   5   3   5   0.3717437742
3   6   1   4   0.0158690150
3   6   1   5   -0.0000000000
3   6   2   4   -0.0000000000
3   6   2   5   0.0158690150
3   6   3   6   0.4085639755

End ABCD Block
Begin AIJB Block
1   8   1   4   0.0123357585
1   8   2   4   -0.0000000008
1   8   2   5   0.0000000000
1   8   3   4   -0.0125425239
1   8   4   4   0.0000000556
1   8   4   5   -0.0000000000
1   8   5   4   0.0001681363
1   8   6   6   -0.0001681768
1   8   7   6   -0.0009115810
1   9   1   4   -0.0000000008
1   9   1   5   0.0000000000
1   9   2   4   0.0123481496
1   9   3   4   -0.0000000531
1   9   3   5   -0.0000000000
1   9   4   4   -0.0127475321
1   9   5   4   0.0000000008
1   9   6   6   -0.0000000007
1   9   7   6   -0.0000000040
1   10   1   4   -0.0125425239
1   10   2   4   -0.0000000531
1   10   2   5   -0.0000000000
1   10   3   4   0.0615279916
1   10   3   5   0.0000000000
1   10   4   4   -0.0000000039
1   10   4   5   0.0000000002
1   10   4   6   -0.0000000000
1   10   5   4   -0.0022530897
1   10   6   6   -0.0006450308
1   10   7   6   -0.0034963076
1   11   1   4   0.0000000556
1   11   1   5   -0.0000000000
1   11   2   4   -0.0127475321
1   11   3   4   -0.0000000039
1   11   3   5   0.0000000002
1   11   3   6   -0.0000000000
1   11   4   4   0.0648391150
1   11   4   5   0.0000000000
1   11   5   4   -0.0000000005
1   11   6   6   0.0000000002
1   11   7   6   0.0000000012
1   12   1   4   0.0001681363
1   12   2   4   0.0000000008
1   12   3   4   -0.0022530897
1   12   4   4   -0.0000000005
1   12   5   4   0.0288727808
1   12   5   5   -0.0000000000
1   12   6   6   -0.0372172212
1   12   7   6   -0.2017312150
1   13   1   6   0.0001415271
1   13   2   6   0.0000000006
1   13   3   6   -0.0004992957
1   13   4   6   -0.0000000001
1   13   5   6   -0.0034162553
1   13   6   4   0.0380960364
1   13   6   5   0.0402970673
1   13   7   4   0.0402970668
1   13   7   5   0.1993244527
1   14   1   6   0.0007671299
1   14   2   6   0.0000000033
1   14   3   6   -0.0027063690
1   14   4   6   -0.0000000004
1   14   5   6   -0.0185173777
1   14   6   4   0.0402970668
1   14   6   5   0.0116663018
1   14   7   4   0.2490867945
1   14   7   5   -0.0402970672
2   8   1   5   0.0123357585
2   8   2   4   0.0000000000
2   8   2   5   -0.0000000008
2   8   3   5   -0.0125425239
2   8   4   4   -0.0000000000
2   8   4   5   0.0000000556
2   8   5   5   0.0001681363
2   8   6   6   -0.0009115810
2   8   7   6   0.0001681768
2   9   1   4   0.0000000000
2   9   1   5   -0.0000000008
2   9   2   5   0.0123481497
2   9   3   4   -0.0000000000
2   9   3   5   -0.0000000531
2   9   4   5   -0.0127475321
2   9   5   5   0.0000000008
2   9   6   6   -0.0000000040
2   9   7   6   0.0000000007
2   10   1   5   -0.0125425239
2   10   2   4   -0.0000000000
2   10   2   5   -0.0000000531
2   10   3   4   0.0000000000
2   10   3   5   0.0615279916
2   10   4   4   0.0000000002
2   10   4   5   -0.0000000039
2   10   5   5   -0.0022530897
2   10   6   6   -0.0034963076
2   10   7   6   0.0006450308
2   11   1   4   -0.0000000000
2   11   1   5   0.0000000556
2   11   2   5   -0.0127475321
2   11   3   4   0.0000000002
2   11   3   5   -0.0000000039
2   11   4   4   0.0000000000
2   11   4   5   0.0648391151
2   11   5   5   -0.0000000005
2   11   6   6   0.0000000012
2   11   7   6   -0.0000000002
2   12   1   5   0.0001681363
2   12   2   5   0.0000000008
2   12   3   5   -0.0022530897
2   12   4   5   -0.0000000005
2   12   5   4   -0.0000000000
2   12   5   5   0.0288727807
2   12   6   6   -0.2017312152
2   12   7   6   0.0372172211
2   13   1   6   0.0007671299
2   13   2   6   0.0000000033
2   13   3   6   -0.0027063690
2   13   4   6   -0.0000000004
2   13   5   6   -0.0185173777
2   13   6   4   0.0402970673
2   13   6   5   0.2490867949
2   13   7   4   0.0116663018
2   13   7   5   -0.0402970668
2   14   1   6   -0.0001415271
2   14   2   6   -0.0000000006
2   14   3   6   0.0004992957
2   14   4   6   0.0000000001
2   14   5   6   0.0034162553
2   14   6   4   0.1993244527
2   14   6   5   -0.0402970668
2   14   7   4   -0.0402970672
2   14   7   5   0.0380960364
3   8   1   6   0.0128788169
3   8   2   6   0.0000000012
3   8   3   6   -0.0128377869
3   8   4   6   0.0000000553
3   8   5   6   0.0003918470
3   8   6   4   0.0001415271
3   8   6   5   0.0007671299
3   8   7   4   0.0007671299
3   8   7   5   -0.0001415271
3   9   1   6   0.0000000012
3   9   2   6   0.0129070618
3   9   3   6   -0.0000000566
3   9   4   6   -0.0131993076
3   9   5   6   0.0000000018
3   9   6   4   0.0000000006
3   9   6   5   0.0000000033
3   9   7   4   0.0000000033
3   9   7   5   -0.0000000006
3   10   1   6   -0.0128377869
3   10   2   6   -0.0000000566
3   10   3   6   0.0620658208
3   10   4   4   -0.0000000000
3   10   4   6   0.0000000066
3   10   5   6   0.0033690131
3   10   6   4   -0.0004992957
3   10   6   5   -0.0027063690
3   10   7   4   -0.0027063690
3   10   7   5   0.0004992957
3   11   1   6   0.0000000553
3   11   2   6   -0.0131993076
3   11   3   4   -0.0000000000
3   11   3   6   0.0000000066
3   11   4   6   0.0662115786
3   11   5   6   -0.0000000010
3   11   6   4   -0.0000000001
3   11   6   5   -0.0000000004
3   11   7   4   -0.0000000004
3   11   7   5   0.0000000001
3   12   1   6   0.0003918470
3   12   2   6   0.0000000018
3   12   3   6   0.0033690131
3   12   4   6   -0.0000000010
3   12   5   6   0.2505581360
3   12   6   4   -0.0034162553
3   12   6   5   -0.0185173777
3   12   7   4   -0.0185173777
3   12   7   5   0.0034162553
3   13   1   4   -0.0001681768
3   13   1   5   -0.0009115810
3   13   2   4   -0.0000000007
3   13   2   5   -0.0000000040
3   13   3   4   -0.0006450308
3   13   3   5   -0.0034963076
3   13   4   4   0.0000000002
3   13   4   5   0.0000000012
3   13   5   4   -0.0372172212
3   13   5   5   -0.2017312152
3   13   6   6   0.0302770539
3   14   1   4   -0.0009115810
3   14   1   5   0.0001681768
3   14   2   4   -0.0000000040
3   14   2   5   0.0000000007
3   14   3   4   -0.0034963076
3   14   3   5   0.0006450308
3   14   4   4   0.0000000012
3   14   4   5   -0.0000000002
3   14   5   4   -0.2017312150
3   14   5   5   0.0372172211
3   14   7   6   0.0302770539

1   8   8   1   -0.5207247322
1   8   8   2   0.0000000000
1   8   9   1   0.0000000227
1   8   9   2   -0.0000000011
1   8   9   3   0.0000000000
1   8   10   1   -0.0049549639
1   8   10   2   0.0000000000
1   8   11   1   0.0000000218
1   8   11   2   -0.0000000000
1   8   12   1   0.0007023328
1   8   12   2   -0.0000000000
1   8   13   3   -0.0001607502
1   8   14   3   -0.0008713261
1   9   8   1   0.0000000227
1   9   8   2   -0.0000000011
1   9   8   3   0.0000000000
1   9   9   1   -0.5207245752
1   9   9   2   0.0000000000
1   9   10   1   -0.0000000210
1   9   10   2   -0.0000000000
1   9   11   1   -0.0050257702
1   9   11   2   0.0000000000
1   9   12   1   0.0000000031
1   9   12   2   -0.0000000000
1   9   13   3   -0.0000000007
1   9   14   3   -0.0000000037
1   10   8   1   -0.0049549639
1   10   8   2   0.0000000000
1   10   9   1   -0.0000000210
1   10   9   2   -0.0000000000
1   10   10   1   -0.3995527717
1   10   10   2   0.0000000001
1   10   11   1   0.0000000154
1   10   11   2   -0.0000000007
1   10   11   3   0.0000000000
1   10   12   1   -0.0057353657
1   10   12   2   -0.0000000000
1   10   13   3   0.0005605321
1   10   14   3   0.0030382931
1   11   8   1   0.0000000218
1   11   8   2   -0.0000000000
1   11   9   1   -0.0050257702
1   11   9   2   0.0000000000
1   11   10   1   0.0000000154
1   11   10   2   -0.0000000007
1   11   10   3   0.0000000000
1   11   11   1   -0.4012000882
1   11   11   2   0.0000000001
1   11   12   1   -0.0000000006
1   11   12   2   0.0000000001
1   11   13   3   -0.0000000000
1   11   14   3   -0.0000000002
1   12   8   1   0.0007023328
1   12   8   2   -0.0000000000
1   12   9   1   0.0000000031
1   12   9   2   -0.0000000000
1   12   10   1   -0.0057353657
1   12   10   2   -0.0000000000
1   12   11   1   -0.0000000006
1   12   11   2   0.0000000001
1   12   12   1   -0.3880168102
1   12   12   2   -0.0000000000
1   12   13   3   0.0035749137
1   12   14   3   0.0193773653
1   13   8   3   -0.0001517221
1   13   9   3   -0.0000000006
1   13   10   3   0.0006191828
1   13   11   3   0.0000000000
1   13   12   3   0.0037307425
1   13   13   1   -0.3903235884
1   13   13   2   -0.0072926558
1   13   14   1   -0.0072926553
1   13   14   2   -0.0188749781
1   14   8   3   -0.0008223906
1   14   9   3   -0.0000000034
1   14   10   3   0.0033562014
1   14   11   3   0.0000000001
1   14   12   3   0.0202220153
1   14   13   1   -0.0072926553
1   14   13   2   -0.0193085161
1   14   14   1   -0.4285070865
1   14   14   2   0.0072926558
2   8   8   1   0.0000000000
2   8   8   2   -0.5207247322
2   8   9   1   -0.0000000011
2   8   9   2   0.0000000228
2   8   9   3   -0.0000000000
2   8   10   1   0.0000000000
2   8   10   2   -0.0049549639
2   8   11   1   -0.0000000000
2   8   11   2   0.0000000218
2   8   12   1   -0.0000000000
2   8   12   2   0.0007023327
2   8   13   3   -0.0008713261
2   8   14   3   0.0001607502
2   9   8   1   -0.0000000011
2   9   8   2   0.0000000228
2   9   8   3   -0.0000000000
2   9   9   1   0.0000000000
2   9   9   2   -0.5207245752
2   9   10   1   -0.0000000000
2   9   10   2   -0.0000000210
2   9   11   1   0.0000000000
2   9   11   2   -0.0050257701
2   9   12   1   -0.0000000000
2   9   12   2   0.0000000031
2   9   13   3   -0.0000000037
2   9   14   3   0.0000000007
2   10   8   1   0.0000000000
2   10   8   2   -0.0049549639
2   10   9   1   -0.0000000000
2   10   9   2   -0.0000000210
2   10   10   1   0.0000000001
2   10   10   2   -0.3995527714
2   10   11   1   -0.0000000007
2   10   11   2   0.0000000155
2   10   11   3   -0.0000000000
2   10   12   1   -0.0000000000
2   10   12   2   -0.0057353658
2   10   13   3   0.0030382931
2   10   14   3   -0.0005605321
2   11   8   1   -0.0000000000
2   11   8   2   0.0000000218
2   11   9   1   0.0000000000
2   11   9   2   -0.0050257701
2   11   10   1   -0.0000000007
2   11   10   2   0.0000000155
2   11   10   3   -0.0000000000
2   11   11   1   0.0000000001
2   11   11   2   -0.4012000877
2   11   12   1   0.0000000001
2   11   12   2   -0.0000000006
2   11   13   3   -0.0000000002
2   11   14   3   0.0000000000
2   12   8   1   -0.0000000000
2   12   8   2   0.0007023327
2   12   9   1   -0.0000000000
2   12   9   2   0.0000000031
2   12   10   1   -0.0000000000
2   12   10   2   -0.0057353658
2   12   11   1   0.0000000001
2   12   11   2   -0.0000000006
2   12   12   1   -0.0000000000
2   12   12   2   -0.3880168102
2   12   13   3   0.0193773654
2   12   14   3   -0.0035749137
2   13   8   3   -0.0008223906
2   13   9   3   -0.0000000034
2   13   10   3   0.0033562014
2   13   11   3   0.0000000001
2   13   12   3   0.0202220153
2   13   13   1   -0.0072926558
2   13   13   2   -0.4285070867
2   13   14   1   -0.0193085161
2   13   14   2   0.0072926553
2   14   8   3   0.0001517221
2   14   9   3   0.0000000006
2   14   10   3   -0.0006191828
2   14   11   3   -0.0000000000
2   14   12   3   -0.0037307425
2   14   13   1   -0.0188749781
2   14   13   2   0.0072926553
2   14   14   1   0.0072926558
2   14   14   2   -0.3903235882
3   8   8   3   -0.5324840303
3   8   9   1   0.0000000000
3   8   9   2   -0.0000000000
3   8   9   3   -0.0000000379
3   8   10   3   -0.0051400262
3   8   11   3   0.0000000222
3   8   12   3   0.0022844671
3   8   13   1   -0.0001517221
3   8   13   2   -0.0008223906
3   8   14   1   -0.0008223906
3   8   14   2   0.0001517221
3   9   8   1   0.0000000000
3   9   8   2   -0.0000000000
3   9   8   3   -0.0000000379
3   9   9   3   -0.5324837311
3   9   10   3   -0.0000000225
3   9   11   3   -0.0052524142
3   9   12   3   0.0000000097
3   9   13   1   -0.0000000006
3   9   13   2   -0.0000000034
3   9   14   1   -0.0000000034
3   9   14   2   0.0000000006
3   10   8   3   -0.0051400262
3   10   9   3   -0.0000000225
3   10   10   3   -0.4072666860
3   10   11   1   0.0000000000
3   10   11   2   -0.0000000000
3   10   11   3   -0.0000000263
3   10   12   3   -0.0114396896
3   10   13   1   0.0006191828
3   10   13   2   0.0033562014
3   10   14   1   0.0033562014
3   10   14   2   -0.0006191828
3   11   8   3   0.0000000222
3   11   9   3   -0.0052524142
3   11   10   1   0.0000000000
3   11   10   2   -0.0000000000
3   11   10   3   -0.0000000263
3   11   11   3   -0.4081523639
3   11   12   3   0.0000000028
3   11   13   1   0.0000000000
3   11   13   2   0.0000000001
3   11   14   1   0.0000000001
3   11   14   2   -0.0000000000
3   12   8   3   0.0022844671
3   12   9   3   0.0000000097
3   12   10   3   -0.0114396896
3   12   11   3   0.0000000028
3   12   12   3   -0.4344019954
3   12   13   1   0.0037307425
3   12   13   2   0.0202220153
3   12   14   1   0.0202220153
3   12   14   2   -0.0037307425
3   13   8   1   -0.0001607502
3   13   8   2   -0.0008713261
3   13   9   1   -0.0000000007
3   13   9   2   -0.0000000037
3   13   10   1   0.0005605321
3   13   10   2   0.0030382931
3   13   11   1   -0.0000000000
3   13   11   2   -0.0000000002
3   13   12   1   0.0035749137
3   13   12   2   0.0193773654
3   13   13   3   -0.3956489629
3   13   14   3   0.0000000000
3   14   8   1   -0.0008713261
3   14   8   2   0.0001607502
3   14   9   1   -0.0000000037
3   14   9   2   0.0000000007
3   14   10   1   0.0030382931
3   14   10   2   -0.0005605321
3   14   11   1   -0.0000000002
3   14   11   2   0.0000000000
3   14   12   1   0.0193773653
3   14   12   2   -0.0035749137
3   14   13   3   0.0000000000
3   14   14   3   -0.3956489624

End AIJB Block
Begin IJKA Block
1   8   1   6   -0.0000001597
1   8   2   6   0.0127544926
1   8   3   6   -0.0000000169
1   8   4   6   0.0015208049
1   8   5   6   -0.0000001113
1   8   6   4   0.0000000203
1   8   6   5   0.0000001103
1   8   7   4   0.0000001103
1   8   7   5   -0.0000000203
1   9   1   6   0.0113253791
1   9   2   6   0.0000000545
1   9   3   6   0.0019423046
1   9   4   6   -0.0000000000
1   9   5   6   0.0128924982
1   9   6   4   -0.0023571277
1   9   6   5   -0.0127765113
1   9   7   4   -0.0127765112
1   9   7   5   0.0023571277
1   10   1   6   -0.0000001183
1   10   2   6   0.0136135971
1   10   3   6   -0.0000000022
1   10   4   6   0.0009456631
1   10   5   6   0.0000000586
1   10   6   4   -0.0000000108
1   10   6   5   -0.0000000586
1   10   7   4   -0.0000000586
1   10   7   5   0.0000000108
1   11   1   6   0.0160843269
1   11   2   6   -0.0000000018
1   11   3   6   0.0002934016
1   11   4   6   -0.0000000033
1   11   5   6   -0.0139123257
1   11   6   4   0.0025328266
1   11   6   5   0.0137288644
1   11   7   4   0.0137288644
1   11   7   5   -0.0025328266
1   12   1   6   -0.0000030757
1   12   2   6   0.3558796401
1   12   3   6   -0.0000000156
1   12   4   6   0.0035730939
1   12   5   6   -0.0000000020
1   12   6   4   0.0000000001
1   12   6   5   0.0000000006
1   12   7   4   0.0000000006
1   12   7   5   -0.0000000001
1   13   1   4   0.0000005606
1   13   1   5   0.0000030391
1   13   2   4   -0.0648973018
1   13   2   5   -0.3517675726
1   13   3   4   0.0000000028
1   13   3   5   0.0000000151
1   13   4   4   -0.0006328401
1   13   4   5   -0.0034302293
1   13   5   4   0.0000000008
1   13   5   5   0.0000000045
1   13   6   6   0.0000000034
1   13   7   6   0.0000000000
1   14   1   4   0.0000030391
1   14   1   5   -0.0000005607
1   14   2   4   -0.3517675722
1   14   2   5   0.0648973017
1   14   3   4   0.0000000151
1   14   3   5   -0.0000000028
1   14   4   4   -0.0034302293
1   14   4   5   0.0006328401
1   14   5   4   0.0000000045
1   14   5   5   -0.0000000008
1   14   6   6   0.0000000000
1   14   7   6   0.0000000034
2   8   1   6   0.0127552379
2   8   2   6   0.0000000606
2   8   3   6   0.0019374366
2   8   4   6   -0.0000000000
2   8   5   6   0.0128613222
2   8   6   4   -0.0023543438
2   8   6   5   -0.0127614214
2   8   7   4   -0.0127614214
2   8   7   5   0.0023543438
2   9   1   6   0.0000000545
2   9   2   6   0.0113312598
2   9   3   6   0.0000000166
2   9   4   6   0.0015192023
2   9   5   6   0.0000001111
2   9   6   4   -0.0000000204
2   9   6   5   -0.0000001103
2   9   7   4   -0.0000001103
2   9   7   5   0.0000000204
2   10   1   6   0.0136136045
2   10   2   6   0.0000001169
2   10   3   6   0.0004993694
2   10   4   6   0.0000000040
2   10   5   6   -0.0135100928
2   10   6   4   0.0024877571
2   10   6   5   0.0134845713
2   10   7   4   0.0134845713
2   10   7   5   -0.0024877571
2   11   1   6   -0.0000000018
2   11   2   6   0.0160786876
2   11   3   6   0.0000000012
2   11   4   6   0.0007688689
2   11   5   6   -0.0000000604
2   11   6   4   0.0000000110
2   11   6   5   0.0000000596
2   11   7   4   0.0000000595
2   11   7   5   -0.0000000110
2   12   1   6   0.3558767865
2   12   2   6   0.0000030719
2   12   3   6   0.0035832696
2   12   4   6   0.0000000154
2   12   5   6   0.0004703638
2   12   6   4   -0.0000290934
2   12   6   5   -0.0001576969
2   12   7   4   -0.0001576969
2   12   7   5   0.0000290934
2   13   1   4   -0.0648968781
2   13   1   5   -0.3517652763
2   13   2   4   -0.0000005604
2   13   2   5   -0.0000030374
2   13   3   4   -0.0006385430
2   13   3   5   -0.0034611412
2   13   4   4   -0.0000000027
2   13   4   5   -0.0000000148
2   13   5   4   -0.0001899491
2   13   5   5   -0.0010295948
2   13   6   6   -0.0007847475
2   14   1   4   -0.3517652759
2   14   1   5   0.0648968781
2   14   2   4   -0.0000030375
2   14   2   5   0.0000005603
2   14   3   4   -0.0034611412
2   14   3   5   0.0006385430
2   14   4   4   -0.0000000148
2   14   4   5   0.0000000027
2   14   5   4   -0.0010295948
2   14   5   5   0.0001899491
2   14   7   6   -0.0007847475
3   8   1   6   -0.0000000176
3   8   2   6   0.0020268220
3   8   3   6   0.0000000014
3   8   4   6   0.0016264630
3   8   5   6   0.0000000624
3   8   6   4   -0.0000000112
3   8   6   5   -0.0000000606
3   8   7   4   -0.0000000606
3   8   7   5   0.0000000112
3   9   1   6   0.0020318137
3   9   2   6   0.0000000174
3   9   3   6   -0.0003574916
3   9   4   6   0.0000000070
3   9   5   6   -0.0143579437
3   9   6   4   0.0025775943
3   9   6   5   0.0139715220
3   9   7   4   0.0139715220
3   9   7   5   -0.0025775943
3   10   1   6   -0.0000000022
3   10   2   6   0.0004981890
3   10   3   6   -0.0000000002
3   10   4   6   0.0033662376
3   10   5   6   -0.0000000023
3   10   6   4   0.0000000005
3   10   6   5   0.0000000026
3   10   7   4   0.0000000026
3   10   7   5   -0.0000000005
3   11   1   6   0.0002688725
3   11   2   6   0.0000000011
3   11   3   6   0.0125600922
3   11   4   6   -0.0000000014
3   11   5   6   0.0615434406
3   11   6   4   -0.0110615733
3   11   6   5   -0.0599578518
3   11   7   4   -0.0599578518
3   11   7   5   0.0110615733
3   12   1   6   -0.0000000180
3   12   2   6   0.0041385503
3   12   3   6   -0.0000000122
3   12   4   6   0.2325139162
3   12   5   6   -0.0000000003
3   12   6   4   0.0000000000
3   12   6   5   0.0000000001
3   12   7   4   0.0000000001
3   12   7   5   -0.0000000000
3   13   1   4   0.0000000033
3   13   1   5   0.0000000177
3   13   2   4   -0.0007475550
3   13   2   5   -0.0040520268
3   13   3   4   0.0000000018
3   13   3   5   0.0000000094
3   13   4   4   -0.0424911979
3   13   4   5   -0.2303181355
3   13   5   4   0.0000000001
3   13   5   5   0.0000000004
3   13   6   6   0.0000000000
3   13   7   6   -0.0000000000
3   14   1   4   0.0000000178
3   14   1   5   -0.0000000033
3   14   2   4   -0.0040520268
3   14   2   5   0.0007475550
3   14   3   4   0.0000000095
3   14   3   5   -0.0000000017
3   14   4   4   -0.2303181353
3   14   4   5   0.0424911979
3   14   5   4   0.0000000004
3   14   5   5   -0.0000000001
3   14   6   6   -0.0000000000
3   14   7   6   0.0000000000
4   8   1   6   0.0016004937
4   8   2   6   -0.0000000000
4   8   3   6   0.0016342030
4   8   4   6   -0.0000000030
4   8   5   6   -0.0140681974
4   8   6   4   0.0025655871
4   8   6   5   0.0139064386
4   8   7   4   0.0139064385
4   8   7   5   -0.0025655871
4   9   1   6   -0.0000000000
4   9   2   6   0.0015993575
4   9   3   6   0.0000000071
4   9   4   6   0.0006948272
4   9   5   6   -0.0000000610
4   9   6   4   0.0000000111
4   9   6   5   0.0000000604
4   9   7   4   0.0000000604
4   9   7   5   -0.0000000111
4   10   1   6   0.0009204142
4   10   2   6   0.0000000039
4   10   3   6   0.0029379959
4   10   4   6   -0.0000000000
4   10   5   6   0.0570623906
4   10   6   4   -0.0107229345
4   10   6   5   -0.0581223029
4   10   7   4   -0.0581223029
4   10   7   5   0.0107229345
4   11   1   6   -0.0000000032
4   11   2   6   0.0007450625
4   11   3   6   -0.0000000014
4   11   4   6   0.0076730810
4   11   5   6   0.0000000025
4   11   6   4   -0.0000000005
4   11   6   5   -0.0000000028
4   11   7   4   -0.0000000028
4   11   7   5   0.0000000005
4   12   1   6   0.0041415186
4   12   2   6   0.0000000179
4   12   3   6   0.2326746841
4   12   4   6   0.0000000081
4   12   5   6   -0.0192643387
4   12   6   4   0.0002332578
4   12   6   5   0.0012643444
4   12   7   4   0.0012643444
4   12   7   5   -0.0002332578
4   13   1   4   -0.0007481051
4   13   1   5   -0.0040550084
4   13   2   4   -0.0000000032
4   13   2   5   -0.0000000175
4   13   3   4   -0.0424740231
4   13   3   5   -0.2302250417
4   13   4   4   -0.0000000020
4   13   4   5   -0.0000000110
4   13   5   4   0.0033896784
4   13   5   5   0.0183733207
4   13   6   6   0.0007391896
4   14   1   4   -0.0040550084
4   14   1   5   0.0007481051
4   14   2   4   -0.0000000174
4   14   2   5   0.0000000032
4   14   3   4   -0.2302250415
4   14   3   5   0.0424740231
4   14   4   4   -0.0000000109
4   14   4   5   0.0000000020
4   14   5   4   0.0183733208
4   14   5   5   -0.0033896784
4   14   7   6   0.0007391896
5   8   1   6   -0.0000001353
5   8   2   6   0.0156750852
5   8   3   6   0.0000000695
5   8   4   6   -0.0157666623
5   8   5   6   -0.0000000006
5   8   6   4   0.0000000001
5   8   6   5   0.0000000007
5   8   7   4   0.0000000007
5   8   7   5   -0.0000000001
5   9   1   6   0.0157029773
5   9   2   6   0.0000001358
5   9   3   6   -0.0160348131
5   9   4   6   -0.0000000685
5   9   5   6   0.0001349829
5   9   6   4   -0.0000335508
5   9   6   5   -0.0001818576
5   9   7   4   -0.0001818576
5   9   7   5   0.0000335508
5   10   1   6   0.0000000599
5   10   2   6   -0.0138621769
5   10   3   6   -0.0000000028
5   10   4   6   0.0589435275
5   10   5   6   -0.0000000008
5   10   6   4   0.0000000001
5   10   6   5   0.0000000003
5   10   7   4   0.0000000003
5   10   7   5   -0.0000000001
5   11   1   6   -0.0142054811
5   11   2   6   -0.0000000619
5   11   3   6   0.0634685425
5   11   4   6   0.0000000020
5   11   5   6   0.0096063764
5   11   6   4   0.0001627537
5   11   6   5   0.0008821857
5   11   7   4   0.0008821858
5   11   7   5   -0.0001627537
5   12   1   6   -0.0000000007
5   12   2   6   0.0001691261
5   12   3   6   0.0000000003
5   12   4   6   -0.0196251940
5   12   5   6   -0.0000000357
5   12   6   4   0.0000000003
5   12   6   5   0.0000000013
5   12   7   4   0.0000000013
5   12   7   5   -0.0000000002
5   12   7   6   -0.0000000000
5   13   1   4   0.0000000006
5   13   1   5   0.0000000033
5   13   2   4   -0.0001385101
5   13   2   5   -0.0007507762
5   13   3   4   0.0000000000
5   13   3   5   0.0000000002
5   13   4   4   0.0033400804
5   13   4   5   0.0181044813
5   13   5   4   0.0000000045
5   13   5   5   0.0000000241
5   13   6   6   -0.0000000004
5   13   7   5   0.0000000000
5   13   7   6   -0.0000000001
5   14   1   4   0.0000000033
5   14   1   5   -0.0000000006
5   14   2   4   -0.0007507762
5   14   2   5   0.0001385101
5   14   3   4   0.0000000002
5   14   3   5   -0.0000000001
5   14   4   4   0.0181044814
5   14   4   5   -0.0033400804
5   14   5   4   0.0000000241
5   14   5   5   -0.0000000044
5   14   5   6   -0.0000000000
5   14   6   6   -0.0000000001
5   14   7   4   0.0000000000
5   14   7   5   -0.0000000000
5   14   7   6   -0.0000000004
6   8   1   4   0.0000000247
6   8   1   5   0.0000001341
6   8   2   4   -0.0028635612
6   8   2   5   -0.0155215696
6   8   3   4   -0.0000000125
6   8   3   5   -0.0000000677
6   8   4   4   0.0028683723
6   8   4   5   0.0155476475
6   8   5   4   0.0000000004
6   8   5   5   0.0000000023
6   8   6   6   0.0000000018
6   8   7   6   -0.0000000000
6   9   1   4   -0.0028657320
6   9   1   5   -0.0155333361
6   9   2   4   -0.0000000248
6   9   2   5   -0.0000001341
6   9   3   4   0.0028801873
6   9   3   5   0.0156116890
6   9   4   4   0.0000000125
6   9   4   5   0.0000000675
6   9   5   4   -0.0001017234
6   9   5   5   -0.0005513789
6   9   6   6   -0.0004144562
6   9   7   6   0.0000000000
6   10   1   4   -0.0000000110
6   10   1   5   -0.0000000598
6   10   2   4   0.0025401954
6   10   2   5   0.0137688064
6   10   3   4   0.0000000004
6   10   3   5   0.0000000023
6   10   4   4   -0.0109593443
6   10   4   5   -0.0594037322
6   10   5   4   0.0000000001
6   10   5   5   0.0000000007
6   10   6   6   0.0000000002
6   10   7   6   -0.0000000000
6   11   1   4   0.0025726816
6   11   1   5   0.0139448934
6   11   2   4   0.0000000112
6   11   2   5   0.0000000605
6   11   3   4   -0.0112736265
6   11   3   5   -0.0611072589
6   11   4   4   -0.0000000006
6   11   4   5   -0.0000000033
6   11   5   4   0.0003967310
6   11   5   5   0.0021504300
6   11   6   6   0.0114363418
6   12   1   4   -0.0000000000
6   12   1   5   -0.0000000002
6   12   2   4   0.0000048094
6   12   2   5   0.0000260688
6   12   3   4   0.0000000001
6   12   3   5   0.0000000005
6   12   4   4   0.0003323363
6   12   4   5   0.0018013867
6   12   5   4   0.0000000005
6   12   5   5   0.0000000024
6   12   6   6   0.0000000114
6   12   7   6   -0.0000000006
6   13   1   6   0.0000000029
6   13   2   6   -0.0006763505
6   13   3   6   0.0000000004
6   13   4   6   0.0014384212
6   13   5   6   -0.0000000009
6   13   6   4   -0.0000000033
6   13   6   5   -0.0000000187
6   13   7   4   -0.0000000016
6   13   7   5   0.0000000010
6   14   1   6   0.0000000000
6   14   3   6   -0.0000000000
6   14   4   6   -0.0000000000
6   14   5   6   -0.0000000001
6   14   6   4   -0.0000000141
6   14   6   5   0.0000000028
6   14   7   4   0.0000000002
6   14   7   5   -0.0000000029
7   8   1   4   0.0000001341
7   8   1   5   -0.0000000247
7   8   2   4   -0.0155215696
7   8   2   5   0.0028635612
7   8   3   4   -0.0000000677
7   8   3   5   0.0000000125
7   8   4   4   0.0155476475
7   8   4   5   -0.0028683723
7   8   5   4   0.0000000023
7   8   5   5   -0.0000000004
7   8   6   6   -0.0000000000
7   8   7   6   0.0000000018
7   9   1   4   -0.0155333361
7   9   1   5   0.0028657320
7   9   2   4   -0.0000001341
7   9   2   5   0.0000000247
7   9   3   4   0.0156116890
7   9   3   5   -0.0028801873
7   9   4   4   0.0000000675
7   9   4   5   -0.0000000125
7   9   5   4   -0.0005513789
7   9   5   5   0.0001017234
7   9   6   6   0.0000000000
7   9   7   6   -0.0004144562
7   10   1   4   -0.0000000598
7   10   1   5   0.0000000110
7   10   2   4   0.0137688064
7   10   2   5   -0.0025401954
7   10   3   4   0.0000000024
7   10   3   5   -0.0000000004
7   10   4   4   -0.0594037323
7   10   4   5   0.0109593443
7   10   5   4   0.0000000007
7   10   5   5   -0.0000000001
7   10   6   6   -0.0000000000
7   10   7   6   0.0000000002
7   11   1   4   0.0139448934
7   11   1   5   -0.0025726816
7   11   2   4   0.0000000605
7   11   2   5   -0.0000000112
7   11   3   4   -0.0611072589
7   11   3   5   0.0112736265
7   11   4   4   -0.0000000033
7   11   4   5   0.0000000006
7   11   5   4   0.0021504302
7   11   5   5   -0.0003967310
7   11   7   6   0.0114363418
7   12   1   4   -0.0000000002
7   12   1   5   0.0000000000
7   12   2   4   0.0000260688
7   12   2   5   -0.0000048094
7   12   3   4   0.0000000005
7   12   3   5   -0.0000000001
7   12   4   4   0.0018013869
7   12   4   5   -0.0003323363
7   12   5   4   0.0000000024
7   12   5   5   -0.0000000004
7   12   5   6   -0.0000000000
7   12   6   6   -0.0000000006
7   12   7   4   0.0000000000
7   12   7   6   0.0000000118
7   13   1   6   0.0000000000
7   13   3   6   -0.0000000000
7   13   4   6   -0.0000000000
7   13   5   5   0.0000000000
7   13   5   6   -0.0000000001
7   13   6   4   -0.0000000026
7   13   6   5   0.0000000012
7   13   7   4   -0.0000000025
7   13   7   5   -0.0000000145
7   14   1   6   0.0000000029
7   14   2   6   -0.0006763505
7   14   3   6   0.0000000004
7   14   4   6   0.0014384211
7   14   5   4   0.0000000000
7   14   5   6   -0.0000000008
7   14   6   4   0.0000000003
7   14   6   5   -0.0000000019
7   14   7   4   -0.0000000191
7   14   7   5   0.0000000036
7   14   7   6   -0.0000000000

End IJKA Block
Begin IABC Block
1   4   1   6   0.0000000034
1   4   2   6   -0.0000000000
1   4   3   4   0.0000000014
1   4   3   5   0.0000000000
1   5   1   6   -0.0000000000
1   5   2   6   0.0000000034
1   5   3   4   0.0000000000
1   5   3   5   0.0000000014
1   6   1   4   0.0000000032
1   6   1   5   -0.0000000000
1   6   2   4   -0.0000000000
1   6   2   5   0.0000000032
1   6   3   6   0.0000000075
2   4   1   6   -0.0007633646
2   4   3   4   -0.0003448606
2   4   3   5   0.0000000000
2   5   2   6   -0.0007633646
2   5   3   4   0.0000000000
2   5   3   5   -0.0003448605
2   6   1   4   -0.0007197383
2   6   2   5   -0.0007197383
2   6   3   6   -0.0017409646
3   4   1   6   -0.0000000002
3   4   2   6   0.0000000000
3   4   3   4   -0.0000000003
3   4   3   5   0.0000000000
3   5   1   6   0.0000000000
3   5   2   6   -0.0000000002
3   5   3   4   0.0000000000
3   5   3   5   -0.0000000003
3   6   1   4   -0.0000000002
3   6   1   5   0.0000000000
3   6   2   4   0.0000000000
3   6   2   5   -0.0000000002
3   6   3   6   0.0000000005
4   4   1   6   0.0031488035
4   4   3   4   0.0114230759
4   4   3   5   -0.0000000000
4   5   2   6   0.0031488035
4   5   3   4   -0.0000000000
4   5   3   5   0.0114230759
4   6   1   4   0.0020682231
4   6   2   5   0.0020682231
4   6   3   6   0.0154243402
5   4   1   6   -0.0000000008
5   4   2   6   0.0000000001
5   4   3   4   -0.0000000127
5   4   3   5   0.0000000006
5   4   3   6   -0.0000000000
5   5   1   6   0.0000000001
5   5   2   6   -0.0000000009
5   5   3   4   0.0000000006
5   5   3   5   -0.0000000128
5   6   1   4   -0.0000000018
5   6   1   5   0.0000000001
5   6   1   6   -0.0000000000
5   6   2   4   0.0000000001
5   6   2   5   -0.0000000018
5   6   3   4   -0.0000000000
5   6   3   6   0.0000000278
6   4   1   4   0.0000000030
6   4   1   5   0.0000000014
6   4   2   4   0.0000000136
6   4   2   5   -0.0000000005
6   4   2   6   0.0000000000
6   4   3   6   -0.0000000006
6   5   1   4   0.0000000012
6   5   1   5   0.0000000024
6   5   2   4   -0.0000000004
6   5   2   5   0.0000000166
6   5   3   6   -0.0000000034
6   6   1   6   -0.0000000040
6   6   2   4   0.0000000000
6   6   2   6   -0.0000000212
6   6   3   4   -0.0000000005
6   6   3   5   -0.0000000024
7   4   1   4   0.0000000165
7   4   1   5   -0.0000000010
7   4   1   6   0.0000000000
7   4   2   4   -0.0000000027
7   4   2   5   0.0000000015
7   4   3   4   0.0000000000
7   4   3   6   -0.0000000033
7   5   1   4   -0.0000000010
7   5   1   5   0.0000000138
7   5   2   4   0.0000000016
7   5   2   5   -0.0000000032
7   5   3   6   0.0000000006
7   6   1   4   0.0000000000
7   6   1   6   -0.0000000212
7   6   2   6   0.0000000039
7   6   3   4   -0.0000000024
7   6   3   5   0.0000000004

End IABC Block
