0   53   6   13      -0.153436231856
0   54   6   12      -0.078360027629
1   53   5   13      -0.078360027629
1   54   5   12      -0.153436231303
0   53   13   6       0.153436231856
0   54   12   6       0.078360027629
1   53   13   5       0.078360027629
1   54   12   5       0.153436231303
53   0   6   13       0.153436231856
53   1   5   13       0.078360027629
54   0   6   12       0.078360027629
54   1   5   12       0.153436231303
53   0   13   6      -0.153436231856
53   1   13   5      -0.078360027629
54   0   12   6      -0.078360027629
54   1   12   5      -0.153436231303

