0   1   5   6      -0.114510410267
0   1   6   5       0.114510412266
0   2   4   6      -0.075947916932
0   2   6   4       0.075947916932
1   0   5   6       0.114510410267
1   0   6   5      -0.114510412266
1   2   4   5      -0.075947916640
1   2   5   4       0.075947916640
2   0   4   6       0.075947916932
2   0   6   4      -0.075947916932
2   1   4   5       0.075947916640
2   1   5   4      -0.075947916640
0   53   5   12      -0.086394082063
0   53   5   13      -0.132361719438
0   53   6   12      -0.132361717765
0   53   6   13      -0.569684673712
0   54   5   12      -0.132361700737
0   54   5   13      -0.298900495419
0   54   6   12      -0.184390088635
0   54   6   13       0.132361700990
0   55   4   12      -0.060315825484
0   55   4   13      -0.235667394472
0   55   6   11      -0.159719480896
0   61   6   13      -0.059857754664
1   53   5   12      -0.132361701939
1   53   5   13      -0.184390084850
1   53   6   12      -0.298900495288
1   53   6   13       0.132361701784
1   54   5   12      -0.569684671335
1   54   5   13       0.132361720716
1   54   6   12       0.132361718293
1   54   6   13      -0.086394083541
1   55   4   12      -0.235667393562
1   55   4   13       0.060315826413
1   55   5   11      -0.159719480369
1   60   5   12       0.059857750708
2   53   4   13      -0.159719480896
2   53   5   11      -0.060315825484
2   53   6   11      -0.235667394472
2   54   4   12      -0.159719480369
2   54   5   11      -0.235667393562
2   54   6   11       0.060315826413
2   55   4   11      -0.377096109224
2   56   4   11       0.056835209572
3   55   4   11       0.056835209572
7   54   5   12       0.059857750714
8   53   6   13      -0.059857754659
0   53   12   5       0.086394082063
0   53   12   6       0.132361717765
0   53   13   5       0.132361719438
0   53   13   6       0.569684673712
0   54   12   5       0.132361700737
0   54   12   6       0.184390088635
0   54   13   5       0.298900495419
0   54   13   6      -0.132361700990
0   55   11   6       0.159719480896
0   55   12   4       0.060315825484
0   55   13   4       0.235667394472
0   61   13   6       0.059857754664
1   53   12   5       0.132361701939
1   53   12   6       0.298900495288
1   53   13   5       0.184390084850
1   53   13   6      -0.132361701784
1   54   12   5       0.569684671335
1   54   12   6      -0.132361718293
1   54   13   5      -0.132361720716
1   54   13   6       0.086394083541
1   55   11   5       0.159719480369
1   55   12   4       0.235667393562
1   55   13   4      -0.060315826413
1   60   12   5      -0.059857750708
2   53   11   5       0.060315825484
2   53   11   6       0.235667394472
2   53   13   4       0.159719480896
2   54   11   5       0.235667393562
2   54   11   6      -0.060315826413
2   54   12   4       0.159719480369
2   55   11   4       0.377096109224
2   56   11   4      -0.056835209572
3   55   11   4      -0.056835209572
7   54   12   5      -0.059857750714
8   53   13   6       0.059857754659
53   0   5   12       0.086394082063
53   0   5   13       0.132361719438
53   0   6   12       0.132361717765
53   0   6   13       0.569684673712
53   1   5   12       0.132361701939
53   1   5   13       0.184390084850
53   1   6   12       0.298900495288
53   1   6   13      -0.132361701784
53   2   4   13       0.159719480896
53   2   5   11       0.060315825484
53   2   6   11       0.235667394472
53   8   6   13       0.059857754659
54   0   5   12       0.132361700737
54   0   5   13       0.298900495419
54   0   6   12       0.184390088635
54   0   6   13      -0.132361700990
54   1   5   12       0.569684671335
54   1   5   13      -0.132361720716
54   1   6   12      -0.132361718293
54   1   6   13       0.086394083541
54   2   4   12       0.159719480369
54   2   5   11       0.235667393562
54   2   6   11      -0.060315826413
54   7   5   12      -0.059857750714
55   0   4   12       0.060315825484
55   0   4   13       0.235667394472
55   0   6   11       0.159719480896
55   1   4   12       0.235667393562
55   1   4   13      -0.060315826413
55   1   5   11       0.159719480369
55   2   4   11       0.377096109224
55   3   4   11      -0.056835209572
56   2   4   11      -0.056835209572
60   1   5   12      -0.059857750708
61   0   6   13       0.059857754664
53   0   12   5      -0.086394082063
53   0   12   6      -0.132361717765
53   0   13   5      -0.132361719438
53   0   13   6      -0.569684673712
53   1   12   5      -0.132361701939
53   1   12   6      -0.298900495288
53   1   13   5      -0.184390084850
53   1   13   6       0.132361701784
53   2   11   5      -0.060315825484
53   2   11   6      -0.235667394472
53   2   13   4      -0.159719480896
53   8   13   6      -0.059857754659
54   0   12   5      -0.132361700737
54   0   12   6      -0.184390088635
54   0   13   5      -0.298900495419
54   0   13   6       0.132361700990
54   1   12   5      -0.569684671335
54   1   12   6       0.132361718293
54   1   13   5       0.132361720716
54   1   13   6      -0.086394083541
54   2   11   5      -0.235667393562
54   2   11   6       0.060315826413
54   2   12   4      -0.159719480369
54   7   12   5       0.059857750714
55   0   11   6      -0.159719480896
55   0   12   4      -0.060315825484
55   0   13   4      -0.235667394472
55   1   11   5      -0.159719480369
55   1   12   4      -0.235667393562
55   1   13   4       0.060315826413
55   2   11   4      -0.377096109224
55   3   11   4       0.056835209572
56   2   11   4       0.056835209572
60   1   12   5       0.059857750708
61   0   13   6      -0.059857754664
53   54   12   13      -0.114510410267
53   54   13   12       0.114510412266
53   55   11   13      -0.075947916932
53   55   13   11       0.075947916932
54   53   12   13       0.114510410267
54   53   13   12      -0.114510412266
54   55   11   12      -0.075947916640
54   55   12   11       0.075947916640
55   53   11   13       0.075947916932
55   53   13   11      -0.075947916932
55   54   11   12       0.075947916640
55   54   12   11      -0.075947916640

