0   1   5   6       0.170319487445
0   1   6   5      -0.170319487448
0   2   4   6      -0.163055942009
0   2   6   4       0.163055941997
1   0   5   6      -0.170319487445
1   0   6   5       0.170319487448
1   2   4   5       0.163055942077
1   2   5   4      -0.163055942105
2   0   4   6       0.163055942009
2   0   6   4      -0.163055941997
2   1   4   5      -0.163055942077
2   1   5   4       0.163055942105
0   103   5   12      -0.108587640959
0   103   5   13      -0.203981722090
0   103   6   12      -0.203981721942
0   103   6   13      -0.767656111684
0   104   5   12       0.203981715137
0   104   5   13       0.414693977004
0   104   6   12       0.244374490407
0   104   6   13      -0.203981715369
0   105   4   12      -0.126451834428
0   105   4   13      -0.444538136958
0   105   5   11      -0.080069485358
0   105   6   11      -0.281482195083
0   112   6   13      -0.080193200573
1   103   5   12       0.203981715244
1   103   5   13       0.244374491092
1   103   6   12       0.414693976309
1   103   6   13      -0.203981715265
1   104   5   12      -0.767656112812
1   104   5   13       0.203981722746
1   104   6   12       0.203981722362
1   104   6   13      -0.108587641024
1   105   4   12       0.444538138677
1   105   4   13      -0.126451835625
1   105   5   11       0.281482196600
1   105   6   11      -0.080069486473
1   111   5   12      -0.080193199503
2   103   4   12      -0.080069485372
2   103   4   13      -0.281482194862
2   103   5   11      -0.126451834415
2   103   6   11      -0.444538137215
2   104   4   12       0.281482196359
2   104   4   13      -0.080069486495
2   104   5   11       0.444538138837
2   104   6   11      -0.126451835604
2   105   4   11      -0.782077378192
2   107   4   11       0.059058142771
4   105   4   11       0.059058142771
8   104   5   12      -0.080193199501
9   103   6   13      -0.080193200572
0   103   12   5       0.108587640959
0   103   12   6       0.203981721942
0   103   13   5       0.203981722090
0   103   13   6       0.767656111684
0   104   12   5      -0.203981715137
0   104   12   6      -0.244374490407
0   104   13   5      -0.414693977004
0   104   13   6       0.203981715369
0   105   11   5       0.080069485358
0   105   11   6       0.281482195083
0   105   12   4       0.126451834428
0   105   13   4       0.444538136958
0   112   13   6       0.080193200573
1   103   12   5      -0.203981715244
1   103   12   6      -0.414693976309
1   103   13   5      -0.244374491092
1   103   13   6       0.203981715265
1   104   12   5       0.767656112812
1   104   12   6      -0.203981722362
1   104   13   5      -0.203981722746
1   104   13   6       0.108587641024
1   105   11   5      -0.281482196600
1   105   11   6       0.080069486473
1   105   12   4      -0.444538138677
1   105   13   4       0.126451835625
1   111   12   5       0.080193199503
2   103   11   5       0.126451834415
2   103   11   6       0.444538137215
2   103   12   4       0.080069485372
2   103   13   4       0.281482194862
2   104   11   5      -0.444538138837
2   104   11   6       0.126451835604
2   104   12   4      -0.281482196359
2   104   13   4       0.080069486495
2   105   11   4       0.782077378192
2   107   11   4      -0.059058142771
4   105   11   4      -0.059058142771
8   104   12   5       0.080193199501
9   103   13   6       0.080193200572
103   0   5   12       0.108587640959
103   0   5   13       0.203981722090
103   0   6   12       0.203981721942
103   0   6   13       0.767656111684
103   1   5   12      -0.203981715244
103   1   5   13      -0.244374491092
103   1   6   12      -0.414693976309
103   1   6   13       0.203981715265
103   2   4   12       0.080069485372
103   2   4   13       0.281482194862
103   2   5   11       0.126451834415
103   2   6   11       0.444538137215
103   9   6   13       0.080193200572
104   0   5   12      -0.203981715137
104   0   5   13      -0.414693977004
104   0   6   12      -0.244374490407
104   0   6   13       0.203981715369
104   1   5   12       0.767656112812
104   1   5   13      -0.203981722746
104   1   6   12      -0.203981722362
104   1   6   13       0.108587641024
104   2   4   12      -0.281482196359
104   2   4   13       0.080069486495
104   2   5   11      -0.444538138837
104   2   6   11       0.126451835604
104   8   5   12       0.080193199501
105   0   4   12       0.126451834428
105   0   4   13       0.444538136958
105   0   5   11       0.080069485358
105   0   6   11       0.281482195083
105   1   4   12      -0.444538138677
105   1   4   13       0.126451835625
105   1   5   11      -0.281482196600
105   1   6   11       0.080069486473
105   2   4   11       0.782077378192
105   4   4   11      -0.059058142771
107   2   4   11      -0.059058142771
111   1   5   12       0.080193199503
112   0   6   13       0.080193200573
103   0   12   5      -0.108587640959
103   0   12   6      -0.203981721942
103   0   13   5      -0.203981722090
103   0   13   6      -0.767656111684
103   1   12   5       0.203981715244
103   1   12   6       0.414693976309
103   1   13   5       0.244374491092
103   1   13   6      -0.203981715265
103   2   11   5      -0.126451834415
103   2   11   6      -0.444538137215
103   2   12   4      -0.080069485372
103   2   13   4      -0.281482194862
103   9   13   6      -0.080193200572
104   0   12   5       0.203981715137
104   0   12   6       0.244374490407
104   0   13   5       0.414693977004
104   0   13   6      -0.203981715369
104   1   12   5      -0.767656112812
104   1   12   6       0.203981722362
104   1   13   5       0.203981722746
104   1   13   6      -0.108587641024
104   2   11   5       0.444538138837
104   2   11   6      -0.126451835604
104   2   12   4       0.281482196359
104   2   13   4      -0.080069486495
104   8   12   5      -0.080193199501
105   0   11   5      -0.080069485358
105   0   11   6      -0.281482195083
105   0   12   4      -0.126451834428
105   0   13   4      -0.444538136958
105   1   11   5       0.281482196600
105   1   11   6      -0.080069486473
105   1   12   4       0.444538138677
105   1   13   4      -0.126451835625
105   2   11   4      -0.782077378192
105   4   11   4       0.059058142771
107   2   11   4       0.059058142771
111   1   12   5      -0.080193199503
112   0   13   6      -0.080193200573
103   104   12   13       0.170319487445
103   104   13   12      -0.170319487448
103   105   11   13      -0.163055942009
103   105   13   11       0.163055941997
104   103   12   13      -0.170319487445
104   103   13   12       0.170319487448
104   105   11   12       0.163055942077
104   105   12   11      -0.163055942105
105   103   11   13       0.163055942009
105   103   13   11      -0.163055941997
105   104   11   12      -0.163055942077
105   104   12   11       0.163055942105

