Begin IJ Block
1   1   -25.6823082383
1   2   0.0000000014
1   3   -0.4823180600
1   4   0.0000006170
1   5   -0.0244009477
2   2   -25.6823965622
2   3   -0.0000006085
2   4   -0.4886749172
2   5   -0.0000000313
3   3   -6.5811901146
3   4   0.0000000018
3   5   0.1412528157
4   4   -6.5959855234
4   5   0.0000000017
5   5   -6.0877965190
6   6   -6.0822312927
6   7   -0.0000000000
7   7   -6.0822312927

End IJ Block
Begin IA Block
1   3   0.0000000452
2   3   -0.0354926327
3   3   0.0000000001
4   3   -0.2645789993
5   3   -0.0000000004
6   1   0.0000000008
6   2   -0.0000000015
7   1   -0.0000000007
7   2   -0.0000000026

End IA Block
Begin AB Block
1   1   -5.8940863295
1   2   0.0000000000
2   2   -5.8940863295
3   3   -6.0326432412

End AB Block
Begin IJAB Block
1   8   1   4   0.0132701654
1   8   2   5   0.0132701654
1   8   3   6   0.0144603486
1   9   1   4   -0.0000000000
1   9   1   5   0.0000000000
1   9   2   4   0.0000000000
1   9   2   5   -0.0000000000
1   9   3   6   0.0000000000
1   10   1   4   -0.0135018290
1   10   2   5   -0.0135018290
1   10   3   6   -0.0140550762
1   11   1   4   0.0000000176
1   11   1   5   -0.0000000000
1   11   2   4   -0.0000000000
1   11   2   5   0.0000000176
1   11   3   6   0.0000000183
1   12   1   4   -0.0006226065
1   12   2   5   -0.0006226065
1   12   3   6   -0.0002725878
1   13   1   6   0.0015416866
1   13   2   6   0.0007372363
1   13   3   4   -0.0010993420
1   13   3   5   -0.0005257066
1   14   1   6   -0.0007372363
1   14   2   6   0.0015416866
1   14   3   4   0.0005257066
1   14   3   5   -0.0010993420
2   8   1   4   -0.0000000000
2   8   1   5   0.0000000000
2   8   2   4   0.0000000000
2   8   2   5   -0.0000000000
2   8   3   6   0.0000000000
2   9   1   4   0.0132903866
2   9   2   5   0.0132903866
2   9   3   6   0.0145072078
2   10   1   4   -0.0000000170
2   10   1   5   -0.0000000000
2   10   2   4   -0.0000000000
2   10   2   5   -0.0000000171
2   10   3   6   -0.0000000178
2   11   1   4   -0.0139161444
2   11   2   5   -0.0139161444
2   11   3   6   -0.0146129140
2   12   1   4   -0.0000000008
2   12   2   5   -0.0000000008
2   12   3   6   -0.0000000002
2   13   1   6   0.0000000020
2   13   2   6   0.0000000009
2   13   3   4   -0.0000000014
2   13   3   5   -0.0000000007
2   14   1   6   -0.0000000009
2   14   2   6   0.0000000020
2   14   3   4   0.0000000007
2   14   3   5   -0.0000000014
3   8   1   4   -0.0135018290
3   8   2   5   -0.0135018290
3   8   3   6   -0.0140550762
3   9   1   4   -0.0000000170
3   9   1   5   -0.0000000000
3   9   2   4   -0.0000000000
3   9   2   5   -0.0000000171
3   9   3   6   -0.0000000178
3   10   1   4   0.0583317435
3   10   2   5   0.0583317435
3   10   3   6   0.0614240976
3   11   1   4   -0.0000000000
3   11   1   5   0.0000000000
3   11   2   4   0.0000000000
3   11   2   5   0.0000000001
3   11   3   6   0.0000000009
3   12   1   4   0.0029502327
3   12   2   5   0.0029502327
3   12   3   6   -0.0122466033
3   13   1   6   -0.0068115711
3   13   2   6   -0.0032573014
3   13   3   4   -0.0088016524
3   13   3   5   -0.0042089606
3   14   1   6   0.0032573014
3   14   2   6   -0.0068115711
3   14   3   4   0.0042089606
3   14   3   5   -0.0088016524
4   8   1   4   0.0000000176
4   8   1   5   -0.0000000000
4   8   2   4   -0.0000000000
4   8   2   5   0.0000000176
4   8   3   6   0.0000000183
4   9   1   4   -0.0139161444
4   9   2   5   -0.0139161444
4   9   3   6   -0.0146129140
4   10   1   4   -0.0000000000
4   10   1   5   0.0000000000
4   10   2   4   0.0000000000
4   10   2   5   0.0000000001
4   10   3   6   0.0000000009
4   11   1   4   0.0617446194
4   11   2   5   0.0617446194
4   11   3   6   0.0645103609
4   12   1   4   0.0000000002
4   12   1   5   -0.0000000000
4   12   2   4   -0.0000000000
4   12   2   5   -0.0000000002
4   12   3   6   -0.0000000004
4   13   1   6   0.0000000001
4   13   2   6   -0.0000000001
4   13   3   4   -0.0000000001
4   13   3   5   0.0000000000
4   14   1   6   -0.0000000001
4   14   2   6   -0.0000000002
4   14   3   4   0.0000000000
4   14   3   5   0.0000000001
5   8   1   4   -0.0006226065
5   8   2   5   -0.0006226065
5   8   3   6   -0.0002725878
5   9   1   4   -0.0000000008
5   9   2   5   -0.0000000008
5   9   3   6   -0.0000000002
5   10   1   4   0.0029502327
5   10   2   5   0.0029502327
5   10   3   6   -0.0122466033
5   11   1   4   0.0000000002
5   11   1   5   -0.0000000000
5   11   2   4   -0.0000000000
5   11   2   5   -0.0000000002
5   11   3   6   -0.0000000004
5   12   1   4   0.0227901010
5   12   2   5   0.0227901010
5   12   3   6   0.2346707552
5   13   1   6   0.0219857618
5   13   2   6   0.0105136175
5   13   3   4   0.1740249974
5   13   3   5   0.0832189611
5   14   1   6   -0.0105136175
5   14   2   6   0.0219857618
5   14   3   4   -0.0832189611
5   14   3   5   0.1740249974
6   8   1   6   -0.0010993420
6   8   2   6   -0.0005257066
6   8   3   4   0.0015416866
6   8   3   5   0.0007372363
6   9   1   6   -0.0000000014
6   9   2   6   -0.0000000007
6   9   3   4   0.0000000020
6   9   3   5   0.0000000009
6   10   1   6   -0.0088016524
6   10   2   6   -0.0042089606
6   10   3   4   -0.0068115711
6   10   3   5   -0.0032573014
6   11   1   6   -0.0000000001
6   11   2   6   0.0000000000
6   11   3   4   0.0000000001
6   11   3   5   -0.0000000001
6   12   1   6   0.1740249974
6   12   2   6   0.0832189611
6   12   3   4   0.0219857618
6   12   3   5   0.0105136175
6   13   1   4   0.2060148877
6   13   1   5   0.0870547112
6   13   2   4   0.0870547111
6   13   2   5   0.0655983488
6   13   3   6   0.0244958039
6   14   1   4   -0.0870547131
6   14   1   5   0.1563950139
6   14   2   4   -0.0159784768
6   14   2   5   0.0870547132
7   8   1   6   0.0005257066
7   8   2   6   -0.0010993420
7   8   3   4   -0.0007372363
7   8   3   5   0.0015416866
7   9   1   6   0.0000000007
7   9   2   6   -0.0000000014
7   9   3   4   -0.0000000009
7   9   3   5   0.0000000020
7   10   1   6   0.0042089606
7   10   2   6   -0.0088016524
7   10   3   4   0.0032573014
7   10   3   5   -0.0068115711
7   11   1   6   0.0000000000
7   11   2   6   0.0000000001
7   11   3   4   -0.0000000001
7   11   3   5   -0.0000000002
7   12   1   6   -0.0832189611
7   12   2   6   0.1740249974
7   12   3   4   -0.0105136175
7   12   3   5   0.0219857618
7   13   1   4   -0.0870547131
7   13   1   5   -0.0159784768
7   13   2   4   0.1563950139
7   13   2   5   0.0870547132
7   14   1   4   0.0655983488
7   14   1   5   -0.0870547111
7   14   2   4   -0.0870547111
7   14   2   5   0.2060148877
7   14   3   6   0.0244958039

End IJAB Block
Begin IJKL Block
1   8   1   8   2.1444053665
1   8   1   9   -0.0000049624
1   8   1   10   0.1984314112
1   8   1   11   -0.0000007638
1   8   1   12   0.0065963715
1   8   2   8   -0.0000049624
1   8   2   9   1.9620136188
1   8   2   10   -0.0000002517
1   8   2   11   0.2014148239
1   8   2   12   -0.0000000054
1   8   3   8   0.1984314112
1   8   3   9   -0.0000002517
1   8   3   10   0.0291333182
1   8   3   11   -0.0000000748
1   8   3   12   0.0007063126
1   8   4   8   -0.0000007638
1   8   4   9   0.2014148239
1   8   4   10   -0.0000000748
1   8   4   11   0.0300490584
1   8   4   12   -0.0000000036
1   8   5   8   0.0065963715
1   8   5   9   -0.0000000054
1   8   5   10   0.0007063126
1   8   5   11   -0.0000000036
1   8   5   12   0.0118066156
1   8   6   13   0.0123048607
1   8   7   14   0.0123048607
1   9   1   8   -0.0000049624
1   9   1   9   2.1444464329
1   9   1   10   -0.0000002518
1   9   1   11   0.2015027110
1   9   1   12   -0.0000000024
1   9   2   8   1.9620162001
1   9   2   9   0.0000049623
1   9   2   10   0.1985416278
1   9   2   11   0.0000002551
1   9   2   12   0.0042795957
1   9   3   8   -0.0000002517
1   9   3   9   0.1984438363
1   9   3   10   -0.0000000002
1   9   3   11   0.0295339209
1   9   3   12   -0.0000000000
1   9   4   8   0.2014050341
1   9   4   9   0.0000002550
1   9   4   10   0.0295464384
1   9   4   11   0.0000000000
1   9   4   12   0.0014246003
1   9   5   8   -0.0000000054
1   9   5   9   0.0065899913
1   9   5   10   -0.0000000000
1   9   5   11   0.0014302919
1   9   5   12   0.0000000002
1   9   6   13   0.0000000000
1   9   6   14   -0.0000000000
1   9   7   13   -0.0000000000
1   9   7   14   0.0000000000
1   10   1   8   0.1984314112
1   10   1   9   -0.0000002518
1   10   1   10   0.5754225132
1   10   1   11   -0.0000010028
1   10   1   12   -0.0064425931
1   10   2   8   -0.0000002517
1   10   2   9   0.1985520776
1   10   2   10   -0.0000000021
1   10   2   11   0.3964543795
1   10   2   12   0.0000000000
1   10   3   8   0.0311717126
1   10   3   9   -0.0000000002
1   10   3   10   0.0083021245
1   10   3   11   -0.0000000110
1   10   3   12   0.0003741323
1   10   4   8   -0.0000000795
1   10   4   9   0.0314031619
1   10   4   10   -0.0000000112
1   10   4   11   0.0089357653
1   10   4   12   0.0000000005
1   10   5   8   0.0007335536
1   10   5   9   -0.0000000000
1   10   5   10   0.0016532042
1   10   5   11   0.0000000019
1   10   5   12   -0.0139028218
1   10   6   13   -0.0141310789
1   10   7   14   -0.0141310789
1   11   1   8   -0.0000007638
1   11   1   9   0.2015027110
1   11   1   10   -0.0000010028
1   11   1   11   0.5816208406
1   11   1   12   -0.0000001072
1   11   2   8   0.2014050341
1   11   2   9   0.0000002551
1   11   2   10   0.3964744935
1   11   2   11   0.0000000018
1   11   2   12   0.0424180124
1   11   3   8   -0.0000000795
1   11   3   9   0.0314106960
1   11   3   10   -0.0000000114
1   11   3   11   0.0088946014
1   11   3   12   -0.0000000009
1   11   4   8   0.0322018440
1   11   4   9   0.0000000001
1   11   4   10   0.0086093476
1   11   4   11   -0.0000000109
1   11   4   12   -0.0000400104
1   11   5   8   -0.0000000035
1   11   5   9   0.0014111889
1   11   5   10   0.0000000017
1   11   5   11   -0.0000659582
1   11   5   12   0.0000000168
1   11   6   13   0.0000000177
1   11   6   14   0.0000000000
1   11   7   13   0.0000000000
1   11   7   14   0.0000000177
1   12   1   8   0.0065963715
1   12   1   9   -0.0000000024
1   12   1   10   -0.0064425931
1   12   1   11   -0.0000001072
1   12   1   12   0.5580677170
1   12   2   8   -0.0000000054
1   12   2   9   0.0042818371
1   12   2   10   0.0000000000
1   12   2   11   0.0424159968
1   12   2   12   0.0000000001
1   12   3   8   0.0007335536
1   12   3   9   -0.0000000000
1   12   3   10   0.0003631237
1   12   3   11   -0.0000000008
1   12   3   12   0.0059617393
1   12   4   8   -0.0000000035
1   12   4   9   0.0014032142
1   12   4   10   0.0000000004
1   12   4   11   0.0000226015
1   12   4   12   -0.0000000077
1   12   5   8   0.0143035354
1   12   5   9   0.0000000002
1   12   5   10   -0.0147252234
1   12   5   11   0.0000000180
1   12   5   12   0.0008466751
1   12   6   13   -0.0003113081
1   12   7   14   -0.0003113081
1   13   1   13   0.5642904128
1   13   1   14   0.0000000000
1   13   2   13   -0.0000000004
1   13   2   14   0.0000000001
1   13   3   13   0.0063087938
1   13   3   14   0.0000000000
1   13   4   13   -0.0000000081
1   13   4   14   -0.0000000000
1   13   5   13   0.0013008558
1   13   6   8   0.0150293604
1   13   6   9   -0.0000000000
1   13   6   10   -0.0150600341
1   13   6   11   0.0000000190
1   13   6   12   -0.0004282952
1   13   7   9   0.0000000001
1   13   7   11   -0.0000000001
1   14   1   13   0.0000000000
1   14   1   14   0.5642904128
1   14   2   13   0.0000000001
1   14   2   14   -0.0000000002
1   14   3   14   0.0063087938
1   14   4   13   -0.0000000000
1   14   4   14   -0.0000000081
1   14   5   14   0.0013008558
1   14   6   9   0.0000000001
1   14   6   11   -0.0000000001
1   14   7   8   0.0150293604
1   14   7   9   0.0000000001
1   14   7   10   -0.0150600341
1   14   7   11   0.0000000189
1   14   7   12   -0.0004282952
2   8   1   8   -0.0000049624
2   8   1   9   1.9620162001
2   8   1   10   -0.0000002517
2   8   1   11   0.2014050341
2   8   1   12   -0.0000000054
2   8   2   8   2.1444464329
2   8   2   9   0.0000049623
2   8   2   10   0.1984438363
2   8   2   11   0.0000002550
2   8   2   12   0.0065899913
2   8   3   8   -0.0000002518
2   8   3   9   0.1985416278
2   8   3   10   -0.0000000002
2   8   3   11   0.0295464384
2   8   3   12   -0.0000000000
2   8   4   8   0.2015027110
2   8   4   9   0.0000002551
2   8   4   10   0.0295339209
2   8   4   11   0.0000000000
2   8   4   12   0.0014302919
2   8   5   8   -0.0000000024
2   8   5   9   0.0042795957
2   8   5   10   -0.0000000000
2   8   5   11   0.0014246003
2   8   5   12   0.0000000002
2   8   6   13   0.0000000000
2   8   6   14   -0.0000000000
2   8   7   13   -0.0000000000
2   8   7   14   0.0000000000
2   9   1   8   1.9620136188
2   9   1   9   0.0000049623
2   9   1   10   0.1985520776
2   9   1   11   0.0000002551
2   9   1   12   0.0042818371
2   9   2   8   0.0000049623
2   9   2   9   2.1444857958
2   9   2   10   0.0000007525
2   9   2   11   0.2015017830
2   9   2   12   0.0000000192
2   9   3   8   0.1985520776
2   9   3   9   0.0000007525
2   9   3   10   0.0291130543
2   9   3   11   0.0000000746
2   9   3   12   0.0007069921
2   9   4   8   0.0000002551
2   9   4   9   0.2015017830
2   9   4   10   0.0000000746
2   9   4   11   0.0300731100
2   9   4   12   0.0000000036
2   9   5   8   0.0042818371
2   9   5   9   0.0000000192
2   9   5   10   0.0007069921
2   9   5   11   0.0000000036
2   9   5   12   0.0117455592
2   9   6   13   0.0122711766
2   9   7   14   0.0122711766
2   10   1   8   -0.0000002517
2   10   1   9   0.1985416278
2   10   1   10   -0.0000000021
2   10   1   11   0.3964744935
2   10   1   12   0.0000000000
2   10   2   8   0.1984438363
2   10   2   9   0.0000007525
2   10   2   10   0.5754101431
2   10   2   11   0.0000010027
2   10   2   12   -0.0064364410
2   10   3   8   -0.0000000002
2   10   3   9   0.0311724182
2   10   3   10   0.0000000104
2   10   3   11   0.0086558743
2   10   3   12   0.0000000004
2   10   4   8   0.0314106960
2   10   4   9   0.0000000794
2   10   4   10   0.0087994106
2   10   4   11   0.0000000113
2   10   4   12   -0.0004437405
2   10   5   8   -0.0000000000
2   10   5   9   0.0007361608
2   10   5   10   0.0000000022
2   10   5   11   -0.0015324397
2   10   5   12   -0.0000000176
2   10   6   13   -0.0000000178
2   10   6   14   0.0000000000
2   10   7   13   0.0000000000
2   10   7   14   -0.0000000178
2   11   1   8   0.2014148239
2   11   1   9   0.0000002551
2   11   1   10   0.3964543795
2   11   1   11   0.0000000018
2   11   1   12   0.0424159968
2   11   2   8   0.0000002550
2   11   2   9   0.2015017830
2   11   2   10   0.0000010027
2   11   2   11   0.5816378970
2   11   2   12   0.0000001073
2   11   3   8   0.0314031619
2   11   3   9   0.0000000794
2   11   3   10   0.0089691100
2   11   3   11   0.0000000112
2   11   3   12   0.0007421913
2   11   4   8   0.0000000001
2   11   4   9   0.0322067018
2   11   4   10   0.0000000109
2   11   4   11   0.0086564710
2   11   4   12   0.0000000000
2   11   5   8   0.0014032142
2   11   5   9   0.0000000035
2   11   5   10   -0.0014080032
2   11   5   11   -0.0000000000
2   11   5   12   -0.0133809715
2   11   6   13   -0.0139906588
2   11   7   14   -0.0139906588
2   12   1   8   -0.0000000054
2   12   1   9   0.0042795957
2   12   1   10   0.0000000000
2   12   1   11   0.0424180124
2   12   1   12   0.0000000001
2   12   2   8   0.0065899913
2   12   2   9   0.0000000192
2   12   2   10   -0.0064364410
2   12   2   11   0.0000001073
2   12   2   12   0.5580678025
2   12   3   8   -0.0000000000
2   12   3   9   0.0007361608
2   12   3   10   0.0000000004
2   12   3   11   0.0007198630
2   12   3   12   0.0000000075
2   12   4   8   0.0014111889
2   12   4   9   0.0000000035
2   12   4   10   -0.0003368142
2   12   4   11   0.0000000001
2   12   4   12   0.0060769244
2   12   5   8   0.0000000002
2   12   5   9   0.0142477312
2   12   5   10   -0.0000000186
2   12   5   11   -0.0142949107
2   12   5   12   0.0000000011
2   12   6   13   -0.0000000004
2   12   6   14   0.0000000000
2   12   7   13   0.0000000000
2   12   7   14   -0.0000000004
2   13   1   13   -0.0000000004
2   13   1   14   0.0000000001
2   13   2   13   0.5642908539
2   13   2   14   0.0000000000
2   13   3   13   0.0000000080
2   13   3   14   -0.0000000000
2   13   4   13   0.0064221405
2   13   4   14   0.0000000000
2   13   5   13   0.0000000017
2   13   5   14   0.0000000000
2   13   6   8   -0.0000000000
2   13   6   9   0.0150001894
2   13   6   10   -0.0000000189
2   13   6   11   -0.0150257136
2   13   6   12   -0.0000000006
2   13   7   8   0.0000000001
2   13   7   10   -0.0000000001
2   13   7   12   -0.0000000000
2   14   1   13   0.0000000001
2   14   1   14   -0.0000000002
2   14   2   13   0.0000000000
2   14   2   14   0.5642908539
2   14   3   13   -0.0000000000
2   14   3   14   0.0000000079
2   14   4   14   0.0064221405
2   14   5   13   0.0000000000
2   14   5   14   0.0000000017
2   14   6   8   0.0000000001
2   14   6   10   -0.0000000001
2   14   6   12   -0.0000000000
2   14   7   8   0.0000000001
2   14   7   9   0.0150001894
2   14   7   10   -0.0000000190
2   14   7   11   -0.0150257136
2   14   7   12   -0.0000000006
3   8   1   8   0.1984314112
3   8   1   9   -0.0000002517
3   8   1   10   0.0311717126
3   8   1   11   -0.0000000795
3   8   1   12   0.0007335536
3   8   2   8   -0.0000002518
3   8   2   9   0.1985520776
3   8   2   10   -0.0000000002
3   8   2   11   0.0314031619
3   8   2   12   -0.0000000000
3   8   3   8   0.5754225132
3   8   3   9   -0.0000000021
3   8   3   10   0.0083021245
3   8   3   11   -0.0000000112
3   8   3   12   0.0016532042
3   8   4   8   -0.0000010028
3   8   4   9   0.3964543795
3   8   4   10   -0.0000000110
3   8   4   11   0.0089357653
3   8   4   12   0.0000000019
3   8   5   8   -0.0064425931
3   8   5   9   0.0000000000
3   8   5   10   0.0003741323
3   8   5   11   0.0000000005
3   8   5   12   -0.0139028218
3   8   6   13   -0.0141310789
3   8   7   14   -0.0141310789
3   9   1   8   -0.0000002517
3   9   1   9   0.1984438363
3   9   1   10   -0.0000000002
3   9   1   11   0.0314106960
3   9   1   12   -0.0000000000
3   9   2   8   0.1985416278
3   9   2   9   0.0000007525
3   9   2   10   0.0311724182
3   9   2   11   0.0000000794
3   9   2   12   0.0007361608
3   9   3   8   -0.0000000021
3   9   3   9   0.5754101431
3   9   3   10   0.0000000104
3   9   3   11   0.0087994106
3   9   3   12   0.0000000022
3   9   4   8   0.3964744935
3   9   4   9   0.0000010027
3   9   4   10   0.0086558743
3   9   4   11   0.0000000113
3   9   4   12   -0.0015324397
3   9   5   8   0.0000000000
3   9   5   9   -0.0064364410
3   9   5   10   0.0000000004
3   9   5   11   -0.0004437405
3   9   5   12   -0.0000000176
3   9   6   13   -0.0000000178
3   9   6   14   0.0000000000
3   9   7   13   0.0000000000
3   9   7   14   -0.0000000178
3   10   1   8   0.0291333182
3   10   1   9   -0.0000000002
3   10   1   10   0.0083021245
3   10   1   11   -0.0000000114
3   10   1   12   0.0003631237
3   10   2   8   -0.0000000002
3   10   2   9   0.0291130543
3   10   2   10   0.0000000104
3   10   2   11   0.0089691100
3   10   2   12   0.0000000004
3   10   3   8   0.0083021245
3   10   3   9   0.0000000104
3   10   3   10   0.4280062686
3   10   3   11   -0.0000000013
3   10   3   12   -0.0119529819
3   10   4   8   -0.0000000114
3   10   4   9   0.0089691100
3   10   4   10   -0.0000000013
3   10   4   11   0.2446763509
3   10   4   12   -0.0000000001
3   10   5   8   0.0003631237
3   10   5   9   0.0000000004
3   10   5   10   -0.0119529819
3   10   5   11   -0.0000000001
3   10   5   12   0.0624244203
3   10   6   13   0.0594752163
3   10   7   13   0.0000000000
3   10   7   14   0.0594752163
3   11   1   8   -0.0000000748
3   11   1   9   0.0295339209
3   11   1   10   -0.0000000110
3   11   1   11   0.0088946014
3   11   1   12   -0.0000000008
3   11   2   8   0.0295464384
3   11   2   9   0.0000000746
3   11   2   10   0.0086558743
3   11   2   11   0.0000000112
3   11   2   12   0.0007198630
3   11   3   8   -0.0000000112
3   11   3   9   0.0087994106
3   11   3   10   -0.0000000013
3   11   3   11   0.4265808527
3   11   3   12   -0.0000000005
3   11   4   8   0.0086093476
3   11   4   9   0.0000000109
3   11   4   10   0.2472880360
3   11   4   11   0.0000000011
3   11   4   12   0.0332041509
3   11   5   8   0.0000000004
3   11   5   9   -0.0003368142
3   11   5   10   0.0000000000
3   11   5   11   -0.0032084895
3   11   5   12   0.0000000009
3   11   6   13   -0.0000000001
3   11   6   14   0.0000000001
3   11   7   13   0.0000000001
3   11   7   14   0.0000000000
3   12   1   8   0.0007063126
3   12   1   9   -0.0000000000
3   12   1   10   0.0003741323
3   12   1   11   -0.0000000009
3   12   1   12   0.0059617393
3   12   2   8   -0.0000000000
3   12   2   9   0.0007069921
3   12   2   10   0.0000000004
3   12   2   11   0.0007421913
3   12   2   12   0.0000000075
3   12   3   8   0.0016532042
3   12   3   9   0.0000000022
3   12   3   10   -0.0119529819
3   12   3   11   -0.0000000005
3   12   3   12   0.4141998601
3   12   4   8   0.0000000017
3   12   4   9   -0.0014080032
3   12   4   10   0.0000000000
3   12   4   11   0.0327034072
3   12   4   12   0.0000000000
3   12   5   8   -0.0147252234
3   12   5   9   -0.0000000186
3   12   5   10   0.0631031770
3   12   5   11   0.0000000010
3   12   5   12   -0.0128366761
3   12   6   13   0.0004010987
3   12   7   14   0.0004010987
3   13   1   13   0.0063087938
3   13   2   13   0.0000000080
3   13   2   14   -0.0000000000
3   13   3   13   0.4136452704
3   13   3   14   0.0000000000
3   13   4   13   -0.0000000003
3   13   4   14   -0.0000000000
3   13   5   13   -0.0108626495
3   13   6   8   -0.0150600341
3   13   6   9   -0.0000000189
3   13   6   10   0.0606713837
3   13   6   11   -0.0000000002
3   13   6   12   -0.0004613559
3   13   7   9   -0.0000000001
3   13   7   11   0.0000000002
3   14   1   13   0.0000000000
3   14   1   14   0.0063087938
3   14   2   13   -0.0000000000
3   14   2   14   0.0000000079
3   14   3   13   0.0000000000
3   14   3   14   0.4136452704
3   14   4   13   -0.0000000000
3   14   4   14   -0.0000000003
3   14   5   14   -0.0108626495
3   14   6   9   -0.0000000001
3   14   6   11   0.0000000002
3   14   7   8   -0.0150600341
3   14   7   9   -0.0000000190
3   14   7   10   0.0606713837
3   14   7   11   0.0000000000
3   14   7   12   -0.0004613559
4   8   1   8   -0.0000007638
4   8   1   9   0.2014050341
4   8   1   10   -0.0000000795
4   8   1   11   0.0322018440
4   8   1   12   -0.0000000035
4   8   2   8   0.2015027110
4   8   2   9   0.0000002551
4   8   2   10   0.0314106960
4   8   2   11   0.0000000001
4   8   2   12   0.0014111889
4   8   3   8   -0.0000010028
4   8   3   9   0.3964744935
4   8   3   10   -0.0000000114
4   8   3   11   0.0086093476
4   8   3   12   0.0000000017
4   8   4   8   0.5816208406
4   8   4   9   0.0000000018
4   8   4   10   0.0088946014
4   8   4   11   -0.0000000109
4   8   4   12   -0.0000659582
4   8   5   8   -0.0000001072
4   8   5   9   0.0424180124
4   8   5   10   -0.0000000009
4   8   5   11   -0.0000400104
4   8   5   12   0.0000000168
4   8   6   13   0.0000000177
4   8   6   14   0.0000000000
4   8   7   13   0.0000000000
4   8   7   14   0.0000000177
4   9   1   8   0.2014148239
4   9   1   9   0.0000002550
4   9   1   10   0.0314031619
4   9   1   11   0.0000000001
4   9   1   12   0.0014032142
4   9   2   8   0.0000002551
4   9   2   9   0.2015017830
4   9   2   10   0.0000000794
4   9   2   11   0.0322067018
4   9   2   12   0.0000000035
4   9   3   8   0.3964543795
4   9   3   9   0.0000010027
4   9   3   10   0.0089691100
4   9   3   11   0.0000000109
4   9   3   12   -0.0014080032
4   9   4   8   0.0000000018
4   9   4   9   0.5816378970
4   9   4   10   0.0000000112
4   9   4   11   0.0086564710
4   9   4   12   -0.0000000000
4   9   5   8   0.0424159968
4   9   5   9   0.0000001073
4   9   5   10   0.0007421913
4   9   5   11   0.0000000000
4   9   5   12   -0.0133809715
4   9   6   13   -0.0139906588
4   9   7   14   -0.0139906588
4   10   1   8   -0.0000000748
4   10   1   9   0.0295464384
4   10   1   10   -0.0000000112
4   10   1   11   0.0086093476
4   10   1   12   0.0000000004
4   10   2   8   0.0295339209
4   10   2   9   0.0000000746
4   10   2   10   0.0087994106
4   10   2   11   0.0000000109
4   10   2   12   -0.0003368142
4   10   3   8   -0.0000000110
4   10   3   9   0.0086558743
4   10   3   10   -0.0000000013
4   10   3   11   0.2472880360
4   10   3   12   0.0000000000
4   10   4   8   0.0088946014
4   10   4   9   0.0000000112
4   10   4   10   0.4265808527
4   10   4   11   0.0000000011
4   10   4   12   -0.0032084895
4   10   5   8   -0.0000000008
4   10   5   9   0.0007198630
4   10   5   10   -0.0000000005
4   10   5   11   0.0332041509
4   10   5   12   0.0000000009
4   10   6   13   -0.0000000001
4   10   6   14   0.0000000001
4   10   7   13   0.0000000001
4   10   7   14   0.0000000000
4   11   1   8   0.0300490584
4   11   1   9   0.0000000000
4   11   1   10   0.0089357653
4   11   1   11   -0.0000000109
4   11   1   12   0.0000226015
4   11   2   8   0.0000000000
4   11   2   9   0.0300731100
4   11   2   10   0.0000000113
4   11   2   11   0.0086564710
4   11   2   12   0.0000000001
4   11   3   8   0.0089357653
4   11   3   9   0.0000000113
4   11   3   10   0.2446763509
4   11   3   11   0.0000000011
4   11   3   12   0.0327034072
4   11   4   8   -0.0000000109
4   11   4   9   0.0086564710
4   11   4   10   0.0000000011
4   11   4   11   0.4317744185
4   11   4   12   -0.0000000001
4   11   5   8   0.0000226015
4   11   5   9   0.0000000001
4   11   5   10   0.0327034072
4   11   5   11   -0.0000000001
4   11   5   12   0.0575336512
4   11   6   13   0.0572061109
4   11   7   13   0.0000000000
4   11   7   14   0.0572061109
4   12   1   8   -0.0000000036
4   12   1   9   0.0014246003
4   12   1   10   0.0000000005
4   12   1   11   -0.0000400104
4   12   1   12   -0.0000000077
4   12   2   8   0.0014302919
4   12   2   9   0.0000000036
4   12   2   10   -0.0004437405
4   12   2   11   0.0000000000
4   12   2   12   0.0060769244
4   12   3   8   0.0000000019
4   12   3   9   -0.0015324397
4   12   3   10   -0.0000000001
4   12   3   11   0.0332041509
4   12   3   12   0.0000000000
4   12   4   8   -0.0000659582
4   12   4   9   -0.0000000000
4   12   4   10   -0.0032084895
4   12   4   11   -0.0000000001
4   12   4   12   0.4134796785
4   12   5   8   0.0000000180
4   12   5   9   -0.0142949107
4   12   5   10   0.0000000010
4   12   5   11   0.0574106636
4   12   5   12   -0.0000000002
4   12   6   13   -0.0000000002
4   12   6   14   0.0000000002
4   12   7   13   0.0000000002
4   12   7   14   0.0000000001
4   13   1   13   -0.0000000081
4   13   1   14   -0.0000000000
4   13   2   13   0.0064221405
4   13   3   13   -0.0000000003
4   13   3   14   -0.0000000000
4   13   4   13   0.4135047174
4   13   4   14   0.0000000000
4   13   5   13   -0.0000000002
4   13   5   14   -0.0000000000
4   13   6   8   0.0000000190
4   13   6   9   -0.0150257136
4   13   6   10   -0.0000000002
4   13   6   11   0.0564465912
4   13   6   12   0.0000000000
4   13   7   8   -0.0000000001
4   13   7   10   0.0000000002
4   13   7   12   -0.0000000000
4   14   1   13   -0.0000000000
4   14   1   14   -0.0000000081
4   14   2   13   0.0000000000
4   14   2   14   0.0064221405
4   14   3   13   -0.0000000000
4   14   3   14   -0.0000000003
4   14   4   13   0.0000000000
4   14   4   14   0.4135047174
4   14   5   13   -0.0000000000
4   14   5   14   -0.0000000002
4   14   6   8   -0.0000000001
4   14   6   10   0.0000000002
4   14   6   12   -0.0000000000
4   14   7   8   0.0000000189
4   14   7   9   -0.0150257136
4   14   7   10   0.0000000000
4   14   7   11   0.0564465912
4   14   7   12   0.0000000000
5   8   1   8   0.0065963715
5   8   1   9   -0.0000000054
5   8   1   10   0.0007335536
5   8   1   11   -0.0000000035
5   8   1   12   0.0143035354
5   8   2   8   -0.0000000024
5   8   2   9   0.0042818371
5   8   2   10   -0.0000000000
5   8   2   11   0.0014032142
5   8   2   12   0.0000000002
5   8   3   8   -0.0064425931
5   8   3   9   0.0000000000
5   8   3   10   0.0003631237
5   8   3   11   0.0000000004
5   8   3   12   -0.0147252234
5   8   4   8   -0.0000001072
5   8   4   9   0.0424159968
5   8   4   10   -0.0000000008
5   8   4   11   0.0000226015
5   8   4   12   0.0000000180
5   8   5   8   0.5580677170
5   8   5   9   0.0000000001
5   8   5   10   0.0059617393
5   8   5   11   -0.0000000077
5   8   5   12   0.0008466751
5   8   6   13   -0.0003113081
5   8   7   14   -0.0003113081
5   9   1   8   -0.0000000054
5   9   1   9   0.0065899913
5   9   1   10   -0.0000000000
5   9   1   11   0.0014111889
5   9   1   12   0.0000000002
5   9   2   8   0.0042795957
5   9   2   9   0.0000000192
5   9   2   10   0.0007361608
5   9   2   11   0.0000000035
5   9   2   12   0.0142477312
5   9   3   8   0.0000000000
5   9   3   9   -0.0064364410
5   9   3   10   0.0000000004
5   9   3   11   -0.0003368142
5   9   3   12   -0.0000000186
5   9   4   8   0.0424180124
5   9   4   9   0.0000001073
5   9   4   10   0.0007198630
5   9   4   11   0.0000000001
5   9   4   12   -0.0142949107
5   9   5   8   0.0000000001
5   9   5   9   0.5580678025
5   9   5   10   0.0000000075
5   9   5   11   0.0060769244
5   9   5   12   0.0000000011
5   9   6   13   -0.0000000004
5   9   6   14   0.0000000000
5   9   7   13   0.0000000000
5   9   7   14   -0.0000000004
5   10   1   8   0.0007063126
5   10   1   9   -0.0000000000
5   10   1   10   0.0016532042
5   10   1   11   0.0000000017
5   10   1   12   -0.0147252234
5   10   2   8   -0.0000000000
5   10   2   9   0.0007069921
5   10   2   10   0.0000000022
5   10   2   11   -0.0014080032
5   10   2   12   -0.0000000186
5   10   3   8   0.0003741323
5   10   3   9   0.0000000004
5   10   3   10   -0.0119529819
5   10   3   11   0.0000000000
5   10   3   12   0.0631031770
5   10   4   8   -0.0000000009
5   10   4   9   0.0007421913
5   10   4   10   -0.0000000005
5   10   4   11   0.0327034072
5   10   4   12   0.0000000010
5   10   5   8   0.0059617393
5   10   5   9   0.0000000075
5   10   5   10   0.4141998601
5   10   5   11   0.0000000000
5   10   5   12   -0.0128366761
5   10   6   13   0.0004010987
5   10   7   14   0.0004010987
5   11   1   8   -0.0000000036
5   11   1   9   0.0014302919
5   11   1   10   0.0000000019
5   11   1   11   -0.0000659582
5   11   1   12   0.0000000180
5   11   2   8   0.0014246003
5   11   2   9   0.0000000036
5   11   2   10   -0.0015324397
5   11   2   11   -0.0000000000
5   11   2   12   -0.0142949107
5   11   3   8   0.0000000005
5   11   3   9   -0.0004437405
5   11   3   10   -0.0000000001
5   11   3   11   -0.0032084895
5   11   3   12   0.0000000010
5   11   4   8   -0.0000400104
5   11   4   9   0.0000000000
5   11   4   10   0.0332041509
5   11   4   11   -0.0000000001
5   11   4   12   0.0574106636
5   11   5   8   -0.0000000077
5   11   5   9   0.0060769244
5   11   5   10   0.0000000000
5   11   5   11   0.4134796785
5   11   5   12   -0.0000000002
5   11   6   13   -0.0000000002
5   11   6   14   0.0000000002
5   11   7   13   0.0000000002
5   11   7   14   0.0000000001
5   12   1   8   0.0118066156
5   12   1   9   0.0000000002
5   12   1   10   -0.0139028218
5   12   1   11   0.0000000168
5   12   1   12   0.0008466751
5   12   2   8   0.0000000002
5   12   2   9   0.0117455592
5   12   2   10   -0.0000000176
5   12   2   11   -0.0133809715
5   12   2   12   0.0000000011
5   12   3   8   -0.0139028218
5   12   3   9   -0.0000000176
5   12   3   10   0.0624244203
5   12   3   11   0.0000000009
5   12   3   12   -0.0128366761
5   12   4   8   0.0000000168
5   12   4   9   -0.0133809715
5   12   4   10   0.0000000009
5   12   4   11   0.0575336512
5   12   4   12   -0.0000000002
5   12   5   8   0.0008466751
5   12   5   9   0.0000000011
5   12   5   10   -0.0128366761
5   12   5   11   -0.0000000002
5   12   5   12   0.4175182220
5   12   6   13   0.0135796582
5   12   7   14   0.0135796582
5   13   1   13   0.0013008558
5   13   2   13   0.0000000017
5   13   2   14   0.0000000000
5   13   3   13   -0.0108626495
5   13   4   13   -0.0000000002
5   13   4   14   -0.0000000000
5   13   5   13   0.3943487899
5   13   5   14   0.0000000000
5   13   6   8   -0.0004282952
5   13   6   9   -0.0000000006
5   13   6   10   -0.0004613559
5   13   6   11   0.0000000000
5   13   6   12   0.0066502468
5   13   7   9   -0.0000000000
5   13   7   11   -0.0000000000
5   13   7   12   0.0000000000
5   14   1   14   0.0013008558
5   14   2   13   0.0000000000
5   14   2   14   0.0000000017
5   14   3   14   -0.0108626495
5   14   4   13   -0.0000000000
5   14   4   14   -0.0000000002
5   14   5   13   0.0000000000
5   14   5   14   0.3943487899
5   14   6   9   -0.0000000000
5   14   6   11   -0.0000000000
5   14   6   12   -0.0000000000
5   14   7   8   -0.0004282952
5   14   7   9   -0.0000000006
5   14   7   10   -0.0004613559
5   14   7   11   0.0000000000
5   14   7   12   0.0066502468
6   8   1   13   0.0150293604
6   8   2   13   -0.0000000000
6   8   2   14   0.0000000001
6   8   3   13   -0.0150600341
6   8   4   13   0.0000000190
6   8   4   14   -0.0000000001
6   8   5   13   -0.0004282952
6   8   6   8   0.5642904128
6   8   6   9   -0.0000000004
6   8   6   10   0.0063087938
6   8   6   11   -0.0000000081
6   8   6   12   0.0013008558
6   8   7   8   0.0000000000
6   8   7   9   0.0000000001
6   8   7   10   0.0000000000
6   8   7   11   -0.0000000000
6   9   1   13   -0.0000000000
6   9   1   14   0.0000000001
6   9   2   13   0.0150001894
6   9   3   13   -0.0000000189
6   9   3   14   -0.0000000001
6   9   4   13   -0.0150257136
6   9   5   13   -0.0000000006
6   9   5   14   -0.0000000000
6   9   6   8   -0.0000000004
6   9   6   9   0.5642908539
6   9   6   10   0.0000000080
6   9   6   11   0.0064221405
6   9   6   12   0.0000000017
6   9   7   8   0.0000000001
6   9   7   9   0.0000000000
6   9   7   10   -0.0000000000
6   9   7   11   0.0000000000
6   9   7   12   0.0000000000
6   10   1   13   -0.0150600341
6   10   2   13   -0.0000000189
6   10   2   14   -0.0000000001
6   10   3   13   0.0606713837
6   10   4   13   -0.0000000002
6   10   4   14   0.0000000002
6   10   5   13   -0.0004613559
6   10   6   8   0.0063087938
6   10   6   9   0.0000000080
6   10   6   10   0.4136452704
6   10   6   11   -0.0000000003
6   10   6   12   -0.0108626495
6   10   7   9   -0.0000000000
6   10   7   10   0.0000000000
6   10   7   11   -0.0000000000
6   11   1   13   0.0000000190
6   11   1   14   -0.0000000001
6   11   2   13   -0.0150257136
6   11   3   13   -0.0000000002
6   11   3   14   0.0000000002
6   11   4   13   0.0564465912
6   11   5   13   0.0000000000
6   11   5   14   -0.0000000000
6   11   6   8   -0.0000000081
6   11   6   9   0.0064221405
6   11   6   10   -0.0000000003
6   11   6   11   0.4135047174
6   11   6   12   -0.0000000002
6   11   7   8   -0.0000000000
6   11   7   10   -0.0000000000
6   11   7   11   0.0000000000
6   11   7   12   -0.0000000000
6   12   1   13   -0.0004282952
6   12   2   13   -0.0000000006
6   12   2   14   -0.0000000000
6   12   3   13   -0.0004613559
6   12   4   13   0.0000000000
6   12   4   14   -0.0000000000
6   12   5   13   0.0066502468
6   12   5   14   -0.0000000000
6   12   6   8   0.0013008558
6   12   6   9   0.0000000017
6   12   6   10   -0.0108626495
6   12   6   11   -0.0000000002
6   12   6   12   0.3943487899
6   12   7   9   0.0000000000
6   12   7   11   -0.0000000000
6   12   7   12   0.0000000000
6   13   1   8   0.0123048607
6   13   1   9   0.0000000000
6   13   1   10   -0.0141310789
6   13   1   11   0.0000000177
6   13   1   12   -0.0003113081
6   13   2   8   0.0000000000
6   13   2   9   0.0122711766
6   13   2   10   -0.0000000178
6   13   2   11   -0.0139906588
6   13   2   12   -0.0000000004
6   13   3   8   -0.0141310789
6   13   3   9   -0.0000000178
6   13   3   10   0.0594752163
6   13   3   11   -0.0000000001
6   13   3   12   0.0004010987
6   13   4   8   0.0000000177
6   13   4   9   -0.0139906588
6   13   4   10   -0.0000000001
6   13   4   11   0.0572061109
6   13   4   12   -0.0000000002
6   13   5   8   -0.0003113081
6   13   5   9   -0.0000000004
6   13   5   10   0.0004010987
6   13   5   11   -0.0000000002
6   13   5   12   0.0135796582
6   13   6   13   0.4120472107
6   13   6   14   -0.0000000007
6   13   7   13   -0.0000000007
6   13   7   14   0.0135170175
6   14   1   9   -0.0000000000
6   14   1   11   0.0000000000
6   14   2   8   -0.0000000000
6   14   2   10   0.0000000000
6   14   2   12   0.0000000000
6   14   3   9   0.0000000000
6   14   3   11   0.0000000001
6   14   4   8   0.0000000000
6   14   4   10   0.0000000001
6   14   4   12   0.0000000002
6   14   5   9   0.0000000000
6   14   5   11   0.0000000002
6   14   6   13   -0.0000000007
6   14   6   14   0.3937363901
6   14   7   13   0.0047938046
6   14   7   14   0.0000000007
7   8   1   14   0.0150293604
7   8   2   13   0.0000000001
7   8   2   14   0.0000000001
7   8   3   14   -0.0150600341
7   8   4   13   -0.0000000001
7   8   4   14   0.0000000189
7   8   5   14   -0.0004282952
7   8   6   8   0.0000000000
7   8   6   9   0.0000000001
7   8   6   11   -0.0000000000
7   8   7   8   0.5642904128
7   8   7   9   -0.0000000002
7   8   7   10   0.0063087938
7   8   7   11   -0.0000000081
7   8   7   12   0.0013008558
7   9   1   13   0.0000000001
7   9   1   14   0.0000000001
7   9   2   14   0.0150001894
7   9   3   13   -0.0000000001
7   9   3   14   -0.0000000190
7   9   4   14   -0.0150257136
7   9   5   13   -0.0000000000
7   9   5   14   -0.0000000006
7   9   6   8   0.0000000001
7   9   6   9   0.0000000000
7   9   6   10   -0.0000000000
7   9   6   12   0.0000000000
7   9   7   8   -0.0000000002
7   9   7   9   0.5642908539
7   9   7   10   0.0000000079
7   9   7   11   0.0064221405
7   9   7   12   0.0000000017
7   10   1   14   -0.0150600341
7   10   2   13   -0.0000000001
7   10   2   14   -0.0000000190
7   10   3   14   0.0606713837
7   10   4   13   0.0000000002
7   10   4   14   0.0000000000
7   10   5   14   -0.0004613559
7   10   6   8   0.0000000000
7   10   6   9   -0.0000000000
7   10   6   10   0.0000000000
7   10   6   11   -0.0000000000
7   10   7   8   0.0063087938
7   10   7   9   0.0000000079
7   10   7   10   0.4136452704
7   10   7   11   -0.0000000003
7   10   7   12   -0.0108626495
7   11   1   13   -0.0000000001
7   11   1   14   0.0000000189
7   11   2   14   -0.0150257136
7   11   3   13   0.0000000002
7   11   3   14   0.0000000000
7   11   4   14   0.0564465912
7   11   5   13   -0.0000000000
7   11   5   14   0.0000000000
7   11   6   8   -0.0000000000
7   11   6   9   0.0000000000
7   11   6   10   -0.0000000000
7   11   6   11   0.0000000000
7   11   6   12   -0.0000000000
7   11   7   8   -0.0000000081
7   11   7   9   0.0064221405
7   11   7   10   -0.0000000003
7   11   7   11   0.4135047174
7   11   7   12   -0.0000000002
7   12   1   14   -0.0004282952
7   12   2   13   -0.0000000000
7   12   2   14   -0.0000000006
7   12   3   14   -0.0004613559
7   12   4   13   -0.0000000000
7   12   4   14   0.0000000000
7   12   5   13   0.0000000000
7   12   5   14   0.0066502468
7   12   6   9   0.0000000000
7   12   6   11   -0.0000000000
7   12   6   12   0.0000000000
7   12   7   8   0.0013008558
7   12   7   9   0.0000000017
7   12   7   10   -0.0108626495
7   12   7   11   -0.0000000002
7   12   7   12   0.3943487899
7   13   1   9   -0.0000000000
7   13   1   11   0.0000000000
7   13   2   8   -0.0000000000
7   13   2   10   0.0000000000
7   13   2   12   0.0000000000
7   13   3   9   0.0000000000
7   13   3   10   0.0000000000
7   13   3   11   0.0000000001
7   13   4   8   0.0000000000
7   13   4   10   0.0000000001
7   13   4   11   0.0000000000
7   13   4   12   0.0000000002
7   13   5   9   0.0000000000
7   13   5   11   0.0000000002
7   13   6   13   -0.0000000007
7   13   6   14   0.0047938046
7   13   7   13   0.3937363901
7   13   7   14   0.0000000008
7   14   1   8   0.0123048607
7   14   1   9   0.0000000000
7   14   1   10   -0.0141310789
7   14   1   11   0.0000000177
7   14   1   12   -0.0003113081
7   14   2   8   0.0000000000
7   14   2   9   0.0122711766
7   14   2   10   -0.0000000178
7   14   2   11   -0.0139906588
7   14   2   12   -0.0000000004
7   14   3   8   -0.0141310789
7   14   3   9   -0.0000000178
7   14   3   10   0.0594752163
7   14   3   11   0.0000000000
7   14   3   12   0.0004010987
7   14   4   8   0.0000000177
7   14   4   9   -0.0139906588
7   14   4   10   0.0000000000
7   14   4   11   0.0572061109
7   14   4   12   0.0000000001
7   14   5   8   -0.0003113081
7   14   5   9   -0.0000000004
7   14   5   10   0.0004010987
7   14   5   11   0.0000000001
7   14   5   12   0.0135796582
7   14   6   13   0.0135170175
7   14   6   14   0.0000000007
7   14   7   13   0.0000000008
7   14   7   14   0.4120472108

End IJKL Block
Begin ABCD Block
1   4   1   4   0.4087439621
1   4   1   5   -0.0000000002
1   4   2   4   -0.0000000002
1   4   2   5   0.0157282337
1   4   3   6   0.0165447135
1   5   1   4   -0.0000000002
1   5   1   5   0.3793546878
1   5   2   4   0.0136610373
1   5   2   5   0.0000000002
1   6   1   6   0.3887719211
1   6   3   4   0.0146886117
2   4   1   4   -0.0000000002
2   4   1   5   0.0136610373
2   4   2   4   0.3793546878
2   4   2   5   0.0000000002
2   5   1   4   0.0157282337
2   5   1   5   0.0000000002
2   5   2   4   0.0000000002
2   5   2   5   0.4087439621
2   5   3   6   0.0165447135
2   6   2   6   0.3887719211
2   6   3   5   0.0146886117
3   4   1   6   0.0146886117
3   4   2   6   0.0000000000
3   4   3   4   0.3887719211
3   5   2   6   0.0146886117
3   5   3   5   0.3887719211
3   6   1   4   0.0165447135
3   6   2   5   0.0165447135
3   6   3   6   0.4306541602

End ABCD Block
Begin AIJB Block
1   8   1   4   0.0125075103
1   8   2   4   -0.0000000000
1   8   2   5   0.0000000000
1   8   3   4   -0.0126319780
1   8   4   4   0.0000000164
1   8   4   5   -0.0000000000
1   8   5   4   -0.0004371470
1   8   6   6   -0.0012063842
1   8   7   6   0.0005768943
1   9   1   4   -0.0000000000
1   9   1   5   0.0000000000
1   9   2   4   0.0125269216
1   9   3   4   -0.0000000159
1   9   3   5   -0.0000000000
1   9   4   4   -0.0129969539
1   9   5   4   -0.0000000006
1   9   6   6   -0.0000000016
1   9   7   6   0.0000000007
1   10   1   4   -0.0126319780
1   10   2   4   -0.0000000159
1   10   2   5   -0.0000000000
1   10   3   4   0.0604425715
1   10   4   4   -0.0000000001
1   10   4   5   0.0000000000
1   10   5   4   0.0039111201
1   10   6   6   -0.0074825284
1   10   7   6   0.0035781540
1   11   1   4   0.0000000164
1   11   1   5   -0.0000000000
1   11   2   4   -0.0129969539
1   11   3   4   -0.0000000001
1   11   3   5   0.0000000000
1   11   4   4   0.0658986509
1   11   5   4   -0.0000000002
1   11   5   5   0.0000000000
1   11   6   6   0.0000000002
1   11   7   6   -0.0000000001
1   12   1   4   -0.0004371470
1   12   2   4   -0.0000000006
1   12   3   4   0.0039111201
1   12   4   4   -0.0000000002
1   12   4   5   0.0000000000
1   12   5   4   0.0268519979
1   12   6   6   0.1730504676
1   12   7   6   -0.0827529398
1   13   1   6   0.0011986255
1   13   2   6   0.0000000015
1   13   3   6   -0.0043222582
1   13   4   6   0.0000000006
1   13   5   6   0.0166390353
1   13   6   4   0.2041503592
1   13   6   5   0.0838172645
1   13   7   4   -0.0838172663
1   13   7   5   -0.0210285248
1   14   1   6   -0.0005731841
1   14   2   6   -0.0000000007
1   14   3   6   0.0020669090
1   14   4   6   -0.0000000004
1   14   5   6   -0.0079568065
1   14   6   4   -0.0838172663
1   14   6   5   0.1562231612
1   14   7   4   0.0689557212
1   14   7   5   -0.0838172645
2   8   1   5   0.0125075103
2   8   2   4   0.0000000000
2   8   2   5   -0.0000000000
2   8   3   5   -0.0126319780
2   8   4   4   -0.0000000000
2   8   4   5   0.0000000164
2   8   5   5   -0.0004371470
2   8   6   6   -0.0005768943
2   8   7   6   -0.0012063842
2   9   1   4   0.0000000000
2   9   1   5   -0.0000000000
2   9   2   5   0.0125269216
2   9   3   4   -0.0000000000
2   9   3   5   -0.0000000160
2   9   4   5   -0.0129969539
2   9   5   5   -0.0000000006
2   9   6   6   -0.0000000007
2   9   7   6   -0.0000000016
2   10   1   5   -0.0126319780
2   10   2   4   -0.0000000000
2   10   2   5   -0.0000000160
2   10   3   5   0.0604425715
2   10   4   4   0.0000000000
2   10   4   5   0.0000000003
2   10   5   5   0.0039111201
2   10   6   6   -0.0035781540
2   10   7   6   -0.0074825284
2   11   1   4   -0.0000000000
2   11   1   5   0.0000000164
2   11   2   5   -0.0129969539
2   11   3   4   0.0000000000
2   11   3   5   0.0000000003
2   11   4   5   0.0658986509
2   11   5   4   0.0000000000
2   11   5   5   0.0000000004
2   11   6   6   -0.0000000001
2   11   7   6   -0.0000000001
2   12   1   5   -0.0004371470
2   12   2   5   -0.0000000006
2   12   3   5   0.0039111201
2   12   4   4   0.0000000000
2   12   4   5   0.0000000004
2   12   5   4   -0.0000000000
2   12   5   5   0.0268519979
2   12   6   6   0.0827529398
2   12   7   6   0.1730504676
2   13   1   6   0.0005731841
2   13   2   6   0.0000000007
2   13   3   6   -0.0020669090
2   13   4   6   -0.0000000004
2   13   5   6   0.0079568065
2   13   6   4   0.0838172645
2   13   6   5   0.0689557212
2   13   7   4   0.1562231612
2   13   7   5   0.0838172663
2   14   1   6   0.0011986255
2   14   2   6   0.0000000015
2   14   3   6   -0.0043222582
2   14   4   6   -0.0000000007
2   14   5   6   0.0166390353
2   14   6   4   -0.0210285248
2   14   6   5   0.0838172663
2   14   7   4   -0.0838172645
2   14   7   5   0.2041503593
3   8   1   6   0.0135590284
3   8   2   6   0.0000000001
3   8   3   6   -0.0130485257
3   8   4   6   0.0000000172
3   8   5   6   -0.0005774222
3   8   6   4   0.0011986255
3   8   6   5   0.0005731841
3   8   7   4   -0.0005731841
3   8   7   5   0.0011986255
3   9   1   6   0.0000000001
3   9   2   6   0.0136056962
3   9   3   6   -0.0000000164
3   9   4   6   -0.0136301602
3   9   5   6   -0.0000000006
3   9   6   4   0.0000000015
3   9   6   5   0.0000000007
3   9   7   4   -0.0000000007
3   9   7   5   0.0000000015
3   10   1   6   -0.0130485257
3   10   2   6   -0.0000000164
3   10   3   6   0.0614460171
3   10   4   6   0.0000000008
3   10   5   6   -0.0078009726
3   10   6   4   -0.0043222582
3   10   6   5   -0.0020669090
3   10   7   4   0.0020669090
3   10   7   5   -0.0043222582
3   11   1   6   0.0000000172
3   11   2   6   -0.0136301602
3   11   3   6   0.0000000008
3   11   4   6   0.0668909572
3   11   5   6   -0.0000000002
3   11   6   4   0.0000000006
3   11   6   5   -0.0000000004
3   11   7   4   -0.0000000004
3   11   7   5   -0.0000000007
3   12   1   6   -0.0005774222
3   12   2   6   -0.0000000006
3   12   3   6   -0.0078009726
3   12   4   6   -0.0000000002
3   12   5   6   0.2317732625
3   12   6   4   0.0166390353
3   12   6   5   0.0079568065
3   12   7   4   -0.0079568065
3   12   7   5   0.0166390353
3   13   1   4   -0.0012063842
3   13   1   5   -0.0005768943
3   13   2   4   -0.0000000016
3   13   2   5   -0.0000000007
3   13   3   4   -0.0074825284
3   13   3   5   -0.0035781540
3   13   4   4   0.0000000002
3   13   4   5   -0.0000000001
3   13   5   4   0.1730504676
3   13   5   5   0.0827529398
3   13   6   6   0.0284344849
3   13   7   6   -0.0000000000
3   14   1   4   0.0005768943
3   14   1   5   -0.0012063842
3   14   2   4   0.0000000007
3   14   2   5   -0.0000000016
3   14   3   4   0.0035781540
3   14   3   5   -0.0074825284
3   14   4   4   -0.0000000001
3   14   4   5   -0.0000000001
3   14   5   4   -0.0827529398
3   14   5   5   0.1730504676
3   14   7   6   0.0284344849

1   8   8   1   -0.5359359848
1   8   9   1   0.0000000002
1   8   9   2   -0.0000000001
1   8   10   1   -0.0049941072
1   8   11   1   0.0000000065
1   8   12   1   -0.0009464181
1   8   13   3   -0.0013365158
1   8   14   3   0.0006391235
1   9   8   1   0.0000000002
1   9   8   2   -0.0000000001
1   9   9   1   -0.5359356473
1   9   10   1   -0.0000000063
1   9   11   1   -0.0051360921
1   9   12   1   -0.0000000012
1   9   13   3   -0.0000000017
1   9   14   3   0.0000000008
1   10   8   1   -0.0049941072
1   10   9   1   -0.0000000063
1   10   10   1   -0.4125604471
1   10   11   1   0.0000000001
1   10   11   2   -0.0000000001
1   10   12   1   0.0065460469
1   10   13   3   0.0048707238
1   10   14   3   -0.0023291859
1   11   8   1   0.0000000065
1   11   9   1   -0.0051360921
1   11   10   1   0.0000000001
1   11   10   2   -0.0000000001
1   11   11   1   -0.4153727015
1   11   12   1   0.0000000000
1   11   12   2   -0.0000000000
1   11   13   3   0.0000000003
1   11   14   3   -0.0000000002
1   12   8   1   -0.0009464181
1   12   9   1   -0.0000000012
1   12   10   1   0.0065460469
1   12   11   1   0.0000000000
1   12   11   2   -0.0000000000
1   12   12   1   -0.3994001505
1   12   12   2   0.0000000000
1   12   13   3   -0.0168730167
1   12   14   3   0.0080686967
1   13   8   3   -0.0012781373
1   13   9   3   -0.0000000016
1   13   10   3   0.0052851583
1   13   11   3   0.0000000001
1   13   12   3   -0.0184000250
1   13   13   1   -0.4331722035
1   13   13   2   -0.0155557858
1   13   14   1   0.0155557878
1   13   14   2   -0.0131835189
1   14   8   3   0.0006112068
1   14   9   3   0.0000000008
1   14   10   3   -0.0025273690
1   14   11   3   -0.0000000001
1   14   12   3   0.0087989139
1   14   13   1   0.0155557878
1   14   13   2   -0.0119074795
1   14   14   1   -0.4080812032
1   14   14   2   0.0155557858
2   8   8   2   -0.5359359848
2   8   9   1   -0.0000000001
2   8   9   2   -0.0000000007
2   8   10   2   -0.0049941072
2   8   11   2   0.0000000065
2   8   12   2   -0.0009464181
2   8   13   3   -0.0006391235
2   8   14   3   -0.0013365158
2   9   8   1   -0.0000000001
2   9   8   2   -0.0000000007
2   9   9   2   -0.5359356473
2   9   10   2   -0.0000000063
2   9   11   2   -0.0051360921
2   9   12   2   -0.0000000012
2   9   13   3   -0.0000000008
2   9   14   3   -0.0000000017
2   10   8   2   -0.0049941072
2   10   9   2   -0.0000000063
2   10   10   2   -0.4125604471
2   10   11   1   -0.0000000001
2   10   11   2   -0.0000000005
2   10   12   2   0.0065460469
2   10   13   3   0.0023291859
2   10   14   3   0.0048707238
2   11   8   2   0.0000000065
2   11   9   2   -0.0051360921
2   11   10   1   -0.0000000001
2   11   10   2   -0.0000000005
2   11   11   2   -0.4153727015
2   11   12   1   -0.0000000000
2   11   12   2   -0.0000000001
2   11   13   3   -0.0000000002
2   11   14   3   -0.0000000003
2   12   8   2   -0.0009464181
2   12   9   2   -0.0000000012
2   12   10   2   0.0065460469
2   12   11   1   -0.0000000000
2   12   11   2   -0.0000000001
2   12   12   2   -0.3994001505
2   12   13   3   -0.0080686967
2   12   14   3   -0.0168730167
2   13   8   3   -0.0006112068
2   13   9   3   -0.0000000008
2   13   10   3   0.0025273690
2   13   11   3   -0.0000000000
2   13   12   3   -0.0087989139
2   13   13   1   -0.0155557858
2   13   13   2   -0.4080812032
2   13   14   1   -0.0119074795
2   13   14   2   -0.0155557878
2   14   8   3   -0.0012781373
2   14   9   3   -0.0000000016
2   14   10   3   0.0052851583
2   14   11   3   -0.0000000001
2   14   12   3   -0.0184000250
2   14   13   1   -0.0131835189
2   14   13   2   -0.0155557878
2   14   14   1   0.0155557858
2   14   14   2   -0.4331722035
3   8   8   3   -0.5543920062
3   8   9   3   0.0000000000
3   8   10   3   -0.0053326265
3   8   11   3   0.0000000071
3   8   12   3   -0.0035404471
3   8   13   1   -0.0012781373
3   8   13   2   -0.0006112068
3   8   14   1   0.0006112068
3   8   14   2   -0.0012781373
3   9   8   3   0.0000000000
3   9   9   3   -0.5543910578
3   9   10   3   -0.0000000067
3   9   11   3   -0.0056042072
3   9   12   3   -0.0000000047
3   9   13   1   -0.0000000016
3   9   13   2   -0.0000000008
3   9   14   1   0.0000000008
3   9   14   2   -0.0000000016
3   10   8   3   -0.0053326265
3   10   9   3   -0.0000000067
3   10   10   3   -0.4240597806
3   10   11   3   0.0000000000
3   10   12   3   0.0161776447
3   10   13   1   0.0052851583
3   10   13   2   0.0025273690
3   10   14   1   -0.0025273690
3   10   14   2   0.0052851583
3   11   8   3   0.0000000071
3   11   9   3   -0.0056042072
3   11   10   3   0.0000000000
3   11   11   3   -0.4248885459
3   11   12   3   0.0000000006
3   11   13   1   0.0000000001
3   11   13   2   -0.0000000000
3   11   14   1   -0.0000000001
3   11   14   2   -0.0000000001
3   12   8   3   -0.0035404471
3   12   9   3   -0.0000000047
3   12   10   3   0.0161776447
3   12   11   3   0.0000000006
3   12   12   3   -0.4474980215
3   12   13   1   -0.0184000250
3   12   13   2   -0.0087989139
3   12   14   1   0.0087989139
3   12   14   2   -0.0184000250
3   13   8   1   -0.0013365158
3   13   8   2   -0.0006391235
3   13   9   1   -0.0000000017
3   13   9   2   -0.0000000008
3   13   10   1   0.0048707238
3   13   10   2   0.0023291859
3   13   11   1   0.0000000003
3   13   11   2   -0.0000000002
3   13   12   1   -0.0168730167
3   13   12   2   -0.0080686967
3   13   13   3   -0.4104313800
3   13   14   3   -0.0000000000
3   14   8   1   0.0006391235
3   14   8   2   -0.0013365158
3   14   9   1   0.0000000008
3   14   9   2   -0.0000000017
3   14   10   1   -0.0023291859
3   14   10   2   0.0048707238
3   14   11   1   -0.0000000002
3   14   11   2   -0.0000000003
3   14   12   1   0.0080686967
3   14   12   2   -0.0168730167
3   14   14   3   -0.4104313800

End AIJB Block
Begin IJKA Block
1   8   1   6   -0.0000000791
1   8   2   6   0.0214972697
1   8   3   6   -0.0000000085
1   8   4   6   0.0026702515
1   8   5   6   0.0000000324
1   8   6   4   0.0000000297
1   8   6   5   0.0000000142
1   8   7   4   -0.0000000142
1   8   7   5   0.0000000297
1   9   1   6   0.0195034592
1   9   2   6   0.0000000271
1   9   3   6   0.0033581849
1   9   4   6   -0.0000000000
1   9   5   6   -0.0128715881
1   9   6   4   -0.0117670974
1   9   6   5   -0.0056270400
1   9   7   4   0.0056270400
1   9   7   5   -0.0117670974
1   10   1   6   -0.0000000621
1   10   2   6   0.0245191675
1   10   3   6   -0.0000000010
1   10   4   6   0.0015249319
1   10   5   6   -0.0000000170
1   10   6   4   -0.0000000156
1   10   6   5   -0.0000000075
1   10   7   4   0.0000000075
1   10   7   5   -0.0000000156
1   11   1   6   0.0246645963
1   11   2   6   0.0000000002
1   11   3   6   0.0004971123
1   11   4   6   -0.0000000017
1   11   5   6   0.0139987353
1   11   6   4   0.0127118847
1   11   6   5   0.0060788384
1   11   7   4   -0.0060788384
1   11   7   5   0.0127118847
1   12   1   6   0.0000008553
1   12   2   6   -0.3382095381
1   12   3   6   0.0000000046
1   12   4   6   -0.0035521234
1   12   5   6   -0.0000000007
1   12   6   4   -0.0000000005
1   12   6   5   -0.0000000002
1   12   7   4   0.0000000002
1   12   7   5   -0.0000000005
1   13   1   4   0.0000007882
1   13   1   5   0.0000003770
1   13   2   4   -0.3116645684
1   13   2   5   -0.1490383679
1   13   3   4   0.0000000041
1   13   3   5   0.0000000020
1   13   4   4   -0.0031782901
1   13   4   5   -0.0015198621
1   13   5   4   -0.0000000014
1   13   5   5   -0.0000000007
1   13   6   6   0.0000000017
1   13   7   6   0.0000000000
1   14   1   4   -0.0000003769
1   14   1   5   0.0000007884
1   14   2   4   0.1490383679
1   14   2   5   -0.3116645685
1   14   3   4   -0.0000000019
1   14   3   5   0.0000000041
1   14   4   4   0.0015198621
1   14   4   5   -0.0031782901
1   14   5   4   0.0000000007
1   14   5   5   -0.0000000014
1   14   6   6   0.0000000000
1   14   7   6   0.0000000017
2   8   1   6   0.0214983826
2   8   2   6   0.0000000297
2   8   3   6   0.0033506631
2   8   4   6   0.0000000000
2   8   5   6   -0.0128212813
2   8   6   4   -0.0117449701
2   8   6   5   -0.0056164587
2   8   7   4   0.0056164587
2   8   7   5   -0.0117449701
2   9   1   6   0.0000000271
2   9   2   6   0.0195123765
2   9   3   6   0.0000000085
2   9   4   6   0.0026671526
2   9   5   6   -0.0000000326
2   9   6   4   -0.0000000297
2   9   6   5   -0.0000000142
2   9   7   4   0.0000000142
2   9   7   5   -0.0000000297
2   10   1   6   0.0245192353
2   10   2   6   0.0000000619
2   10   3   6   0.0007702092
2   10   4   6   0.0000000019
2   10   5   6   0.0133702662
2   10   6   4   0.0123161665
2   10   6   5   0.0058896055
2   10   7   4   -0.0058896055
2   10   7   5   0.0123161665
2   11   1   6   0.0000000002
2   11   2   6   0.0246562728
2   11   3   6   0.0000000006
2   11   4   6   0.0013077264
2   11   5   6   0.0000000178
2   11   6   4   0.0000000161
2   11   6   5   0.0000000077
2   11   7   4   -0.0000000077
2   11   7   5   0.0000000161
2   12   1   6   -0.3382050176
2   12   2   6   -0.0000008555
2   12   3   6   -0.0035630995
2   12   4   6   -0.0000000044
2   12   5   6   0.0005059957
2   12   6   4   0.0003977349
2   12   6   5   0.0001901973
2   12   7   4   -0.0001901973
2   12   7   5   0.0003977349
2   13   1   4   -0.3116610491
2   13   1   5   -0.1490366850
2   13   2   4   -0.0000007883
2   13   2   5   -0.0000003769
2   13   3   4   -0.0032346699
2   13   3   5   -0.0015468230
2   13   4   4   -0.0000000041
2   13   4   5   -0.0000000019
2   13   5   4   0.0011799011
2   13   5   5   0.0005642301
2   13   6   6   -0.0013319514
2   14   1   4   0.1490366849
2   14   1   5   -0.3116610491
2   14   2   4   0.0000003770
2   14   2   5   -0.0000007882
2   14   3   4   0.0015468230
2   14   3   5   -0.0032346699
2   14   4   4   0.0000000020
2   14   4   5   -0.0000000040
2   14   5   4   -0.0005642301
2   14   5   5   0.0011799011
2   14   7   6   -0.0013319514
3   8   1   6   -0.0000000088
3   8   2   6   0.0035050505
3   8   3   6   0.0000000006
3   8   4   6   0.0024456055
3   8   5   6   -0.0000000185
3   8   6   4   -0.0000000163
3   8   6   5   -0.0000000078
3   8   7   4   0.0000000078
3   8   7   5   -0.0000000163
3   9   1   6   0.0035128555
3   9   2   6   0.0000000089
3   9   3   6   -0.0005268993
3   9   4   6   0.0000000031
3   9   5   6   0.0146181284
3   9   6   4   0.0128623923
3   9   6   5   0.0061508113
3   9   7   4   -0.0061508113
3   9   7   5   0.0128623923
3   10   1   6   -0.0000000010
3   10   2   6   0.0007490513
3   10   3   6   0.0000000001
3   10   4   6   0.0079648505
3   10   5   6   -0.0000000002
3   10   6   4   0.0000000002
3   10   6   5   0.0000000001
3   10   7   4   -0.0000000001
3   10   7   5   0.0000000003
3   11   1   6   0.0004370046
3   11   2   6   0.0000000006
3   11   3   6   0.0188634031
3   11   4   6   0.0000000000
3   11   5   6   -0.0621570623
3   11   6   4   -0.0553925874
3   11   6   5   -0.0264888013
3   11   7   4   0.0264888013
3   11   7   5   -0.0553925874
3   12   1   6   0.0000000051
3   12   2   6   -0.0040102170
3   12   3   6   0.0000000009
3   12   4   6   -0.2175692355
3   12   5   6   -0.0000000000
3   12   6   4   -0.0000000001
3   12   6   5   0.0000000001
3   12   7   4   0.0000000001
3   12   7   5   0.0000000001
3   13   1   4   0.0000000046
3   13   1   5   0.0000000023
3   13   2   4   -0.0037242859
3   13   2   5   -0.0017809579
3   13   3   4   0.0000000011
3   13   3   5   0.0000000005
3   13   4   4   -0.2007986521
3   13   4   5   -0.0960221547
3   13   5   4   -0.0000000001
3   13   5   5   -0.0000000002
3   13   6   6   0.0000000001
3   13   7   6   -0.0000000002
3   14   1   4   -0.0000000022
3   14   1   5   0.0000000047
3   14   2   4   0.0017809579
3   14   2   5   -0.0037242859
3   14   3   4   -0.0000000005
3   14   3   5   0.0000000011
3   14   4   4   0.0960221547
3   14   4   5   -0.2007986521
3   14   5   4   0.0000000000
3   14   5   5   -0.0000000003
3   14   6   6   -0.0000000002
3   14   7   6   -0.0000000002
4   8   1   6   0.0028078783
4   8   2   6   0.0000000000
4   8   3   6   0.0024693359
4   8   4   6   -0.0000000018
4   8   5   6   0.0141967481
4   8   6   4   0.0128101578
4   8   6   5   0.0061258327
4   8   7   4   -0.0061258327
4   8   7   5   0.0128101578
4   9   1   6   0.0000000000
4   9   2   6   0.0028053818
4   9   3   6   0.0000000032
4   9   4   6   0.0013790358
4   9   5   6   0.0000000181
4   9   6   4   0.0000000162
4   9   6   5   0.0000000078
4   9   7   4   -0.0000000078
4   9   7   5   0.0000000162
4   10   1   6   0.0014592819
4   10   2   6   0.0000000018
4   10   3   6   0.0073677663
4   10   4   6   0.0000000002
4   10   5   6   -0.0547098115
4   10   6   4   -0.0527586583
4   10   6   5   -0.0252292533
4   10   7   4   0.0252292533
4   10   7   5   -0.0527586583
4   11   1   6   -0.0000000016
4   11   2   6   0.0012518897
4   11   3   6   0.0000000000
4   11   4   6   0.0101356831
4   11   5   6   -0.0000000011
4   11   6   4   -0.0000000003
4   11   6   5   -0.0000000001
4   11   7   4   0.0000000001
4   11   7   5   -0.0000000003
4   12   1   6   -0.0040239359
4   12   2   6   -0.0000000051
4   12   3   6   -0.2177978780
4   12   4   6   -0.0000000012
4   12   5   6   -0.0296238673
4   12   6   4   -0.0024567887
4   12   6   5   -0.0011748393
4   12   7   4   0.0011748393
4   12   7   5   -0.0024567887
4   13   1   4   -0.0037266797
4   13   1   5   -0.0017821027
4   13   2   4   -0.0000000048
4   13   2   5   -0.0000000022
4   13   3   4   -0.2006041849
4   13   3   5   -0.0959291602
4   13   4   4   -0.0000000010
4   13   4   5   -0.0000000005
4   13   5   4   -0.0260559165
4   13   5   5   -0.0124599703
4   13   6   6   0.0018413080
4   14   1   4   0.0017821027
4   14   1   5   -0.0037266797
4   14   2   4   0.0000000023
4   14   2   5   -0.0000000047
4   14   3   4   0.0959291602
4   14   3   5   -0.2006041850
4   14   4   4   0.0000000005
4   14   4   5   -0.0000000010
4   14   5   4   0.0124599703
4   14   5   5   -0.0260559165
4   14   7   6   0.0018413080
5   8   1   6   0.0000000387
5   8   2   6   -0.0153474527
5   8   3   6   -0.0000000204
5   8   4   6   0.0156960699
5   8   5   6   -0.0000000003
5   8   6   4   -0.0000000005
5   8   6   5   -0.0000000002
5   8   7   4   0.0000000002
5   8   7   5   -0.0000000005
5   9   1   6   -0.0153928247
5   9   2   6   -0.0000000390
5   9   3   6   0.0160817755
5   9   4   6   0.0000000200
5   9   5   6   0.0004182632
5   9   6   4   0.0003728699
5   9   6   5   0.0001783068
5   9   7   4   -0.0001783068
5   9   7   5   0.0003728699
5   10   1   6   -0.0000000172
5   10   2   6   0.0135444880
5   10   3   6   -0.0000000003
5   10   4   6   -0.0563711997
5   10   5   6   -0.0000000005
5   10   6   4   0.0000000002
5   10   6   5   -0.0000000001
5   10   7   4   -0.0000000001
5   10   7   5   -0.0000000002
5   11   1   6   0.0140688172
5   11   2   6   0.0000000178
5   11   3   6   -0.0638327342
5   11   4   6   -0.0000000012
5   11   5   6   0.0131581015
5   11   6   4   -0.0015859582
5   11   6   5   -0.0007584071
5   11   7   4   0.0007584071
5   11   7   5   -0.0015859582
5   12   1   6   -0.0000000003
5   12   2   6   0.0001028573
5   12   3   6   0.0000000003
5   12   4   6   -0.0298976550
5   12   5   6   -0.0000000006
5   12   6   4   0.0000000013
5   12   6   5   -0.0000000009
5   12   7   4   -0.0000000009
5   12   7   5   -0.0000000015
5   13   1   4   -0.0000000010
5   13   1   5   -0.0000000005
5   13   2   4   0.0008475775
5   13   2   5   0.0004053126
5   13   3   4   -0.0000000004
5   13   3   5   0.0000000001
5   13   4   4   -0.0256365310
5   13   4   5   -0.0122594197
5   13   5   4   -0.0000000008
5   13   5   5   0.0000000004
5   13   6   6   0.0000000005
5   13   7   6   -0.0000000008
5   14   1   4   0.0000000005
5   14   1   5   -0.0000000010
5   14   2   4   -0.0004053126
5   14   2   5   0.0008475775
5   14   3   4   0.0000000002
5   14   3   5   0.0000000001
5   14   4   4   0.0122594196
5   14   4   5   -0.0256365310
5   14   5   4   0.0000000005
5   14   5   5   0.0000000006
5   14   6   6   -0.0000000008
5   14   7   6   -0.0000000006
6   8   1   4   0.0000000357
6   8   1   5   0.0000000171
6   8   2   4   -0.0141189439
6   8   2   5   -0.0067516958
6   8   3   4   -0.0000000181
6   8   3   5   -0.0000000086
6   8   4   4   0.0142090264
6   8   4   5   0.0067947734
6   8   5   4   -0.0000000009
6   8   5   5   -0.0000000004
6   8   6   6   0.0000000006
6   8   7   6   -0.0000000000
6   9   1   4   -0.0141364230
6   9   1   5   -0.0067600543
6   9   2   4   -0.0000000357
6   9   2   5   -0.0000000171
6   9   3   4   0.0142559069
6   9   3   5   0.0068171916
6   9   4   4   0.0000000180
6   9   4   5   0.0000000086
6   9   5   4   0.0007822845
6   9   5   5   0.0003740894
6   9   6   6   -0.0005079768
6   10   1   4   -0.0000000159
6   10   1   5   -0.0000000076
6   10   2   4   0.0124929207
6   10   2   5   0.0059741296
6   10   3   4   0.0000000002
6   10   3   5   0.0000000001
6   10   4   4   -0.0537499677
6   10   4   5   -0.0257032986
6   10   5   4   0.0000000001
6   10   5   5   -0.0000000002
6   10   6   6   0.0000000000
6   10   7   6   0.0000000001
6   11   1   4   0.0127806690
6   11   1   5   0.0061117311
6   11   2   4   0.0000000161
6   11   2   5   0.0000000078
6   11   3   4   -0.0560797842
6   11   3   5   -0.0268174196
6   11   4   4   -0.0000000004
6   11   4   5   -0.0000000002
6   11   5   4   -0.0032230666
6   11   5   5   -0.0015412743
6   11   6   6   0.0166599793
6   12   1   4   -0.0000000002
6   12   1   5   -0.0000000001
6   12   2   4   0.0001525121
6   12   2   5   0.0000729315
6   12   3   4   -0.0000000001
6   12   3   5   0.0000000001
6   12   4   4   -0.0032012449
6   12   4   5   -0.0015308391
6   12   5   4   0.0000000002
6   12   5   5   -0.0000000002
6   12   6   6   0.0000000004
6   12   7   6   -0.0000000007
6   13   1   6   0.0000000015
6   13   2   6   -0.0011718458
6   13   3   6   -0.0000000002
6   13   4   6   0.0026731797
6   13   5   6   -0.0000000003
6   13   6   4   0.0000000001
6   13   6   5   0.0000000000
6   13   7   4   0.0000000002
6   13   7   5   0.0000000000
6   14   1   6   0.0000000000
6   14   3   6   0.0000000003
6   14   5   6   0.0000000005
6   14   6   4   0.0000000001
6   14   6   5   0.0000000003
6   14   7   4   0.0000000000
6   14   7   5   0.0000000001
7   8   1   4   -0.0000000171
7   8   1   5   0.0000000357
7   8   2   4   0.0067516958
7   8   2   5   -0.0141189439
7   8   3   4   0.0000000086
7   8   3   5   -0.0000000180
7   8   4   4   -0.0067947734
7   8   4   5   0.0142090264
7   8   5   4   0.0000000004
7   8   5   5   -0.0000000009
7   8   6   6   -0.0000000000
7   8   7   6   0.0000000006
7   9   1   4   0.0067600543
7   9   1   5   -0.0141364230
7   9   2   4   0.0000000171
7   9   2   5   -0.0000000357
7   9   3   4   -0.0068171917
7   9   3   5   0.0142559069
7   9   4   4   -0.0000000086
7   9   4   5   0.0000000180
7   9   5   4   -0.0003740894
7   9   5   5   0.0007822845
7   9   7   6   -0.0005079768
7   10   1   4   0.0000000076
7   10   1   5   -0.0000000158
7   10   2   4   -0.0059741296
7   10   2   5   0.0124929207
7   10   3   4   -0.0000000001
7   10   3   5   0.0000000002
7   10   4   4   0.0257032986
7   10   4   5   -0.0537499677
7   10   5   4   -0.0000000001
7   10   5   5   -0.0000000004
7   10   6   6   0.0000000001
7   10   7   6   0.0000000001
7   11   1   4   -0.0061117311
7   11   1   5   0.0127806690
7   11   2   4   -0.0000000077
7   11   2   5   0.0000000162
7   11   3   4   0.0268174196
7   11   3   5   -0.0560797842
7   11   4   4   0.0000000002
7   11   4   5   -0.0000000003
7   11   5   4   0.0015412743
7   11   5   5   -0.0032230666
7   11   6   6   0.0000000000
7   11   7   6   0.0166599793
7   12   1   4   0.0000000001
7   12   1   5   -0.0000000002
7   12   2   4   -0.0000729315
7   12   2   5   0.0001525121
7   12   3   4   0.0000000001
7   12   3   5   0.0000000001
7   12   4   4   0.0015308391
7   12   4   5   -0.0032012449
7   12   5   4   -0.0000000001
7   12   5   5   -0.0000000003
7   12   6   6   -0.0000000007
7   12   7   6   -0.0000000006
7   13   1   6   0.0000000000
7   13   3   6   0.0000000003
7   13   5   6   0.0000000005
7   13   6   4   0.0000000001
7   13   6   5   -0.0000000000
7   13   7   4   0.0000000001
7   13   7   5   0.0000000003
7   14   1   6   0.0000000015
7   14   2   6   -0.0011718458
7   14   3   6   0.0000000001
7   14   4   6   0.0026731797
7   14   5   6   0.0000000002
7   14   6   4   0.0000000000
7   14   6   5   0.0000000002
7   14   7   4   -0.0000000002
7   14   7   5   0.0000000003

End IJKA Block
Begin IABC Block
1   4   1   6   0.0000000016
1   4   2   6   0.0000000000
1   4   3   4   0.0000000004
1   4   3   5   0.0000000000
1   5   1   6   0.0000000000
1   5   2   6   0.0000000017
1   5   3   4   0.0000000000
1   5   3   5   0.0000000004
1   6   1   4   0.0000000015
1   6   1   5   0.0000000000
1   6   2   4   0.0000000000
1   6   2   5   0.0000000016
1   6   3   6   0.0000000032
2   4   1   6   -0.0012943366
2   4   3   4   -0.0003406758
2   5   2   6   -0.0012943366
2   5   3   5   -0.0003406758
2   6   1   4   -0.0012293093
2   6   2   5   -0.0012293093
2   6   3   6   -0.0026749656
3   4   1   6   -0.0000000004
3   4   2   6   0.0000000001
3   4   3   4   -0.0000000001
3   4   3   5   0.0000000000
3   5   1   6   0.0000000001
3   5   2   6   0.0000000005
3   5   3   4   0.0000000000
3   5   3   5   0.0000000001
3   6   1   4   -0.0000000003
3   6   1   5   0.0000000000
3   6   2   4   0.0000000000
3   6   2   5   0.0000000003
3   6   3   6   0.0000000006
4   4   1   6   0.0050541896
4   4   3   4   0.0161426432
4   4   3   5   0.0000000000
4   5   2   6   0.0050541896
4   5   3   4   -0.0000000000
4   5   3   5   0.0161426432
4   6   1   4   0.0035091973
4   6   2   5   0.0035091973
4   6   3   6   0.0223660709
5   4   1   6   0.0000000008
5   4   2   6   -0.0000000001
5   4   3   4   0.0000000005
5   4   3   5   -0.0000000001
5   5   1   6   -0.0000000001
5   5   2   6   -0.0000000007
5   5   3   4   -0.0000000001
5   5   3   5   -0.0000000009
5   6   1   4   0.0000000002
5   6   1   5   -0.0000000000
5   6   2   4   -0.0000000000
5   6   2   5   -0.0000000002
5   6   3   6   -0.0000000006
6   4   1   4   0.0000000007
6   4   1   5   -0.0000000001
6   4   2   4   0.0000000001
6   4   2   5   -0.0000000001
6   4   3   6   0.0000000029
6   5   1   4   -0.0000000001
6   5   1   5   -0.0000000004
6   5   2   4   -0.0000000001
6   5   2   5   -0.0000000005
6   5   3   6   -0.0000000019
6   6   1   6   0.0000000001
6   6   2   6   0.0000000001
6   6   3   4   0.0000000021
6   6   3   5   -0.0000000014
7   4   1   4   -0.0000000004
7   4   1   5   0.0000000001
7   4   2   4   0.0000000002
7   4   2   5   -0.0000000001
7   4   3   6   -0.0000000019
7   5   1   4   0.0000000000
7   5   1   5   0.0000000001
7   5   2   4   -0.0000000001
7   5   2   5   -0.0000000009
7   5   3   6   -0.0000000030
7   6   1   6   -0.0000000000
7   6   2   6   0.0000000001
7   6   3   4   -0.0000000014
7   6   3   5   -0.0000000022

End IABC Block
