0   103   5   12      -0.179528221089
0   104   5   13      -0.090156186991
0   104   6   12      -0.053133153989
1   103   5   13      -0.053133153989
1   103   6   12      -0.090156186991
1   104   6   13      -0.179528222019
0   103   12   5       0.179528221089
0   104   12   6       0.053133153989
0   104   13   5       0.090156186991
1   103   12   6       0.090156186991
1   103   13   5       0.053133153989
1   104   13   6       0.179528222019
103   0   5   12       0.179528221089
103   1   5   13       0.053133153989
103   1   6   12       0.090156186991
104   0   5   13       0.090156186991
104   0   6   12       0.053133153989
104   1   6   13       0.179528222019
103   0   12   5      -0.179528221089
103   1   12   6      -0.090156186991
103   1   13   5      -0.053133153989
104   0   12   6      -0.053133153989
104   0   13   5      -0.090156186991
104   1   13   6      -0.179528222019

