0   103   5   12      -0.167416756097
0   104   5   13      -0.078044718815
1   103   6   12      -0.078044718815
1   104   6   13      -0.167416755185
0   103   12   5       0.167416756097
0   104   13   5       0.078044718815
1   103   12   6       0.078044718815
1   104   13   6       0.167416755185
103   0   5   12       0.167416756097
103   1   6   12       0.078044718815
104   0   5   13       0.078044718815
104   1   6   13       0.167416755185
103   0   12   5      -0.167416756097
103   1   12   6      -0.078044718815
104   0   13   5      -0.078044718815
104   1   13   6      -0.167416755185

