Begin IJ Block
1   1   -27.7920561374
1   2   -0.0000000023
1   3   -0.4671496190
1   4   0.0000000040
1   5   0.2528125422
2   2   -27.7930751191
2   3   -0.0000000050
2   4   0.4971607817
2   5   -0.0000000007
3   3   -9.9570706510
3   4   -0.0000000101
3   5   -0.9799921164
4   4   -7.6625460925
4   5   -0.0000000070
5   5   -7.8405924791
6   6   -8.1237221201
6   7   0.0000000034
7   7   -8.1237221059

End IJ Block
Begin IA Block
1   3   -0.0000000017
2   3   -0.2018450090
3   3   0.0000000230
4   3   0.9277459273
5   3   -0.0000001477
6   1   0.0000000511
6   2   0.0000000088
7   1   0.0000000262
7   2   0.0000001073

End IA Block
Begin AB Block
1   1   -6.6838446811
1   2   0.0000000029
2   2   -6.6838446737
3   3   -3.7106552106

End AB Block
Begin IJAB Block
1   8   1   4   0.0116987010
1   8   1   5   -0.0000000000
1   8   2   4   -0.0000000000
1   8   2   5   0.0116987009
1   8   3   6   0.0063167522
1   9   1   4   0.0000000027
1   9   1   5   0.0000000000
1   9   2   4   0.0000000000
1   9   2   5   0.0000000028
1   9   3   6   -0.0000000004
1   10   1   4   -0.0094429469
1   10   1   5   -0.0000000000
1   10   2   4   -0.0000000000
1   10   2   5   -0.0094429470
1   10   3   6   0.0010834402
1   11   1   4   -0.0000000009
1   11   1   5   0.0000000001
1   11   2   4   0.0000000001
1   11   2   5   -0.0000000006
1   11   3   6   -0.0000000012
1   12   1   4   0.0060811438
1   12   1   5   0.0000000000
1   12   2   4   0.0000000000
1   12   2   5   0.0060811439
1   12   3   6   -0.0002447939
1   13   1   6   -0.0051910273
1   13   2   6   0.0005689607
1   13   3   4   0.0001838992
1   13   3   5   -0.0000201562
1   14   1   6   -0.0005689607
1   14   2   6   -0.0051910273
1   14   3   4   0.0000201562
1   14   3   5   0.0001838992
2   8   1   4   0.0000000027
2   8   1   5   0.0000000000
2   8   2   4   0.0000000000
2   8   2   5   0.0000000028
2   8   3   6   -0.0000000004
2   9   1   4   0.0120175620
2   9   1   5   -0.0000000000
2   9   2   4   -0.0000000000
2   9   2   5   0.0120175619
2   9   3   6   0.0063245150
2   10   1   4   0.0000000008
2   10   1   5   0.0000000000
2   10   2   4   0.0000000000
2   10   2   5   0.0000000008
2   10   3   6   0.0000000005
2   11   1   4   0.0127688028
2   11   1   5   0.0000000000
2   11   2   4   0.0000000000
2   11   2   5   0.0127688029
2   11   3   6   -0.0010906946
2   12   1   4   -0.0000000005
2   12   1   5   0.0000000001
2   12   2   4   0.0000000001
2   12   2   5   -0.0000000003
2   12   3   6   0.0000000014
2   13   1   6   0.0000000005
2   13   2   6   -0.0000000001
2   13   3   4   0.0000000018
2   13   3   5   -0.0000000003
2   14   1   6   0.0000000001
2   14   2   6   0.0000000005
2   14   3   4   -0.0000000000
2   14   3   5   0.0000000012
3   8   1   4   -0.0094429469
3   8   1   5   -0.0000000000
3   8   2   4   -0.0000000000
3   8   2   5   -0.0094429470
3   8   3   6   0.0010834402
3   9   1   4   0.0000000008
3   9   1   5   0.0000000000
3   9   2   4   0.0000000000
3   9   2   5   0.0000000008
3   9   3   6   0.0000000005
3   10   1   4   0.0325070265
3   10   1   5   0.0000000001
3   10   2   4   0.0000000001
3   10   2   5   0.0325070269
3   10   3   6   0.0132022633
3   11   1   4   0.0000000027
3   11   1   5   -0.0000000000
3   11   2   4   -0.0000000000
3   11   2   5   0.0000000026
3   11   3   6   0.0000000189
3   12   1   4   -0.0195726673
3   12   1   5   0.0000000001
3   12   2   4   0.0000000001
3   12   2   5   -0.0195726670
3   12   3   6   -0.0047208140
3   13   1   6   0.0163675652
3   13   2   6   -0.0017939612
3   13   3   4   0.0312565408
3   13   3   5   -0.0034258620
3   14   1   6   0.0017939611
3   14   2   6   0.0163675649
3   14   3   4   0.0034258620
3   14   3   5   0.0312565408
4   8   1   4   -0.0000000009
4   8   1   5   0.0000000001
4   8   2   4   0.0000000001
4   8   2   5   -0.0000000006
4   8   3   6   -0.0000000012
4   9   1   4   0.0127688028
4   9   1   5   0.0000000000
4   9   2   4   0.0000000000
4   9   2   5   0.0127688029
4   9   3   6   -0.0010906946
4   10   1   4   0.0000000027
4   10   1   5   -0.0000000000
4   10   2   4   -0.0000000000
4   10   2   5   0.0000000026
4   10   3   6   0.0000000189
4   11   1   4   0.0668600686
4   11   1   5   0.0000000002
4   11   2   4   0.0000000002
4   11   2   5   0.0668600691
4   11   3   6   0.0251987092
4   12   1   4   0.0000000058
4   12   1   5   -0.0000000008
4   12   2   4   -0.0000000008
4   12   2   5   0.0000000038
4   12   3   6   -0.0000000709
4   13   1   6   -0.0000000128
4   13   2   6   0.0000000031
4   13   3   4   0.0000000352
4   13   3   5   0.0000000004
4   14   1   6   0.0000000009
4   14   2   6   -0.0000000064
4   14   3   4   0.0000000100
4   14   3   5   0.0000000519
5   8   1   4   0.0060811438
5   8   1   5   0.0000000000
5   8   2   4   0.0000000000
5   8   2   5   0.0060811439
5   8   3   6   -0.0002447939
5   9   1   4   -0.0000000005
5   9   1   5   0.0000000001
5   9   2   4   0.0000000001
5   9   2   5   -0.0000000003
5   9   3   6   0.0000000014
5   10   1   4   -0.0195726673
5   10   1   5   0.0000000001
5   10   2   4   0.0000000001
5   10   2   5   -0.0195726670
5   10   3   6   -0.0047208140
5   11   1   4   0.0000000058
5   11   1   5   -0.0000000008
5   11   2   4   -0.0000000008
5   11   2   5   0.0000000038
5   11   3   6   -0.0000000709
5   12   1   4   0.0377604390
5   12   1   5   0.0000000003
5   12   2   4   0.0000000003
5   12   2   5   0.0377604398
5   12   3   6   0.0177154799
5   13   1   6   -0.0088308712
5   13   2   6   0.0009679048
5   13   3   4   -0.0021296407
5   13   3   5   0.0002334192
5   14   1   6   -0.0009679041
5   14   2   6   -0.0088308701
5   14   3   4   -0.0002334176
5   14   3   5   -0.0021296382
6   8   1   6   0.0001838992
6   8   2   6   -0.0000201562
6   8   3   4   -0.0051910273
6   8   3   5   0.0005689607
6   9   1   6   0.0000000018
6   9   2   6   -0.0000000003
6   9   3   4   0.0000000005
6   9   3   5   -0.0000000001
6   10   1   6   0.0312565408
6   10   2   6   -0.0034258620
6   10   3   4   0.0163675652
6   10   3   5   -0.0017939612
6   11   1   6   0.0000000352
6   11   2   6   0.0000000004
6   11   3   4   -0.0000000128
6   11   3   5   0.0000000031
6   12   1   6   -0.0021296407
6   12   2   6   0.0002334192
6   12   3   4   -0.0088308712
6   12   3   5   0.0009679048
6   13   1   4   0.1142968753
6   13   1   5   -0.0107081584
6   13   2   4   -0.0107081584
6   13   2   5   0.0177724648
6   13   3   6   0.0081718734
6   14   1   4   0.0107081680
6   14   1   5   0.0827302549
6   14   2   4   0.0137941654
6   14   2   5   -0.0107081672
6   14   3   6   0.0000000001
7   8   1   6   0.0000201562
7   8   2   6   0.0001838992
7   8   3   4   -0.0005689607
7   8   3   5   -0.0051910273
7   9   1   6   -0.0000000000
7   9   2   6   0.0000000012
7   9   3   4   0.0000000001
7   9   3   5   0.0000000005
7   10   1   6   0.0034258620
7   10   2   6   0.0312565408
7   10   3   4   0.0017939611
7   10   3   5   0.0163675649
7   11   1   6   0.0000000100
7   11   2   6   0.0000000519
7   11   3   4   0.0000000009
7   11   3   5   -0.0000000064
7   12   1   6   -0.0002334176
7   12   2   6   -0.0021296382
7   12   3   4   -0.0009679041
7   12   3   5   -0.0088308701
7   13   1   4   0.0107081680
7   13   1   5   0.0137941654
7   13   2   4   0.0827302549
7   13   2   5   -0.0107081672
7   13   3   6   0.0000000001
7   14   1   4   0.0177724654
7   14   1   5   0.0107081594
7   14   2   4   0.0107081594
7   14   2   5   0.1142968783
7   14   3   6   0.0081718740

End IJAB Block
Begin IJKL Block
1   8   1   8   2.2959876463
1   8   1   9   -0.0000000008
1   8   1   10   0.1967798433
1   8   1   11   -0.0000000003
1   8   1   12   -0.0705971017
1   8   2   8   -0.0000000008
1   8   2   9   1.8156924552
1   8   2   10   -0.0000000005
1   8   2   11   -0.1775341530
1   8   2   12   0.0000000000
1   8   3   8   0.1967798433
1   8   3   9   -0.0000000005
1   8   3   10   0.0333575486
1   8   3   11   0.0000000002
1   8   3   12   -0.0023257105
1   8   4   8   -0.0000000003
1   8   4   9   -0.1775341530
1   8   4   10   0.0000000002
1   8   4   11   0.0264131584
1   8   4   12   0.0000000003
1   8   5   8   -0.0705971017
1   8   5   9   0.0000000000
1   8   5   10   -0.0023257105
1   8   5   11   0.0000000003
1   8   5   12   0.0154990737
1   8   6   13   0.0105780833
1   8   6   14   -0.0000000000
1   8   7   13   -0.0000000000
1   8   7   14   0.0105780831
1   9   1   8   -0.0000000008
1   9   1   9   2.2972367248
1   9   1   10   -0.0000000006
1   9   1   11   -0.1851809282
1   9   1   12   -0.0000000000
1   9   2   8   1.8159310089
1   9   2   9   -0.0000000008
1   9   2   10   0.2074464817
1   9   2   11   -0.0000000002
1   9   2   12   -0.0537987436
1   9   3   8   -0.0000000006
1   9   3   9   0.1969984755
1   9   3   10   -0.0000000004
1   9   3   11   -0.0237902959
1   9   3   12   0.0000000001
1   9   4   8   -0.1775619106
1   9   4   9   -0.0000000002
1   9   4   10   -0.0241315110
1   9   4   11   0.0000000001
1   9   4   12   0.0134804688
1   9   5   8   0.0000000000
1   9   5   9   -0.0706107662
1   9   5   10   -0.0000000003
1   9   5   11   0.0140200354
1   9   5   12   -0.0000000002
1   9   6   13   -0.0000000002
1   9   6   14   -0.0000000000
1   9   7   13   -0.0000000000
1   9   7   14   -0.0000000003
1   10   1   8   0.1967798433
1   10   1   9   -0.0000000006
1   10   1   10   0.8384472653
1   10   1   11   0.0000000009
1   10   1   12   0.1021771428
1   10   2   8   -0.0000000006
1   10   2   9   0.2074264334
1   10   2   10   -0.0000000007
1   10   2   11   -0.1694021415
1   10   2   12   0.0000000004
1   10   3   8   0.0362395836
1   10   3   9   -0.0000000000
1   10   3   10   -0.0053776450
1   10   3   11   0.0000000003
1   10   3   12   -0.0085711885
1   10   4   8   -0.0000000002
1   10   4   9   -0.0254107411
1   10   4   10   0.0000000002
1   10   4   11   0.0040869593
1   10   4   12   -0.0000000001
1   10   5   8   -0.0015963973
1   10   5   9   -0.0000000005
1   10   5   10   -0.0307677971
1   10   5   11   -0.0000000003
1   10   5   12   -0.0161410390
1   10   6   13   -0.0164247073
1   10   7   14   -0.0164247073
1   11   1   8   -0.0000000003
1   11   1   9   -0.1851809282
1   11   1   10   0.0000000009
1   11   1   11   0.6650289258
1   11   1   12   0.0000000009
1   11   2   8   -0.1775619106
1   11   2   9   -0.0000000003
1   11   2   10   -0.1694333339
1   11   2   11   0.0000000014
1   11   2   12   0.2485660719
1   11   3   8   -0.0000000002
1   11   3   9   -0.0251000350
1   11   3   10   0.0000000002
1   11   3   11   0.0131435648
1   11   3   12   0.0000000002
1   11   4   8   0.0289181893
1   11   4   9   0.0000000006
1   11   4   10   0.0038415024
1   11   4   11   -0.0000000005
1   11   4   12   0.0028491367
1   11   5   8   0.0000000005
1   11   5   9   0.0156445568
1   11   5   10   -0.0000000004
1   11   5   11   0.0052952292
1   11   5   12   -0.0000000006
1   11   6   13   -0.0000000002
1   11   6   14   -0.0000000000
1   11   7   13   -0.0000000000
1   11   7   14   -0.0000000003
1   12   1   8   -0.0705971017
1   12   1   9   -0.0000000000
1   12   1   10   0.1021771428
1   12   1   11   0.0000000009
1   12   1   12   0.6941237390
1   12   2   8   0.0000000000
1   12   2   9   -0.0537872647
1   12   2   10   0.0000000004
1   12   2   11   0.2485688311
1   12   2   12   0.0000000002
1   12   3   8   -0.0015963973
1   12   3   9   -0.0000000001
1   12   3   10   -0.0087807708
1   12   3   11   0.0000000002
1   12   3   12   0.0083972396
1   12   4   8   0.0000000005
1   12   4   9   0.0151087118
1   12   4   10   -0.0000000000
1   12   4   11   0.0029829817
1   12   4   12   -0.0000000016
1   12   5   8   0.0183803427
1   12   5   9   0.0000000001
1   12   5   10   -0.0164336481
1   12   5   11   -0.0000000006
1   12   5   12   0.0002552540
1   12   6   13   0.0036968619
1   12   6   14   -0.0000000000
1   12   7   13   -0.0000000000
1   12   7   14   0.0036968619
1   13   1   13   0.6962694648
1   13   1   14   -0.0000000001
1   13   2   13   -0.0000000015
1   13   2   14   -0.0000000000
1   13   3   13   0.0006676785
1   13   3   14   -0.0000000001
1   13   4   13   -0.0000000008
1   13   4   14   0.0000000004
1   13   5   13   -0.0110240386
1   13   5   14   0.0000000000
1   13   6   8   0.0136068651
1   13   6   9   -0.0000000001
1   13   6   10   -0.0171510615
1   13   6   11   -0.0000000002
1   13   6   12   0.0040935405
1   13   7   8   -0.0000000000
1   13   7   9   -0.0000000000
1   13   7   10   0.0000000000
1   13   7   11   -0.0000000000
1   13   7   12   -0.0000000000
1   14   1   13   -0.0000000001
1   14   1   14   0.6962694644
1   14   2   13   -0.0000000000
1   14   2   14   -0.0000000017
1   14   3   13   -0.0000000001
1   14   3   14   0.0006676782
1   14   4   13   0.0000000004
1   14   4   14   0.0000000007
1   14   5   13   0.0000000000
1   14   5   14   -0.0110240385
1   14   6   8   -0.0000000000
1   14   6   9   -0.0000000000
1   14   6   10   0.0000000000
1   14   6   11   -0.0000000000
1   14   6   12   -0.0000000000
1   14   7   8   0.0136068651
1   14   7   9   -0.0000000002
1   14   7   10   -0.0171510615
1   14   7   11   -0.0000000003
1   14   7   12   0.0040935404
2   8   1   8   -0.0000000008
2   8   1   9   1.8159310089
2   8   1   10   -0.0000000006
2   8   1   11   -0.1775619106
2   8   1   12   0.0000000000
2   8   2   8   2.2972367248
2   8   2   9   -0.0000000008
2   8   2   10   0.1969984755
2   8   2   11   -0.0000000002
2   8   2   12   -0.0706107662
2   8   3   8   -0.0000000006
2   8   3   9   0.2074464817
2   8   3   10   -0.0000000004
2   8   3   11   -0.0241315110
2   8   3   12   -0.0000000003
2   8   4   8   -0.1851809282
2   8   4   9   -0.0000000002
2   8   4   10   -0.0237902959
2   8   4   11   0.0000000001
2   8   4   12   0.0140200354
2   8   5   8   -0.0000000000
2   8   5   9   -0.0537987436
2   8   5   10   0.0000000001
2   8   5   11   0.0134804688
2   8   5   12   -0.0000000002
2   8   6   13   -0.0000000002
2   8   6   14   -0.0000000000
2   8   7   13   -0.0000000000
2   8   7   14   -0.0000000003
2   9   1   8   1.8156924552
2   9   1   9   -0.0000000008
2   9   1   10   0.2074264334
2   9   1   11   -0.0000000003
2   9   1   12   -0.0537872647
2   9   2   8   -0.0000000008
2   9   2   9   2.2980133919
2   9   2   10   -0.0000000006
2   9   2   11   -0.1852627338
2   9   2   12   -0.0000000000
2   9   3   8   0.2074264334
2   9   3   9   -0.0000000006
2   9   3   10   0.0329221157
2   9   3   11   -0.0000000001
2   9   3   12   -0.0030906618
2   9   4   8   -0.0000000003
2   9   4   9   -0.1852627338
2   9   4   10   -0.0000000001
2   9   4   11   0.0266641547
2   9   4   12   0.0000000001
2   9   5   8   -0.0537872647
2   9   5   9   -0.0000000000
2   9   5   10   -0.0030906618
2   9   5   11   0.0000000001
2   9   5   12   0.0142575913
2   9   6   13   0.0099476038
2   9   6   14   -0.0000000000
2   9   7   13   -0.0000000000
2   9   7   14   0.0099476036
2   10   1   8   -0.0000000005
2   10   1   9   0.2074464817
2   10   1   10   -0.0000000007
2   10   1   11   -0.1694333339
2   10   1   12   0.0000000004
2   10   2   8   0.1969984755
2   10   2   9   -0.0000000006
2   10   2   10   0.8383392882
2   10   2   11   0.0000000008
2   10   2   12   0.1020638705
2   10   3   8   -0.0000000000
2   10   3   9   0.0358817469
2   10   3   10   -0.0000000003
2   10   3   11   -0.0088165556
2   10   3   12   0.0000000001
2   10   4   8   -0.0251000350
2   10   4   9   -0.0000000004
2   10   4   10   -0.0216908182
2   10   4   11   -0.0000000003
2   10   4   12   -0.0077837096
2   10   5   8   -0.0000000001
2   10   5   9   -0.0023384074
2   10   5   10   0.0000000001
2   10   5   11   -0.0019740897
2   10   5   12   0.0000000001
2   10   6   13   0.0000000000
2   10   6   14   0.0000000000
2   10   7   13   0.0000000000
2   10   7   14   0.0000000001
2   11   1   8   -0.1775341530
2   11   1   9   -0.0000000002
2   11   1   10   -0.1694021415
2   11   1   11   0.0000000014
2   11   1   12   0.2485688311
2   11   2   8   -0.0000000002
2   11   2   9   -0.1852627338
2   11   2   10   0.0000000008
2   11   2   11   0.6651003763
2   11   2   12   0.0000000008
2   11   3   8   -0.0254107411
2   11   3   9   -0.0000000004
2   11   3   10   -0.0092728087
2   11   3   11   0.0000000005
2   11   3   12   0.0153969504
2   11   4   8   0.0000000006
2   11   4   9   0.0291619978
2   11   4   10   -0.0000000004
2   11   4   11   -0.0041173447
2   11   4   12   -0.0000000005
2   11   5   8   0.0151087118
2   11   5   9   0.0000000002
2   11   5   10   -0.0020707524
2   11   5   11   -0.0000000002
2   11   5   12   0.0154939080
2   11   6   13   0.0100140807
2   11   6   14   -0.0000000000
2   11   7   13   -0.0000000000
2   11   7   14   0.0100140807
2   12   1   8   0.0000000000
2   12   1   9   -0.0537987436
2   12   1   10   0.0000000004
2   12   1   11   0.2485660719
2   12   1   12   0.0000000002
2   12   2   8   -0.0706107662
2   12   2   9   -0.0000000000
2   12   2   10   0.1020638705
2   12   2   11   0.0000000008
2   12   2   12   0.6941362392
2   12   3   8   -0.0000000005
2   12   3   9   -0.0023384074
2   12   3   10   -0.0000000000
2   12   3   11   0.0155264604
2   12   3   12   0.0000000015
2   12   4   8   0.0156445568
2   12   4   9   0.0000000002
2   12   4   10   -0.0077644752
2   12   4   11   -0.0000000006
2   12   4   12   -0.0054928959
2   12   5   8   0.0000000001
2   12   5   9   0.0171632849
2   12   5   10   0.0000000000
2   12   5   11   0.0155213951
2   12   5   12   -0.0000000006
2   12   6   13   -0.0000000000
2   12   6   14   0.0000000000
2   12   7   13   0.0000000000
2   12   7   14   0.0000000000
2   13   1   13   -0.0000000015
2   13   1   14   -0.0000000000
2   13   2   13   0.6962330135
2   13   2   14   -0.0000000001
2   13   3   13   0.0000000012
2   13   3   14   -0.0000000004
2   13   4   13   -0.0095048049
2   13   4   14   0.0000000001
2   13   5   13   0.0000000000
2   13   5   14   0.0000000001
2   13   6   8   -0.0000000001
2   13   6   9   0.0129827181
2   13   6   10   0.0000000001
2   13   6   11   0.0106897716
2   13   6   12   0.0000000000
2   13   7   8   -0.0000000000
2   13   7   9   -0.0000000000
2   13   7   10   -0.0000000000
2   13   7   11   -0.0000000000
2   13   7   12   0.0000000000
2   14   1   13   -0.0000000000
2   14   1   14   -0.0000000017
2   14   2   13   -0.0000000001
2   14   2   14   0.6962330131
2   14   3   13   -0.0000000004
2   14   3   14   -0.0000000004
2   14   4   13   0.0000000001
2   14   4   14   -0.0095048046
2   14   5   13   0.0000000001
2   14   5   14   0.0000000004
2   14   6   8   -0.0000000000
2   14   6   9   -0.0000000000
2   14   6   10   -0.0000000000
2   14   6   11   -0.0000000000
2   14   6   12   0.0000000000
2   14   7   8   -0.0000000002
2   14   7   9   0.0129827181
2   14   7   10   0.0000000001
2   14   7   11   0.0106897715
2   14   7   12   0.0000000000
3   8   1   8   0.1967798433
3   8   1   9   -0.0000000006
3   8   1   10   0.0362395836
3   8   1   11   -0.0000000002
3   8   1   12   -0.0015963973
3   8   2   8   -0.0000000006
3   8   2   9   0.2074264334
3   8   2   10   -0.0000000000
3   8   2   11   -0.0254107411
3   8   2   12   -0.0000000005
3   8   3   8   0.8384472653
3   8   3   9   -0.0000000007
3   8   3   10   -0.0053776450
3   8   3   11   0.0000000002
3   8   3   12   -0.0307677971
3   8   4   8   0.0000000009
3   8   4   9   -0.1694021415
3   8   4   10   0.0000000003
3   8   4   11   0.0040869593
3   8   4   12   -0.0000000003
3   8   5   8   0.1021771428
3   8   5   9   0.0000000004
3   8   5   10   -0.0085711885
3   8   5   11   -0.0000000001
3   8   5   12   -0.0161410390
3   8   6   13   -0.0164247073
3   8   7   14   -0.0164247073
3   9   1   8   -0.0000000005
3   9   1   9   0.1969984755
3   9   1   10   -0.0000000000
3   9   1   11   -0.0251000350
3   9   1   12   -0.0000000001
3   9   2   8   0.2074464817
3   9   2   9   -0.0000000006
3   9   2   10   0.0358817469
3   9   2   11   -0.0000000004
3   9   2   12   -0.0023384074
3   9   3   8   -0.0000000007
3   9   3   9   0.8383392882
3   9   3   10   -0.0000000003
3   9   3   11   -0.0216908182
3   9   3   12   0.0000000001
3   9   4   8   -0.1694333339
3   9   4   9   0.0000000008
3   9   4   10   -0.0088165556
3   9   4   11   -0.0000000003
3   9   4   12   -0.0019740897
3   9   5   8   0.0000000004
3   9   5   9   0.1020638705
3   9   5   10   0.0000000001
3   9   5   11   -0.0077837096
3   9   5   12   0.0000000001
3   9   6   13   0.0000000000
3   9   6   14   0.0000000000
3   9   7   13   0.0000000000
3   9   7   14   0.0000000001
3   10   1   8   0.0333575486
3   10   1   9   -0.0000000004
3   10   1   10   -0.0053776450
3   10   1   11   0.0000000002
3   10   1   12   -0.0087807708
3   10   2   8   -0.0000000004
3   10   2   9   0.0329221157
3   10   2   10   -0.0000000003
3   10   2   11   -0.0092728087
3   10   2   12   -0.0000000000
3   10   3   8   -0.0053776450
3   10   3   9   -0.0000000003
3   10   3   10   0.8045214955
3   10   3   11   0.0000000010
3   10   3   12   0.1393772021
3   10   4   8   0.0000000002
3   10   4   9   -0.0092728087
3   10   4   10   0.0000000010
3   10   4   11   0.0505857557
3   10   4   12   -0.0000000001
3   10   5   8   -0.0087807708
3   10   5   9   -0.0000000000
3   10   5   10   0.1393772021
3   10   5   11   -0.0000000001
3   10   5   12   0.0613748864
3   10   6   13   0.0908505796
3   10   6   14   -0.0000000000
3   10   7   13   -0.0000000000
3   10   7   14   0.0908505795
3   11   1   8   0.0000000002
3   11   1   9   -0.0237902959
3   11   1   10   0.0000000003
3   11   1   11   0.0131435648
3   11   1   12   0.0000000002
3   11   2   8   -0.0241315110
3   11   2   9   -0.0000000001
3   11   2   10   -0.0088165556
3   11   2   11   0.0000000005
3   11   2   12   0.0155264604
3   11   3   8   0.0000000002
3   11   3   9   -0.0216908182
3   11   3   10   0.0000000010
3   11   3   11   0.5181354457
3   11   3   12   -0.0000000010
3   11   4   8   0.0038415024
3   11   4   9   -0.0000000004
3   11   4   10   0.0542559431
3   11   4   11   0.0000000009
3   11   4   12   -0.0875735809
3   11   5   8   -0.0000000000
3   11   5   9   -0.0077644752
3   11   5   10   -0.0000000004
3   11   5   11   0.0098757778
3   11   5   12   0.0000000004
3   11   6   13   0.0000000000
3   11   6   14   0.0000000002
3   11   7   13   0.0000000002
3   11   7   14   0.0000000010
3   12   1   8   -0.0023257105
3   12   1   9   0.0000000001
3   12   1   10   -0.0085711885
3   12   1   11   0.0000000002
3   12   1   12   0.0083972396
3   12   2   8   -0.0000000003
3   12   2   9   -0.0030906618
3   12   2   10   0.0000000001
3   12   2   11   0.0153969504
3   12   2   12   0.0000000015
3   12   3   8   -0.0307677971
3   12   3   9   0.0000000001
3   12   3   10   0.1393772021
3   12   3   11   -0.0000000010
3   12   3   12   0.5633012698
3   12   4   8   -0.0000000004
3   12   4   9   -0.0020707524
3   12   4   10   -0.0000000004
3   12   4   11   -0.0888929131
3   12   4   12   0.0000000013
3   12   5   8   -0.0164336481
3   12   5   9   0.0000000000
3   12   5   10   0.0648629645
3   12   5   11   0.0000000004
3   12   5   12   0.0354181417
3   12   6   13   -0.0116203711
3   12   6   14   0.0000000001
3   12   7   13   0.0000000001
3   12   7   14   -0.0116203708
3   13   1   13   0.0006676785
3   13   1   14   -0.0000000001
3   13   2   13   0.0000000012
3   13   2   14   -0.0000000004
3   13   3   13   0.6290933406
3   13   3   14   -0.0000000005
3   13   4   13   0.0000000009
3   13   4   14   0.0000000005
3   13   5   13   0.0620320339
3   13   5   14   0.0000000000
3   13   6   8   -0.0171510615
3   13   6   9   0.0000000001
3   13   6   10   0.0944538340
3   13   6   11   -0.0000000004
3   13   6   12   -0.0114717641
3   13   7   8   0.0000000000
3   13   7   9   -0.0000000000
3   13   7   10   -0.0000000001
3   13   7   11   0.0000000004
3   13   7   12   0.0000000001
3   14   1   13   -0.0000000001
3   14   1   14   0.0006676782
3   14   2   13   -0.0000000004
3   14   2   14   -0.0000000004
3   14   3   13   -0.0000000005
3   14   3   14   0.6290933385
3   14   4   13   0.0000000005
3   14   4   14   0.0000000028
3   14   5   13   0.0000000000
3   14   5   14   0.0620320339
3   14   6   8   0.0000000000
3   14   6   9   -0.0000000000
3   14   6   10   -0.0000000001
3   14   6   11   0.0000000004
3   14   6   12   0.0000000001
3   14   7   8   -0.0171510615
3   14   7   9   0.0000000001
3   14   7   10   0.0944538338
3   14   7   11   0.0000000011
3   14   7   12   -0.0114717636
4   8   1   8   -0.0000000003
4   8   1   9   -0.1775619106
4   8   1   10   -0.0000000002
4   8   1   11   0.0289181893
4   8   1   12   0.0000000005
4   8   2   8   -0.1851809282
4   8   2   9   -0.0000000003
4   8   2   10   -0.0251000350
4   8   2   11   0.0000000006
4   8   2   12   0.0156445568
4   8   3   8   0.0000000009
4   8   3   9   -0.1694333339
4   8   3   10   0.0000000002
4   8   3   11   0.0038415024
4   8   3   12   -0.0000000004
4   8   4   8   0.6650289258
4   8   4   9   0.0000000014
4   8   4   10   0.0131435648
4   8   4   11   -0.0000000005
4   8   4   12   0.0052952292
4   8   5   8   0.0000000009
4   8   5   9   0.2485660719
4   8   5   10   0.0000000002
4   8   5   11   0.0028491367
4   8   5   12   -0.0000000006
4   8   6   13   -0.0000000002
4   8   6   14   -0.0000000000
4   8   7   13   -0.0000000000
4   8   7   14   -0.0000000003
4   9   1   8   -0.1775341530
4   9   1   9   -0.0000000002
4   9   1   10   -0.0254107411
4   9   1   11   0.0000000006
4   9   1   12   0.0151087118
4   9   2   8   -0.0000000002
4   9   2   9   -0.1852627338
4   9   2   10   -0.0000000004
4   9   2   11   0.0291619978
4   9   2   12   0.0000000002
4   9   3   8   -0.1694021415
4   9   3   9   0.0000000008
4   9   3   10   -0.0092728087
4   9   3   11   -0.0000000004
4   9   3   12   -0.0020707524
4   9   4   8   0.0000000014
4   9   4   9   0.6651003763
4   9   4   10   0.0000000005
4   9   4   11   -0.0041173447
4   9   4   12   -0.0000000002
4   9   5   8   0.2485688311
4   9   5   9   0.0000000008
4   9   5   10   0.0153969504
4   9   5   11   -0.0000000005
4   9   5   12   0.0154939080
4   9   6   13   0.0100140807
4   9   6   14   -0.0000000000
4   9   7   13   -0.0000000000
4   9   7   14   0.0100140807
4   10   1   8   0.0000000002
4   10   1   9   -0.0241315110
4   10   1   10   0.0000000002
4   10   1   11   0.0038415024
4   10   1   12   -0.0000000000
4   10   2   8   -0.0237902959
4   10   2   9   -0.0000000001
4   10   2   10   -0.0216908182
4   10   2   11   -0.0000000004
4   10   2   12   -0.0077644752
4   10   3   8   0.0000000003
4   10   3   9   -0.0088165556
4   10   3   10   0.0000000010
4   10   3   11   0.0542559431
4   10   3   12   -0.0000000004
4   10   4   8   0.0131435648
4   10   4   9   0.0000000005
4   10   4   10   0.5181354457
4   10   4   11   0.0000000009
4   10   4   12   0.0098757778
4   10   5   8   0.0000000002
4   10   5   9   0.0155264604
4   10   5   10   -0.0000000010
4   10   5   11   -0.0875735809
4   10   5   12   0.0000000004
4   10   6   13   0.0000000000
4   10   6   14   0.0000000002
4   10   7   13   0.0000000002
4   10   7   14   0.0000000010
4   11   1   8   0.0264131584
4   11   1   9   0.0000000001
4   11   1   10   0.0040869593
4   11   1   11   -0.0000000005
4   11   1   12   0.0029829817
4   11   2   8   0.0000000001
4   11   2   9   0.0266641547
4   11   2   10   -0.0000000003
4   11   2   11   -0.0041173447
4   11   2   12   -0.0000000006
4   11   3   8   0.0040869593
4   11   3   9   -0.0000000003
4   11   3   10   0.0505857557
4   11   3   11   0.0000000009
4   11   3   12   -0.0888929131
4   11   4   8   -0.0000000005
4   11   4   9   -0.0041173447
4   11   4   10   0.0000000009
4   11   4   11   0.5226514437
4   11   4   12   0.0000000009
4   11   5   8   0.0029829817
4   11   5   9   -0.0000000006
4   11   5   10   -0.0888929131
4   11   5   11   0.0000000009
4   11   5   12   0.1910257699
4   11   6   13   0.0351278269
4   11   6   14   0.0000000000
4   11   7   13   0.0000000000
4   11   7   14   0.0351278270
4   12   1   8   0.0000000003
4   12   1   9   0.0134804688
4   12   1   10   -0.0000000001
4   12   1   11   0.0028491367
4   12   1   12   -0.0000000016
4   12   2   8   0.0140200354
4   12   2   9   0.0000000001
4   12   2   10   -0.0077837096
4   12   2   11   -0.0000000005
4   12   2   12   -0.0054928959
4   12   3   8   -0.0000000003
4   12   3   9   -0.0019740897
4   12   3   10   -0.0000000001
4   12   3   11   -0.0875735809
4   12   3   12   0.0000000013
4   12   4   8   0.0052952292
4   12   4   9   -0.0000000002
4   12   4   10   0.0098757778
4   12   4   11   0.0000000009
4   12   4   12   0.5231014093
4   12   5   8   -0.0000000006
4   12   5   9   0.0155213951
4   12   5   10   0.0000000004
4   12   5   11   0.1905179300
4   12   5   12   0.0000000025
4   12   6   13   -0.0000000005
4   12   6   14   0.0000000000
4   12   7   13   0.0000000000
4   12   7   14   -0.0000000003
4   13   1   13   -0.0000000008
4   13   1   14   0.0000000004
4   13   2   13   -0.0095048049
4   13   2   14   0.0000000001
4   13   3   13   0.0000000009
4   13   3   14   0.0000000005
4   13   4   13   0.4895075887
4   13   4   14   -0.0000000006
4   13   5   13   0.0000000017
4   13   5   14   -0.0000000011
4   13   6   8   -0.0000000002
4   13   6   9   0.0106897716
4   13   6   10   -0.0000000004
4   13   6   11   0.0389594905
4   13   6   12   -0.0000000004
4   13   7   8   -0.0000000000
4   13   7   9   -0.0000000000
4   13   7   10   0.0000000004
4   13   7   11   -0.0000000001
4   13   7   12   -0.0000000002
4   14   1   13   0.0000000004
4   14   1   14   0.0000000007
4   14   2   13   0.0000000001
4   14   2   14   -0.0095048046
4   14   3   13   0.0000000005
4   14   3   14   0.0000000028
4   14   4   13   -0.0000000006
4   14   4   14   0.4895075861
4   14   5   13   -0.0000000011
4   14   5   14   -0.0000000029
4   14   6   8   -0.0000000000
4   14   6   9   -0.0000000000
4   14   6   10   0.0000000004
4   14   6   11   -0.0000000001
4   14   6   12   -0.0000000002
4   14   7   8   -0.0000000003
4   14   7   9   0.0106897715
4   14   7   10   0.0000000011
4   14   7   11   0.0389594902
4   14   7   12   -0.0000000011
5   8   1   8   -0.0705971017
5   8   1   9   0.0000000000
5   8   1   10   -0.0015963973
5   8   1   11   0.0000000005
5   8   1   12   0.0183803427
5   8   2   8   -0.0000000000
5   8   2   9   -0.0537872647
5   8   2   10   -0.0000000001
5   8   2   11   0.0151087118
5   8   2   12   0.0000000001
5   8   3   8   0.1021771428
5   8   3   9   0.0000000004
5   8   3   10   -0.0087807708
5   8   3   11   -0.0000000000
5   8   3   12   -0.0164336481
5   8   4   8   0.0000000009
5   8   4   9   0.2485688311
5   8   4   10   0.0000000002
5   8   4   11   0.0029829817
5   8   4   12   -0.0000000006
5   8   5   8   0.6941237390
5   8   5   9   0.0000000002
5   8   5   10   0.0083972396
5   8   5   11   -0.0000000016
5   8   5   12   0.0002552540
5   8   6   13   0.0036968619
5   8   6   14   -0.0000000000
5   8   7   13   -0.0000000000
5   8   7   14   0.0036968619
5   9   1   8   0.0000000000
5   9   1   9   -0.0706107662
5   9   1   10   -0.0000000005
5   9   1   11   0.0156445568
5   9   1   12   0.0000000001
5   9   2   8   -0.0537987436
5   9   2   9   -0.0000000000
5   9   2   10   -0.0023384074
5   9   2   11   0.0000000002
5   9   2   12   0.0171632849
5   9   3   8   0.0000000004
5   9   3   9   0.1020638705
5   9   3   10   -0.0000000000
5   9   3   11   -0.0077644752
5   9   3   12   0.0000000000
5   9   4   8   0.2485660719
5   9   4   9   0.0000000008
5   9   4   10   0.0155264604
5   9   4   11   -0.0000000006
5   9   4   12   0.0155213951
5   9   5   8   0.0000000002
5   9   5   9   0.6941362392
5   9   5   10   0.0000000015
5   9   5   11   -0.0054928959
5   9   5   12   -0.0000000006
5   9   6   13   -0.0000000000
5   9   6   14   0.0000000000
5   9   7   13   0.0000000000
5   9   7   14   0.0000000000
5   10   1   8   -0.0023257105
5   10   1   9   -0.0000000003
5   10   1   10   -0.0307677971
5   10   1   11   -0.0000000004
5   10   1   12   -0.0164336481
5   10   2   8   0.0000000001
5   10   2   9   -0.0030906618
5   10   2   10   0.0000000001
5   10   2   11   -0.0020707524
5   10   2   12   0.0000000000
5   10   3   8   -0.0085711885
5   10   3   9   0.0000000001
5   10   3   10   0.1393772021
5   10   3   11   -0.0000000004
5   10   3   12   0.0648629645
5   10   4   8   0.0000000002
5   10   4   9   0.0153969504
5   10   4   10   -0.0000000010
5   10   4   11   -0.0888929131
5   10   4   12   0.0000000004
5   10   5   8   0.0083972396
5   10   5   9   0.0000000015
5   10   5   10   0.5633012698
5   10   5   11   0.0000000013
5   10   5   12   0.0354181417
5   10   6   13   -0.0116203711
5   10   6   14   0.0000000001
5   10   7   13   0.0000000001
5   10   7   14   -0.0116203708
5   11   1   8   0.0000000003
5   11   1   9   0.0140200354
5   11   1   10   -0.0000000003
5   11   1   11   0.0052952292
5   11   1   12   -0.0000000006
5   11   2   8   0.0134804688
5   11   2   9   0.0000000001
5   11   2   10   -0.0019740897
5   11   2   11   -0.0000000002
5   11   2   12   0.0155213951
5   11   3   8   -0.0000000001
5   11   3   9   -0.0077837096
5   11   3   10   -0.0000000001
5   11   3   11   0.0098757778
5   11   3   12   0.0000000004
5   11   4   8   0.0028491367
5   11   4   9   -0.0000000005
5   11   4   10   -0.0875735809
5   11   4   11   0.0000000009
5   11   4   12   0.1905179300
5   11   5   8   -0.0000000016
5   11   5   9   -0.0054928959
5   11   5   10   0.0000000013
5   11   5   11   0.5231014093
5   11   5   12   0.0000000025
5   11   6   13   -0.0000000005
5   11   6   14   0.0000000000
5   11   7   13   0.0000000000
5   11   7   14   -0.0000000003
5   12   1   8   0.0154990737
5   12   1   9   -0.0000000002
5   12   1   10   -0.0161410390
5   12   1   11   -0.0000000006
5   12   1   12   0.0002552540
5   12   2   8   -0.0000000002
5   12   2   9   0.0142575913
5   12   2   10   0.0000000001
5   12   2   11   0.0154939080
5   12   2   12   -0.0000000006
5   12   3   8   -0.0161410390
5   12   3   9   0.0000000001
5   12   3   10   0.0613748864
5   12   3   11   0.0000000004
5   12   3   12   0.0354181417
5   12   4   8   -0.0000000006
5   12   4   9   0.0154939080
5   12   4   10   0.0000000004
5   12   4   11   0.1910257699
5   12   4   12   0.0000000025
5   12   5   8   0.0002552540
5   12   5   9   -0.0000000006
5   12   5   10   0.0354181417
5   12   5   11   0.0000000025
5   12   5   12   0.5433135444
5   12   6   13   0.0175029434
5   12   6   14   0.0000000001
5   12   7   13   0.0000000001
5   12   7   14   0.0175029440
5   13   1   13   -0.0110240386
5   13   1   14   0.0000000000
5   13   2   13   0.0000000000
5   13   2   14   0.0000000001
5   13   3   13   0.0620320339
5   13   3   14   0.0000000000
5   13   4   13   0.0000000017
5   13   4   14   -0.0000000011
5   13   5   13   0.5009817643
5   13   5   14   -0.0000000009
5   13   6   8   0.0040935405
5   13   6   9   0.0000000000
5   13   6   10   -0.0114717641
5   13   6   11   -0.0000000004
5   13   6   12   0.0223828749
5   13   7   8   -0.0000000000
5   13   7   9   0.0000000000
5   13   7   10   0.0000000001
5   13   7   11   -0.0000000002
5   13   7   12   0.0000000000
5   14   1   13   0.0000000000
5   14   1   14   -0.0110240385
5   14   2   13   0.0000000001
5   14   2   14   0.0000000004
5   14   3   13   0.0000000000
5   14   3   14   0.0620320339
5   14   4   13   -0.0000000011
5   14   4   14   -0.0000000029
5   14   5   13   -0.0000000009
5   14   5   14   0.5009817605
5   14   6   8   -0.0000000000
5   14   6   9   0.0000000000
5   14   6   10   0.0000000001
5   14   6   11   -0.0000000002
5   14   6   12   0.0000000000
5   14   7   8   0.0040935404
5   14   7   9   0.0000000000
5   14   7   10   -0.0114717636
5   14   7   11   -0.0000000011
5   14   7   12   0.0223828751
6   8   1   13   0.0136068651
6   8   1   14   -0.0000000000
6   8   2   13   -0.0000000001
6   8   2   14   -0.0000000000
6   8   3   13   -0.0171510615
6   8   3   14   0.0000000000
6   8   4   13   -0.0000000002
6   8   4   14   -0.0000000000
6   8   5   13   0.0040935405
6   8   5   14   -0.0000000000
6   8   6   8   0.6962694648
6   8   6   9   -0.0000000015
6   8   6   10   0.0006676785
6   8   6   11   -0.0000000008
6   8   6   12   -0.0110240386
6   8   7   8   -0.0000000001
6   8   7   9   -0.0000000000
6   8   7   10   -0.0000000001
6   8   7   11   0.0000000004
6   8   7   12   0.0000000000
6   9   1   13   -0.0000000001
6   9   1   14   -0.0000000000
6   9   2   13   0.0129827181
6   9   2   14   -0.0000000000
6   9   3   13   0.0000000001
6   9   3   14   -0.0000000000
6   9   4   13   0.0106897716
6   9   4   14   -0.0000000000
6   9   5   13   0.0000000000
6   9   5   14   0.0000000000
6   9   6   8   -0.0000000015
6   9   6   9   0.6962330135
6   9   6   10   0.0000000012
6   9   6   11   -0.0095048049
6   9   6   12   0.0000000000
6   9   7   8   -0.0000000000
6   9   7   9   -0.0000000001
6   9   7   10   -0.0000000004
6   9   7   11   0.0000000001
6   9   7   12   0.0000000001
6   10   1   13   -0.0171510615
6   10   1   14   0.0000000000
6   10   2   13   0.0000000001
6   10   2   14   -0.0000000000
6   10   3   13   0.0944538340
6   10   3   14   -0.0000000001
6   10   4   13   -0.0000000004
6   10   4   14   0.0000000004
6   10   5   13   -0.0114717641
6   10   5   14   0.0000000001
6   10   6   8   0.0006676785
6   10   6   9   0.0000000012
6   10   6   10   0.6290933406
6   10   6   11   0.0000000009
6   10   6   12   0.0620320339
6   10   7   8   -0.0000000001
6   10   7   9   -0.0000000004
6   10   7   10   -0.0000000005
6   10   7   11   0.0000000005
6   10   7   12   0.0000000000
6   11   1   13   -0.0000000002
6   11   1   14   -0.0000000000
6   11   2   13   0.0106897716
6   11   2   14   -0.0000000000
6   11   3   13   -0.0000000004
6   11   3   14   0.0000000004
6   11   4   13   0.0389594905
6   11   4   14   -0.0000000001
6   11   5   13   -0.0000000004
6   11   5   14   -0.0000000002
6   11   6   8   -0.0000000008
6   11   6   9   -0.0095048049
6   11   6   10   0.0000000009
6   11   6   11   0.4895075887
6   11   6   12   0.0000000017
6   11   7   8   0.0000000004
6   11   7   9   0.0000000001
6   11   7   10   0.0000000005
6   11   7   11   -0.0000000006
6   11   7   12   -0.0000000011
6   12   1   13   0.0040935405
6   12   1   14   -0.0000000000
6   12   2   13   0.0000000000
6   12   2   14   0.0000000000
6   12   3   13   -0.0114717641
6   12   3   14   0.0000000001
6   12   4   13   -0.0000000004
6   12   4   14   -0.0000000002
6   12   5   13   0.0223828749
6   12   5   14   0.0000000000
6   12   6   8   -0.0110240386
6   12   6   9   0.0000000000
6   12   6   10   0.0620320339
6   12   6   11   0.0000000017
6   12   6   12   0.5009817643
6   12   7   8   0.0000000000
6   12   7   9   0.0000000001
6   12   7   10   0.0000000000
6   12   7   11   -0.0000000011
6   12   7   12   -0.0000000009
6   13   1   8   0.0105780833
6   13   1   9   -0.0000000002
6   13   1   10   -0.0164247073
6   13   1   11   -0.0000000002
6   13   1   12   0.0036968619
6   13   2   8   -0.0000000002
6   13   2   9   0.0099476038
6   13   2   10   0.0000000000
6   13   2   11   0.0100140807
6   13   2   12   -0.0000000000
6   13   3   8   -0.0164247073
6   13   3   9   0.0000000000
6   13   3   10   0.0908505796
6   13   3   11   0.0000000000
6   13   3   12   -0.0116203711
6   13   4   8   -0.0000000002
6   13   4   9   0.0100140807
6   13   4   10   0.0000000000
6   13   4   11   0.0351278269
6   13   4   12   -0.0000000005
6   13   5   8   0.0036968619
6   13   5   9   -0.0000000000
6   13   5   10   -0.0116203711
6   13   5   11   -0.0000000005
6   13   5   12   0.0175029434
6   13   6   13   0.5676798999
6   13   6   14   0.0000000024
6   13   7   13   0.0000000024
6   13   7   14   0.0164941629
6   14   1   8   -0.0000000000
6   14   1   9   -0.0000000000
6   14   1   11   -0.0000000000
6   14   1   12   -0.0000000000
6   14   2   8   -0.0000000000
6   14   2   9   -0.0000000000
6   14   2   10   0.0000000000
6   14   2   11   -0.0000000000
6   14   2   12   0.0000000000
6   14   3   9   0.0000000000
6   14   3   10   -0.0000000000
6   14   3   11   0.0000000002
6   14   3   12   0.0000000001
6   14   4   8   -0.0000000000
6   14   4   9   -0.0000000000
6   14   4   10   0.0000000002
6   14   4   11   0.0000000000
6   14   4   12   0.0000000000
6   14   5   8   -0.0000000000
6   14   5   9   0.0000000000
6   14   5   10   0.0000000001
6   14   5   11   0.0000000000
6   14   5   12   0.0000000001
6   14   6   13   0.0000000024
6   14   6   14   0.5306055688
6   14   7   13   0.0205801761
6   14   7   14   -0.0000000017
7   8   1   13   -0.0000000000
7   8   1   14   0.0136068651
7   8   2   13   -0.0000000000
7   8   2   14   -0.0000000002
7   8   3   13   0.0000000000
7   8   3   14   -0.0171510615
7   8   4   13   -0.0000000000
7   8   4   14   -0.0000000003
7   8   5   13   -0.0000000000
7   8   5   14   0.0040935404
7   8   6   8   -0.0000000001
7   8   6   9   -0.0000000000
7   8   6   10   -0.0000000001
7   8   6   11   0.0000000004
7   8   6   12   0.0000000000
7   8   7   8   0.6962694644
7   8   7   9   -0.0000000017
7   8   7   10   0.0006676782
7   8   7   11   0.0000000007
7   8   7   12   -0.0110240385
7   9   1   13   -0.0000000000
7   9   1   14   -0.0000000002
7   9   2   13   -0.0000000000
7   9   2   14   0.0129827181
7   9   3   13   -0.0000000000
7   9   3   14   0.0000000001
7   9   4   13   -0.0000000000
7   9   4   14   0.0106897715
7   9   5   13   0.0000000000
7   9   5   14   0.0000000000
7   9   6   8   -0.0000000000
7   9   6   9   -0.0000000001
7   9   6   10   -0.0000000004
7   9   6   11   0.0000000001
7   9   6   12   0.0000000001
7   9   7   8   -0.0000000017
7   9   7   9   0.6962330131
7   9   7   10   -0.0000000004
7   9   7   11   -0.0095048046
7   9   7   12   0.0000000004
7   10   1   13   0.0000000000
7   10   1   14   -0.0171510615
7   10   2   13   -0.0000000000
7   10   2   14   0.0000000001
7   10   3   13   -0.0000000001
7   10   3   14   0.0944538338
7   10   4   13   0.0000000004
7   10   4   14   0.0000000011
7   10   5   13   0.0000000001
7   10   5   14   -0.0114717636
7   10   6   8   -0.0000000001
7   10   6   9   -0.0000000004
7   10   6   10   -0.0000000005
7   10   6   11   0.0000000005
7   10   6   12   0.0000000000
7   10   7   8   0.0006676782
7   10   7   9   -0.0000000004
7   10   7   10   0.6290933385
7   10   7   11   0.0000000028
7   10   7   12   0.0620320339
7   11   1   13   -0.0000000000
7   11   1   14   -0.0000000003
7   11   2   13   -0.0000000000
7   11   2   14   0.0106897715
7   11   3   13   0.0000000004
7   11   3   14   0.0000000011
7   11   4   13   -0.0000000001
7   11   4   14   0.0389594902
7   11   5   13   -0.0000000002
7   11   5   14   -0.0000000011
7   11   6   8   0.0000000004
7   11   6   9   0.0000000001
7   11   6   10   0.0000000005
7   11   6   11   -0.0000000006
7   11   6   12   -0.0000000011
7   11   7   8   0.0000000007
7   11   7   9   -0.0095048046
7   11   7   10   0.0000000028
7   11   7   11   0.4895075861
7   11   7   12   -0.0000000029
7   12   1   13   -0.0000000000
7   12   1   14   0.0040935404
7   12   2   13   0.0000000000
7   12   2   14   0.0000000000
7   12   3   13   0.0000000001
7   12   3   14   -0.0114717636
7   12   4   13   -0.0000000002
7   12   4   14   -0.0000000011
7   12   5   13   0.0000000000
7   12   5   14   0.0223828751
7   12   6   8   0.0000000000
7   12   6   9   0.0000000001
7   12   6   10   0.0000000000
7   12   6   11   -0.0000000011
7   12   6   12   -0.0000000009
7   12   7   8   -0.0110240385
7   12   7   9   0.0000000004
7   12   7   10   0.0620320339
7   12   7   11   -0.0000000029
7   12   7   12   0.5009817605
7   13   1   8   -0.0000000000
7   13   1   9   -0.0000000000
7   13   1   11   -0.0000000000
7   13   1   12   -0.0000000000
7   13   2   8   -0.0000000000
7   13   2   9   -0.0000000000
7   13   2   10   0.0000000000
7   13   2   11   -0.0000000000
7   13   2   12   0.0000000000
7   13   3   9   0.0000000000
7   13   3   10   -0.0000000000
7   13   3   11   0.0000000002
7   13   3   12   0.0000000001
7   13   4   8   -0.0000000000
7   13   4   9   -0.0000000000
7   13   4   10   0.0000000002
7   13   4   11   0.0000000000
7   13   4   12   0.0000000000
7   13   5   8   -0.0000000000
7   13   5   9   0.0000000000
7   13   5   10   0.0000000001
7   13   5   11   0.0000000000
7   13   5   12   0.0000000001
7   13   6   13   0.0000000024
7   13   6   14   0.0205801761
7   13   7   13   0.5306055688
7   13   7   14   -0.0000000017
7   14   1   8   0.0105780831
7   14   1   9   -0.0000000003
7   14   1   10   -0.0164247073
7   14   1   11   -0.0000000003
7   14   1   12   0.0036968619
7   14   2   8   -0.0000000003
7   14   2   9   0.0099476036
7   14   2   10   0.0000000001
7   14   2   11   0.0100140807
7   14   2   12   0.0000000000
7   14   3   8   -0.0164247073
7   14   3   9   0.0000000001
7   14   3   10   0.0908505795
7   14   3   11   0.0000000010
7   14   3   12   -0.0116203708
7   14   4   8   -0.0000000003
7   14   4   9   0.0100140807
7   14   4   10   0.0000000010
7   14   4   11   0.0351278270
7   14   4   12   -0.0000000003
7   14   5   8   0.0036968619
7   14   5   9   0.0000000000
7   14   5   10   -0.0116203708
7   14   5   11   -0.0000000003
7   14   5   12   0.0175029440
7   14   6   13   0.0164941629
7   14   6   14   -0.0000000017
7   14   7   13   -0.0000000017
7   14   7   14   0.5676799028

End IJKL Block
Begin ABCD Block
1   4   1   4   0.4495666229
1   4   1   5   -0.0000000001
1   4   2   4   -0.0000000001
1   4   2   5   0.0167319990
1   4   3   6   0.0103688998
1   5   1   4   -0.0000000001
1   5   1   5   0.4161561729
1   5   2   4   0.0166784504
1   5   2   5   -0.0000000005
1   5   3   6   0.0000000001
1   6   1   6   0.2821018807
1   6   2   6   -0.0000000329
1   6   3   4   0.0103715187
1   6   3   5   0.0000000001
2   4   1   4   -0.0000000001
2   4   1   5   0.0166784504
2   4   2   4   0.4161561729
2   4   2   5   -0.0000000005
2   4   3   6   0.0000000001
2   5   1   4   0.0167319990
2   5   1   5   -0.0000000005
2   5   2   4   -0.0000000005
2   5   2   5   0.4495666214
2   5   3   6   0.0103689000
2   6   1   6   -0.0000000329
2   6   2   6   0.2821017971
2   6   3   4   0.0000000001
2   6   3   5   0.0103715189
3   4   1   6   0.0103715187
3   4   2   6   0.0000000001
3   4   3   4   0.2821018807
3   4   3   5   -0.0000000329
3   5   1   6   0.0000000001
3   5   2   6   0.0103715189
3   5   3   4   -0.0000000329
3   5   3   5   0.2821017971
3   6   1   4   0.0103688998
3   6   1   5   0.0000000001
3   6   2   4   0.0000000001
3   6   2   5   0.0103689000
3   6   3   6   0.3033491574

End ABCD Block
Begin AIJB Block
1   8   1   4   0.0110520711
1   8   1   5   -0.0000000000
1   8   2   4   -0.0000000000
1   8   2   5   -0.0000000000
1   8   3   4   -0.0085399672
1   8   3   5   0.0000000000
1   8   4   4   -0.0000000002
1   8   4   5   -0.0000000000
1   8   5   4   0.0058441707
1   8   5   5   -0.0000000000
1   8   6   6   0.0006787537
1   8   7   6   0.0000743946
1   9   1   4   -0.0000000000
1   9   1   5   -0.0000000000
1   9   2   4   0.0113808503
1   9   2   5   -0.0000000000
1   9   3   4   -0.0000000001
1   9   3   5   -0.0000000000
1   9   4   4   0.0120395587
1   9   4   5   -0.0000000000
1   9   5   4   0.0000000000
1   9   6   6   0.0000000002
1   9   7   6   -0.0000000003
1   10   1   4   -0.0085399672
1   10   1   5   0.0000000000
1   10   2   4   -0.0000000001
1   10   2   5   -0.0000000000
1   10   3   4   0.0288173835
1   10   3   5   -0.0000000000
1   10   4   4   -0.0000000031
1   10   4   5   -0.0000000000
1   10   5   4   -0.0186803988
1   10   5   5   -0.0000000000
1   10   6   6   0.0280884968
1   10   7   6   0.0030786298
1   11   1   4   -0.0000000002
1   11   1   5   -0.0000000000
1   11   2   4   0.0120395587
1   11   2   5   -0.0000000000
1   11   3   4   -0.0000000031
1   11   3   5   -0.0000000000
1   11   4   4   0.0627612142
1   11   4   5   0.0000000000
1   11   5   4   0.0000000151
1   11   5   5   -0.0000000001
1   11   6   6   0.0000000009
1   11   7   6   0.0000000050
1   12   1   4   0.0058441707
1   12   1   5   -0.0000000000
1   12   2   4   0.0000000000
1   12   3   4   -0.0186803988
1   12   3   5   -0.0000000000
1   12   4   4   0.0000000151
1   12   4   5   -0.0000000001
1   12   5   4   0.0334892903
1   12   5   5   -0.0000000000
1   12   6   6   -0.0019048030
1   12   7   6   -0.0002087744
1   13   1   6   -0.0045518861
1   13   2   6   -0.0000000005
1   13   3   6   0.0127484843
1   13   4   6   -0.0000000515
1   13   5   6   -0.0069684455
1   13   6   4   0.1140089498
1   13   6   5   -0.0109571074
1   13   7   4   0.0109571132
1   13   7   5   0.0128517388
1   14   1   6   -0.0004989079
1   14   2   6   -0.0000000000
1   14   3   6   0.0013972930
1   14   4   6   -0.0000000050
1   14   5   6   -0.0007637739
1   14   6   4   0.0109571132
1   14   6   5   0.0859167131
1   14   7   4   0.0152405039
1   14   7   5   0.0109571079
2   8   1   4   -0.0000000000
2   8   1   5   0.0110520711
2   8   2   4   -0.0000000000
2   8   2   5   -0.0000000001
2   8   3   4   0.0000000000
2   8   3   5   -0.0085399672
2   8   4   4   -0.0000000000
2   8   4   5   -0.0000000002
2   8   5   4   -0.0000000000
2   8   5   5   0.0058441707
2   8   6   6   -0.0000743945
2   8   7   6   0.0006787538
2   9   1   4   -0.0000000000
2   9   1   5   -0.0000000001
2   9   2   4   -0.0000000000
2   9   2   5   0.0113808503
2   9   3   4   -0.0000000000
2   9   3   5   -0.0000000002
2   9   4   4   -0.0000000000
2   9   4   5   0.0120395587
2   9   5   5   0.0000000000
2   9   6   6   -0.0000000002
2   9   7   6   -0.0000000006
2   10   1   4   0.0000000000
2   10   1   5   -0.0085399672
2   10   2   4   -0.0000000000
2   10   2   5   -0.0000000002
2   10   3   4   -0.0000000000
2   10   3   5   0.0288173835
2   10   4   4   -0.0000000000
2   10   4   5   -0.0000000031
2   10   5   4   -0.0000000000
2   10   5   5   -0.0186803989
2   10   6   6   -0.0030786296
2   10   7   6   0.0280884972
2   11   1   4   -0.0000000000
2   11   1   5   -0.0000000002
2   11   2   4   -0.0000000000
2   11   2   5   0.0120395587
2   11   3   4   -0.0000000000
2   11   3   5   -0.0000000031
2   11   4   4   0.0000000000
2   11   4   5   0.0627612143
2   11   5   4   -0.0000000001
2   11   5   5   0.0000000149
2   11   6   6   0.0000000033
2   11   7   6   0.0000000143
2   12   1   4   -0.0000000000
2   12   1   5   0.0058441707
2   12   2   5   0.0000000000
2   12   3   4   -0.0000000000
2   12   3   5   -0.0186803989
2   12   4   4   -0.0000000001
2   12   4   5   0.0000000149
2   12   5   4   -0.0000000000
2   12   5   5   0.0334892903
2   12   6   6   0.0002087759
2   12   7   6   -0.0019048007
2   13   1   6   0.0004989079
2   13   2   6   0.0000000001
2   13   3   6   -0.0013972931
2   13   4   6   0.0000000061
2   13   5   6   0.0007637741
2   13   6   4   -0.0109571074
2   13   6   5   0.0152405038
2   13   7   4   0.0859167131
2   13   7   5   -0.0109571129
2   14   1   6   -0.0045518861
2   14   2   6   -0.0000000005
2   14   3   6   0.0127484841
2   14   4   6   -0.0000000498
2   14   5   6   -0.0069684453
2   14   6   4   0.0128517388
2   14   6   5   -0.0109571129
2   14   7   4   0.0109571079
2   14   7   5   0.1140089512
3   8   1   6   0.0057280633
3   8   2   6   0.0000000003
3   8   3   6   0.0011146426
3   8   4   6   -0.0000000014
3   8   5   6   -0.0003203639
3   8   6   4   -0.0045518861
3   8   6   5   0.0004989079
3   8   7   4   -0.0004989079
3   8   7   5   -0.0045518861
3   9   1   6   0.0000000003
3   9   2   6   0.0057387717
3   9   3   6   0.0000000003
3   9   4   6   -0.0010794648
3   9   5   6   0.0000000012
3   9   6   4   -0.0000000005
3   9   6   5   0.0000000001
3   9   7   4   -0.0000000000
3   9   7   5   -0.0000000005
3   10   1   6   0.0011146426
3   10   2   6   0.0000000003
3   10   3   6   0.0105418589
3   10   4   6   -0.0000000021
3   10   5   6   -0.0033380155
3   10   6   4   0.0127484843
3   10   6   5   -0.0013972931
3   10   7   4   0.0013972930
3   10   7   5   0.0127484841
3   11   1   6   -0.0000000014
3   11   2   6   -0.0010794648
3   11   3   6   -0.0000000021
3   11   4   6   0.0217968607
3   11   5   6   -0.0000000222
3   11   6   4   -0.0000000515
3   11   6   5   0.0000000061
3   11   7   4   -0.0000000050
3   11   7   5   -0.0000000498
3   12   1   6   -0.0003203639
3   12   2   6   0.0000000012
3   12   3   6   -0.0033380155
3   12   4   6   -0.0000000222
3   12   5   6   0.0149623054
3   12   6   4   -0.0069684455
3   12   6   5   0.0007637741
3   12   7   4   -0.0007637739
3   12   7   5   -0.0069684453
3   13   1   4   0.0006787537
3   13   1   5   -0.0000743945
3   13   2   4   0.0000000002
3   13   2   5   -0.0000000002
3   13   3   4   0.0280884968
3   13   3   5   -0.0030786296
3   13   4   4   0.0000000009
3   13   4   5   0.0000000033
3   13   5   4   -0.0019048030
3   13   5   5   0.0002087759
3   13   6   6   0.0071250489
3   13   7   6   -0.0000000000
3   14   1   4   0.0000743946
3   14   1   5   0.0006787538
3   14   2   4   -0.0000000003
3   14   2   5   -0.0000000006
3   14   3   4   0.0030786298
3   14   3   5   0.0280884972
3   14   4   4   0.0000000050
3   14   4   5   0.0000000143
3   14   5   4   -0.0002087744
3   14   5   5   -0.0019048007
3   14   6   6   -0.0000000000
3   14   7   6   0.0071250489

1   8   8   1   -0.5909258673
1   8   8   2   0.0000000000
1   8   9   1   0.0000000006
1   8   9   2   -0.0000000001
1   8   10   1   -0.0041550468
1   8   10   2   0.0000000001
1   8   11   1   0.0000000003
1   8   11   2   0.0000000004
1   8   12   1   0.0020819685
1   8   12   2   -0.0000000000
1   8   13   3   0.0051482970
1   8   14   3   0.0005642773
1   9   8   1   0.0000000006
1   9   8   2   -0.0000000001
1   9   9   1   -0.5909602060
1   9   9   2   -0.0000000000
1   9   10   1   -0.0000000004
1   9   10   2   -0.0000000004
1   9   11   1   0.0041910007
1   9   11   2   -0.0000000001
1   9   12   1   0.0000000000
1   9   12   2   0.0000000002
1   9   13   3   0.0000000138
1   9   14   3   0.0000000015
1   10   8   1   -0.0041550468
1   10   8   2   0.0000000001
1   10   9   1   -0.0000000004
1   10   9   2   -0.0000000004
1   10   10   1   -0.5105256256
1   10   10   2   0.0000000003
1   10   11   1   -0.0000000014
1   10   11   2   0.0000000003
1   10   12   1   -0.0255967825
1   10   12   2   0.0000000000
1   10   13   3   -0.0196258150
1   10   14   3   -0.0021510804
1   11   8   1   0.0000000003
1   11   8   2   0.0000000004
1   11   9   1   0.0041910007
1   11   9   2   -0.0000000001
1   11   10   1   -0.0000000014
1   11   10   2   0.0000000003
1   11   11   1   -0.4640328199
1   11   11   2   0.0000000008
1   11   12   1   -0.0000000007
1   11   12   2   -0.0000000005
1   11   13   3   0.0000000812
1   11   14   3   0.0000000087
1   12   8   1   0.0020819685
1   12   8   2   -0.0000000000
1   12   9   1   0.0000000000
1   12   9   2   0.0000000002
1   12   10   1   -0.0255967825
1   12   10   2   0.0000000000
1   12   11   1   -0.0000000007
1   12   11   2   -0.0000000005
1   12   12   1   -0.4655037768
1   12   12   2   0.0000000014
1   12   13   3   0.0041064812
1   12   14   3   0.0004500893
1   13   8   3   0.0051845653
1   13   9   3   0.0000000140
1   13   10   3   -0.0199147878
1   13   11   3   0.0000000837
1   13   12   3   0.0034450035
1   13   13   1   -0.4949666792
1   13   13   2   0.0038285233
1   13   14   1   -0.0038285317
1   13   14   2   -0.0184935991
1   14   8   3   0.0005682524
1   14   9   3   0.0000000015
1   14   10   3   -0.0021827531
1   14   11   3   0.0000000088
1   14   12   3   0.0003775883
1   14   13   1   -0.0038285317
1   14   13   2   -0.0160171243
1   14   14   1   -0.4604559631
1   14   14   2   -0.0038285246
2   8   8   1   0.0000000000
2   8   8   2   -0.5909258673
2   8   9   1   -0.0000000001
2   8   9   2   0.0000000003
2   8   10   1   0.0000000001
2   8   10   2   -0.0041550466
2   8   11   1   0.0000000004
2   8   11   2   0.0000000014
2   8   12   1   -0.0000000000
2   8   12   2   0.0020819685
2   8   13   3   -0.0005642772
2   8   14   3   0.0051482971
2   9   8   1   -0.0000000001
2   9   8   2   0.0000000003
2   9   9   1   -0.0000000000
2   9   9   2   -0.5909602060
2   9   10   1   -0.0000000004
2   9   10   2   -0.0000000014
2   9   11   1   -0.0000000001
2   9   11   2   0.0041910006
2   9   12   1   0.0000000002
2   9   12   2   0.0000000004
2   9   13   3   -0.0000000015
2   9   14   3   0.0000000138
2   10   8   1   0.0000000001
2   10   8   2   -0.0041550466
2   10   9   1   -0.0000000004
2   10   9   2   -0.0000000014
2   10   10   1   0.0000000003
2   10   10   2   -0.5105256247
2   10   11   1   0.0000000003
2   10   11   2   -0.0000000005
2   10   12   1   0.0000000000
2   10   12   2   -0.0255967824
2   10   13   3   0.0021510805
2   10   14   3   -0.0196258149
2   11   8   1   0.0000000004
2   11   8   2   0.0000000014
2   11   9   1   -0.0000000001
2   11   9   2   0.0041910006
2   11   10   1   0.0000000003
2   11   10   2   -0.0000000005
2   11   11   1   0.0000000008
2   11   11   2   -0.4640328179
2   11   12   1   -0.0000000005
2   11   12   2   -0.0000000019
2   11   13   3   -0.0000000090
2   11   14   3   0.0000000806
2   12   8   1   -0.0000000000
2   12   8   2   0.0020819685
2   12   9   1   0.0000000002
2   12   9   2   0.0000000004
2   12   10   1   0.0000000000
2   12   10   2   -0.0255967824
2   12   11   1   -0.0000000005
2   12   11   2   -0.0000000019
2   12   12   1   0.0000000014
2   12   12   2   -0.4655037734
2   12   13   3   -0.0004500895
2   12   14   3   0.0041064810
2   13   8   3   -0.0005682524
2   13   9   3   -0.0000000015
2   13   10   3   0.0021827533
2   13   11   3   -0.0000000094
2   13   12   3   -0.0003775885
2   13   13   1   0.0038285233
2   13   13   2   -0.4604559652
2   13   14   1   -0.0160171243
2   13   14   2   0.0038285319
2   14   8   3   0.0051845654
2   14   9   3   0.0000000139
2   14   10   3   -0.0199147875
2   14   11   3   0.0000000828
2   14   12   3   0.0034450032
2   14   13   1   -0.0184935991
2   14   13   2   0.0038285319
2   14   14   1   -0.0038285246
2   14   14   2   -0.4949666805
3   8   8   3   -0.3191555500
3   8   9   3   -0.0000000005
3   8   10   3   -0.0021735370
3   8   11   3   0.0000000017
3   8   12   3   -0.0006077870
3   8   13   1   0.0051845653
3   8   13   2   -0.0005682524
3   8   14   1   0.0005682524
3   8   14   2   0.0051845654
3   9   8   3   -0.0000000005
3   9   9   3   -0.3191684276
3   9   10   3   0.0000000192
3   9   11   3   0.0008877972
3   9   12   3   0.0000000182
3   9   13   1   0.0000000140
3   9   13   2   -0.0000000015
3   9   14   1   0.0000000015
3   9   14   2   0.0000000139
3   10   8   3   -0.0021735370
3   10   9   3   0.0000000192
3   10   10   3   -0.2909829826
3   10   11   3   0.0000000037
3   10   12   3   -0.0000379727
3   10   13   1   -0.0199147878
3   10   13   2   0.0021827533
3   10   14   1   -0.0021827531
3   10   14   2   -0.0199147875
3   11   8   3   0.0000000017
3   11   9   3   0.0008877972
3   11   10   3   0.0000000037
3   11   11   3   -0.3035338702
3   11   12   3   0.0000000002
3   11   13   1   0.0000000837
3   11   13   2   -0.0000000094
3   11   14   1   0.0000000088
3   11   14   2   0.0000000828
3   12   8   3   -0.0006077870
3   12   9   3   0.0000000182
3   12   10   3   -0.0000379727
3   12   11   3   0.0000000002
3   12   12   3   -0.3072941534
3   12   13   1   0.0034450035
3   12   13   2   -0.0003775885
3   12   14   1   0.0003775883
3   12   14   2   0.0034450032
3   13   8   1   0.0051482970
3   13   8   2   -0.0005642772
3   13   9   1   0.0000000138
3   13   9   2   -0.0000000015
3   13   10   1   -0.0196258150
3   13   10   2   0.0021510805
3   13   11   1   0.0000000812
3   13   11   2   -0.0000000090
3   13   12   1   0.0041064812
3   13   12   2   -0.0004500895
3   13   13   3   -0.2839804147
3   13   14   3   0.0000000153
3   14   8   1   0.0005642773
3   14   8   2   0.0051482971
3   14   9   1   0.0000000015
3   14   9   2   0.0000000138
3   14   10   1   -0.0021510804
3   14   10   2   -0.0196258149
3   14   11   1   0.0000000087
3   14   11   2   0.0000000806
3   14   12   1   0.0004500893
3   14   12   2   0.0041064810
3   14   13   3   0.0000000153
3   14   14   3   -0.2839803511

End AIJB Block
Begin IJKA Block
1   8   1   6   -0.0000000010
1   8   2   6   0.0834634958
1   8   3   6   0.0000000001
1   8   4   6   -0.0126795022
1   8   5   6   0.0000000000
1   8   6   4   -0.0000000018
1   8   6   5   0.0000000002
1   8   7   4   -0.0000000002
1   8   7   5   -0.0000000017
1   9   1   6   0.0844114937
1   9   2   6   -0.0000000003
1   9   3   6   0.0134912163
1   9   4   6   -0.0000000004
1   9   5   6   -0.0049174171
1   9   6   4   0.0120044379
1   9   6   5   -0.0013157421
1   9   7   4   0.0013157421
1   9   7   5   0.0120044378
1   10   1   6   -0.0000000029
1   10   2   6   0.0735713178
1   10   3   6   -0.0000000003
1   10   4   6   -0.0027940950
1   10   5   6   0.0000000002
1   10   6   4   -0.0000000001
1   10   6   5   0.0000000000
1   10   7   4   0.0000000000
1   10   7   5   -0.0000000000
1   11   1   6   -0.1086313180
1   11   2   6   0.0000000169
1   11   3   6   -0.0030971530
1   11   4   6   0.0000000016
1   11   5   6   0.0005981384
1   11   6   4   0.0131532286
1   11   6   5   -0.0014416549
1   11   7   4   0.0014416549
1   11   7   5   0.0131532286
1   12   1   6   0.0000000101
1   12   2   6   -0.0216503938
1   12   3   6   0.0000000001
1   12   4   6   -0.0002699015
1   12   5   6   -0.0000000015
1   12   6   4   0.0000000002
1   12   6   5   -0.0000000000
1   12   7   4   0.0000000000
1   12   7   5   0.0000000002
1   13   1   4   -0.0000000065
1   13   1   5   -0.0000000005
1   13   2   4   0.1887398774
1   13   2   5   -0.0206867669
1   13   3   4   0.0000000002
1   13   3   5   -0.0000000003
1   13   4   4   0.0001959345
1   13   4   5   -0.0000214753
1   13   5   4   0.0000000002
1   13   5   5   0.0000000001
1   13   6   6   -0.0000000004
1   13   7   6   -0.0000000000
1   14   1   4   -0.0000000024
1   14   1   5   -0.0000000110
1   14   2   4   0.0206867670
1   14   2   5   0.1887398777
1   14   3   4   -0.0000000004
1   14   3   5   -0.0000000009
1   14   4   4   0.0000214753
1   14   4   5   0.0001959344
1   14   5   4   0.0000000001
1   14   5   5   0.0000000005
1   14   6   6   -0.0000000000
1   14   7   6   -0.0000000005
2   8   1   6   0.0834860751
2   8   2   6   -0.0000000005
2   8   3   6   0.0135237397
2   8   4   6   -0.0000000003
2   8   5   6   -0.0048481181
2   8   6   4   0.0115494847
2   8   6   5   -0.0012658772
2   8   7   4   0.0012658771
2   8   7   5   0.0115494846
2   9   1   6   -0.0000000007
2   9   2   6   0.0844620824
2   9   3   6   0.0000000004
2   9   4   6   -0.0127203840
2   9   5   6   0.0000000001
2   9   6   4   -0.0000000017
2   9   6   5   0.0000000002
2   9   7   4   -0.0000000002
2   9   7   5   -0.0000000017
2   10   1   6   0.0735488813
2   10   2   6   -0.0000000029
2   10   3   6   0.0029845710
2   10   4   6   0.0000000001
2   10   5   6   -0.0012677524
2   10   6   4   -0.0094896155
2   10   6   5   0.0010401059
2   10   7   4   -0.0010401059
2   10   7   5   -0.0094896155
2   11   1   6   0.0000000171
2   11   2   6   -0.1086159858
2   11   3   6   -0.0000000010
2   11   4   6   0.0024185079
2   11   5   6   0.0000000005
2   11   6   4   0.0000000013
2   11   6   5   -0.0000000002
2   11   7   4   0.0000000001
2   11   7   5   0.0000000012
2   12   1   6   -0.0216445943
2   12   2   6   0.0000000097
2   12   3   6   -0.0026420876
2   12   4   6   -0.0000000006
2   12   5   6   -0.0024100448
2   12   6   4   0.0056455453
2   12   6   5   -0.0006187780
2   12   7   4   0.0006187780
2   12   7   5   0.0056455453
2   13   1   4   0.1886517355
2   13   1   5   -0.0206771061
2   13   2   4   -0.0000000065
2   13   2   5   -0.0000000005
2   13   3   4   0.0061737302
2   13   3   5   -0.0006766695
2   13   4   4   -0.0000000001
2   13   4   5   0.0000000003
2   13   5   4   0.0044316621
2   13   5   5   -0.0004857308
2   13   6   6   -0.0049415586
2   14   1   4   0.0206771063
2   14   1   5   0.1886517357
2   14   2   4   -0.0000000024
2   14   2   5   -0.0000000110
2   14   3   4   0.0006766695
2   14   3   5   0.0061737301
2   14   4   4   0.0000000004
2   14   4   5   0.0000000010
2   14   5   4   0.0004857307
2   14   5   5   0.0044316619
2   14   7   6   -0.0049415586
3   8   1   6   0.0000000001
3   8   2   6   0.0140324873
3   8   3   6   -0.0000000005
3   8   4   6   -0.0021891055
3   8   5   6   0.0000000003
3   8   6   4   -0.0000000002
3   8   6   5   0.0000000000
3   8   7   4   -0.0000000000
3   8   7   5   -0.0000000002
3   9   1   6   0.0139951572
3   9   2   6   0.0000000004
3   9   3   6   0.0050985469
3   9   4   6   0.0000000005
3   9   5   6   0.0009349622
3   9   6   4   -0.0151240289
3   9   6   5   0.0016576638
3   9   7   4   -0.0016576638
3   9   7   5   -0.0151240289
3   10   1   6   -0.0000000003
3   10   2   6   0.0023765615
3   10   3   6   -0.0000000008
3   10   4   6   -0.0203764695
3   10   5   6   -0.0000000004
3   10   6   4   0.0000000024
3   10   6   5   -0.0000000001
3   10   7   4   0.0000000005
3   10   7   5   0.0000000031
3   11   1   6   -0.0026899732
3   11   2   6   -0.0000000011
3   11   3   6   -0.0742876660
3   11   4   6   -0.0000000077
3   11   5   6   -0.0087907136
3   11   6   4   -0.0562825634
3   11   6   5   0.0061688303
3   11   7   4   -0.0061688303
3   11   7   5   -0.0562825634
3   12   1   6   -0.0000000006
3   12   2   6   -0.0023586687
3   12   3   6   0.0000000079
3   12   4   6   0.0021582534
3   12   5   6   0.0000000044
3   12   6   4   -0.0000000026
3   12   6   5   0.0000000004
3   12   7   4   -0.0000000001
3   12   7   5   -0.0000000022
3   13   1   4   0.0000000005
3   13   1   5   -0.0000000004
3   13   2   4   0.0045708885
3   13   2   5   -0.0005009906
3   13   3   4   -0.0000000032
3   13   3   5   -0.0000000006
3   13   4   4   -0.0697220782
3   13   4   5   0.0076418635
3   13   5   4   -0.0000000033
3   13   5   5   0.0000000008
3   13   6   6   0.0000000130
3   13   7   6   0.0000000006
3   14   1   4   -0.0000000005
3   14   1   5   -0.0000000011
3   14   2   4   0.0005009906
3   14   2   5   0.0045708886
3   14   3   4   -0.0000000017
3   14   3   5   -0.0000000069
3   14   4   4   -0.0076418635
3   14   4   5   -0.0697220781
3   14   5   4   0.0000000002
3   14   5   5   -0.0000000018
3   14   6   6   0.0000000006
3   14   7   6   0.0000000156
4   8   1   6   -0.0133281311
4   8   2   6   -0.0000000001
4   8   3   6   -0.0022834732
4   8   4   6   0.0000000009
4   8   5   6   0.0013376046
4   8   6   4   0.0106132861
4   8   6   5   -0.0011632654
4   8   7   4   0.0011632654
4   8   7   5   0.0106132861
4   9   1   6   -0.0000000002
4   9   2   6   -0.0133565568
4   9   3   6   0.0000000001
4   9   4   6   0.0030093577
4   9   5   6   0.0000000004
4   9   6   4   0.0000000004
4   9   6   5   -0.0000000001
4   9   7   4   0.0000000000
4   9   7   5   0.0000000004
4   10   1   6   -0.0025725226
4   10   2   6   -0.0000000005
4   10   3   6   -0.0201936060
4   10   4   6   -0.0000000030
4   10   5   6   0.0252413623
4   10   6   4   -0.0310983154
4   10   6   5   0.0034085198
4   10   7   4   -0.0034085197
4   10   7   5   -0.0310983153
4   11   1   6   0.0000000031
4   11   2   6   0.0022804400
4   11   3   6   0.0000000006
4   11   4   6   -0.0535474067
4   11   5   6   -0.0000000085
4   11   6   4   0.0000000102
4   11   6   5   -0.0000000011
4   11   7   4   0.0000000012
4   11   7   5   0.0000000103
4   12   1   6   -0.0002078588
4   12   2   6   0.0000000001
4   12   3   6   0.0020227191
4   12   4   6   0.0000000173
4   12   5   6   -0.0008871108
4   12   6   4   0.0285696577
4   12   6   5   -0.0031313671
4   12   7   4   0.0031313672
4   12   7   5   0.0285696578
4   13   1   4   0.0001071597
4   13   1   5   -0.0000117452
4   13   2   4   -0.0000000001
4   13   2   5   0.0000000003
4   13   3   4   -0.0678769231
4   13   3   5   0.0074396259
4   13   4   4   -0.0000000027
4   13   4   5   -0.0000000008
4   13   5   4   0.1114915282
4   13   5   5   -0.0122199893
4   13   6   6   -0.0129595763
4   13   7   6   0.0000000003
4   14   1   4   0.0000117452
4   14   1   5   0.0001071596
4   14   2   4   0.0000000004
4   14   2   5   0.0000000009
4   14   3   4   -0.0074396260
4   14   3   5   -0.0678769232
4   14   4   4   -0.0000000019
4   14   4   5   -0.0000000071
4   14   5   4   0.0122199889
4   14   5   5   0.1114915275
4   14   6   6   0.0000000003
4   14   7   6   -0.0129595751
5   8   1   6   -0.0000000008
5   8   2   6   -0.0052078587
5   8   3   6   -0.0000000003
5   8   4   6   0.0013112555
5   8   5   6   0.0000000010
5   8   6   4   -0.0000000000
5   8   6   5   0.0000000000
5   8   7   4   0.0000000000
5   8   7   5   -0.0000000000
5   9   1   6   -0.0052803690
5   9   2   6   -0.0000000008
5   9   3   6   0.0009837139
5   9   4   6   0.0000000008
5   9   5   6   0.0027762174
5   9   6   4   0.0041889078
5   9   6   5   -0.0004591237
5   9   7   4   0.0004591237
5   9   7   5   0.0041889078
5   10   1   6   -0.0000000008
5   10   2   6   -0.0011831906
5   10   3   6   -0.0000000011
5   10   4   6   0.0250880150
5   10   5   6   0.0000000062
5   10   6   4   -0.0000000011
5   10   6   5   0.0000000001
5   10   7   4   -0.0000000001
5   10   7   5   -0.0000000012
5   11   1   6   0.0004370849
5   11   2   6   0.0000000016
5   11   3   6   -0.0081808170
5   11   4   6   0.0000000071
5   11   5   6   -0.0539473353
5   11   6   4   0.0272395595
5   11   6   5   -0.0029855822
5   11   7   4   0.0029855822
5   11   7   5   0.0272395596
5   12   1   6   -0.0000000010
5   12   2   6   -0.0023108235
5   12   3   6   0.0000000074
5   12   4   6   -0.0000597421
5   12   5   6   0.0000000168
5   12   6   4   0.0000000061
5   12   6   5   -0.0000000004
5   12   7   4   0.0000000010
5   12   7   5   0.0000000070
5   13   1   4   0.0000000002
5   13   1   5   -0.0000000000
5   13   2   4   0.0036196674
5   13   2   5   -0.0003967324
5   13   3   4   -0.0000000009
5   13   3   5   -0.0000000001
5   13   4   4   0.1100111790
5   13   4   5   -0.0120577362
5   13   5   4   -0.0000000005
5   13   5   5   -0.0000000020
5   13   6   6   0.0000000013
5   13   7   6   -0.0000000001
5   14   1   4   -0.0000000000
5   14   1   5   0.0000000001
5   14   2   4   0.0003967323
5   14   2   5   0.0036196674
5   14   3   4   -0.0000000004
5   14   3   5   -0.0000000017
5   14   4   4   0.0120577358
5   14   4   5   0.1100111784
5   14   5   4   -0.0000000030
5   14   5   5   -0.0000000084
5   14   6   6   -0.0000000001
5   14   7   6   0.0000000008
6   8   1   4   -0.0000000003
6   8   1   5   0.0000000000
6   8   2   4   0.0124424984
6   8   2   5   -0.0013637556
6   8   3   4   0.0000000002
6   8   3   5   -0.0000000001
6   8   4   4   0.0107948661
6   8   4   5   -0.0011831675
6   8   5   4   -0.0000000003
6   8   5   5   0.0000000001
6   8   6   6   0.0000000001
6   8   7   6   -0.0000000003
6   9   1   4   0.0128393491
6   9   1   5   -0.0014072523
6   9   2   4   -0.0000000002
6   9   2   5   0.0000000000
6   9   3   4   -0.0153307436
6   9   3   5   0.0016803207
6   9   4   4   -0.0000000001
6   9   4   5   0.0000000000
6   9   5   4   0.0043423703
6   9   5   5   -0.0004759440
6   9   6   6   0.0021835455
6   9   7   6   -0.0000000000
6   10   1   4   0.0000000005
6   10   1   5   -0.0000000001
6   10   2   4   -0.0096457210
6   10   2   5   0.0010572158
6   10   3   4   0.0000000006
6   10   3   5   0.0000000001
6   10   4   4   -0.0300829284
6   10   4   5   0.0032972287
6   10   5   4   -0.0000000029
6   10   5   5   0.0000000006
6   10   6   6   0.0000000037
6   10   7   6   -0.0000000009
6   11   1   4   0.0121147066
6   11   1   5   -0.0013278281
6   11   2   4   0.0000000009
6   11   2   5   -0.0000000001
6   11   3   4   -0.0527348481
6   11   3   5   0.0057799843
6   11   4   4   -0.0000000000
6   11   4   5   -0.0000000001
6   11   5   4   0.0283297489
6   11   5   5   -0.0031050720
6   11   6   6   -0.0631462383
6   11   7   6   0.0000000026
6   12   1   4   0.0000000001
6   12   1   5   -0.0000000000
6   12   2   4   0.0054350272
6   12   2   5   -0.0005957042
6   12   3   4   -0.0000000014
6   12   3   5   0.0000000002
6   12   4   4   0.0290291642
6   12   4   5   -0.0031817312
6   12   5   4   0.0000000008
6   12   5   5   -0.0000000002
6   12   6   6   0.0000000187
6   12   7   6   -0.0000000068
6   13   1   6   0.0000000004
6   13   2   6   -0.0044326878
6   13   3   6   0.0000000168
6   13   4   6   -0.0122600667
6   13   5   6   -0.0000000183
6   13   6   4   -0.0000000033
6   13   6   5   0.0000000005
6   13   7   4   0.0000000006
6   13   7   5   0.0000000029
6   14   1   6   -0.0000000001
6   14   2   6   -0.0000000000
6   14   3   6   0.0000000003
6   14   4   6   0.0000000001
6   14   5   6   -0.0000000006
6   14   6   4   -0.0000000006
6   14   6   5   -0.0000000056
6   14   7   4   -0.0000000009
6   14   7   5   -0.0000000003
7   8   1   4   -0.0000000000
7   8   1   5   -0.0000000003
7   8   2   4   0.0013637556
7   8   2   5   0.0124424983
7   8   3   4   -0.0000000000
7   8   3   5   0.0000000000
7   8   4   4   0.0011831675
7   8   4   5   0.0107948661
7   8   5   4   0.0000000000
7   8   5   5   -0.0000000001
7   8   6   6   -0.0000000003
7   8   7   6   -0.0000000010
7   9   1   4   0.0014072523
7   9   1   5   0.0128393490
7   9   2   4   -0.0000000001
7   9   2   5   -0.0000000003
7   9   3   4   -0.0016803207
7   9   3   5   -0.0153307435
7   9   4   4   0.0000000000
7   9   4   5   0.0000000001
7   9   5   4   0.0004759439
7   9   5   5   0.0043423703
7   9   6   6   -0.0000000000
7   9   7   6   0.0021835453
7   10   1   4   -0.0000000000
7   10   1   5   0.0000000003
7   10   2   4   -0.0010572158
7   10   2   5   -0.0096457209
7   10   3   4   0.0000000003
7   10   3   5   0.0000000013
7   10   4   4   -0.0032972286
7   10   4   5   -0.0300829282
7   10   5   4   0.0000000001
7   10   5   5   -0.0000000018
7   10   6   6   -0.0000000009
7   10   7   6   0.0000000000
7   11   1   4   0.0013278281
7   11   1   5   0.0121147066
7   11   2   4   0.0000000001
7   11   2   5   0.0000000008
7   11   3   4   -0.0057799841
7   11   3   5   -0.0527348479
7   11   4   4   -0.0000000002
7   11   4   5   -0.0000000005
7   11   5   4   0.0031050720
7   11   5   5   0.0283297489
7   11   6   6   0.0000000026
7   11   7   6   -0.0631462275
7   12   1   4   0.0000000000
7   12   1   5   0.0000000001
7   12   2   4   0.0005957042
7   12   2   5   0.0054350272
7   12   3   4   -0.0000000000
7   12   3   5   -0.0000000011
7   12   4   4   0.0031817312
7   12   4   5   0.0290291642
7   12   5   4   -0.0000000000
7   12   5   5   0.0000000004
7   12   6   6   -0.0000000068
7   12   7   6   -0.0000000096
7   13   1   6   -0.0000000001
7   13   2   6   -0.0000000000
7   13   3   6   0.0000000003
7   13   4   6   0.0000000001
7   13   5   6   -0.0000000006
7   13   6   4   0.0000000003
7   13   6   5   -0.0000000006
7   13   7   4   -0.0000000047
7   13   7   5   -0.0000000002
7   14   1   6   0.0000000000
7   14   2   6   -0.0044326880
7   14   3   6   0.0000000179
7   14   4   6   -0.0122600663
7   14   5   6   -0.0000000209
7   14   6   4   0.0000000029
7   14   6   5   -0.0000000008
7   14   7   4   -0.0000000011
7   14   7   5   -0.0000000047

End IJKA Block
Begin IABC Block
1   4   1   6   0.0000000053
1   4   2   6   0.0000000000
1   4   3   4   0.0000000002
1   4   3   5   0.0000000003
1   5   1   6   0.0000000000
1   5   2   6   0.0000000054
1   5   3   4   0.0000000003
1   5   3   5   0.0000000011
1   6   1   4   0.0000000056
1   6   1   5   -0.0000000000
1   6   2   4   -0.0000000000
1   6   2   5   0.0000000055
1   6   3   6   0.0000000108
2   4   1   6   -0.0046098373
2   4   2   6   -0.0000000000
2   4   3   4   0.0013833096
2   4   3   5   -0.0000000001
2   5   1   6   -0.0000000000
2   5   2   6   -0.0046098373
2   5   3   4   -0.0000000001
2   5   3   5   0.0013833094
2   6   1   4   -0.0046066130
2   6   1   5   -0.0000000000
2   6   2   4   -0.0000000000
2   6   2   5   -0.0046066130
2   6   3   6   0.0005811540
3   4   1   6   0.0000001082
3   4   2   6   -0.0000000005
3   4   3   4   -0.0000000054
3   4   3   5   0.0000000014
3   5   1   6   -0.0000000005
3   5   2   6   0.0000001069
3   5   3   4   0.0000000014
3   5   3   5   -0.0000000019
3   6   1   4   0.0000000908
3   6   1   5   0.0000000014
3   6   2   4   0.0000000014
3   6   2   5   0.0000000943
3   6   3   6   0.0000000366
4   4   1   6   -0.0124606004
4   4   2   6   0.0000000000
4   4   3   4   -0.0492664958
4   4   3   5   0.0000000028
4   5   1   6   0.0000000000
4   5   2   6   -0.0124606003
4   5   3   4   0.0000000028
4   5   3   5   -0.0492664887
4   6   1   4   -0.0125838683
4   6   1   5   0.0000000002
4   6   2   4   0.0000000002
4   6   2   5   -0.0125838679
4   6   3   6   0.0048115865
5   4   1   6   -0.0000002753
5   4   2   6   0.0000000001
5   4   3   4   0.0000000066
5   4   3   5   0.0000000094
5   5   1   6   0.0000000001
5   5   2   6   -0.0000002750
5   5   3   4   0.0000000094
5   5   3   5   0.0000000303
5   6   1   4   -0.0000002698
5   6   1   5   -0.0000000031
5   6   2   4   -0.0000000031
5   6   2   5   -0.0000002777
5   6   3   6   0.0000002724
6   4   1   4   -0.0000000105
6   4   1   5   0.0000000016
6   4   2   4   0.0000000009
6   4   2   5   0.0000000002
6   4   3   6   0.0000009907
6   5   1   4   0.0000000012
6   5   1   5   -0.0000000052
6   5   2   4   -0.0000000028
6   5   2   5   0.0000000004
6   5   3   6   -0.0000001089
6   6   1   6   -0.0000002276
6   6   2   6   0.0000000969
6   6   3   4   0.0000009141
6   6   3   5   -0.0000001027
7   4   1   4   -0.0000000012
7   4   1   5   -0.0000000026
7   4   2   4   -0.0000000084
7   4   2   5   0.0000000007
7   4   3   6   0.0000001081
7   5   1   4   0.0000000002
7   5   1   5   -0.0000000011
7   5   2   4   0.0000000004
7   5   2   5   -0.0000000088
7   5   3   6   0.0000009894
7   6   1   6   0.0000000777
7   6   2   6   0.0000000523
7   6   3   4   0.0000000966
7   6   3   5   0.0000009044

End IABC Block
