Begin IJ Block
1   1   -25.6391589588
1   2   0.0000000019
1   3   0.4827696977
1   4   -0.0000008174
1   5   0.0212637348
2   2   -25.6392357867
2   3   0.0000008074
2   4   0.4881332269
2   5   0.0000000352
3   3   -6.5382525741
3   4   0.0000000025
3   5   0.1337112697
4   4   -6.5534542972
4   5   0.0000000061
5   5   -6.0459888026
6   6   -6.0425394731
6   7   0.0000000012
7   7   -6.0425394712

End IJ Block
Begin IA Block
1   3   -0.0000000529
2   3   0.0313805757
3   3   -0.0000000003
4   3   -0.2454699513
5   3   -0.0000000102
6   1   0.0000000006
6   2   -0.0000000007
7   1   -0.0000000007
7   2   -0.0000000004

End IA Block
Begin AB Block
1   1   -5.8522024847
1   2   0.0000000001
2   2   -5.8522024846
3   3   -5.9813843689

End AB Block
Begin IJAB Block
1   8   1   4   0.0132215590
1   8   2   5   0.0132215590
1   8   3   6   0.0142648641
1   9   1   4   -0.0000000000
1   9   1   5   0.0000000000
1   9   2   4   0.0000000000
1   9   2   5   -0.0000000000
1   9   3   6   -0.0000000001
1   10   1   4   0.0134782445
1   10   1   5   0.0000000000
1   10   2   4   0.0000000000
1   10   2   5   0.0134782445
1   10   3   6   0.0140007932
1   11   1   4   -0.0000000231
1   11   1   5   -0.0000000000
1   11   2   4   -0.0000000000
1   11   2   5   -0.0000000232
1   11   3   6   -0.0000000243
1   12   1   4   0.0005291294
1   12   1   5   0.0000000000
1   12   2   4   0.0000000000
1   12   2   5   0.0005291294
1   12   3   6   0.0002369839
1   13   1   6   0.0009032416
1   13   2   6   -0.0012446819
1   13   3   4   -0.0006624220
1   13   3   5   0.0009128285
1   14   1   6   -0.0012446819
1   14   2   6   -0.0009032416
1   14   3   4   0.0009128285
1   14   3   5   0.0006624220
2   8   1   4   -0.0000000000
2   8   1   5   0.0000000000
2   8   2   4   0.0000000000
2   8   2   5   -0.0000000000
2   8   3   6   -0.0000000001
2   9   1   4   0.0132398408
2   9   2   5   0.0132398408
2   9   3   6   0.0143069821
2   10   1   4   0.0000000226
2   10   1   5   -0.0000000000
2   10   2   4   -0.0000000000
2   10   2   5   0.0000000226
2   10   3   6   0.0000000234
2   11   1   4   0.0138422415
2   11   1   5   0.0000000000
2   11   2   4   0.0000000000
2   11   2   5   0.0138422415
2   11   3   6   0.0145079727
2   12   1   4   0.0000000009
2   12   1   5   0.0000000000
2   12   2   4   0.0000000000
2   12   2   5   0.0000000009
2   12   3   6   0.0000000004
2   13   1   6   0.0000000015
2   13   2   6   -0.0000000021
2   13   3   4   -0.0000000011
2   13   3   5   0.0000000015
2   14   1   6   -0.0000000021
2   14   2   6   -0.0000000015
2   14   3   4   0.0000000015
2   14   3   5   0.0000000011
3   8   1   4   0.0134782445
3   8   1   5   0.0000000000
3   8   2   4   0.0000000000
3   8   2   5   0.0134782445
3   8   3   6   0.0140007932
3   9   1   4   0.0000000226
3   9   1   5   -0.0000000000
3   9   2   4   -0.0000000000
3   9   2   5   0.0000000226
3   9   3   6   0.0000000234
3   10   1   4   0.0583068060
3   10   1   5   0.0000000000
3   10   2   4   0.0000000000
3   10   2   5   0.0583068060
3   10   3   6   0.0611075039
3   11   1   4   0.0000000001
3   11   1   5   0.0000000000
3   11   2   4   0.0000000000
3   11   2   5   0.0000000001
3   11   3   6   -0.0000000007
3   12   1   4   0.0025229242
3   12   1   5   0.0000000001
3   12   2   4   0.0000000001
3   12   2   5   0.0025229243
3   12   3   6   -0.0109538893
3   13   1   6   0.0040202474
3   13   2   6   -0.0055399674
3   13   3   4   0.0049520326
3   13   3   5   -0.0068239829
3   14   1   6   -0.0055399674
3   14   2   6   -0.0040202473
3   14   3   4   -0.0068239829
3   14   3   5   -0.0049520326
4   8   1   4   -0.0000000231
4   8   1   5   -0.0000000000
4   8   2   4   -0.0000000000
4   8   2   5   -0.0000000232
4   8   3   6   -0.0000000243
4   9   1   4   0.0138422415
4   9   1   5   0.0000000000
4   9   2   4   0.0000000000
4   9   2   5   0.0138422415
4   9   3   6   0.0145079727
4   10   1   4   0.0000000001
4   10   1   5   0.0000000000
4   10   2   4   0.0000000000
4   10   2   5   0.0000000001
4   10   3   6   -0.0000000007
4   11   1   4   0.0613260388
4   11   1   5   0.0000000000
4   11   2   4   0.0000000000
4   11   2   5   0.0613260388
4   11   3   6   0.0641361710
4   12   1   4   -0.0000000001
4   12   1   5   0.0000000001
4   12   2   4   0.0000000001
4   12   2   5   -0.0000000000
4   12   3   6   0.0000000008
4   13   1   6   -0.0000000002
4   13   2   6   0.0000000002
4   13   3   4   -0.0000000001
4   13   3   5   0.0000000001
4   14   1   6   0.0000000002
4   14   2   6   0.0000000002
4   14   3   4   0.0000000001
4   14   3   5   0.0000000002
5   8   1   4   0.0005291294
5   8   1   5   0.0000000000
5   8   2   4   0.0000000000
5   8   2   5   0.0005291294
5   8   3   6   0.0002369839
5   9   1   4   0.0000000009
5   9   1   5   0.0000000000
5   9   2   4   0.0000000000
5   9   2   5   0.0000000009
5   9   3   6   0.0000000004
5   10   1   4   0.0025229242
5   10   1   5   0.0000000001
5   10   2   4   0.0000000001
5   10   2   5   0.0025229243
5   10   3   6   -0.0109538893
5   11   1   4   -0.0000000001
5   11   1   5   0.0000000001
5   11   2   4   0.0000000001
5   11   2   5   -0.0000000000
5   11   3   6   0.0000000008
5   12   1   4   0.0229401437
5   12   1   5   0.0000000000
5   12   2   4   0.0000000000
5   12   2   5   0.0229401437
5   12   3   6   0.2394456986
5   13   1   6   -0.0144985490
5   13   2   6   0.0199792407
5   13   3   4   -0.1153003283
5   13   3   5   0.1588857634
5   14   1   6   0.0199792407
5   14   2   6   0.0144985489
5   14   3   4   0.1588857634
5   14   3   5   0.1153003283
6   8   1   6   -0.0006624220
6   8   2   6   0.0009128285
6   8   3   4   0.0009032416
6   8   3   5   -0.0012446819
6   9   1   6   -0.0000000011
6   9   2   6   0.0000000015
6   9   3   4   0.0000000015
6   9   3   5   -0.0000000021
6   10   1   6   0.0049520326
6   10   2   6   -0.0068239829
6   10   3   4   0.0040202474
6   10   3   5   -0.0055399674
6   11   1   6   -0.0000000001
6   11   2   6   0.0000000001
6   11   3   4   -0.0000000002
6   11   3   5   0.0000000002
6   12   1   6   -0.1153003283
6   12   2   6   0.1588857634
6   12   3   4   -0.0144985490
6   12   3   5   0.0199792407
6   13   1   4   0.1020293139
6   13   1   5   -0.1075777471
6   13   2   4   -0.1075777471
6   13   2   5   0.1722061376
6   13   3   6   0.0244594223
6   14   1   4   -0.1075777470
6   14   1   5   -0.0522906339
6   14   2   4   0.1224674624
6   14   2   5   0.1075777468
6   14   3   6   -0.0000000000
7   8   1   6   0.0009128285
7   8   2   6   0.0006624220
7   8   3   4   -0.0012446819
7   8   3   5   -0.0009032416
7   9   1   6   0.0000000015
7   9   2   6   0.0000000011
7   9   3   4   -0.0000000021
7   9   3   5   -0.0000000015
7   10   1   6   -0.0068239829
7   10   2   6   -0.0049520326
7   10   3   4   -0.0055399674
7   10   3   5   -0.0040202473
7   11   1   6   0.0000000001
7   11   2   6   0.0000000002
7   11   3   4   0.0000000002
7   11   3   5   0.0000000002
7   12   1   6   0.1588857634
7   12   2   6   0.1153003283
7   12   3   4   0.0199792407
7   12   3   5   0.0144985489
7   13   1   4   -0.1075777470
7   13   1   5   0.1224674624
7   13   2   4   -0.0522906339
7   13   2   5   0.1075777468
7   13   3   6   -0.0000000000
7   14   1   4   0.1722061375
7   14   1   5   0.1075777470
7   14   2   4   0.1075777470
7   14   2   5   0.1020293137
7   14   3   6   0.0244594223

End IJAB Block
Begin IJKL Block
1   8   1   8   2.1413463193
1   8   1   9   -0.0000065909
1   8   1   10   -0.1986091868
1   8   1   11   0.0000010116
1   8   1   12   -0.0054746804
1   8   2   8   -0.0000065909
1   8   2   9   1.9650334940
1   8   2   10   0.0000003341
1   8   2   11   -0.2011670215
1   8   2   12   0.0000000057
1   8   3   8   -0.1986091868
1   8   3   9   0.0000003341
1   8   3   10   0.0291787246
1   8   3   11   -0.0000000991
1   8   3   12   0.0005647556
1   8   4   8   0.0000010116
1   8   4   9   -0.2011670215
1   8   4   10   -0.0000000991
1   8   4   11   0.0299589850
1   8   4   12   -0.0000000041
1   8   5   8   -0.0054746804
1   8   5   9   0.0000000057
1   8   5   10   0.0005647556
1   8   5   11   -0.0000000041
1   8   5   12   0.0118967907
1   8   6   13   0.0123190799
1   8   6   14   -0.0000000000
1   8   7   13   -0.0000000000
1   8   7   14   0.0123190799
1   9   1   8   -0.0000065909
1   9   1   9   2.1413825548
1   9   1   10   0.0000003342
1   9   1   11   -0.2012353915
1   9   1   12   0.0000000021
1   9   2   8   1.9650364869
1   9   2   9   0.0000065908
1   9   2   10   -0.1987088441
1   9   2   11   -0.0000003380
1   9   2   12   -0.0033023253
1   9   3   8   0.0000003341
1   9   3   9   -0.1986204721
1   9   3   10   -0.0000000002
1   9   3   11   0.0295265898
1   9   3   12   -0.0000000000
1   9   4   8   -0.2011565369
1   9   4   9   -0.0000003378
1   9   4   10   0.0295392212
1   9   4   11   0.0000000001
1   9   4   12   0.0012132668
1   9   5   8   0.0000000058
1   9   5   9   -0.0054687094
1   9   5   10   -0.0000000000
1   9   5   11   0.0012182559
1   9   5   12   -0.0000000001
1   9   6   13   0.0000000001
1   9   6   14   0.0000000000
1   9   7   13   0.0000000000
1   9   7   14   0.0000000001
1   10   1   8   -0.1986091868
1   10   1   9   0.0000003342
1   10   1   10   0.5726897676
1   10   1   11   -0.0000013401
1   10   1   12   -0.0063950311
1   10   2   8   0.0000003341
1   10   2   9   -0.1987199131
1   10   2   10   -0.0000000030
1   10   2   11   0.3994907221
1   10   2   12   -0.0000000002
1   10   3   8   0.0312306143
1   10   3   9   -0.0000000003
1   10   3   10   -0.0083210702
1   10   3   11   0.0000000145
1   10   3   12   -0.0003126824
1   10   4   8   -0.0000001053
1   10   4   9   0.0313886352
1   10   4   10   0.0000000148
1   10   4   11   -0.0089369174
1   10   4   12   -0.0000000007
1   10   5   8   0.0005908944
1   10   5   9   -0.0000000000
1   10   5   10   -0.0014704339
1   10   5   11   -0.0000000025
1   10   5   12   0.0139514873
1   10   6   13   0.0141343415
1   10   6   14   -0.0000000000
1   10   7   13   -0.0000000000
1   10   7   14   0.0141343415
1   11   1   8   0.0000010116
1   11   1   9   -0.2012353915
1   11   1   10   -0.0000013401
1   11   1   11   0.5781631964
1   11   1   12   -0.0000001286
1   11   2   8   -0.2011565369
1   11   2   9   -0.0000003380
1   11   2   10   0.3995116857
1   11   2   11   0.0000000026
1   11   2   12   0.0381612528
1   11   3   8   -0.0000001053
1   11   3   9   0.0313968955
1   11   3   10   0.0000000151
1   11   3   11   -0.0088653942
1   11   3   12   0.0000000011
1   11   4   8   0.0321140140
1   11   4   9   0.0000000002
1   11   4   10   -0.0085974762
1   11   4   11   0.0000000144
1   11   4   12   0.0000625758
1   11   5   8   -0.0000000040
1   11   5   9   0.0011843424
1   11   5   10   -0.0000000023
1   11   5   11   0.0000440998
1   11   5   12   -0.0000000227
1   11   6   13   -0.0000000234
1   11   6   14   -0.0000000000
1   11   7   13   -0.0000000000
1   11   7   14   -0.0000000234
1   12   1   8   -0.0054746804
1   12   1   9   0.0000000021
1   12   1   10   -0.0063950311
1   12   1   11   -0.0000001286
1   12   1   12   0.5560052491
1   12   2   8   0.0000000058
1   12   2   9   -0.0033045130
1   12   2   10   -0.0000000002
1   12   2   11   0.0381592426
1   12   2   12   -0.0000000043
1   12   3   8   0.0005908944
1   12   3   9   -0.0000000000
1   12   3   10   -0.0002971402
1   12   3   11   0.0000000011
1   12   3   12   -0.0060045452
1   12   4   8   -0.0000000040
1   12   4   9   0.0011771170
1   12   4   10   -0.0000000005
1   12   4   11   -0.0000034122
1   12   4   12   0.0000000103
1   12   5   8   0.0144042185
1   12   5   9   -0.0000000002
1   12   5   10   0.0147870268
1   12   5   11   -0.0000000244
1   12   5   12   -0.0008132318
1   12   6   13   0.0002528709
1   12   6   14   0.0000000000
1   12   7   13   0.0000000000
1   12   7   14   0.0002528709
1   13   1   13   0.5617755023
1   13   1   14   -0.0000000002
1   13   2   13   0.0000000004
1   13   2   14   0.0000000001
1   13   3   13   -0.0063226461
1   13   3   14   0.0000000000
1   13   4   13   0.0000000107
1   13   4   14   0.0000000000
1   13   5   13   -0.0011889388
1   13   5   14   -0.0000000000
1   13   6   8   0.0150540310
1   13   6   9   0.0000000001
1   13   6   10   0.0150909004
1   13   6   11   -0.0000000251
1   13   6   12   0.0003670046
1   13   7   8   -0.0000000000
1   13   7   9   0.0000000000
1   13   7   10   -0.0000000000
1   13   7   11   0.0000000000
1   13   7   12   0.0000000000
1   14   1   13   -0.0000000002
1   14   1   14   0.5617755020
1   14   2   13   0.0000000001
1   14   2   14   0.0000000006
1   14   3   13   0.0000000000
1   14   3   14   -0.0063226461
1   14   4   13   0.0000000000
1   14   4   14   0.0000000108
1   14   5   13   -0.0000000000
1   14   5   14   -0.0011889388
1   14   6   8   -0.0000000000
1   14   6   9   0.0000000000
1   14   6   10   -0.0000000000
1   14   6   11   0.0000000000
1   14   6   12   0.0000000000
1   14   7   8   0.0150540309
1   14   7   9   0.0000000001
1   14   7   10   0.0150909004
1   14   7   11   -0.0000000251
1   14   7   12   0.0003670046
2   8   1   8   -0.0000065909
2   8   1   9   1.9650364869
2   8   1   10   0.0000003341
2   8   1   11   -0.2011565369
2   8   1   12   0.0000000058
2   8   2   8   2.1413825548
2   8   2   9   0.0000065908
2   8   2   10   -0.1986204721
2   8   2   11   -0.0000003378
2   8   2   12   -0.0054687094
2   8   3   8   0.0000003342
2   8   3   9   -0.1987088441
2   8   3   10   -0.0000000002
2   8   3   11   0.0295392212
2   8   3   12   -0.0000000000
2   8   4   8   -0.2012353915
2   8   4   9   -0.0000003380
2   8   4   10   0.0295265898
2   8   4   11   0.0000000001
2   8   4   12   0.0012182559
2   8   5   8   0.0000000021
2   8   5   9   -0.0033023253
2   8   5   10   -0.0000000000
2   8   5   11   0.0012132668
2   8   5   12   -0.0000000001
2   8   6   13   0.0000000001
2   8   6   14   0.0000000000
2   8   7   13   0.0000000000
2   8   7   14   0.0000000001
2   9   1   8   1.9650334940
2   9   1   9   0.0000065908
2   9   1   10   -0.1987199131
2   9   1   11   -0.0000003380
2   9   1   12   -0.0033045130
2   9   2   8   0.0000065908
2   9   2   9   2.1414163311
2   9   2   10   -0.0000009988
2   9   2   11   -0.2012340564
2   9   2   12   -0.0000000200
2   9   3   8   -0.1987199131
2   9   3   9   -0.0000009988
2   9   3   10   0.0291578016
2   9   3   11   0.0000000990
2   9   3   12   0.0005651226
2   9   4   8   -0.0000003380
2   9   4   9   -0.2012340564
2   9   4   10   0.0000000990
2   9   4   11   0.0299832346
2   9   4   12   0.0000000040
2   9   5   8   -0.0033045130
2   9   5   9   -0.0000000200
2   9   5   10   0.0005651226
2   9   5   11   0.0000000040
2   9   5   12   0.0118412900
2   9   6   13   0.0122886654
2   9   6   14   -0.0000000000
2   9   7   13   -0.0000000000
2   9   7   14   0.0122886654
2   10   1   8   0.0000003341
2   10   1   9   -0.1987088441
2   10   1   10   -0.0000000030
2   10   1   11   0.3995116857
2   10   1   12   -0.0000000002
2   10   2   8   -0.1986204721
2   10   2   9   -0.0000009988
2   10   2   10   0.5726774148
2   10   2   11   0.0000013398
2   10   2   12   -0.0063893854
2   10   3   8   -0.0000000003
2   10   3   9   0.0312313802
2   10   3   10   -0.0000000138
2   10   3   11   -0.0086415006
2   10   3   12   -0.0000000005
2   10   4   8   0.0313968955
2   10   4   9   0.0000001053
2   10   4   10   -0.0087836077
2   10   4   11   -0.0000000150
2   10   4   12   0.0004225063
2   10   5   8   -0.0000000000
2   10   5   9   0.0005931940
2   10   5   10   -0.0000000025
2   10   5   11   0.0014778179
2   10   5   12   0.0000000232
2   10   6   13   0.0000000237
2   10   6   14   -0.0000000000
2   10   7   13   -0.0000000000
2   10   7   14   0.0000000237
2   11   1   8   -0.2011670215
2   11   1   9   -0.0000003380
2   11   1   10   0.3994907221
2   11   1   11   0.0000000026
2   11   1   12   0.0381592426
2   11   2   8   -0.0000003378
2   11   2   9   -0.2012340564
2   11   2   10   0.0000013398
2   11   2   11   0.5781796999
2   11   2   12   0.0000001274
2   11   3   8   0.0313886352
2   11   3   9   0.0000001053
2   11   3   10   -0.0089680492
2   11   3   11   -0.0000000148
2   11   3   12   -0.0006437193
2   11   4   8   0.0000000002
2   11   4   9   0.0321181657
2   11   4   10   -0.0000000144
2   11   4   11   -0.0086170815
2   11   4   12   0.0000000001
2   11   5   8   0.0011771170
2   11   5   9   0.0000000039
2   11   5   10   0.0013475402
2   11   5   11   0.0000000001
2   11   5   12   0.0134723066
2   11   6   13   0.0139999088
2   11   6   14   -0.0000000000
2   11   7   13   -0.0000000000
2   11   7   14   0.0139999087
2   12   1   8   0.0000000057
2   12   1   9   -0.0033023253
2   12   1   10   -0.0000000002
2   12   1   11   0.0381612528
2   12   1   12   -0.0000000043
2   12   2   8   -0.0054687094
2   12   2   9   -0.0000000200
2   12   2   10   -0.0063893854
2   12   2   11   0.0000001274
2   12   2   12   0.5560053444
2   12   3   8   -0.0000000000
2   12   3   9   0.0005931940
2   12   3   10   -0.0000000005
2   12   3   11   -0.0006156752
2   12   3   12   -0.0000000100
2   12   4   8   0.0011843424
2   12   4   9   0.0000000039
2   12   4   10   0.0003171141
2   12   4   11   -0.0000000000
2   12   4   12   -0.0061006804
2   12   5   8   -0.0000000002
2   12   5   9   0.0143535441
2   12   5   10   0.0000000245
2   12   5   11   0.0143950803
2   12   5   12   -0.0000000014
2   12   6   13   0.0000000004
2   12   6   14   0.0000000000
2   12   7   13   0.0000000000
2   12   7   14   0.0000000004
2   13   1   13   0.0000000004
2   13   1   14   0.0000000001
2   13   2   13   0.5617758779
2   13   2   14   -0.0000000002
2   13   3   13   -0.0000000106
2   13   3   14   0.0000000000
2   13   4   13   -0.0064149935
2   13   4   14   0.0000000000
2   13   5   13   -0.0000000020
2   13   5   14   0.0000000000
2   13   6   8   0.0000000001
2   13   6   9   0.0150276525
2   13   6   10   0.0000000253
2   13   6   11   0.0150546124
2   13   6   12   0.0000000006
2   13   7   8   0.0000000000
2   13   7   9   -0.0000000000
2   13   7   10   0.0000000000
2   13   7   11   -0.0000000000
2   13   7   12   0.0000000000
2   14   1   13   0.0000000001
2   14   1   14   0.0000000006
2   14   2   13   -0.0000000002
2   14   2   14   0.5617758776
2   14   3   13   0.0000000000
2   14   3   14   -0.0000000106
2   14   4   13   0.0000000000
2   14   4   14   -0.0064149934
2   14   5   13   0.0000000000
2   14   5   14   -0.0000000020
2   14   6   8   0.0000000000
2   14   6   9   -0.0000000000
2   14   6   10   0.0000000000
2   14   6   11   -0.0000000000
2   14   6   12   0.0000000000
2   14   7   8   0.0000000001
2   14   7   9   0.0150276525
2   14   7   10   0.0000000254
2   14   7   11   0.0150546124
2   14   7   12   0.0000000006
3   8   1   8   -0.1986091868
3   8   1   9   0.0000003341
3   8   1   10   0.0312306143
3   8   1   11   -0.0000001053
3   8   1   12   0.0005908944
3   8   2   8   0.0000003342
3   8   2   9   -0.1987199131
3   8   2   10   -0.0000000003
3   8   2   11   0.0313886352
3   8   2   12   -0.0000000000
3   8   3   8   0.5726897676
3   8   3   9   -0.0000000030
3   8   3   10   -0.0083210702
3   8   3   11   0.0000000148
3   8   3   12   -0.0014704339
3   8   4   8   -0.0000013401
3   8   4   9   0.3994907221
3   8   4   10   0.0000000145
3   8   4   11   -0.0089369174
3   8   4   12   -0.0000000025
3   8   5   8   -0.0063950311
3   8   5   9   -0.0000000002
3   8   5   10   -0.0003126824
3   8   5   11   -0.0000000007
3   8   5   12   0.0139514873
3   8   6   13   0.0141343415
3   8   6   14   -0.0000000000
3   8   7   13   -0.0000000000
3   8   7   14   0.0141343415
3   9   1   8   0.0000003341
3   9   1   9   -0.1986204721
3   9   1   10   -0.0000000003
3   9   1   11   0.0313968955
3   9   1   12   -0.0000000000
3   9   2   8   -0.1987088441
3   9   2   9   -0.0000009988
3   9   2   10   0.0312313802
3   9   2   11   0.0000001053
3   9   2   12   0.0005931940
3   9   3   8   -0.0000000030
3   9   3   9   0.5726774148
3   9   3   10   -0.0000000138
3   9   3   11   -0.0087836077
3   9   3   12   -0.0000000025
3   9   4   8   0.3995116857
3   9   4   9   0.0000013398
3   9   4   10   -0.0086415006
3   9   4   11   -0.0000000150
3   9   4   12   0.0014778179
3   9   5   8   -0.0000000002
3   9   5   9   -0.0063893854
3   9   5   10   -0.0000000005
3   9   5   11   0.0004225063
3   9   5   12   0.0000000232
3   9   6   13   0.0000000237
3   9   6   14   -0.0000000000
3   9   7   13   -0.0000000000
3   9   7   14   0.0000000237
3   10   1   8   0.0291787246
3   10   1   9   -0.0000000002
3   10   1   10   -0.0083210702
3   10   1   11   0.0000000151
3   10   1   12   -0.0002971402
3   10   2   8   -0.0000000002
3   10   2   9   0.0291578016
3   10   2   10   -0.0000000138
3   10   2   11   -0.0089680492
3   10   2   12   -0.0000000005
3   10   3   8   -0.0083210702
3   10   3   9   -0.0000000138
3   10   3   10   0.4250360508
3   10   3   11   -0.0000000018
3   10   3   12   -0.0109826296
3   10   4   8   0.0000000151
3   10   4   9   -0.0089680492
3   10   4   10   -0.0000000018
3   10   4   11   0.2476870733
3   10   4   12   -0.0000000002
3   10   5   8   -0.0002971402
3   10   5   9   -0.0000000005
3   10   5   10   -0.0109826296
3   10   5   11   -0.0000000002
3   10   5   12   0.0619408525
3   10   6   13   0.0593276070
3   10   6   14   -0.0000000000
3   10   7   13   -0.0000000000
3   10   7   14   0.0593276070
3   11   1   8   -0.0000000991
3   11   1   9   0.0295265898
3   11   1   10   0.0000000145
3   11   1   11   -0.0088653942
3   11   1   12   0.0000000011
3   11   2   8   0.0295392212
3   11   2   9   0.0000000990
3   11   2   10   -0.0086415006
3   11   2   11   -0.0000000148
3   11   2   12   -0.0006156752
3   11   3   8   0.0000000148
3   11   3   9   -0.0087836077
3   11   3   10   -0.0000000018
3   11   3   11   0.4236619572
3   11   3   12   -0.0000000006
3   11   4   8   -0.0085974762
3   11   4   9   -0.0000000144
3   11   4   10   0.2503780296
3   11   4   11   0.0000000016
3   11   4   12   0.0302799436
3   11   5   8   -0.0000000005
3   11   5   9   0.0003171141
3   11   5   10   -0.0000000001
3   11   5   11   -0.0034041594
3   11   5   12   -0.0000000009
3   11   6   13   0.0000000001
3   11   6   14   0.0000000000
3   11   7   13   0.0000000000
3   11   7   14   0.0000000001
3   12   1   8   0.0005647556
3   12   1   9   -0.0000000000
3   12   1   10   -0.0003126824
3   12   1   11   0.0000000011
3   12   1   12   -0.0060045452
3   12   2   8   -0.0000000000
3   12   2   9   0.0005651226
3   12   2   10   -0.0000000005
3   12   2   11   -0.0006437193
3   12   2   12   -0.0000000100
3   12   3   8   -0.0014704339
3   12   3   9   -0.0000000025
3   12   3   10   -0.0109826296
3   12   3   11   -0.0000000006
3   12   3   12   0.4112027497
3   12   4   8   -0.0000000023
3   12   4   9   0.0013475402
3   12   4   10   -0.0000000001
3   12   4   11   0.0297432991
3   12   4   12   -0.0000000026
3   12   5   8   0.0147870268
3   12   5   9   0.0000000245
3   12   5   10   0.0624703041
3   12   5   11   -0.0000000010
3   12   5   12   -0.0121426170
3   12   6   13   0.0002897609
3   12   6   14   0.0000000000
3   12   7   13   0.0000000000
3   12   7   14   0.0002897610
3   13   1   13   -0.0063226461
3   13   1   14   0.0000000000
3   13   2   13   -0.0000000106
3   13   2   14   0.0000000000
3   13   3   13   0.4108594869
3   13   3   14   -0.0000000001
3   13   4   13   0.0000000001
3   13   4   14   0.0000000000
3   13   5   13   -0.0102834459
3   13   5   14   0.0000000000
3   13   6   8   0.0150909004
3   13   6   9   0.0000000253
3   13   6   10   0.0604219048
3   13   6   11   0.0000000003
3   13   6   12   -0.0005279840
3   13   7   8   -0.0000000000
3   13   7   9   0.0000000000
3   13   7   10   -0.0000000000
3   13   7   12   0.0000000000
3   14   1   13   0.0000000000
3   14   1   14   -0.0063226461
3   14   2   13   0.0000000000
3   14   2   14   -0.0000000106
3   14   3   13   -0.0000000001
3   14   3   14   0.4108594867
3   14   4   13   0.0000000000
3   14   4   14   0.0000000001
3   14   5   13   0.0000000000
3   14   5   14   -0.0102834459
3   14   6   8   -0.0000000000
3   14   6   9   0.0000000000
3   14   6   10   -0.0000000000
3   14   6   12   0.0000000000
3   14   7   8   0.0150909004
3   14   7   9   0.0000000254
3   14   7   10   0.0604219048
3   14   7   11   0.0000000003
3   14   7   12   -0.0005279840
4   8   1   8   0.0000010116
4   8   1   9   -0.2011565369
4   8   1   10   -0.0000001053
4   8   1   11   0.0321140140
4   8   1   12   -0.0000000040
4   8   2   8   -0.2012353915
4   8   2   9   -0.0000003380
4   8   2   10   0.0313968955
4   8   2   11   0.0000000002
4   8   2   12   0.0011843424
4   8   3   8   -0.0000013401
4   8   3   9   0.3995116857
4   8   3   10   0.0000000151
4   8   3   11   -0.0085974762
4   8   3   12   -0.0000000023
4   8   4   8   0.5781631964
4   8   4   9   0.0000000026
4   8   4   10   -0.0088653942
4   8   4   11   0.0000000144
4   8   4   12   0.0000440998
4   8   5   8   -0.0000001286
4   8   5   9   0.0381612528
4   8   5   10   0.0000000011
4   8   5   11   0.0000625758
4   8   5   12   -0.0000000227
4   8   6   13   -0.0000000234
4   8   6   14   -0.0000000000
4   8   7   13   -0.0000000000
4   8   7   14   -0.0000000234
4   9   1   8   -0.2011670215
4   9   1   9   -0.0000003378
4   9   1   10   0.0313886352
4   9   1   11   0.0000000002
4   9   1   12   0.0011771170
4   9   2   8   -0.0000003380
4   9   2   9   -0.2012340564
4   9   2   10   0.0000001053
4   9   2   11   0.0321181657
4   9   2   12   0.0000000039
4   9   3   8   0.3994907221
4   9   3   9   0.0000013398
4   9   3   10   -0.0089680492
4   9   3   11   -0.0000000144
4   9   3   12   0.0013475402
4   9   4   8   0.0000000026
4   9   4   9   0.5781796999
4   9   4   10   -0.0000000148
4   9   4   11   -0.0086170815
4   9   4   12   0.0000000001
4   9   5   8   0.0381592426
4   9   5   9   0.0000001274
4   9   5   10   -0.0006437193
4   9   5   11   0.0000000001
4   9   5   12   0.0134723066
4   9   6   13   0.0139999088
4   9   6   14   -0.0000000000
4   9   7   13   -0.0000000000
4   9   7   14   0.0139999087
4   10   1   8   -0.0000000991
4   10   1   9   0.0295392212
4   10   1   10   0.0000000148
4   10   1   11   -0.0085974762
4   10   1   12   -0.0000000005
4   10   2   8   0.0295265898
4   10   2   9   0.0000000990
4   10   2   10   -0.0087836077
4   10   2   11   -0.0000000144
4   10   2   12   0.0003171141
4   10   3   8   0.0000000145
4   10   3   9   -0.0086415006
4   10   3   10   -0.0000000018
4   10   3   11   0.2503780296
4   10   3   12   -0.0000000001
4   10   4   8   -0.0088653942
4   10   4   9   -0.0000000148
4   10   4   10   0.4236619572
4   10   4   11   0.0000000016
4   10   4   12   -0.0034041594
4   10   5   8   0.0000000011
4   10   5   9   -0.0006156752
4   10   5   10   -0.0000000006
4   10   5   11   0.0302799436
4   10   5   12   -0.0000000009
4   10   6   13   0.0000000001
4   10   6   14   0.0000000000
4   10   7   13   0.0000000000
4   10   7   14   0.0000000001
4   11   1   8   0.0299589850
4   11   1   9   0.0000000001
4   11   1   10   -0.0089369174
4   11   1   11   0.0000000144
4   11   1   12   -0.0000034122
4   11   2   8   0.0000000001
4   11   2   9   0.0299832346
4   11   2   10   -0.0000000150
4   11   2   11   -0.0086170815
4   11   2   12   -0.0000000000
4   11   3   8   -0.0089369174
4   11   3   9   -0.0000000150
4   11   3   10   0.2476870733
4   11   3   11   0.0000000016
4   11   3   12   0.0297432991
4   11   4   8   0.0000000144
4   11   4   9   -0.0086170815
4   11   4   10   0.0000000016
4   11   4   11   0.4285732848
4   11   4   12   -0.0000000003
4   11   5   8   -0.0000034122
4   11   5   9   -0.0000000000
4   11   5   10   0.0297432991
4   11   5   11   -0.0000000003
4   11   5   12   0.0573078963
4   11   6   13   0.0572510151
4   11   6   14   -0.0000000000
4   11   7   13   -0.0000000000
4   11   7   14   0.0572510151
4   12   1   8   -0.0000000041
4   12   1   9   0.0012132668
4   12   1   10   -0.0000000007
4   12   1   11   0.0000625758
4   12   1   12   0.0000000103
4   12   2   8   0.0012182559
4   12   2   9   0.0000000040
4   12   2   10   0.0004225063
4   12   2   11   0.0000000001
4   12   2   12   -0.0061006804
4   12   3   8   -0.0000000025
4   12   3   9   0.0014778179
4   12   3   10   -0.0000000002
4   12   3   11   0.0302799436
4   12   3   12   -0.0000000026
4   12   4   8   0.0000440998
4   12   4   9   0.0000000001
4   12   4   10   -0.0034041594
4   12   4   11   -0.0000000003
4   12   4   12   0.4106906071
4   12   5   8   -0.0000000244
4   12   5   9   0.0143950803
4   12   5   10   -0.0000000010
4   12   5   11   0.0570299388
4   12   5   12   -0.0000000011
4   12   6   13   0.0000000002
4   12   6   14   0.0000000000
4   12   7   13   0.0000000000
4   12   7   14   0.0000000002
4   13   1   13   0.0000000107
4   13   1   14   0.0000000000
4   13   2   13   -0.0064149935
4   13   2   14   0.0000000000
4   13   3   13   0.0000000001
4   13   3   14   0.0000000000
4   13   4   13   0.4107916940
4   13   4   14   -0.0000000001
4   13   5   13   -0.0000000004
4   13   5   14   0.0000000000
4   13   6   8   -0.0000000251
4   13   6   9   0.0150546124
4   13   6   10   0.0000000003
4   13   6   11   0.0565312548
4   13   6   12   -0.0000000002
4   13   7   8   0.0000000000
4   13   7   9   -0.0000000000
4   13   7   11   -0.0000000000
4   13   7   12   0.0000000001
4   14   1   13   0.0000000000
4   14   1   14   0.0000000108
4   14   2   13   0.0000000000
4   14   2   14   -0.0064149934
4   14   3   13   0.0000000000
4   14   3   14   0.0000000001
4   14   4   13   -0.0000000001
4   14   4   14   0.4107916939
4   14   5   13   0.0000000000
4   14   5   14   -0.0000000003
4   14   6   8   0.0000000000
4   14   6   9   -0.0000000000
4   14   6   11   -0.0000000000
4   14   6   12   0.0000000001
4   14   7   8   -0.0000000251
4   14   7   9   0.0150546124
4   14   7   10   0.0000000003
4   14   7   11   0.0565312547
4   14   7   12   -0.0000000001
5   8   1   8   -0.0054746804
5   8   1   9   0.0000000058
5   8   1   10   0.0005908944
5   8   1   11   -0.0000000040
5   8   1   12   0.0144042185
5   8   2   8   0.0000000021
5   8   2   9   -0.0033045130
5   8   2   10   -0.0000000000
5   8   2   11   0.0011771170
5   8   2   12   -0.0000000002
5   8   3   8   -0.0063950311
5   8   3   9   -0.0000000002
5   8   3   10   -0.0002971402
5   8   3   11   -0.0000000005
5   8   3   12   0.0147870268
5   8   4   8   -0.0000001286
5   8   4   9   0.0381592426
5   8   4   10   0.0000000011
5   8   4   11   -0.0000034122
5   8   4   12   -0.0000000244
5   8   5   8   0.5560052491
5   8   5   9   -0.0000000043
5   8   5   10   -0.0060045452
5   8   5   11   0.0000000103
5   8   5   12   -0.0008132318
5   8   6   13   0.0002528709
5   8   6   14   0.0000000000
5   8   7   13   0.0000000000
5   8   7   14   0.0002528709
5   9   1   8   0.0000000057
5   9   1   9   -0.0054687094
5   9   1   10   -0.0000000000
5   9   1   11   0.0011843424
5   9   1   12   -0.0000000002
5   9   2   8   -0.0033023253
5   9   2   9   -0.0000000200
5   9   2   10   0.0005931940
5   9   2   11   0.0000000039
5   9   2   12   0.0143535441
5   9   3   8   -0.0000000002
5   9   3   9   -0.0063893854
5   9   3   10   -0.0000000005
5   9   3   11   0.0003171141
5   9   3   12   0.0000000245
5   9   4   8   0.0381612528
5   9   4   9   0.0000001274
5   9   4   10   -0.0006156752
5   9   4   11   -0.0000000000
5   9   4   12   0.0143950803
5   9   5   8   -0.0000000043
5   9   5   9   0.5560053444
5   9   5   10   -0.0000000100
5   9   5   11   -0.0061006804
5   9   5   12   -0.0000000014
5   9   6   13   0.0000000004
5   9   6   14   0.0000000000
5   9   7   13   0.0000000000
5   9   7   14   0.0000000004
5   10   1   8   0.0005647556
5   10   1   9   -0.0000000000
5   10   1   10   -0.0014704339
5   10   1   11   -0.0000000023
5   10   1   12   0.0147870268
5   10   2   8   -0.0000000000
5   10   2   9   0.0005651226
5   10   2   10   -0.0000000025
5   10   2   11   0.0013475402
5   10   2   12   0.0000000245
5   10   3   8   -0.0003126824
5   10   3   9   -0.0000000005
5   10   3   10   -0.0109826296
5   10   3   11   -0.0000000001
5   10   3   12   0.0624703041
5   10   4   8   0.0000000011
5   10   4   9   -0.0006437193
5   10   4   10   -0.0000000006
5   10   4   11   0.0297432991
5   10   4   12   -0.0000000010
5   10   5   8   -0.0060045452
5   10   5   9   -0.0000000100
5   10   5   10   0.4112027497
5   10   5   11   -0.0000000026
5   10   5   12   -0.0121426170
5   10   6   13   0.0002897609
5   10   6   14   0.0000000000
5   10   7   13   0.0000000000
5   10   7   14   0.0002897610
5   11   1   8   -0.0000000041
5   11   1   9   0.0012182559
5   11   1   10   -0.0000000025
5   11   1   11   0.0000440998
5   11   1   12   -0.0000000244
5   11   2   8   0.0012132668
5   11   2   9   0.0000000040
5   11   2   10   0.0014778179
5   11   2   11   0.0000000001
5   11   2   12   0.0143950803
5   11   3   8   -0.0000000007
5   11   3   9   0.0004225063
5   11   3   10   -0.0000000002
5   11   3   11   -0.0034041594
5   11   3   12   -0.0000000010
5   11   4   8   0.0000625758
5   11   4   9   0.0000000001
5   11   4   10   0.0302799436
5   11   4   11   -0.0000000003
5   11   4   12   0.0570299388
5   11   5   8   0.0000000103
5   11   5   9   -0.0061006804
5   11   5   10   -0.0000000026
5   11   5   11   0.4106906071
5   11   5   12   -0.0000000011
5   11   6   13   0.0000000002
5   11   6   14   0.0000000000
5   11   7   13   0.0000000000
5   11   7   14   0.0000000002
5   12   1   8   0.0118967907
5   12   1   9   -0.0000000001
5   12   1   10   0.0139514873
5   12   1   11   -0.0000000227
5   12   1   12   -0.0008132318
5   12   2   8   -0.0000000001
5   12   2   9   0.0118412900
5   12   2   10   0.0000000232
5   12   2   11   0.0134723066
5   12   2   12   -0.0000000014
5   12   3   8   0.0139514873
5   12   3   9   0.0000000232
5   12   3   10   0.0619408525
5   12   3   11   -0.0000000009
5   12   3   12   -0.0121426170
5   12   4   8   -0.0000000227
5   12   4   9   0.0134723066
5   12   4   10   -0.0000000009
5   12   4   11   0.0573078963
5   12   4   12   -0.0000000011
5   12   5   8   -0.0008132318
5   12   5   9   -0.0000000014
5   12   5   10   -0.0121426170
5   12   5   11   -0.0000000011
5   12   5   12   0.4141554299
5   12   6   13   0.0136062351
5   12   6   14   0.0000000000
5   12   7   13   0.0000000000
5   12   7   14   0.0136062351
5   13   1   13   -0.0011889388
5   13   1   14   -0.0000000000
5   13   2   13   -0.0000000020
5   13   2   14   0.0000000000
5   13   3   13   -0.0102834459
5   13   3   14   0.0000000000
5   13   4   13   -0.0000000004
5   13   4   14   0.0000000000
5   13   5   13   0.3916252949
5   13   5   14   -0.0000000001
5   13   6   8   0.0003670046
5   13   6   9   0.0000000006
5   13   6   10   -0.0005279840
5   13   6   11   -0.0000000002
5   13   6   12   0.0060674295
5   13   7   8   0.0000000000
5   13   7   9   0.0000000000
5   13   7   10   0.0000000000
5   13   7   11   0.0000000001
5   13   7   12   -0.0000000000
5   14   1   13   -0.0000000000
5   14   1   14   -0.0011889388
5   14   2   13   0.0000000000
5   14   2   14   -0.0000000020
5   14   3   13   0.0000000000
5   14   3   14   -0.0102834459
5   14   4   13   0.0000000000
5   14   4   14   -0.0000000003
5   14   5   13   -0.0000000001
5   14   5   14   0.3916252947
5   14   6   8   0.0000000000
5   14   6   9   0.0000000000
5   14   6   10   0.0000000000
5   14   6   11   0.0000000001
5   14   6   12   -0.0000000000
5   14   7   8   0.0003670046
5   14   7   9   0.0000000006
5   14   7   10   -0.0005279840
5   14   7   11   -0.0000000001
5   14   7   12   0.0060674295
6   8   1   13   0.0150540310
6   8   1   14   -0.0000000000
6   8   2   13   0.0000000001
6   8   2   14   0.0000000000
6   8   3   13   0.0150909004
6   8   3   14   -0.0000000000
6   8   4   13   -0.0000000251
6   8   4   14   0.0000000000
6   8   5   13   0.0003670046
6   8   5   14   0.0000000000
6   8   6   8   0.5617755023
6   8   6   9   0.0000000004
6   8   6   10   -0.0063226461
6   8   6   11   0.0000000107
6   8   6   12   -0.0011889388
6   8   7   8   -0.0000000002
6   8   7   9   0.0000000001
6   8   7   10   0.0000000000
6   8   7   11   0.0000000000
6   8   7   12   -0.0000000000
6   9   1   13   0.0000000001
6   9   1   14   0.0000000000
6   9   2   13   0.0150276525
6   9   2   14   -0.0000000000
6   9   3   13   0.0000000253
6   9   3   14   0.0000000000
6   9   4   13   0.0150546124
6   9   4   14   -0.0000000000
6   9   5   13   0.0000000006
6   9   5   14   0.0000000000
6   9   6   8   0.0000000004
6   9   6   9   0.5617758779
6   9   6   10   -0.0000000106
6   9   6   11   -0.0064149935
6   9   6   12   -0.0000000020
6   9   7   8   0.0000000001
6   9   7   9   -0.0000000002
6   9   7   10   0.0000000000
6   9   7   11   0.0000000000
6   9   7   12   0.0000000000
6   10   1   13   0.0150909004
6   10   1   14   -0.0000000000
6   10   2   13   0.0000000253
6   10   2   14   0.0000000000
6   10   3   13   0.0604219048
6   10   3   14   -0.0000000000
6   10   4   13   0.0000000003
6   10   5   13   -0.0005279840
6   10   5   14   0.0000000000
6   10   6   8   -0.0063226461
6   10   6   9   -0.0000000106
6   10   6   10   0.4108594869
6   10   6   11   0.0000000001
6   10   6   12   -0.0102834459
6   10   7   8   0.0000000000
6   10   7   9   0.0000000000
6   10   7   10   -0.0000000001
6   10   7   11   0.0000000000
6   10   7   12   0.0000000000
6   11   1   13   -0.0000000251
6   11   1   14   0.0000000000
6   11   2   13   0.0150546124
6   11   2   14   -0.0000000000
6   11   3   13   0.0000000003
6   11   4   13   0.0565312548
6   11   4   14   -0.0000000000
6   11   5   13   -0.0000000002
6   11   5   14   0.0000000001
6   11   6   8   0.0000000107
6   11   6   9   -0.0064149935
6   11   6   10   0.0000000001
6   11   6   11   0.4107916940
6   11   6   12   -0.0000000004
6   11   7   8   0.0000000000
6   11   7   9   0.0000000000
6   11   7   10   0.0000000000
6   11   7   11   -0.0000000001
6   11   7   12   0.0000000000
6   12   1   13   0.0003670046
6   12   1   14   0.0000000000
6   12   2   13   0.0000000006
6   12   2   14   0.0000000000
6   12   3   13   -0.0005279840
6   12   3   14   0.0000000000
6   12   4   13   -0.0000000002
6   12   4   14   0.0000000001
6   12   5   13   0.0060674295
6   12   5   14   -0.0000000000
6   12   6   8   -0.0011889388
6   12   6   9   -0.0000000020
6   12   6   10   -0.0102834459
6   12   6   11   -0.0000000004
6   12   6   12   0.3916252949
6   12   7   8   -0.0000000000
6   12   7   9   0.0000000000
6   12   7   10   0.0000000000
6   12   7   11   0.0000000000
6   12   7   12   -0.0000000001
6   13   1   8   0.0123190799
6   13   1   9   0.0000000001
6   13   1   10   0.0141343415
6   13   1   11   -0.0000000234
6   13   1   12   0.0002528709
6   13   2   8   0.0000000001
6   13   2   9   0.0122886654
6   13   2   10   0.0000000237
6   13   2   11   0.0139999088
6   13   2   12   0.0000000004
6   13   3   8   0.0141343415
6   13   3   9   0.0000000237
6   13   3   10   0.0593276070
6   13   3   11   0.0000000001
6   13   3   12   0.0002897609
6   13   4   8   -0.0000000234
6   13   4   9   0.0139999088
6   13   4   10   0.0000000001
6   13   4   11   0.0572510151
6   13   4   12   0.0000000002
6   13   5   8   0.0002528709
6   13   5   9   0.0000000004
6   13   5   10   0.0002897609
6   13   5   11   0.0000000002
6   13   5   12   0.0136062351
6   13   6   13   0.4087574073
6   13   6   14   -0.0000000012
6   13   7   13   -0.0000000012
6   13   7   14   0.0135115450
6   14   1   8   -0.0000000000
6   14   1   9   0.0000000000
6   14   1   10   -0.0000000000
6   14   1   11   -0.0000000000
6   14   1   12   0.0000000000
6   14   2   8   0.0000000000
6   14   2   9   -0.0000000000
6   14   2   10   -0.0000000000
6   14   2   11   -0.0000000000
6   14   2   12   0.0000000000
6   14   3   8   -0.0000000000
6   14   3   9   -0.0000000000
6   14   3   10   -0.0000000000
6   14   3   11   0.0000000000
6   14   3   12   0.0000000000
6   14   4   8   -0.0000000000
6   14   4   9   -0.0000000000
6   14   4   10   0.0000000000
6   14   4   11   -0.0000000000
6   14   4   12   0.0000000000
6   14   5   8   0.0000000000
6   14   5   9   0.0000000000
6   14   5   10   0.0000000000
6   14   5   11   0.0000000000
6   14   5   12   0.0000000000
6   14   6   13   -0.0000000012
6   14   6   14   0.3910216825
6   14   7   13   0.0042241809
6   14   7   14   0.0000000010
7   8   1   13   -0.0000000000
7   8   1   14   0.0150540309
7   8   2   13   0.0000000000
7   8   2   14   0.0000000001
7   8   3   13   -0.0000000000
7   8   3   14   0.0150909004
7   8   4   13   0.0000000000
7   8   4   14   -0.0000000251
7   8   5   13   0.0000000000
7   8   5   14   0.0003670046
7   8   6   8   -0.0000000002
7   8   6   9   0.0000000001
7   8   6   10   0.0000000000
7   8   6   11   0.0000000000
7   8   6   12   -0.0000000000
7   8   7   8   0.5617755020
7   8   7   9   0.0000000006
7   8   7   10   -0.0063226461
7   8   7   11   0.0000000108
7   8   7   12   -0.0011889388
7   9   1   13   0.0000000000
7   9   1   14   0.0000000001
7   9   2   13   -0.0000000000
7   9   2   14   0.0150276525
7   9   3   13   0.0000000000
7   9   3   14   0.0000000254
7   9   4   13   -0.0000000000
7   9   4   14   0.0150546124
7   9   5   13   0.0000000000
7   9   5   14   0.0000000006
7   9   6   8   0.0000000001
7   9   6   9   -0.0000000002
7   9   6   10   0.0000000000
7   9   6   11   0.0000000000
7   9   6   12   0.0000000000
7   9   7   8   0.0000000006
7   9   7   9   0.5617758776
7   9   7   10   -0.0000000106
7   9   7   11   -0.0064149934
7   9   7   12   -0.0000000020
7   10   1   13   -0.0000000000
7   10   1   14   0.0150909004
7   10   2   13   0.0000000000
7   10   2   14   0.0000000254
7   10   3   13   -0.0000000000
7   10   3   14   0.0604219048
7   10   4   14   0.0000000003
7   10   5   13   0.0000000000
7   10   5   14   -0.0005279840
7   10   6   8   0.0000000000
7   10   6   9   0.0000000000
7   10   6   10   -0.0000000001
7   10   6   11   0.0000000000
7   10   6   12   0.0000000000
7   10   7   8   -0.0063226461
7   10   7   9   -0.0000000106
7   10   7   10   0.4108594867
7   10   7   11   0.0000000001
7   10   7   12   -0.0102834459
7   11   1   13   0.0000000000
7   11   1   14   -0.0000000251
7   11   2   13   -0.0000000000
7   11   2   14   0.0150546124
7   11   3   14   0.0000000003
7   11   4   13   -0.0000000000
7   11   4   14   0.0565312547
7   11   5   13   0.0000000001
7   11   5   14   -0.0000000001
7   11   6   8   0.0000000000
7   11   6   9   0.0000000000
7   11   6   10   0.0000000000
7   11   6   11   -0.0000000001
7   11   6   12   0.0000000000
7   11   7   8   0.0000000108
7   11   7   9   -0.0064149934
7   11   7   10   0.0000000001
7   11   7   11   0.4107916939
7   11   7   12   -0.0000000003
7   12   1   13   0.0000000000
7   12   1   14   0.0003670046
7   12   2   13   0.0000000000
7   12   2   14   0.0000000006
7   12   3   13   0.0000000000
7   12   3   14   -0.0005279840
7   12   4   13   0.0000000001
7   12   4   14   -0.0000000001
7   12   5   13   -0.0000000000
7   12   5   14   0.0060674295
7   12   6   8   -0.0000000000
7   12   6   9   0.0000000000
7   12   6   10   0.0000000000
7   12   6   11   0.0000000000
7   12   6   12   -0.0000000001
7   12   7   8   -0.0011889388
7   12   7   9   -0.0000000020
7   12   7   10   -0.0102834459
7   12   7   11   -0.0000000003
7   12   7   12   0.3916252947
7   13   1   8   -0.0000000000
7   13   1   9   0.0000000000
7   13   1   10   -0.0000000000
7   13   1   11   -0.0000000000
7   13   1   12   0.0000000000
7   13   2   8   0.0000000000
7   13   2   9   -0.0000000000
7   13   2   10   -0.0000000000
7   13   2   11   -0.0000000000
7   13   2   12   0.0000000000
7   13   3   8   -0.0000000000
7   13   3   9   -0.0000000000
7   13   3   10   -0.0000000000
7   13   3   11   0.0000000000
7   13   3   12   0.0000000000
7   13   4   8   -0.0000000000
7   13   4   9   -0.0000000000
7   13   4   10   0.0000000000
7   13   4   11   -0.0000000000
7   13   4   12   0.0000000000
7   13   5   8   0.0000000000
7   13   5   9   0.0000000000
7   13   5   10   0.0000000000
7   13   5   11   0.0000000000
7   13   5   12   0.0000000000
7   13   6   13   -0.0000000012
7   13   6   14   0.0042241809
7   13   7   13   0.3910216825
7   13   7   14   0.0000000010
7   14   1   8   0.0123190799
7   14   1   9   0.0000000001
7   14   1   10   0.0141343415
7   14   1   11   -0.0000000234
7   14   1   12   0.0002528709
7   14   2   8   0.0000000001
7   14   2   9   0.0122886654
7   14   2   10   0.0000000237
7   14   2   11   0.0139999087
7   14   2   12   0.0000000004
7   14   3   8   0.0141343415
7   14   3   9   0.0000000237
7   14   3   10   0.0593276070
7   14   3   11   0.0000000001
7   14   3   12   0.0002897610
7   14   4   8   -0.0000000234
7   14   4   9   0.0139999087
7   14   4   10   0.0000000001
7   14   4   11   0.0572510151
7   14   4   12   0.0000000002
7   14   5   8   0.0002528709
7   14   5   9   0.0000000004
7   14   5   10   0.0002897610
7   14   5   11   0.0000000002
7   14   5   12   0.0136062351
7   14   6   13   0.0135115450
7   14   6   14   0.0000000010
7   14   7   13   0.0000000010
7   14   7   14   0.4087574069

End IJKL Block
Begin ABCD Block
1   4   1   4   0.4053774269
1   4   1   5   -0.0000000007
1   4   2   4   -0.0000000007
1   4   2   5   0.0156425733
1   4   3   6   0.0163799383
1   5   1   4   -0.0000000007
1   5   1   5   0.3762288700
1   5   2   4   0.0135059847
1   5   2   5   0.0000000007
1   5   3   6   -0.0000000000
1   6   1   6   0.3850190410
1   6   2   6   -0.0000000000
1   6   3   4   0.0144348627
1   6   3   5   0.0000000000
2   4   1   4   -0.0000000007
2   4   1   5   0.0135059847
2   4   2   4   0.3762288700
2   4   2   5   0.0000000007
2   4   3   6   -0.0000000000
2   5   1   4   0.0156425733
2   5   1   5   0.0000000007
2   5   2   4   0.0000000007
2   5   2   5   0.4053774269
2   5   3   6   0.0163799383
2   6   1   6   -0.0000000000
2   6   2   6   0.3850190410
2   6   3   4   0.0000000000
2   6   3   5   0.0144348627
3   4   1   6   0.0144348627
3   4   2   6   0.0000000000
3   4   3   4   0.3850190410
3   4   3   5   -0.0000000000
3   5   1   6   0.0000000000
3   5   2   6   0.0144348627
3   5   3   4   -0.0000000000
3   5   3   5   0.3850190410
3   6   1   4   0.0163799383
3   6   1   5   -0.0000000000
3   6   2   4   -0.0000000000
3   6   2   5   0.0163799383
3   6   3   6   0.4257488006

End ABCD Block
Begin AIJB Block
1   8   1   4   0.0124691314
1   8   2   4   0.0000000000
1   8   3   4   0.0126142237
1   8   4   4   -0.0000000216
1   8   5   4   0.0003578837
1   8   5   5   0.0000000000
1   8   6   6   -0.0007274435
1   8   7   6   0.0010024292
1   9   1   4   0.0000000000
1   9   2   4   0.0124867548
1   9   3   4   0.0000000211
1   9   4   4   0.0129368464
1   9   5   4   0.0000000006
1   9   5   5   0.0000000000
1   9   6   6   -0.0000000012
1   9   7   6   0.0000000017
1   10   1   4   0.0126142237
1   10   2   4   0.0000000211
1   10   3   4   0.0607399037
1   10   3   5   -0.0000000000
1   10   4   4   0.0000000003
1   10   4   5   0.0000000000
1   10   5   4   0.0035038556
1   10   5   5   0.0000000000
1   10   6   6   0.0041241435
1   10   7   6   -0.0056831381
1   11   1   4   -0.0000000216
1   11   2   4   0.0129368464
1   11   3   4   0.0000000003
1   11   3   5   0.0000000000
1   11   4   4   0.0656823606
1   11   4   5   -0.0000000000
1   11   5   4   0.0000000004
1   11   5   5   0.0000000000
1   11   6   6   0.0000000001
1   11   7   6   -0.0000000001
1   12   1   4   0.0003578837
1   12   1   5   0.0000000000
1   12   2   4   0.0000000006
1   12   2   5   0.0000000000
1   12   3   4   0.0035038556
1   12   3   5   0.0000000000
1   12   4   4   0.0000000004
1   12   4   5   0.0000000000
1   12   5   4   0.0272938214
1   12   5   5   0.0000000000
1   12   6   6   -0.1145563995
1   12   7   6   0.1578606171
1   13   1   6   0.0006994622
1   13   2   6   0.0000000012
1   13   3   6   0.0025064460
1   13   4   6   0.0000000004
1   13   5   6   -0.0108995897
1   13   6   4   0.1044682458
1   13   6   5   -0.1035529056
1   13   7   4   -0.1035529056
1   13   7   5   0.1236273155
1   14   1   6   -0.0009638705
1   14   2   6   -0.0000000016
1   14   3   6   -0.0034539241
1   14   4   6   -0.0000000005
1   14   5   6   0.0150198152
1   14   6   4   -0.1035529056
1   14   6   5   -0.0560760361
1   14   7   4   0.1720195215
1   14   7   5   0.1035529055
2   8   1   5   0.0124691314
2   8   2   5   0.0000000000
2   8   3   5   0.0126142237
2   8   4   5   -0.0000000216
2   8   5   4   0.0000000000
2   8   5   5   0.0003578837
2   8   6   6   0.0010024292
2   8   7   6   0.0007274435
2   9   1   5   0.0000000000
2   9   2   5   0.0124867548
2   9   3   5   0.0000000211
2   9   4   5   0.0129368464
2   9   5   4   0.0000000000
2   9   5   5   0.0000000006
2   9   6   6   0.0000000017
2   9   7   6   0.0000000012
2   10   1   5   0.0126142237
2   10   2   5   0.0000000211
2   10   3   4   -0.0000000000
2   10   3   5   0.0607399037
2   10   4   4   0.0000000000
2   10   4   5   0.0000000003
2   10   5   4   0.0000000000
2   10   5   5   0.0035038556
2   10   6   6   -0.0056831381
2   10   7   6   -0.0041241435
2   11   1   5   -0.0000000216
2   11   2   5   0.0129368464
2   11   3   4   0.0000000000
2   11   3   5   0.0000000003
2   11   4   4   -0.0000000000
2   11   4   5   0.0656823605
2   11   5   4   0.0000000000
2   11   5   5   0.0000000005
2   11   6   6   -0.0000000001
2   11   7   6   -0.0000000001
2   12   1   4   0.0000000000
2   12   1   5   0.0003578837
2   12   2   4   0.0000000000
2   12   2   5   0.0000000006
2   12   3   4   0.0000000000
2   12   3   5   0.0035038556
2   12   4   4   0.0000000000
2   12   4   5   0.0000000005
2   12   5   4   0.0000000000
2   12   5   5   0.0272938214
2   12   6   6   0.1578606171
2   12   7   6   0.1145563995
2   13   1   6   -0.0009638705
2   13   2   6   -0.0000000016
2   13   3   6   -0.0034539241
2   13   4   6   -0.0000000005
2   13   5   6   0.0150198152
2   13   6   4   -0.1035529056
2   13   6   5   0.1720195215
2   13   7   4   -0.0560760361
2   13   7   5   0.1035529055
2   14   1   6   -0.0006994622
2   14   2   6   -0.0000000012
2   14   3   6   -0.0025064460
2   14   4   6   -0.0000000003
2   14   5   6   0.0108995897
2   14   6   4   0.1236273155
2   14   6   5   0.1035529055
2   14   7   4   0.1035529055
2   14   7   5   0.1044682457
3   8   1   6   0.0133885170
3   8   2   6   -0.0000000001
3   8   3   6   0.0130108286
3   8   4   6   -0.0000000227
3   8   5   6   0.0005239287
3   8   6   4   0.0006994622
3   8   6   5   -0.0009638705
3   8   7   4   -0.0009638705
3   8   7   5   -0.0006994622
3   9   1   6   -0.0000000001
3   9   2   6   0.0134304288
3   9   3   6   0.0000000218
3   9   4   6   0.0135383622
3   9   5   6   0.0000000009
3   9   6   4   0.0000000012
3   9   6   5   -0.0000000016
3   9   7   4   -0.0000000016
3   9   7   5   -0.0000000012
3   10   1   6   0.0130108286
3   10   2   6   0.0000000218
3   10   3   6   0.0616129386
3   10   4   6   -0.0000000000
3   10   5   6   -0.0066107975
3   10   6   4   0.0025064460
3   10   6   5   -0.0034539241
3   10   7   4   -0.0034539241
3   10   7   5   -0.0025064460
3   11   1   6   -0.0000000227
3   11   2   6   0.0135383622
3   11   3   6   -0.0000000000
3   11   4   6   0.0668364653
3   11   5   6   0.0000000000
3   11   6   4   0.0000000004
3   11   6   5   -0.0000000005
3   11   7   4   -0.0000000005
3   11   7   5   -0.0000000003
3   12   1   6   0.0005239287
3   12   2   6   0.0000000009
3   12   3   6   -0.0066107975
3   12   4   6   0.0000000000
3   12   5   6   0.2363447098
3   12   6   4   -0.0108995897
3   12   6   5   0.0150198152
3   12   7   4   0.0150198152
3   12   7   5   0.0108995897
3   13   1   4   -0.0007274435
3   13   1   5   0.0010024292
3   13   2   4   -0.0000000012
3   13   2   5   0.0000000017
3   13   3   4   0.0041241435
3   13   3   5   -0.0056831381
3   13   4   4   0.0000000001
3   13   4   5   -0.0000000001
3   13   5   4   -0.1145563995
3   13   5   5   0.1578606171
3   13   6   6   0.0288831769
3   13   7   6   -0.0000000000
3   14   1   4   0.0010024292
3   14   1   5   0.0007274435
3   14   2   4   0.0000000017
3   14   2   5   0.0000000012
3   14   3   4   -0.0056831381
3   14   3   5   -0.0041241435
3   14   4   4   -0.0000000001
3   14   4   5   -0.0000000001
3   14   5   4   0.1578606171
3   14   5   5   0.1145563994
3   14   6   6   -0.0000000000
3   14   7   6   0.0288831768

1   8   8   1   -0.5325553757
1   8   8   2   0.0000000000
1   8   9   1   -0.0000000009
1   8   9   2   0.0000000000
1   8   10   1   0.0049876365
1   8   11   1   -0.0000000086
1   8   11   2   -0.0000000000
1   8   12   1   0.0008874987
1   8   13   3   -0.0007835424
1   8   14   3   0.0010797344
1   9   8   1   -0.0000000009
1   9   8   2   0.0000000000
1   9   9   1   -0.5325550534
1   9   9   2   0.0000000000
1   9   10   1   0.0000000083
1   9   11   1   0.0051111311
1   9   12   1   0.0000000015
1   9   13   3   -0.0000000013
1   9   14   3   0.0000000018
1   10   8   1   0.0049876365
1   10   9   1   0.0000000083
1   10   10   1   -0.4096686486
1   10   10   2   0.0000000000
1   10   11   1   -0.0000000006
1   10   11   2   0.0000000000
1   10   12   1   0.0063554026
1   10   12   2   -0.0000000000
1   10   13   3   -0.0028144306
1   10   14   3   0.0038783320
1   11   8   1   -0.0000000086
1   11   8   2   -0.0000000000
1   11   9   1   0.0051111311
1   11   10   1   -0.0000000006
1   11   10   2   0.0000000000
1   11   11   1   -0.4122342464
1   11   11   2   0.0000000000
1   11   12   1   0.0000000002
1   11   12   2   -0.0000000000
1   11   13   3   0.0000000001
1   11   14   3   -0.0000000001
1   12   8   1   0.0008874987
1   12   9   1   0.0000000015
1   12   10   1   0.0063554026
1   12   10   2   -0.0000000000
1   12   11   1   0.0000000002
1   12   11   2   -0.0000000000
1   12   12   1   -0.3968435360
1   12   12   2   -0.0000000000
1   12   13   3   0.0111157635
1   12   14   3   -0.0153177064
1   13   8   3   -0.0007468295
1   13   9   3   -0.0000000012
1   13   10   3   -0.0030707585
1   13   11   3   -0.0000000001
1   13   12   3   0.0120095554
1   13   13   1   -0.4119937940
1   13   13   2   0.0191030514
1   13   14   1   0.0191030513
1   13   14   2   -0.0056898337
1   14   8   3   0.0010291435
1   14   9   3   0.0000000017
1   14   10   3   0.0042315561
1   14   11   3   0.0000000001
1   14   12   3   -0.0165493664
1   14   13   1   0.0191030513
1   14   13   2   -0.0067717745
1   14   14   1   -0.4244553978
1   14   14   2   -0.0191030513
2   8   8   1   0.0000000000
2   8   8   2   -0.5325553757
2   8   9   1   0.0000000000
2   8   9   2   -0.0000000008
2   8   10   2   0.0049876365
2   8   11   1   -0.0000000000
2   8   11   2   -0.0000000086
2   8   12   2   0.0008874987
2   8   13   3   0.0010797344
2   8   14   3   0.0007835424
2   9   8   1   0.0000000000
2   9   8   2   -0.0000000008
2   9   9   1   0.0000000000
2   9   9   2   -0.5325550534
2   9   10   2   0.0000000083
2   9   11   2   0.0051111311
2   9   12   2   0.0000000015
2   9   13   3   0.0000000018
2   9   14   3   0.0000000013
2   10   8   2   0.0049876365
2   10   9   2   0.0000000083
2   10   10   1   0.0000000000
2   10   10   2   -0.4096686485
2   10   11   1   0.0000000000
2   10   11   2   -0.0000000006
2   10   12   1   -0.0000000000
2   10   12   2   0.0063554026
2   10   13   3   0.0038783320
2   10   14   3   0.0028144306
2   11   8   1   -0.0000000000
2   11   8   2   -0.0000000086
2   11   9   2   0.0051111311
2   11   10   1   0.0000000000
2   11   10   2   -0.0000000006
2   11   11   1   0.0000000000
2   11   11   2   -0.4122342464
2   11   12   1   -0.0000000000
2   11   12   2   0.0000000002
2   11   13   3   -0.0000000001
2   11   14   3   -0.0000000001
2   12   8   2   0.0008874987
2   12   9   2   0.0000000015
2   12   10   1   -0.0000000000
2   12   10   2   0.0063554026
2   12   11   1   -0.0000000000
2   12   11   2   0.0000000002
2   12   12   1   -0.0000000000
2   12   12   2   -0.3968435360
2   12   13   3   -0.0153177064
2   12   14   3   -0.0111157635
2   13   8   3   0.0010291435
2   13   9   3   0.0000000017
2   13   10   3   0.0042315561
2   13   11   3   0.0000000001
2   13   12   3   -0.0165493664
2   13   13   1   0.0191030514
2   13   13   2   -0.4244553979
2   13   14   1   -0.0067717745
2   13   14   2   -0.0191030512
2   14   8   3   0.0007468295
2   14   9   3   0.0000000012
2   14   10   3   0.0030707585
2   14   11   3   0.0000000001
2   14   12   3   -0.0120095554
2   14   13   1   -0.0056898337
2   14   13   2   -0.0191030512
2   14   14   1   -0.0191030513
2   14   14   2   -0.4119937939
3   8   8   3   -0.5494608174
3   8   9   3   0.0000000005
3   8   10   3   0.0052903608
3   8   11   3   -0.0000000093
3   8   12   3   0.0032325240
3   8   13   1   -0.0007468295
3   8   13   2   0.0010291435
3   8   14   1   0.0010291435
3   8   14   2   0.0007468295
3   9   8   3   0.0000000005
3   9   9   3   -0.5494600317
3   9   10   3   0.0000000088
3   9   11   3   0.0055152284
3   9   12   3   0.0000000054
3   9   13   1   -0.0000000012
3   9   13   2   0.0000000017
3   9   14   1   0.0000000017
3   9   14   2   0.0000000012
3   10   8   3   0.0052903608
3   10   9   3   0.0000000088
3   10   10   3   -0.4202957966
3   10   11   3   0.0000000003
3   10   12   3   0.0149700529
3   10   13   1   -0.0030707585
3   10   13   2   0.0042315561
3   10   14   1   0.0042315561
3   10   14   2   0.0030707585
3   11   8   3   -0.0000000093
3   11   9   3   0.0055152284
3   11   10   3   0.0000000003
3   11   11   3   -0.4212392648
3   11   12   3   0.0000000003
3   11   13   1   -0.0000000001
3   11   13   2   0.0000000001
3   11   14   1   0.0000000001
3   11   14   2   0.0000000001
3   12   8   3   0.0032325240
3   12   9   3   0.0000000054
3   12   10   3   0.0149700529
3   12   11   3   0.0000000003
3   12   12   3   -0.4445781560
3   12   13   1   0.0120095554
3   12   13   2   -0.0165493664
3   12   14   1   -0.0165493664
3   12   14   2   -0.0120095554
3   13   8   1   -0.0007835424
3   13   8   2   0.0010797344
3   13   9   1   -0.0000000013
3   13   9   2   0.0000000018
3   13   10   1   -0.0028144306
3   13   10   2   0.0038783320
3   13   11   1   0.0000000001
3   13   11   2   -0.0000000001
3   13   12   1   0.0111157635
3   13   12   2   -0.0153177064
3   13   13   3   -0.4072284489
3   13   14   3   0.0000000001
3   14   8   1   0.0010797344
3   14   8   2   0.0007835424
3   14   9   1   0.0000000018
3   14   9   2   0.0000000013
3   14   10   1   0.0038783320
3   14   10   2   0.0028144306
3   14   11   1   -0.0000000001
3   14   11   2   -0.0000000001
3   14   12   1   -0.0153177064
3   14   12   2   -0.0111157635
3   14   13   3   0.0000000001
3   14   14   3   -0.4072284487

End AIJB Block
Begin IJKA Block
1   8   1   6   0.0000000940
1   8   2   6   -0.0193048616
1   8   3   6   -0.0000000101
1   8   4   6   0.0023796918
1   8   5   6   0.0000000432
1   8   6   4   -0.0000000257
1   8   6   5   0.0000000354
1   8   7   4   0.0000000353
1   8   7   5   0.0000000256
1   9   1   6   -0.0174495568
1   9   2   6   -0.0000000323
1   9   3   6   0.0029959492
1   9   4   6   0.0000000000
1   9   5   6   -0.0128858404
1   9   6   4   0.0076568159
1   9   6   5   -0.0105512192
1   9   7   4   -0.0105512192
1   9   7   5   -0.0076568159
1   10   1   6   -0.0000000730
1   10   2   6   0.0216998290
1   10   3   6   0.0000000012
1   10   4   6   -0.0013802873
1   10   5   6   0.0000000226
1   10   6   4   -0.0000000135
1   10   6   5   0.0000000186
1   10   7   4   0.0000000186
1   10   7   5   0.0000000135
1   11   1   6   0.0225792475
1   11   2   6   -0.0000000000
1   11   3   6   -0.0004514464
1   11   4   6   0.0000000020
1   11   5   6   -0.0139798958
1   11   6   4   0.0082590940
1   11   6   5   -0.0113811684
1   11   7   4   -0.0113811684
1   11   7   5   -0.0082590940
1   12   1   6   0.0000011506
1   12   2   6   -0.3426545098
1   12   3   6   -0.0000000060
1   12   4   6   0.0035684888
1   12   5   6   0.0000000008
1   12   6   4   -0.0000000004
1   12   6   5   0.0000000005
1   12   7   4   0.0000000005
1   12   7   5   0.0000000004
1   13   1   4   -0.0000006864
1   13   1   5   0.0000009458
1   13   2   4   0.2046453986
1   13   2   5   -0.2820047510
1   13   3   4   0.0000000035
1   13   3   5   -0.0000000049
1   13   4   4   -0.0020679015
1   13   4   5   0.0028496025
1   13   5   4   -0.0000000012
1   13   5   5   0.0000000017
1   13   6   6   -0.0000000020
1   13   7   6   0.0000000000
1   14   1   4   0.0000009458
1   14   1   5   0.0000006863
1   14   2   4   -0.2820047510
1   14   2   5   -0.2046453984
1   14   3   4   -0.0000000049
1   14   3   5   -0.0000000036
1   14   4   4   0.0028496025
1   14   4   5   0.0020679015
1   14   5   4   0.0000000017
1   14   5   5   0.0000000012
1   14   6   6   0.0000000000
1   14   7   6   -0.0000000020
2   8   1   6   -0.0193058747
2   8   2   6   -0.0000000354
2   8   3   6   0.0029890675
2   8   4   6   0.0000000000
2   8   5   6   -0.0128404257
2   8   6   4   0.0076437849
2   8   6   5   -0.0105332623
2   8   7   4   -0.0105332623
2   8   7   5   -0.0076437849
2   9   1   6   -0.0000000323
2   9   2   6   -0.0174577063
2   9   3   6   0.0000000100
2   9   4   6   0.0023770717
2   9   5   6   -0.0000000431
2   9   6   4   0.0000000257
2   9   6   5   -0.0000000354
2   9   7   4   -0.0000000354
2   9   7   5   -0.0000000257
2   10   1   6   0.0216999129
2   10   2   6   0.0000000726
2   10   3   6   -0.0007102133
2   10   4   6   -0.0000000023
2   10   5   6   -0.0134065168
2   10   6   4   0.0080309918
2   10   6   5   -0.0110668399
2   10   7   4   -0.0110668399
2   10   7   5   -0.0080309918
2   11   1   6   -0.0000000000
2   11   2   6   0.0225715487
2   11   3   6   -0.0000000008
2   11   4   6   -0.0011692926
2   11   5   6   -0.0000000234
2   11   6   4   0.0000000139
2   11   6   5   -0.0000000191
2   11   7   4   -0.0000000191
2   11   7   5   -0.0000000139
2   12   1   6   -0.3426504164
2   12   2   6   -0.0000011479
2   12   3   6   0.0035788851
2   12   4   6   0.0000000060
2   12   5   6   -0.0005012798
2   12   6   4   0.0002105607
2   12   6   5   -0.0002901561
2   12   7   4   -0.0002901561
2   12   7   5   -0.0002105607
2   13   1   4   0.2046433475
2   13   1   5   -0.2820019245
2   13   2   4   0.0000006864
2   13   2   5   -0.0000009459
2   13   3   4   -0.0020990907
2   13   3   5   0.0028925817
2   13   4   4   -0.0000000035
2   13   4   5   0.0000000048
2   13   5   4   0.0007399625
2   13   5   5   -0.0010196806
2   13   6   6   0.0011950908
2   14   1   4   -0.2820019245
2   14   1   5   -0.2046433473
2   14   2   4   -0.0000009459
2   14   2   5   -0.0000006865
2   14   3   4   0.0028925817
2   14   3   5   0.0020990907
2   14   4   4   0.0000000048
2   14   4   5   0.0000000034
2   14   5   4   -0.0010196806
2   14   5   5   -0.0007399625
2   14   7   6   0.0011950908
3   8   1   6   -0.0000000105
3   8   2   6   0.0031267740
3   8   3   6   -0.0000000007
3   8   4   6   -0.0022504219
3   8   5   6   0.0000000245
3   8   6   4   -0.0000000140
3   8   6   5   0.0000000194
3   8   7   4   0.0000000194
3   8   7   5   0.0000000141
3   9   1   6   0.0031339297
3   9   2   6   0.0000000105
3   9   3   6   0.0004665961
3   9   4   6   -0.0000000038
3   9   5   6   -0.0145521715
3   9   6   4   0.0083698223
3   9   6   5   -0.0115337538
3   9   7   4   -0.0115337538
3   9   7   5   -0.0083698223
3   10   1   6   0.0000000012
3   10   2   6   -0.0006955076
3   10   3   6   -0.0000000001
3   10   4   6   0.0067171674
3   10   5   6   0.0000000003
3   10   6   4   -0.0000000002
3   10   6   5   0.0000000003
3   10   7   4   0.0000000003
3   10   7   5   0.0000000002
3   11   1   6   -0.0004006450
3   11   2   6   -0.0000000007
3   11   3   6   0.0172794064
3   11   4   6   -0.0000000001
3   11   5   6   -0.0620231119
3   11   6   4   0.0360043709
3   11   6   5   -0.0496146198
3   11   7   4   -0.0496146198
3   11   7   5   -0.0360043708
3   12   1   6   -0.0000000068
3   12   2   6   0.0040578253
3   12   3   6   0.0000000024
3   12   4   6   -0.2211701828
3   12   5   6   -0.0000000000
3   12   6   4   -0.0000000002
3   12   6   5   0.0000000003
3   12   7   4   0.0000000003
3   12   7   5   0.0000000002
3   13   1   4   0.0000000040
3   13   1   5   -0.0000000056
3   13   2   4   -0.0024290357
3   13   2   5   0.0033472515
3   13   3   4   -0.0000000009
3   13   3   5   0.0000000012
3   13   4   4   0.1323196573
3   13   4   5   -0.1823386808
3   13   5   4   0.0000000000
3   13   5   5   -0.0000000001
3   13   6   6   -0.0000000002
3   13   7   6   -0.0000000000
3   14   1   4   -0.0000000056
3   14   1   5   -0.0000000041
3   14   2   4   0.0033472515
3   14   2   5   0.0024290357
3   14   3   4   0.0000000012
3   14   3   5   0.0000000009
3   14   4   4   -0.1823386808
3   14   4   5   -0.1323196572
3   14   5   4   -0.0000000001
3   14   5   5   -0.0000000001
3   14   6   6   -0.0000000000
3   14   7   6   -0.0000000002
4   8   1   6   0.0025035406
4   8   2   6   0.0000000000
4   8   3   6   -0.0022689974
4   8   4   6   0.0000000020
4   8   5   6   -0.0141604977
4   8   6   4   0.0083342986
4   8   6   5   -0.0114848016
4   8   7   4   -0.0114848016
4   8   7   5   -0.0083342986
4   9   1   6   0.0000000000
4   9   2   6   0.0025014692
4   9   3   6   -0.0000000038
4   9   4   6   -0.0011993439
4   9   5   6   -0.0000000237
4   9   6   4   0.0000000140
4   9   6   5   -0.0000000193
4   9   7   4   -0.0000000193
4   9   7   5   -0.0000000140
4   10   1   6   -0.0013258925
4   10   2   6   -0.0000000022
4   10   3   6   0.0061513965
4   10   4   6   -0.0000000000
4   10   5   6   -0.0553454668
4   10   6   4   0.0344473531
4   10   6   5   -0.0474690235
4   10   7   4   -0.0474690235
4   10   7   5   -0.0344473530
4   11   1   6   0.0000000019
4   11   2   6   -0.0011225817
4   11   3   6   -0.0000000001
4   11   4   6   0.0096064575
4   11   5   6   -0.0000000004
4   11   6   4   0.0000000002
4   11   6   5   -0.0000000004
4   11   7   4   -0.0000000004
4   11   7   5   -0.0000000003
4   12   1   6   0.0040690850
4   12   2   6   0.0000000068
4   12   3   6   -0.2213831868
4   12   4   6   -0.0000000007
4   12   5   6   -0.0270348993
4   12   6   4   0.0013627561
4   12   6   5   -0.0018779005
4   12   7   4   -0.0018779005
4   12   7   5   -0.0013627561
4   13   1   4   -0.0024315953
4   13   1   5   0.0033507786
4   13   2   4   -0.0000000041
4   13   2   5   0.0000000056
4   13   3   4   0.1322084194
4   13   3   5   -0.1821853932
4   13   4   4   0.0000000010
4   13   4   5   -0.0000000014
4   13   5   4   0.0154566350
4   13   5   5   -0.0212994992
4   13   6   6   0.0015253398
4   13   7   6   -0.0000000000
4   14   1   4   0.0033507786
4   14   1   5   0.0024315953
4   14   2   4   0.0000000056
4   14   2   5   0.0000000040
4   14   3   4   -0.1821853932
4   14   3   5   -0.1322084194
4   14   4   4   -0.0000000014
4   14   4   5   -0.0000000010
4   14   5   4   -0.0212994992
4   14   5   5   -0.0154566349
4   14   6   6   -0.0000000000
4   14   7   6   0.0015253398
5   8   1   6   0.0000000519
5   8   2   6   -0.0154418382
5   8   3   6   0.0000000271
5   8   4   6   -0.0157130774
5   8   5   6   0.0000000006
5   8   6   4   -0.0000000004
5   8   6   5   0.0000000005
5   8   7   4   0.0000000005
5   8   7   5   0.0000000003
5   9   1   6   -0.0154827533
5   9   2   6   -0.0000000518
5   9   3   6   -0.0160717342
5   9   4   6   -0.0000000263
5   9   5   6   -0.0003451823
5   9   6   4   0.0002053538
5   9   6   5   -0.0002829810
5   9   7   4   -0.0002829810
5   9   7   5   -0.0002053539
5   10   1   6   0.0000000230
5   10   2   6   -0.0136251956
5   10   3   6   0.0000000005
5   10   4   6   -0.0570848338
5   10   5   6   -0.0000000002
5   10   6   4   0.0000000000
5   10   6   5   -0.0000000001
5   10   7   4   -0.0000000001
5   10   7   5   -0.0000000001
5   11   1   6   -0.0141075220
5   11   2   6   -0.0000000236
5   11   3   6   -0.0637863031
5   11   4   6   -0.0000000003
5   11   5   6   0.0123734015
5   11   6   4   0.0008924292
5   11   6   5   -0.0012297822
5   11   7   4   -0.0012297822
5   11   7   5   -0.0008924292
5   12   1   6   0.0000000002
5   12   2   6   -0.0001146859
5   12   3   6   0.0000000004
5   12   4   6   -0.0273200019
5   12   5   6   0.0000000032
5   12   6   4   0.0000000005
5   12   6   5   -0.0000000008
5   12   7   4   -0.0000000008
5   12   7   5   -0.0000000006
5   13   1   4   -0.0000000009
5   13   1   5   0.0000000012
5   13   2   4   0.0005310886
5   13   2   5   -0.0007318488
5   13   3   4   -0.0000000002
5   13   3   5   0.0000000002
5   13   4   4   0.0152008209
5   13   4   5   -0.0209469831
5   13   5   4   -0.0000000018
5   13   5   5   0.0000000025
5   13   6   6   -0.0000000002
5   13   7   6   -0.0000000000
5   14   1   4   0.0000000012
5   14   1   5   0.0000000009
5   14   2   4   -0.0007318488
5   14   2   5   -0.0005310885
5   14   3   4   0.0000000002
5   14   3   5   0.0000000002
5   14   4   4   -0.0209469831
5   14   4   5   -0.0152008208
5   14   5   4   0.0000000025
5   14   5   5   0.0000000018
5   14   6   6   -0.0000000000
5   14   7   6   -0.0000000002
6   8   1   4   -0.0000000309
6   8   1   5   0.0000000426
6   8   2   4   0.0092149705
6   8   2   5   -0.0126983821
6   8   3   4   -0.0000000156
6   8   3   5   0.0000000215
6   8   4   4   0.0092621978
6   8   4   5   -0.0127634620
6   8   5   4   -0.0000000008
6   8   5   5   0.0000000011
6   8   6   6   -0.0000000008
6   8   7   6   -0.0000000000
6   9   1   4   0.0092252313
6   9   1   5   -0.0127125216
6   9   2   4   0.0000000309
6   9   2   5   -0.0000000426
6   9   3   4   0.0092949259
6   9   3   5   -0.0128085620
6   9   4   4   0.0000000156
6   9   4   5   -0.0000000215
6   9   5   4   0.0004680707
6   9   5   5   -0.0006450091
6   9   6   6   0.0004832507
6   9   7   6   0.0000000000
6   10   1   4   -0.0000000138
6   10   1   5   0.0000000189
6   10   2   4   0.0081567766
6   10   2   5   -0.0112401734
6   10   3   4   -0.0000000002
6   10   3   5   0.0000000003
6   10   4   4   0.0351224807
6   10   4   5   -0.0483993606
6   10   5   4   0.0000000002
6   10   5   5   -0.0000000003
6   10   6   6   -0.0000000000
6   10   7   6   -0.0000000000
6   11   1   4   0.0083224599
6   11   1   5   -0.0114684876
6   11   2   4   0.0000000139
6   11   2   5   -0.0000000193
6   11   3   4   0.0365105727
6   11   3   5   -0.0503121744
6   11   4   4   0.0000000004
6   11   4   5   -0.0000000005
6   11   5   4   0.0019058768
6   11   5   5   -0.0026263298
6   11   6   6   0.0153995913
6   11   7   6   -0.0000000000
6   12   1   4   -0.0000000001
6   12   1   5   0.0000000002
6   12   2   4   0.0000613449
6   12   2   5   -0.0000845343
6   12   3   4   -0.0000000000
6   12   3   5   0.0000000001
6   12   4   4   0.0018065168
6   12   4   5   -0.0024894100
6   12   5   4   -0.0000000003
6   12   5   5   0.0000000004
6   12   6   6   -0.0000000001
6   12   7   6   -0.0000000000
6   13   1   6   -0.0000000018
6   13   2   6   0.0010468967
6   13   3   6   0.0000000004
6   13   4   6   0.0023495634
6   13   5   6   0.0000000017
6   13   6   4   0.0000000000
6   13   6   5   -0.0000000000
6   13   7   4   -0.0000000000
6   13   7   5   -0.0000000001
6   14   1   6   0.0000000000
6   14   3   6   -0.0000000000
6   14   4   6   -0.0000000000
6   14   5   6   0.0000000000
6   14   6   4   0.0000000000
6   14   6   5   0.0000000000
6   14   7   4   -0.0000000000
6   14   7   5   0.0000000000
7   8   1   4   0.0000000426
7   8   1   5   0.0000000309
7   8   2   4   -0.0126983821
7   8   2   5   -0.0092149705
7   8   3   4   0.0000000215
7   8   3   5   0.0000000156
7   8   4   4   -0.0127634620
7   8   4   5   -0.0092621978
7   8   5   4   0.0000000011
7   8   5   5   0.0000000008
7   8   6   6   -0.0000000000
7   8   7   6   -0.0000000008
7   9   1   4   -0.0127125216
7   9   1   5   -0.0092252313
7   9   2   4   -0.0000000426
7   9   2   5   -0.0000000310
7   9   3   4   -0.0128085620
7   9   3   5   -0.0092949259
7   9   4   4   -0.0000000215
7   9   4   5   -0.0000000156
7   9   5   4   -0.0006450091
7   9   5   5   -0.0004680707
7   9   6   6   0.0000000000
7   9   7   6   0.0004832507
7   10   1   4   0.0000000189
7   10   1   5   0.0000000137
7   10   2   4   -0.0112401734
7   10   2   5   -0.0081567766
7   10   3   4   0.0000000003
7   10   3   5   0.0000000002
7   10   4   4   -0.0483993606
7   10   4   5   -0.0351224807
7   10   5   4   -0.0000000003
7   10   5   5   -0.0000000003
7   10   6   6   -0.0000000000
7   10   7   6   -0.0000000001
7   11   1   4   -0.0114684876
7   11   1   5   -0.0083224599
7   11   2   4   -0.0000000193
7   11   2   5   -0.0000000140
7   11   3   4   -0.0503121744
7   11   3   5   -0.0365105727
7   11   4   4   -0.0000000005
7   11   4   5   -0.0000000004
7   11   5   4   -0.0026263298
7   11   5   5   -0.0019058767
7   11   6   6   -0.0000000000
7   11   7   6   0.0153995913
7   12   1   4   0.0000000002
7   12   1   5   0.0000000001
7   12   2   4   -0.0000845343
7   12   2   5   -0.0000613449
7   12   3   4   0.0000000001
7   12   3   5   0.0000000001
7   12   4   4   -0.0024894100
7   12   4   5   -0.0018065167
7   12   5   4   0.0000000004
7   12   5   5   0.0000000003
7   12   6   6   -0.0000000000
7   12   7   6   -0.0000000002
7   13   1   6   0.0000000000
7   13   3   6   -0.0000000000
7   13   4   6   -0.0000000000
7   13   5   6   0.0000000000
7   13   6   4   0.0000000000
7   13   6   5   -0.0000000000
7   13   7   4   0.0000000000
7   13   7   5   0.0000000000
7   14   1   6   -0.0000000018
7   14   2   6   0.0010468967
7   14   3   6   0.0000000004
7   14   4   6   0.0023495633
7   14   5   6   0.0000000017
7   14   6   4   0.0000000000
7   14   6   5   -0.0000000000
7   14   7   4   -0.0000000000
7   14   7   5   -0.0000000000

End IJKA Block
Begin IABC Block
1   4   1   6   -0.0000000020
1   4   3   4   -0.0000000006
1   5   2   6   -0.0000000020
1   5   3   5   -0.0000000006
1   6   1   4   -0.0000000019
1   6   2   5   -0.0000000019
1   6   3   6   -0.0000000041
2   4   1   6   0.0011608675
2   4   3   4   0.0003455421
2   5   2   6   0.0011608675
2   5   3   5   0.0003455421
2   6   1   4   0.0011007895
2   6   2   5   0.0011007895
2   6   3   6   0.0024460328
3   4   1   6   0.0000000004
3   4   2   6   0.0000000000
3   4   3   4   0.0000000001
3   4   3   5   0.0000000000
3   5   1   6   0.0000000000
3   5   2   6   0.0000000004
3   5   3   4   0.0000000000
3   5   3   5   0.0000000001
3   6   1   4   0.0000000003
3   6   1   5   -0.0000000000
3   6   2   4   -0.0000000000
3   6   2   5   0.0000000003
3   6   3   6   -0.0000000002
4   4   1   6   0.0045974822
4   4   2   6   -0.0000000000
4   4   3   4   0.0150421881
4   4   3   5   -0.0000000000
4   5   1   6   -0.0000000000
4   5   2   6   0.0045974822
4   5   3   4   -0.0000000000
4   5   3   5   0.0150421881
4   6   1   4   0.0031495214
4   6   1   5   -0.0000000000
4   6   2   4   -0.0000000000
4   6   2   5   0.0031495214
4   6   3   6   0.0207391786
5   4   1   6   0.0000000008
5   4   2   6   0.0000000000
5   4   3   4   -0.0000000002
5   4   3   5   0.0000000000
5   5   1   6   0.0000000000
5   5   2   6   0.0000000009
5   5   3   4   0.0000000000
5   5   3   5   -0.0000000001
5   6   1   4   0.0000000013
5   6   1   5   0.0000000000
5   6   2   4   0.0000000000
5   6   2   5   0.0000000013
5   6   3   6   0.0000000025
6   4   1   4   0.0000000009
6   4   1   5   -0.0000000004
6   4   2   4   -0.0000000007
6   4   2   5   0.0000000001
6   4   3   6   0.0000000011
6   5   1   4   -0.0000000001
6   5   1   5   0.0000000005
6   5   2   4   0.0000000003
6   5   2   5   -0.0000000012
6   5   3   6   -0.0000000015
6   6   1   6   -0.0000000002
6   6   2   6   0.0000000003
6   6   3   4   0.0000000002
6   6   3   5   -0.0000000003
7   4   1   4   -0.0000000012
7   4   1   5   -0.0000000003
7   4   2   4   -0.0000000005
7   4   2   5   -0.0000000000
7   4   3   6   -0.0000000015
7   5   1   4   -0.0000000000
7   5   1   5   -0.0000000007
7   5   2   4   -0.0000000004
7   5   2   5   -0.0000000009
7   5   3   6   -0.0000000011
7   6   1   6   0.0000000003
7   6   2   6   0.0000000002
7   6   3   4   -0.0000000003
7   6   3   5   -0.0000000002

End IABC Block
