0   1   5   6      -0.170787982562
0   1   6   5       0.170787982459
0   2   4   5       0.128711178462
0   2   4   6      -0.111948829523
0   2   5   4      -0.128711177864
0   2   6   4       0.111948829068
1   0   5   6       0.170787982562
1   0   6   5      -0.170787982459
1   2   4   5      -0.111948829056
1   2   4   6      -0.128711178136
1   2   5   4       0.111948829604
1   2   6   4       0.128711178200
2   0   4   5      -0.128711178462
2   0   4   6       0.111948829523
2   0   5   4       0.128711177864
2   0   6   4      -0.111948829068
2   1   4   5       0.111948829056
2   1   4   6       0.128711178136
2   1   5   4      -0.111948829604
2   1   6   4      -0.128711178200
0   103   5   12      -0.493721165273
0   103   5   13       0.385615805375
0   103   6   12       0.385615803914
0   103   6   13      -0.385762430378
0   104   5   12       0.385615801478
0   104   6   12       0.139373363309
0   104   6   13      -0.385615801739
0   105   4   12       0.352113179701
0   105   4   13      -0.306256680585
0   105   5   11       0.223402001295
0   105   6   11      -0.194307852053
0   112   5   12       0.051007632562
1   103   5   12       0.385615801793
1   103   5   13       0.139373362727
1   103   6   13      -0.385615801767
1   104   5   12      -0.385762430019
1   104   5   13      -0.385615805133
1   104   6   12      -0.385615803554
1   104   6   13      -0.493721165043
1   105   4   12      -0.306256682503
1   105   4   13      -0.352113179495
1   105   5   11      -0.194307851402
1   105   6   11      -0.223402002368
1   111   6   13      -0.051007632543
2   103   4   12       0.223402002447
2   103   4   13      -0.194307852060
2   103   5   11       0.352113180365
2   103   6   11      -0.306256681958
2   104   4   12      -0.194307852558
2   104   4   13      -0.223402001258
2   104   5   11      -0.306256679684
2   104   6   11      -0.352113180412
2   105   4   11      -0.794056165104
2   107   4   11       0.057241900174
2   113   4   11       0.051414527525
4   105   4   11       0.057241900174
8   104   6   13      -0.051007632543
9   103   5   12       0.051007632562
10   105   4   11       0.051414527525
0   103   12   5       0.493721165273
0   103   12   6      -0.385615803914
0   103   13   5      -0.385615805375
0   103   13   6       0.385762430378
0   104   12   5      -0.385615801478
0   104   12   6      -0.139373363309
0   104   13   6       0.385615801739
0   105   11   5      -0.223402001295
0   105   11   6       0.194307852053
0   105   12   4      -0.352113179701
0   105   13   4       0.306256680585
0   112   12   5      -0.051007632562
1   103   12   5      -0.385615801793
1   103   13   5      -0.139373362727
1   103   13   6       0.385615801767
1   104   12   5       0.385762430019
1   104   12   6       0.385615803554
1   104   13   5       0.385615805133
1   104   13   6       0.493721165043
1   105   11   5       0.194307851402
1   105   11   6       0.223402002368
1   105   12   4       0.306256682503
1   105   13   4       0.352113179495
1   111   13   6       0.051007632543
2   103   11   5      -0.352113180365
2   103   11   6       0.306256681958
2   103   12   4      -0.223402002447
2   103   13   4       0.194307852060
2   104   11   5       0.306256679684
2   104   11   6       0.352113180412
2   104   12   4       0.194307852558
2   104   13   4       0.223402001258
2   105   11   4       0.794056165104
2   107   11   4      -0.057241900174
2   113   11   4      -0.051414527525
4   105   11   4      -0.057241900174
8   104   13   6       0.051007632543
9   103   12   5      -0.051007632562
10   105   11   4      -0.051414527525
103   0   5   12       0.493721165273
103   0   5   13      -0.385615805375
103   0   6   12      -0.385615803914
103   0   6   13       0.385762430378
103   1   5   12      -0.385615801793
103   1   5   13      -0.139373362727
103   1   6   13       0.385615801767
103   2   4   12      -0.223402002447
103   2   4   13       0.194307852060
103   2   5   11      -0.352113180365
103   2   6   11       0.306256681958
103   9   5   12      -0.051007632562
104   0   5   12      -0.385615801478
104   0   6   12      -0.139373363309
104   0   6   13       0.385615801739
104   1   5   12       0.385762430019
104   1   5   13       0.385615805133
104   1   6   12       0.385615803554
104   1   6   13       0.493721165043
104   2   4   12       0.194307852558
104   2   4   13       0.223402001258
104   2   5   11       0.306256679684
104   2   6   11       0.352113180412
104   8   6   13       0.051007632543
105   0   4   12      -0.352113179701
105   0   4   13       0.306256680585
105   0   5   11      -0.223402001295
105   0   6   11       0.194307852053
105   1   4   12       0.306256682503
105   1   4   13       0.352113179495
105   1   5   11       0.194307851402
105   1   6   11       0.223402002368
105   2   4   11       0.794056165104
105   4   4   11      -0.057241900174
105   10   4   11      -0.051414527525
107   2   4   11      -0.057241900174
111   1   6   13       0.051007632543
112   0   5   12      -0.051007632562
113   2   4   11      -0.051414527525
103   0   12   5      -0.493721165273
103   0   12   6       0.385615803914
103   0   13   5       0.385615805375
103   0   13   6      -0.385762430378
103   1   12   5       0.385615801793
103   1   13   5       0.139373362727
103   1   13   6      -0.385615801767
103   2   11   5       0.352113180365
103   2   11   6      -0.306256681958
103   2   12   4       0.223402002447
103   2   13   4      -0.194307852060
103   9   12   5       0.051007632562
104   0   12   5       0.385615801478
104   0   12   6       0.139373363309
104   0   13   6      -0.385615801739
104   1   12   5      -0.385762430019
104   1   12   6      -0.385615803554
104   1   13   5      -0.385615805133
104   1   13   6      -0.493721165043
104   2   11   5      -0.306256679684
104   2   11   6      -0.352113180412
104   2   12   4      -0.194307852558
104   2   13   4      -0.223402001258
104   8   13   6      -0.051007632543
105   0   11   5       0.223402001295
105   0   11   6      -0.194307852053
105   0   12   4       0.352113179701
105   0   13   4      -0.306256680585
105   1   11   5      -0.194307851402
105   1   11   6      -0.223402002368
105   1   12   4      -0.306256682503
105   1   13   4      -0.352113179495
105   2   11   4      -0.794056165104
105   4   11   4       0.057241900174
105   10   11   4       0.051414527525
107   2   11   4       0.057241900174
111   1   13   6      -0.051007632543
112   0   12   5       0.051007632562
113   2   11   4       0.051414527525
103   104   12   13      -0.170787982562
103   104   13   12       0.170787982459
103   105   11   12       0.128711178462
103   105   11   13      -0.111948829523
103   105   12   11      -0.128711177864
103   105   13   11       0.111948829068
104   103   12   13       0.170787982562
104   103   13   12      -0.170787982459
104   105   11   12      -0.111948829056
104   105   11   13      -0.128711178136
104   105   12   11       0.111948829604
104   105   13   11       0.128711178200
105   103   11   12      -0.128711178462
105   103   11   13       0.111948829523
105   103   12   11       0.128711177864
105   103   13   11      -0.111948829068
105   104   11   12       0.111948829056
105   104   11   13       0.128711178136
105   104   12   11      -0.111948829604
105   104   13   11      -0.128711178200

