0   1   5   6       0.145230995614
0   1   6   5      -0.145230995586
0   2   4   5      -0.116790059799
0   2   5   4       0.116790059799
1   0   5   6      -0.145230995614
1   0   6   5       0.145230995586
1   2   4   6      -0.116790058748
1   2   6   4       0.116790058747
2   0   4   5       0.116790059799
2   0   5   4      -0.116790059799
2   1   4   6       0.116790058748
2   1   6   4      -0.116790058747
0   53   5   12      -0.643583073022
0   53   5   13      -0.198785296887
0   53   6   12      -0.198785296697
0   53   6   13      -0.119165351365
0   54   5   12       0.198785297321
0   54   5   13      -0.189593375213
0   54   6   12      -0.334824369023
0   54   6   13      -0.198785296274
0   55   4   12      -0.316899033220
0   55   4   13      -0.106544953377
0   55   5   11      -0.200108974522
0   55   6   11      -0.067278846341
1   53   5   12       0.198785297271
1   53   5   13      -0.334824369010
1   53   6   12      -0.189593375162
1   53   6   13      -0.198785296304
1   54   5   12      -0.119165352691
1   54   5   13       0.198785295290
1   54   6   12       0.198785295052
1   54   6   13      -0.643583065337
1   55   4   12       0.106544953310
1   55   4   13      -0.316899030440
1   55   5   11       0.067278846306
1   55   6   11      -0.200108972793
2   53   4   12      -0.200108974521
2   53   4   13      -0.067278846341
2   53   5   11      -0.316899033220
2   53   6   11      -0.106544953378
2   54   4   12       0.067278846306
2   54   4   13      -0.200108972794
2   54   5   11       0.106544953311
2   54   6   11      -0.316899030440
2   55   4   11      -0.517005608010
0   53   12   5       0.643583073022
0   53   12   6       0.198785296697
0   53   13   5       0.198785296887
0   53   13   6       0.119165351365
0   54   12   5      -0.198785297321
0   54   12   6       0.334824369023
0   54   13   5       0.189593375213
0   54   13   6       0.198785296274
0   55   11   5       0.200108974522
0   55   11   6       0.067278846341
0   55   12   4       0.316899033220
0   55   13   4       0.106544953377
1   53   12   5      -0.198785297271
1   53   12   6       0.189593375162
1   53   13   5       0.334824369010
1   53   13   6       0.198785296304
1   54   12   5       0.119165352691
1   54   12   6      -0.198785295052
1   54   13   5      -0.198785295290
1   54   13   6       0.643583065337
1   55   11   5      -0.067278846306
1   55   11   6       0.200108972793
1   55   12   4      -0.106544953310
1   55   13   4       0.316899030440
2   53   11   5       0.316899033220
2   53   11   6       0.106544953378
2   53   12   4       0.200108974521
2   53   13   4       0.067278846341
2   54   11   5      -0.106544953311
2   54   11   6       0.316899030440
2   54   12   4      -0.067278846306
2   54   13   4       0.200108972794
2   55   11   4       0.517005608010
0   60   5   12       0.060384967301
1   61   6   13      -0.060384961788
2   58   4   11      -0.061484791630
0   60   12   5      -0.060384967301
1   61   13   6       0.060384961788
2   58   11   4       0.061484791630
5   55   4   11      -0.061484791630
7   53   5   12       0.060384967299
8   54   6   13      -0.060384961787
5   55   11   4       0.061484791630
7   53   12   5      -0.060384967299
8   54   13   6       0.060384961787
53   0   5   12       0.643583073022
53   0   5   13       0.198785296887
53   0   6   12       0.198785296697
53   0   6   13       0.119165351365
53   1   5   12      -0.198785297271
53   1   5   13       0.334824369010
53   1   6   12       0.189593375162
53   1   6   13       0.198785296304
53   2   4   12       0.200108974521
53   2   4   13       0.067278846341
53   2   5   11       0.316899033220
53   2   6   11       0.106544953378
54   0   5   12      -0.198785297321
54   0   5   13       0.189593375213
54   0   6   12       0.334824369023
54   0   6   13       0.198785296274
54   1   5   12       0.119165352691
54   1   5   13      -0.198785295290
54   1   6   12      -0.198785295052
54   1   6   13       0.643583065337
54   2   4   12      -0.067278846306
54   2   4   13       0.200108972794
54   2   5   11      -0.106544953311
54   2   6   11       0.316899030440
55   0   4   12       0.316899033220
55   0   4   13       0.106544953377
55   0   5   11       0.200108974522
55   0   6   11       0.067278846341
55   1   4   12      -0.106544953310
55   1   4   13       0.316899030440
55   1   5   11      -0.067278846306
55   1   6   11       0.200108972793
55   2   4   11       0.517005608010
53   0   12   5      -0.643583073022
53   0   12   6      -0.198785296697
53   0   13   5      -0.198785296887
53   0   13   6      -0.119165351365
53   1   12   5       0.198785297271
53   1   12   6      -0.189593375162
53   1   13   5      -0.334824369010
53   1   13   6      -0.198785296304
53   2   11   5      -0.316899033220
53   2   11   6      -0.106544953378
53   2   12   4      -0.200108974521
53   2   13   4      -0.067278846341
54   0   12   5       0.198785297321
54   0   12   6      -0.334824369023
54   0   13   5      -0.189593375213
54   0   13   6      -0.198785296274
54   1   12   5      -0.119165352691
54   1   12   6       0.198785295052
54   1   13   5       0.198785295290
54   1   13   6      -0.643583065337
54   2   11   5       0.106544953311
54   2   11   6      -0.316899030440
54   2   12   4       0.067278846306
54   2   13   4      -0.200108972794
55   0   11   5      -0.200108974522
55   0   11   6      -0.067278846341
55   0   12   4      -0.316899033220
55   0   13   4      -0.106544953377
55   1   11   5       0.067278846306
55   1   11   6      -0.200108972793
55   1   12   4       0.106544953310
55   1   13   4      -0.316899030440
55   2   11   4      -0.517005608010
53   7   5   12      -0.060384967299
54   8   6   13       0.060384961787
55   5   4   11       0.061484791630
53   7   12   5       0.060384967299
54   8   13   6      -0.060384961787
55   5   11   4      -0.061484791630
53   54   12   13       0.145230995614
53   54   13   12      -0.145230995586
53   55   11   12      -0.116790059799
53   55   12   11       0.116790059799
54   53   12   13      -0.145230995614
54   53   13   12       0.145230995586
54   55   11   13      -0.116790058748
54   55   13   11       0.116790058747
55   53   11   12       0.116790059799
55   53   12   11      -0.116790059799
55   54   11   13       0.116790058748
55   54   13   11      -0.116790058747
58   2   4   11       0.061484791630
60   0   5   12      -0.060384967301
61   1   6   13       0.060384961788
58   2   11   4      -0.061484791630
60   0   12   5       0.060384967301
61   1   13   6      -0.060384961788

