Begin IJ Block
1   1   -26.6012827509
1   2   -0.0000000012
1   3   -0.4658985097
1   4   -0.0000000129
1   5   0.1364836781
2   2   -26.6016264460
2   3   -0.0000000062
2   4   0.4976916572
2   5   -0.0000000004
3   3   -7.7524740678
3   4   0.0000000129
3   5   -0.4885389641
4   4   -7.2609562415
4   5   0.0000000200
5   5   -7.0893259347
6   6   -6.8668123923
6   7   -0.0000000004
7   7   -6.8668123990

End IJ Block
Begin IA Block
1   3   -0.0000000053
2   3   0.1623118363
3   3   0.0000000009
4   3   -0.6248218176
5   3   -0.0000000306
6   1   -0.0000000235
6   2   0.0000000383
7   1   0.0000000434
7   2   0.0000000274

End IA Block
Begin AB Block
1   1   -6.6092380246
1   2   0.0000000010
2   2   -6.6092380254
3   3   -6.6522214901

End AB Block
Begin IJAB Block
1   8   1   4   0.0138959042
1   8   1   5   -0.0000000000
1   8   2   4   -0.0000000000
1   8   2   5   0.0138959042
1   8   3   6   0.0203814022
1   9   1   4   0.0000000001
1   9   1   5   0.0000000000
1   9   2   4   0.0000000000
1   9   2   5   0.0000000001
1   9   3   6   -0.0000000000
1   10   1   4   -0.0131318194
1   10   1   5   0.0000000000
1   10   2   4   0.0000000000
1   10   2   5   -0.0131318195
1   10   3   6   -0.0109101609
1   11   1   4   -0.0000000002
1   11   1   5   0.0000000000
1   11   2   4   0.0000000000
1   11   2   5   -0.0000000003
1   11   3   6   0.0000000003
1   12   1   4   0.0041714977
1   12   1   5   -0.0000000000
1   12   2   4   -0.0000000000
1   12   2   5   0.0041714977
1   12   3   6   0.0019949585
1   13   1   6   -0.0032866107
1   13   2   6   0.0052799169
1   13   3   4   0.0017057990
1   13   3   5   -0.0027403541
1   14   1   6   0.0052799169
1   14   2   6   0.0032866107
1   14   3   4   -0.0027403542
1   14   3   5   -0.0017057991
2   8   1   4   0.0000000001
2   8   1   5   0.0000000000
2   8   2   4   0.0000000000
2   8   2   5   0.0000000001
2   8   3   6   -0.0000000000
2   9   1   4   0.0139983301
2   9   1   5   -0.0000000000
2   9   2   4   -0.0000000000
2   9   2   5   0.0139983301
2   9   3   6   0.0205862257
2   10   1   4   -0.0000000002
2   10   1   5   -0.0000000000
2   10   2   4   -0.0000000000
2   10   2   5   -0.0000000002
2   10   3   6   -0.0000000002
2   11   1   4   0.0152321037
2   11   1   5   -0.0000000000
2   11   2   4   -0.0000000000
2   11   2   5   0.0152321037
2   11   3   6   0.0118965767
2   12   1   4   0.0000000001
2   12   1   5   0.0000000000
2   12   2   4   0.0000000000
2   12   2   5   0.0000000001
2   12   3   6   0.0000000001
2   13   1   6   -0.0000000000
2   13   2   6   0.0000000000
2   13   3   4   -0.0000000001
2   13   3   5   0.0000000002
2   14   1   6   0.0000000001
2   14   2   6   0.0000000000
2   14   3   4   0.0000000002
2   14   3   5   0.0000000001
3   8   1   4   -0.0131318194
3   8   1   5   0.0000000000
3   8   2   4   0.0000000000
3   8   2   5   -0.0131318195
3   8   3   6   -0.0109101609
3   9   1   4   -0.0000000002
3   9   1   5   -0.0000000000
3   9   2   4   -0.0000000000
3   9   2   5   -0.0000000002
3   9   3   6   -0.0000000002
3   10   1   4   0.0528259630
3   10   1   5   0.0000000008
3   10   2   4   0.0000000008
3   10   2   5   0.0528259624
3   10   3   6   0.0735015800
3   11   1   4   -0.0000000011
3   11   1   5   -0.0000000004
3   11   2   4   -0.0000000004
3   11   2   5   -0.0000000008
3   11   3   6   -0.0000000015
3   12   1   4   -0.0171136287
3   12   1   5   -0.0000000000
3   12   2   4   -0.0000000000
3   12   2   5   -0.0171136287
3   12   3   6   0.0451706214
3   13   1   6   0.0124056289
3   13   2   6   -0.0199295556
3   13   3   4   0.0294303488
3   13   3   5   -0.0472796485
3   14   1   6   -0.0199295558
3   14   2   6   -0.0124056291
3   14   3   4   -0.0472796490
3   14   3   5   -0.0294303492
4   8   1   4   -0.0000000002
4   8   1   5   0.0000000000
4   8   2   4   0.0000000000
4   8   2   5   -0.0000000003
4   8   3   6   0.0000000003
4   9   1   4   0.0152321037
4   9   1   5   -0.0000000000
4   9   2   4   -0.0000000000
4   9   2   5   0.0152321037
4   9   3   6   0.0118965767
4   10   1   4   -0.0000000011
4   10   1   5   -0.0000000004
4   10   2   4   -0.0000000004
4   10   2   5   -0.0000000008
4   10   3   6   -0.0000000015
4   11   1   4   0.0715424380
4   11   1   5   0.0000000007
4   11   2   4   0.0000000007
4   11   2   5   0.0715424375
4   11   3   6   0.0549128993
4   12   1   4   -0.0000000016
4   12   1   5   -0.0000000001
4   12   2   4   -0.0000000001
4   12   2   5   -0.0000000015
4   12   3   6   0.0000000005
4   13   1   6   -0.0000000007
4   13   2   6   0.0000000011
4   13   3   4   0.0000000017
4   13   3   5   -0.0000000027
4   14   1   6   0.0000000013
4   14   2   6   0.0000000008
4   14   3   4   -0.0000000027
4   14   3   5   -0.0000000017
5   8   1   4   0.0041714977
5   8   1   5   -0.0000000000
5   8   2   4   -0.0000000000
5   8   2   5   0.0041714977
5   8   3   6   0.0019949585
5   9   1   4   0.0000000001
5   9   1   5   0.0000000000
5   9   2   4   0.0000000000
5   9   2   5   0.0000000001
5   9   3   6   0.0000000001
5   10   1   4   -0.0171136287
5   10   1   5   -0.0000000000
5   10   2   4   -0.0000000000
5   10   2   5   -0.0171136287
5   10   3   6   0.0451706214
5   11   1   4   -0.0000000016
5   11   1   5   -0.0000000001
5   11   2   4   -0.0000000001
5   11   2   5   -0.0000000015
5   11   3   6   0.0000000005
5   12   1   4   0.0273713629
5   12   1   5   0.0000000000
5   12   2   4   0.0000000000
5   12   2   5   0.0273713629
5   12   3   6   0.1324995040
5   13   1   6   0.0050031934
5   13   2   6   -0.0080375951
5   13   3   4   0.0617654813
5   13   3   5   -0.0992258115
5   14   1   6   -0.0080375956
5   14   2   6   -0.0050031938
5   14   3   4   -0.0992258128
5   14   3   5   -0.0617654822
6   8   1   6   0.0017057990
6   8   2   6   -0.0027403541
6   8   3   4   -0.0032866107
6   8   3   5   0.0052799169
6   9   1   6   -0.0000000001
6   9   2   6   0.0000000002
6   9   3   4   -0.0000000000
6   9   3   5   0.0000000000
6   10   1   6   0.0294303488
6   10   2   6   -0.0472796485
6   10   3   4   0.0124056289
6   10   3   5   -0.0199295556
6   11   1   6   0.0000000017
6   11   2   6   -0.0000000027
6   11   3   4   -0.0000000007
6   11   3   5   0.0000000011
6   12   1   6   0.0617654813
6   12   2   6   -0.0992258115
6   12   3   4   0.0050031934
6   12   3   5   -0.0080375951
6   13   1   4   0.0652615467
6   13   1   5   -0.0706663180
6   13   2   4   -0.0706663180
6   13   2   5   0.1347985508
6   13   3   6   0.0249197231
6   14   1   4   -0.0706663263
6   14   1   5   -0.0267396028
6   14   2   4   0.0962766112
6   14   2   5   0.0706663264
6   14   3   6   0.0000000000
7   8   1   6   -0.0027403542
7   8   2   6   -0.0017057991
7   8   3   4   0.0052799169
7   8   3   5   0.0032866107
7   9   1   6   0.0000000002
7   9   2   6   0.0000000001
7   9   3   4   0.0000000001
7   9   3   5   0.0000000000
7   10   1   6   -0.0472796490
7   10   2   6   -0.0294303492
7   10   3   4   -0.0199295558
7   10   3   5   -0.0124056291
7   11   1   6   -0.0000000027
7   11   2   6   -0.0000000017
7   11   3   4   0.0000000013
7   11   3   5   0.0000000008
7   12   1   6   -0.0992258128
7   12   2   6   -0.0617654822
7   12   3   4   -0.0080375956
7   12   3   5   -0.0050031938
7   13   1   4   -0.0706663263
7   13   1   5   0.0962766112
7   13   2   4   -0.0267396028
7   13   2   5   0.0706663264
7   13   3   6   0.0000000000
7   14   1   4   0.1347985528
7   14   1   5   0.0706663198
7   14   2   4   0.0706663198
7   14   2   5   0.0652615475
7   14   3   6   0.0249197239

End IJAB Block
Begin IJKL Block
1   8   1   8   2.2151949523
1   8   1   9   -0.0000000720
1   8   1   10   0.1918711863
1   8   1   11   0.0000000107
1   8   1   12   -0.0462698399
1   8   2   8   -0.0000000720
1   8   2   9   1.9040281998
1   8   2   10   -0.0000000028
1   8   2   11   -0.2020798935
1   8   2   12   0.0000000013
1   8   3   8   0.1918711863
1   8   3   9   -0.0000000028
1   8   3   10   0.0273937919
1   8   3   11   0.0000000010
1   8   3   12   -0.0043466193
1   8   4   8   0.0000000107
1   8   4   9   -0.2020798935
1   8   4   10   0.0000000010
1   8   4   11   0.0308092669
1   8   4   12   -0.0000000006
1   8   5   8   -0.0462698399
1   8   5   9   0.0000000013
1   8   5   10   -0.0043466193
1   8   5   11   -0.0000000006
1   8   5   12   0.0124749742
1   8   6   13   0.0107686404
1   8   7   14   0.0107686404
1   9   1   8   -0.0000000720
1   9   1   9   2.2153444217
1   9   1   10   -0.0000000029
1   9   1   11   -0.2036088450
1   9   1   12   0.0000000012
1   9   2   8   1.9040338159
1   9   2   9   0.0000000716
1   9   2   10   0.1933734493
1   9   2   11   -0.0000000046
1   9   2   12   -0.0396504504
1   9   3   8   -0.0000000028
1   9   3   9   0.1918987769
1   9   3   10   -0.0000000001
1   9   3   11   -0.0279919676
1   9   3   12   0.0000000002
1   9   4   8   -0.2020828329
1   9   4   9   -0.0000000046
1   9   4   10   -0.0280153726
1   9   4   11   0.0000000002
1   9   4   12   0.0088725151
1   9   5   8   0.0000000013
1   9   5   9   -0.0462729490
1   9   5   10   0.0000000002
1   9   5   11   0.0089418824
1   9   5   12   -0.0000000003
1   9   6   13   -0.0000000005
1   9   6   14   -0.0000000000
1   9   7   13   -0.0000000000
1   9   7   14   -0.0000000005
1   10   1   8   0.1918711863
1   10   1   9   -0.0000000029
1   10   1   10   0.6503209944
1   10   1   11   0.0000000083
1   10   1   12   0.0321875023
1   10   2   8   -0.0000000028
1   10   2   9   0.1933772684
1   10   2   10   0.0000000025
1   10   2   11   -0.3079302221
1   10   2   12   0.0000000007
1   10   3   8   0.0295138638
1   10   3   9   0.0000000001
1   10   3   10   0.0059733559
1   10   3   11   0.0000000007
1   10   3   12   -0.0034851502
1   10   4   8   0.0000000010
1   10   4   9   -0.0301374101
1   10   4   10   0.0000000013
1   10   4   11   0.0077295773
1   10   4   12   -0.0000000000
1   10   5   8   -0.0041856530
1   10   5   9   0.0000000001
1   10   5   10   -0.0113189998
1   10   5   11   -0.0000000000
1   10   5   12   -0.0144844032
1   10   6   13   -0.0134422435
1   10   6   14   0.0000000000
1   10   7   13   0.0000000000
1   10   7   14   -0.0134422434
1   11   1   8   0.0000000107
1   11   1   9   -0.2036088450
1   11   1   10   0.0000000083
1   11   1   11   0.6375414231
1   11   1   12   -0.0000000094
1   11   2   8   -0.2020828329
1   11   2   9   -0.0000000046
1   11   2   10   -0.3079416575
1   11   2   11   0.0000000023
1   11   2   12   0.1729463662
1   11   3   8   0.0000000010
1   11   3   9   -0.0301216295
1   11   3   10   0.0000000007
1   11   3   11   0.0098466441
1   11   3   12   0.0000000000
1   11   4   8   0.0332092436
1   11   4   9   0.0000000001
1   11   4   10   0.0076154448
1   11   4   11   0.0000000011
1   11   4   12   -0.0003526359
1   11   5   8   -0.0000000005
1   11   5   9   0.0098793581
1   11   5   10   -0.0000000000
1   11   5   11   0.0018598616
1   11   5   12   -0.0000000002
1   11   6   13   -0.0000000002
1   11   6   14   0.0000000000
1   11   7   13   0.0000000000
1   11   7   14   -0.0000000002
1   12   1   8   -0.0462698399
1   12   1   9   0.0000000012
1   12   1   10   0.0321875023
1   12   1   11   -0.0000000094
1   12   1   12   0.6307229991
1   12   2   8   0.0000000013
1   12   2   9   -0.0396462366
1   12   2   10   0.0000000007
1   12   2   11   0.1729500754
1   12   2   12   -0.0000000013
1   12   3   8   -0.0041856530
1   12   3   9   0.0000000001
1   12   3   10   -0.0037042670
1   12   3   11   -0.0000000000
1   12   3   12   0.0062270404
1   12   4   8   -0.0000000005
1   12   4   9   0.0098131890
1   12   4   10   -0.0000000001
1   12   4   11   -0.0002090779
1   12   4   12   -0.0000000003
1   12   5   8   0.0150642735
1   12   5   9   -0.0000000001
1   12   5   10   -0.0150554480
1   12   5   11   -0.0000000003
1   12   5   12   -0.0003054044
1   12   6   13   0.0021054128
1   12   7   14   0.0021054128
1   13   1   13   0.6050398130
1   13   1   14   0.0000000000
1   13   2   13   -0.0000000005
1   13   2   14   -0.0000000000
1   13   3   13   0.0047731983
1   13   3   14   0.0000000000
1   13   4   13   0.0000000011
1   13   5   13   -0.0051452186
1   13   6   8   0.0132292806
1   13   6   9   -0.0000000001
1   13   6   10   -0.0139779873
1   13   6   11   -0.0000000005
1   13   6   12   0.0022325069
1   13   7   10   0.0000000000
1   13   7   12   0.0000000000
1   14   1   13   0.0000000000
1   14   1   14   0.6050398138
1   14   2   13   -0.0000000000
1   14   2   14   -0.0000000011
1   14   3   13   0.0000000000
1   14   3   14   0.0047731984
1   14   4   14   0.0000000011
1   14   5   14   -0.0051452186
1   14   6   10   0.0000000000
1   14   6   12   0.0000000000
1   14   7   8   0.0132292806
1   14   7   9   -0.0000000001
1   14   7   10   -0.0139779873
1   14   7   11   -0.0000000004
1   14   7   12   0.0022325069
2   8   1   8   -0.0000000720
2   8   1   9   1.9040338159
2   8   1   10   -0.0000000028
2   8   1   11   -0.2020828329
2   8   1   12   0.0000000013
2   8   2   8   2.2153444217
2   8   2   9   0.0000000716
2   8   2   10   0.1918987769
2   8   2   11   -0.0000000046
2   8   2   12   -0.0462729490
2   8   3   8   -0.0000000029
2   8   3   9   0.1933734493
2   8   3   10   -0.0000000001
2   8   3   11   -0.0280153726
2   8   3   12   0.0000000002
2   8   4   8   -0.2036088450
2   8   4   9   -0.0000000046
2   8   4   10   -0.0279919676
2   8   4   11   0.0000000002
2   8   4   12   0.0089418824
2   8   5   8   0.0000000012
2   8   5   9   -0.0396504504
2   8   5   10   0.0000000002
2   8   5   11   0.0088725151
2   8   5   12   -0.0000000003
2   8   6   13   -0.0000000005
2   8   6   14   -0.0000000000
2   8   7   13   -0.0000000000
2   8   7   14   -0.0000000005
2   9   1   8   1.9040281998
2   9   1   9   0.0000000716
2   9   1   10   0.1933772684
2   9   1   11   -0.0000000046
2   9   1   12   -0.0396462366
2   9   2   8   0.0000000716
2   9   2   9   2.2154843714
2   9   2   10   0.0000000117
2   9   2   11   -0.2036157396
2   9   2   12   -0.0000000018
2   9   3   8   0.1933772684
2   9   3   9   0.0000000117
2   9   3   10   0.0273704850
2   9   3   11   -0.0000000011
2   9   3   12   -0.0044137579
2   9   4   8   -0.0000000046
2   9   4   9   -0.2036157396
2   9   4   10   -0.0000000011
2   9   4   11   0.0308383510
2   9   4   12   0.0000000001
2   9   5   8   -0.0396462366
2   9   5   9   -0.0000000018
2   9   5   10   -0.0044137579
2   9   5   11   0.0000000001
2   9   5   12   0.0121796556
2   9   6   13   0.0106163502
2   9   7   14   0.0106163502
2   10   1   8   -0.0000000028
2   10   1   9   0.1933734493
2   10   1   10   0.0000000025
2   10   1   11   -0.3079416575
2   10   1   12   0.0000000007
2   10   2   8   0.1918987769
2   10   2   9   0.0000000117
2   10   2   10   0.6503106604
2   10   2   11   -0.0000000149
2   10   2   12   0.0321737828
2   10   3   8   0.0000000001
2   10   3   9   0.0295067266
2   10   3   10   -0.0000000010
2   10   3   11   -0.0087040177
2   10   3   12   -0.0000000000
2   10   4   8   -0.0301216295
2   10   4   9   -0.0000000012
2   10   4   10   -0.0105438845
2   10   4   11   -0.0000000003
2   10   4   12   -0.0024412531
2   10   5   8   0.0000000001
2   10   5   9   -0.0042463336
2   10   5   10   -0.0000000001
2   10   5   11   -0.0014314022
2   10   5   12   -0.0000000004
2   10   6   13   -0.0000000002
2   10   6   14   -0.0000000000
2   10   7   13   -0.0000000000
2   10   7   14   -0.0000000003
2   11   1   8   -0.2020798935
2   11   1   9   -0.0000000046
2   11   1   10   -0.3079302221
2   11   1   11   0.0000000023
2   11   1   12   0.1729500754
2   11   2   8   -0.0000000046
2   11   2   9   -0.2036157396
2   11   2   10   -0.0000000149
2   11   2   11   0.6375630939
2   11   2   12   0.0000000037
2   11   3   8   -0.0301374101
2   11   3   9   -0.0000000012
2   11   3   10   -0.0089448974
2   11   3   11   -0.0000000007
2   11   3   12   0.0057551411
2   11   4   8   0.0000000001
2   11   4   9   0.0332375969
2   11   4   10   -0.0000000004
2   11   4   11   -0.0084364385
2   11   4   12   -0.0000000001
2   11   5   8   0.0098131890
2   11   5   9   0.0000000002
2   11   5   10   -0.0017281522
2   11   5   11   0.0000000002
2   11   5   12   0.0131809010
2   11   6   13   0.0122968344
2   11   6   14   -0.0000000000
2   11   7   13   -0.0000000000
2   11   7   14   0.0122968343
2   12   1   8   0.0000000013
2   12   1   9   -0.0396504504
2   12   1   10   0.0000000007
2   12   1   11   0.1729463662
2   12   1   12   -0.0000000013
2   12   2   8   -0.0462729490
2   12   2   9   -0.0000000018
2   12   2   10   0.0321737828
2   12   2   11   0.0000000037
2   12   2   12   0.6307207644
2   12   3   8   0.0000000001
2   12   3   9   -0.0042463336
2   12   3   10   -0.0000000001
2   12   3   11   0.0060002987
2   12   3   12   0.0000000004
2   12   4   8   0.0098793581
2   12   4   9   0.0000000002
2   12   4   10   -0.0024592770
2   12   4   11   -0.0000000001
2   12   4   12   -0.0063370381
2   12   5   8   -0.0000000001
2   12   5   9   0.0147794450
2   12   5   10   -0.0000000004
2   12   5   11   0.0136503201
2   12   5   12   -0.0000000002
2   12   6   13   0.0000000000
2   12   7   14   0.0000000000
2   13   1   13   -0.0000000005
2   13   1   14   -0.0000000000
2   13   2   13   0.6050337129
2   13   2   14   0.0000000000
2   13   3   13   -0.0000000008
2   13   3   14   -0.0000000000
2   13   4   13   -0.0066881431
2   13   4   14   -0.0000000000
2   13   5   13   0.0000000001
2   13   5   14   -0.0000000000
2   13   6   8   -0.0000000001
2   13   6   9   0.0130850509
2   13   6   10   -0.0000000001
2   13   6   11   0.0128371755
2   13   6   12   -0.0000000000
2   13   7   10   -0.0000000000
2   13   7   11   -0.0000000000
2   13   7   12   -0.0000000000
2   14   1   13   -0.0000000000
2   14   1   14   -0.0000000011
2   14   2   13   0.0000000000
2   14   2   14   0.6050337137
2   14   3   13   -0.0000000000
2   14   3   14   -0.0000000008
2   14   4   13   -0.0000000000
2   14   4   14   -0.0066881432
2   14   5   13   -0.0000000000
2   14   5   14   0.0000000001
2   14   6   10   -0.0000000000
2   14   6   11   -0.0000000000
2   14   6   12   -0.0000000000
2   14   7   8   -0.0000000001
2   14   7   9   0.0130850509
2   14   7   10   -0.0000000001
2   14   7   11   0.0128371754
2   14   7   12   -0.0000000001
3   8   1   8   0.1918711863
3   8   1   9   -0.0000000028
3   8   1   10   0.0295138638
3   8   1   11   0.0000000010
3   8   1   12   -0.0041856530
3   8   2   8   -0.0000000029
3   8   2   9   0.1933772684
3   8   2   10   0.0000000001
3   8   2   11   -0.0301374101
3   8   2   12   0.0000000001
3   8   3   8   0.6503209944
3   8   3   9   0.0000000025
3   8   3   10   0.0059733559
3   8   3   11   0.0000000013
3   8   3   12   -0.0113189998
3   8   4   8   0.0000000083
3   8   4   9   -0.3079302221
3   8   4   10   0.0000000007
3   8   4   11   0.0077295773
3   8   4   12   -0.0000000000
3   8   5   8   0.0321875023
3   8   5   9   0.0000000007
3   8   5   10   -0.0034851502
3   8   5   11   -0.0000000000
3   8   5   12   -0.0144844032
3   8   6   13   -0.0134422435
3   8   6   14   0.0000000000
3   8   7   13   0.0000000000
3   8   7   14   -0.0134422434
3   9   1   8   -0.0000000028
3   9   1   9   0.1918987769
3   9   1   10   0.0000000001
3   9   1   11   -0.0301216295
3   9   1   12   0.0000000001
3   9   2   8   0.1933734493
3   9   2   9   0.0000000117
3   9   2   10   0.0295067266
3   9   2   11   -0.0000000012
3   9   2   12   -0.0042463336
3   9   3   8   0.0000000025
3   9   3   9   0.6503106604
3   9   3   10   -0.0000000010
3   9   3   11   -0.0105438845
3   9   3   12   -0.0000000001
3   9   4   8   -0.3079416575
3   9   4   9   -0.0000000149
3   9   4   10   -0.0087040177
3   9   4   11   -0.0000000003
3   9   4   12   -0.0014314022
3   9   5   8   0.0000000007
3   9   5   9   0.0321737828
3   9   5   10   -0.0000000000
3   9   5   11   -0.0024412531
3   9   5   12   -0.0000000004
3   9   6   13   -0.0000000002
3   9   6   14   -0.0000000000
3   9   7   13   -0.0000000000
3   9   7   14   -0.0000000003
3   10   1   8   0.0273937919
3   10   1   9   -0.0000000001
3   10   1   10   0.0059733559
3   10   1   11   0.0000000007
3   10   1   12   -0.0037042670
3   10   2   8   -0.0000000001
3   10   2   9   0.0273704850
3   10   2   10   -0.0000000010
3   10   2   11   -0.0089448974
3   10   2   12   -0.0000000001
3   10   3   8   0.0059733559
3   10   3   9   -0.0000000010
3   10   3   10   0.5382672435
3   10   3   11   -0.0000000010
3   10   3   12   0.0705812055
3   10   4   8   0.0000000007
3   10   4   9   -0.0089448974
3   10   4   10   -0.0000000010
3   10   4   11   0.1570968411
3   10   4   12   -0.0000000010
3   10   5   8   -0.0037042670
3   10   5   9   -0.0000000001
3   10   5   10   0.0705812055
3   10   5   11   -0.0000000010
3   10   5   12   0.0762085008
3   10   6   13   0.0674248119
3   10   6   14   0.0000000001
3   10   7   13   0.0000000001
3   10   7   14   0.0674248131
3   11   1   8   0.0000000010
3   11   1   9   -0.0279919676
3   11   1   10   0.0000000007
3   11   1   11   0.0098466441
3   11   1   12   -0.0000000000
3   11   2   8   -0.0280153726
3   11   2   9   -0.0000000011
3   11   2   10   -0.0087040177
3   11   2   11   -0.0000000007
3   11   2   12   0.0060002987
3   11   3   8   0.0000000013
3   11   3   9   -0.0105438845
3   11   3   10   -0.0000000010
3   11   3   11   0.4758795699
3   11   3   12   -0.0000000007
3   11   4   8   0.0076154448
3   11   4   9   -0.0000000004
3   11   4   10   0.1589754135
3   11   4   11   -0.0000000008
3   11   4   12   -0.1008130376
3   11   5   8   -0.0000000001
3   11   5   9   -0.0024592770
3   11   5   10   -0.0000000013
3   11   5   11   -0.0014349525
3   11   5   12   0.0000000010
3   11   6   13   0.0000000008
3   11   6   14   0.0000000000
3   11   7   13   0.0000000000
3   11   7   14   0.0000000010
3   12   1   8   -0.0043466193
3   12   1   9   0.0000000002
3   12   1   10   -0.0034851502
3   12   1   11   0.0000000000
3   12   1   12   0.0062270404
3   12   2   8   0.0000000002
3   12   2   9   -0.0044137579
3   12   2   10   -0.0000000000
3   12   2   11   0.0057551411
3   12   2   12   0.0000000004
3   12   3   8   -0.0113189998
3   12   3   9   -0.0000000001
3   12   3   10   0.0705812055
3   12   3   11   -0.0000000007
3   12   3   12   0.4935769783
3   12   4   8   -0.0000000000
3   12   4   9   -0.0017281522
3   12   4   10   -0.0000000013
3   12   4   11   -0.1023549389
3   12   4   12   -0.0000000019
3   12   5   8   -0.0150554480
3   12   5   9   -0.0000000004
3   12   5   10   0.0783592936
3   12   5   11   0.0000000012
3   12   5   12   0.0227816856
3   12   6   13   -0.0027843672
3   12   6   14   0.0000000000
3   12   7   13   0.0000000000
3   12   7   14   -0.0027843672
3   13   1   13   0.0047731983
3   13   1   14   0.0000000000
3   13   2   13   -0.0000000008
3   13   2   14   -0.0000000000
3   13   3   13   0.4860203647
3   13   3   14   0.0000000001
3   13   4   13   0.0000000021
3   13   4   14   0.0000000000
3   13   5   13   0.0369125168
3   13   5   14   0.0000000000
3   13   6   8   -0.0139779873
3   13   6   9   -0.0000000001
3   13   6   10   0.0700796485
3   13   6   11   0.0000000011
3   13   6   12   -0.0023838003
3   13   7   8   0.0000000000
3   13   7   9   -0.0000000000
3   13   7   10   0.0000000000
3   13   7   11   0.0000000000
3   13   7   12   0.0000000000
3   14   1   13   0.0000000000
3   14   1   14   0.0047731984
3   14   2   13   -0.0000000000
3   14   2   14   -0.0000000008
3   14   3   13   0.0000000001
3   14   3   14   0.4860203659
3   14   4   13   0.0000000000
3   14   4   14   0.0000000029
3   14   5   13   0.0000000000
3   14   5   14   0.0369125173
3   14   6   8   0.0000000000
3   14   6   9   -0.0000000000
3   14   6   10   0.0000000000
3   14   6   11   0.0000000000
3   14   6   12   0.0000000000
3   14   7   8   -0.0139779873
3   14   7   9   -0.0000000001
3   14   7   10   0.0700796493
3   14   7   11   0.0000000014
3   14   7   12   -0.0023838000
4   8   1   8   0.0000000107
4   8   1   9   -0.2020828329
4   8   1   10   0.0000000010
4   8   1   11   0.0332092436
4   8   1   12   -0.0000000005
4   8   2   8   -0.2036088450
4   8   2   9   -0.0000000046
4   8   2   10   -0.0301216295
4   8   2   11   0.0000000001
4   8   2   12   0.0098793581
4   8   3   8   0.0000000083
4   8   3   9   -0.3079416575
4   8   3   10   0.0000000007
4   8   3   11   0.0076154448
4   8   3   12   -0.0000000000
4   8   4   8   0.6375414231
4   8   4   9   0.0000000023
4   8   4   10   0.0098466441
4   8   4   11   0.0000000011
4   8   4   12   0.0018598616
4   8   5   8   -0.0000000094
4   8   5   9   0.1729463662
4   8   5   10   0.0000000000
4   8   5   11   -0.0003526359
4   8   5   12   -0.0000000002
4   8   6   13   -0.0000000002
4   8   6   14   0.0000000000
4   8   7   13   0.0000000000
4   8   7   14   -0.0000000002
4   9   1   8   -0.2020798935
4   9   1   9   -0.0000000046
4   9   1   10   -0.0301374101
4   9   1   11   0.0000000001
4   9   1   12   0.0098131890
4   9   2   8   -0.0000000046
4   9   2   9   -0.2036157396
4   9   2   10   -0.0000000012
4   9   2   11   0.0332375969
4   9   2   12   0.0000000002
4   9   3   8   -0.3079302221
4   9   3   9   -0.0000000149
4   9   3   10   -0.0089448974
4   9   3   11   -0.0000000004
4   9   3   12   -0.0017281522
4   9   4   8   0.0000000023
4   9   4   9   0.6375630939
4   9   4   10   -0.0000000007
4   9   4   11   -0.0084364385
4   9   4   12   0.0000000002
4   9   5   8   0.1729500754
4   9   5   9   0.0000000037
4   9   5   10   0.0057551411
4   9   5   11   -0.0000000001
4   9   5   12   0.0131809010
4   9   6   13   0.0122968344
4   9   6   14   -0.0000000000
4   9   7   13   -0.0000000000
4   9   7   14   0.0122968343
4   10   1   8   0.0000000010
4   10   1   9   -0.0280153726
4   10   1   10   0.0000000013
4   10   1   11   0.0076154448
4   10   1   12   -0.0000000001
4   10   2   8   -0.0279919676
4   10   2   9   -0.0000000011
4   10   2   10   -0.0105438845
4   10   2   11   -0.0000000004
4   10   2   12   -0.0024592770
4   10   3   8   0.0000000007
4   10   3   9   -0.0087040177
4   10   3   10   -0.0000000010
4   10   3   11   0.1589754135
4   10   3   12   -0.0000000013
4   10   4   8   0.0098466441
4   10   4   9   -0.0000000007
4   10   4   10   0.4758795699
4   10   4   11   -0.0000000008
4   10   4   12   -0.0014349525
4   10   5   8   -0.0000000000
4   10   5   9   0.0060002987
4   10   5   10   -0.0000000007
4   10   5   11   -0.1008130376
4   10   5   12   0.0000000010
4   10   6   13   0.0000000008
4   10   6   14   0.0000000000
4   10   7   13   0.0000000000
4   10   7   14   0.0000000010
4   11   1   8   0.0308092669
4   11   1   9   0.0000000002
4   11   1   10   0.0077295773
4   11   1   11   0.0000000011
4   11   1   12   -0.0002090779
4   11   2   8   0.0000000002
4   11   2   9   0.0308383510
4   11   2   10   -0.0000000003
4   11   2   11   -0.0084364385
4   11   2   12   -0.0000000001
4   11   3   8   0.0077295773
4   11   3   9   -0.0000000003
4   11   3   10   0.1570968411
4   11   3   11   -0.0000000008
4   11   3   12   -0.1023549389
4   11   4   8   0.0000000011
4   11   4   9   -0.0084364385
4   11   4   10   -0.0000000008
4   11   4   11   0.4854244687
4   11   4   12   -0.0000000023
4   11   5   8   -0.0002090779
4   11   5   9   -0.0000000001
4   11   5   10   -0.1023549389
4   11   5   11   -0.0000000023
4   11   5   12   0.1099762762
4   11   6   13   0.0500157426
4   11   6   14   0.0000000001
4   11   7   13   0.0000000001
4   11   7   14   0.0500157437
4   12   1   8   -0.0000000006
4   12   1   9   0.0088725151
4   12   1   10   -0.0000000000
4   12   1   11   -0.0003526359
4   12   1   12   -0.0000000003
4   12   2   8   0.0089418824
4   12   2   9   0.0000000001
4   12   2   10   -0.0024412531
4   12   2   11   -0.0000000001
4   12   2   12   -0.0063370381
4   12   3   8   -0.0000000000
4   12   3   9   -0.0014314022
4   12   3   10   -0.0000000010
4   12   3   11   -0.1008130376
4   12   3   12   -0.0000000019
4   12   4   8   0.0018598616
4   12   4   9   0.0000000002
4   12   4   10   -0.0014349525
4   12   4   11   -0.0000000023
4   12   4   12   0.4770928899
4   12   5   8   -0.0000000003
4   12   5   9   0.0136503201
4   12   5   10   0.0000000012
4   12   5   11   0.1107372167
4   12   5   12   -0.0000000013
4   12   6   13   -0.0000000002
4   12   6   14   -0.0000000000
4   12   7   13   -0.0000000000
4   12   7   14   -0.0000000005
4   13   1   13   0.0000000011
4   13   2   13   -0.0066881431
4   13   2   14   -0.0000000000
4   13   3   13   0.0000000021
4   13   3   14   0.0000000000
4   13   4   13   0.4531457860
4   13   4   14   0.0000000000
4   13   5   13   -0.0000000014
4   13   5   14   -0.0000000000
4   13   6   8   -0.0000000005
4   13   6   9   0.0128371755
4   13   6   10   0.0000000011
4   13   6   11   0.0509976046
4   13   6   12   0.0000000001
4   13   7   9   -0.0000000000
4   13   7   10   0.0000000000
4   13   7   11   0.0000000000
4   13   7   12   -0.0000000000
4   14   1   14   0.0000000011
4   14   2   13   -0.0000000000
4   14   2   14   -0.0066881432
4   14   3   13   0.0000000000
4   14   3   14   0.0000000029
4   14   4   13   0.0000000000
4   14   4   14   0.4531457865
4   14   5   13   -0.0000000000
4   14   5   14   -0.0000000022
4   14   6   9   -0.0000000000
4   14   6   10   0.0000000000
4   14   6   11   0.0000000000
4   14   6   12   -0.0000000000
4   14   7   8   -0.0000000004
4   14   7   9   0.0128371754
4   14   7   10   0.0000000014
4   14   7   11   0.0509976051
4   14   7   12   -0.0000000004
5   8   1   8   -0.0462698399
5   8   1   9   0.0000000013
5   8   1   10   -0.0041856530
5   8   1   11   -0.0000000005
5   8   1   12   0.0150642735
5   8   2   8   0.0000000012
5   8   2   9   -0.0396462366
5   8   2   10   0.0000000001
5   8   2   11   0.0098131890
5   8   2   12   -0.0000000001
5   8   3   8   0.0321875023
5   8   3   9   0.0000000007
5   8   3   10   -0.0037042670
5   8   3   11   -0.0000000001
5   8   3   12   -0.0150554480
5   8   4   8   -0.0000000094
5   8   4   9   0.1729500754
5   8   4   10   -0.0000000000
5   8   4   11   -0.0002090779
5   8   4   12   -0.0000000003
5   8   5   8   0.6307229991
5   8   5   9   -0.0000000013
5   8   5   10   0.0062270404
5   8   5   11   -0.0000000003
5   8   5   12   -0.0003054044
5   8   6   13   0.0021054128
5   8   7   14   0.0021054128
5   9   1   8   0.0000000013
5   9   1   9   -0.0462729490
5   9   1   10   0.0000000001
5   9   1   11   0.0098793581
5   9   1   12   -0.0000000001
5   9   2   8   -0.0396504504
5   9   2   9   -0.0000000018
5   9   2   10   -0.0042463336
5   9   2   11   0.0000000002
5   9   2   12   0.0147794450
5   9   3   8   0.0000000007
5   9   3   9   0.0321737828
5   9   3   10   -0.0000000001
5   9   3   11   -0.0024592770
5   9   3   12   -0.0000000004
5   9   4   8   0.1729463662
5   9   4   9   0.0000000037
5   9   4   10   0.0060002987
5   9   4   11   -0.0000000001
5   9   4   12   0.0136503201
5   9   5   8   -0.0000000013
5   9   5   9   0.6307207644
5   9   5   10   0.0000000004
5   9   5   11   -0.0063370381
5   9   5   12   -0.0000000002
5   9   6   13   0.0000000000
5   9   7   14   0.0000000000
5   10   1   8   -0.0043466193
5   10   1   9   0.0000000002
5   10   1   10   -0.0113189998
5   10   1   11   -0.0000000000
5   10   1   12   -0.0150554480
5   10   2   8   0.0000000002
5   10   2   9   -0.0044137579
5   10   2   10   -0.0000000001
5   10   2   11   -0.0017281522
5   10   2   12   -0.0000000004
5   10   3   8   -0.0034851502
5   10   3   9   -0.0000000000
5   10   3   10   0.0705812055
5   10   3   11   -0.0000000013
5   10   3   12   0.0783592936
5   10   4   8   0.0000000000
5   10   4   9   0.0057551411
5   10   4   10   -0.0000000007
5   10   4   11   -0.1023549389
5   10   4   12   0.0000000012
5   10   5   8   0.0062270404
5   10   5   9   0.0000000004
5   10   5   10   0.4935769783
5   10   5   11   -0.0000000019
5   10   5   12   0.0227816856
5   10   6   13   -0.0027843672
5   10   6   14   0.0000000000
5   10   7   13   0.0000000000
5   10   7   14   -0.0027843672
5   11   1   8   -0.0000000006
5   11   1   9   0.0089418824
5   11   1   10   -0.0000000000
5   11   1   11   0.0018598616
5   11   1   12   -0.0000000003
5   11   2   8   0.0088725151
5   11   2   9   0.0000000001
5   11   2   10   -0.0014314022
5   11   2   11   0.0000000002
5   11   2   12   0.0136503201
5   11   3   8   -0.0000000000
5   11   3   9   -0.0024412531
5   11   3   10   -0.0000000010
5   11   3   11   -0.0014349525
5   11   3   12   0.0000000012
5   11   4   8   -0.0003526359
5   11   4   9   -0.0000000001
5   11   4   10   -0.1008130376
5   11   4   11   -0.0000000023
5   11   4   12   0.1107372167
5   11   5   8   -0.0000000003
5   11   5   9   -0.0063370381
5   11   5   10   -0.0000000019
5   11   5   11   0.4770928899
5   11   5   12   -0.0000000013
5   11   6   13   -0.0000000002
5   11   6   14   -0.0000000000
5   11   7   13   -0.0000000000
5   11   7   14   -0.0000000005
5   12   1   8   0.0124749742
5   12   1   9   -0.0000000003
5   12   1   10   -0.0144844032
5   12   1   11   -0.0000000002
5   12   1   12   -0.0003054044
5   12   2   8   -0.0000000003
5   12   2   9   0.0121796556
5   12   2   10   -0.0000000004
5   12   2   11   0.0131809010
5   12   2   12   -0.0000000002
5   12   3   8   -0.0144844032
5   12   3   9   -0.0000000004
5   12   3   10   0.0762085008
5   12   3   11   0.0000000010
5   12   3   12   0.0227816856
5   12   4   8   -0.0000000002
5   12   4   9   0.0131809010
5   12   4   10   0.0000000010
5   12   4   11   0.1099762762
5   12   4   12   -0.0000000013
5   12   5   8   -0.0003054044
5   12   5   9   -0.0000000002
5   12   5   10   0.0227816856
5   12   5   11   -0.0000000013
5   12   5   12   0.4982634688
5   12   6   13   0.0148166458
5   12   6   14   0.0000000000
5   12   7   13   0.0000000000
5   12   7   14   0.0148166465
5   13   1   13   -0.0051452186
5   13   2   13   0.0000000001
5   13   2   14   -0.0000000000
5   13   3   13   0.0369125168
5   13   3   14   0.0000000000
5   13   4   13   -0.0000000014
5   13   4   14   -0.0000000000
5   13   5   13   0.4516051218
5   13   5   14   0.0000000000
5   13   6   8   0.0022325069
5   13   6   9   -0.0000000000
5   13   6   10   -0.0023838003
5   13   6   11   0.0000000001
5   13   6   12   0.0166097318
5   13   7   8   0.0000000000
5   13   7   9   -0.0000000000
5   13   7   10   0.0000000000
5   13   7   11   -0.0000000000
5   13   7   12   0.0000000000
5   14   1   14   -0.0051452186
5   14   2   13   -0.0000000000
5   14   2   14   0.0000000001
5   14   3   13   0.0000000000
5   14   3   14   0.0369125173
5   14   4   13   -0.0000000000
5   14   4   14   -0.0000000022
5   14   5   13   0.0000000000
5   14   5   14   0.4516051227
5   14   6   8   0.0000000000
5   14   6   9   -0.0000000000
5   14   6   10   0.0000000000
5   14   6   11   -0.0000000000
5   14   6   12   0.0000000000
5   14   7   8   0.0022325069
5   14   7   9   -0.0000000001
5   14   7   10   -0.0023838000
5   14   7   11   -0.0000000004
5   14   7   12   0.0166097323
6   8   1   13   0.0132292806
6   8   2   13   -0.0000000001
6   8   3   13   -0.0139779873
6   8   3   14   0.0000000000
6   8   4   13   -0.0000000005
6   8   5   13   0.0022325069
6   8   5   14   0.0000000000
6   8   6   8   0.6050398130
6   8   6   9   -0.0000000005
6   8   6   10   0.0047731983
6   8   6   11   0.0000000011
6   8   6   12   -0.0051452186
6   8   7   8   0.0000000000
6   8   7   9   -0.0000000000
6   8   7   10   0.0000000000
6   9   1   13   -0.0000000001
6   9   2   13   0.0130850509
6   9   3   13   -0.0000000001
6   9   3   14   -0.0000000000
6   9   4   13   0.0128371755
6   9   4   14   -0.0000000000
6   9   5   13   -0.0000000000
6   9   5   14   -0.0000000000
6   9   6   8   -0.0000000005
6   9   6   9   0.6050337129
6   9   6   10   -0.0000000008
6   9   6   11   -0.0066881431
6   9   6   12   0.0000000001
6   9   7   8   -0.0000000000
6   9   7   9   0.0000000000
6   9   7   10   -0.0000000000
6   9   7   11   -0.0000000000
6   9   7   12   -0.0000000000
6   10   1   13   -0.0139779873
6   10   1   14   0.0000000000
6   10   2   13   -0.0000000001
6   10   2   14   -0.0000000000
6   10   3   13   0.0700796485
6   10   3   14   0.0000000000
6   10   4   13   0.0000000011
6   10   4   14   0.0000000000
6   10   5   13   -0.0023838003
6   10   5   14   0.0000000000
6   10   6   8   0.0047731983
6   10   6   9   -0.0000000008
6   10   6   10   0.4860203647
6   10   6   11   0.0000000021
6   10   6   12   0.0369125168
6   10   7   8   0.0000000000
6   10   7   9   -0.0000000000
6   10   7   10   0.0000000001
6   10   7   11   0.0000000000
6   10   7   12   0.0000000000
6   11   1   13   -0.0000000005
6   11   2   13   0.0128371755
6   11   2   14   -0.0000000000
6   11   3   13   0.0000000011
6   11   3   14   0.0000000000
6   11   4   13   0.0509976046
6   11   4   14   0.0000000000
6   11   5   13   0.0000000001
6   11   5   14   -0.0000000000
6   11   6   8   0.0000000011
6   11   6   9   -0.0066881431
6   11   6   10   0.0000000021
6   11   6   11   0.4531457860
6   11   6   12   -0.0000000014
6   11   7   9   -0.0000000000
6   11   7   10   0.0000000000
6   11   7   11   0.0000000000
6   11   7   12   -0.0000000000
6   12   1   13   0.0022325069
6   12   1   14   0.0000000000
6   12   2   13   -0.0000000000
6   12   2   14   -0.0000000000
6   12   3   13   -0.0023838003
6   12   3   14   0.0000000000
6   12   4   13   0.0000000001
6   12   4   14   -0.0000000000
6   12   5   13   0.0166097318
6   12   5   14   0.0000000000
6   12   6   8   -0.0051452186
6   12   6   9   0.0000000001
6   12   6   10   0.0369125168
6   12   6   11   -0.0000000014
6   12   6   12   0.4516051218
6   12   7   9   -0.0000000000
6   12   7   10   0.0000000000
6   12   7   11   -0.0000000000
6   12   7   12   0.0000000000
6   13   1   8   0.0107686404
6   13   1   9   -0.0000000005
6   13   1   10   -0.0134422435
6   13   1   11   -0.0000000002
6   13   1   12   0.0021054128
6   13   2   8   -0.0000000005
6   13   2   9   0.0106163502
6   13   2   10   -0.0000000002
6   13   2   11   0.0122968344
6   13   2   12   0.0000000000
6   13   3   8   -0.0134422435
6   13   3   9   -0.0000000002
6   13   3   10   0.0674248119
6   13   3   11   0.0000000008
6   13   3   12   -0.0027843672
6   13   4   8   -0.0000000002
6   13   4   9   0.0122968344
6   13   4   10   0.0000000008
6   13   4   11   0.0500157426
6   13   4   12   -0.0000000002
6   13   5   8   0.0021054128
6   13   5   9   0.0000000000
6   13   5   10   -0.0027843672
6   13   5   11   -0.0000000002
6   13   5   12   0.0148166458
6   13   6   13   0.4706143285
6   13   6   14   0.0000000008
6   13   7   13   0.0000000008
6   13   7   14   0.0126572236
6   14   1   9   -0.0000000000
6   14   1   10   0.0000000000
6   14   1   11   0.0000000000
6   14   2   8   -0.0000000000
6   14   2   10   -0.0000000000
6   14   2   11   -0.0000000000
6   14   3   8   0.0000000000
6   14   3   9   -0.0000000000
6   14   3   10   0.0000000001
6   14   3   11   0.0000000000
6   14   3   12   0.0000000000
6   14   4   8   0.0000000000
6   14   4   9   -0.0000000000
6   14   4   10   0.0000000000
6   14   4   11   0.0000000001
6   14   4   12   -0.0000000000
6   14   5   10   0.0000000000
6   14   5   11   -0.0000000000
6   14   5   12   0.0000000000
6   14   6   13   0.0000000008
6   14   6   14   0.4436309559
6   14   7   13   0.0143261630
6   14   7   14   -0.0000000006
7   8   1   14   0.0132292806
7   8   2   14   -0.0000000001
7   8   3   13   0.0000000000
7   8   3   14   -0.0139779873
7   8   4   14   -0.0000000004
7   8   5   13   0.0000000000
7   8   5   14   0.0022325069
7   8   6   8   0.0000000000
7   8   6   9   -0.0000000000
7   8   6   10   0.0000000000
7   8   7   8   0.6050398138
7   8   7   9   -0.0000000011
7   8   7   10   0.0047731984
7   8   7   11   0.0000000011
7   8   7   12   -0.0051452186
7   9   1   14   -0.0000000001
7   9   2   14   0.0130850509
7   9   3   13   -0.0000000000
7   9   3   14   -0.0000000001
7   9   4   13   -0.0000000000
7   9   4   14   0.0128371754
7   9   5   13   -0.0000000000
7   9   5   14   -0.0000000001
7   9   6   8   -0.0000000000
7   9   6   9   0.0000000000
7   9   6   10   -0.0000000000
7   9   6   11   -0.0000000000
7   9   6   12   -0.0000000000
7   9   7   8   -0.0000000011
7   9   7   9   0.6050337137
7   9   7   10   -0.0000000008
7   9   7   11   -0.0066881432
7   9   7   12   0.0000000001
7   10   1   13   0.0000000000
7   10   1   14   -0.0139779873
7   10   2   13   -0.0000000000
7   10   2   14   -0.0000000001
7   10   3   13   0.0000000000
7   10   3   14   0.0700796493
7   10   4   13   0.0000000000
7   10   4   14   0.0000000014
7   10   5   13   0.0000000000
7   10   5   14   -0.0023838000
7   10   6   8   0.0000000000
7   10   6   9   -0.0000000000
7   10   6   10   0.0000000001
7   10   6   11   0.0000000000
7   10   6   12   0.0000000000
7   10   7   8   0.0047731984
7   10   7   9   -0.0000000008
7   10   7   10   0.4860203659
7   10   7   11   0.0000000029
7   10   7   12   0.0369125173
7   11   1   14   -0.0000000004
7   11   2   13   -0.0000000000
7   11   2   14   0.0128371754
7   11   3   13   0.0000000000
7   11   3   14   0.0000000014
7   11   4   13   0.0000000000
7   11   4   14   0.0509976051
7   11   5   13   -0.0000000000
7   11   5   14   -0.0000000004
7   11   6   9   -0.0000000000
7   11   6   10   0.0000000000
7   11   6   11   0.0000000000
7   11   6   12   -0.0000000000
7   11   7   8   0.0000000011
7   11   7   9   -0.0066881432
7   11   7   10   0.0000000029
7   11   7   11   0.4531457865
7   11   7   12   -0.0000000022
7   12   1   13   0.0000000000
7   12   1   14   0.0022325069
7   12   2   13   -0.0000000000
7   12   2   14   -0.0000000001
7   12   3   13   0.0000000000
7   12   3   14   -0.0023838000
7   12   4   13   -0.0000000000
7   12   4   14   -0.0000000004
7   12   5   13   0.0000000000
7   12   5   14   0.0166097323
7   12   6   9   -0.0000000000
7   12   6   10   0.0000000000
7   12   6   11   -0.0000000000
7   12   6   12   0.0000000000
7   12   7   8   -0.0051452186
7   12   7   9   0.0000000001
7   12   7   10   0.0369125173
7   12   7   11   -0.0000000022
7   12   7   12   0.4516051227
7   13   1   9   -0.0000000000
7   13   1   10   0.0000000000
7   13   1   11   0.0000000000
7   13   2   8   -0.0000000000
7   13   2   10   -0.0000000000
7   13   2   11   -0.0000000000
7   13   3   8   0.0000000000
7   13   3   9   -0.0000000000
7   13   3   10   0.0000000001
7   13   3   11   0.0000000000
7   13   3   12   0.0000000000
7   13   4   8   0.0000000000
7   13   4   9   -0.0000000000
7   13   4   10   0.0000000000
7   13   4   11   0.0000000001
7   13   4   12   -0.0000000000
7   13   5   10   0.0000000000
7   13   5   11   -0.0000000000
7   13   5   12   0.0000000000
7   13   6   13   0.0000000008
7   13   6   14   0.0143261630
7   13   7   13   0.4436309559
7   13   7   14   -0.0000000006
7   14   1   8   0.0107686404
7   14   1   9   -0.0000000005
7   14   1   10   -0.0134422434
7   14   1   11   -0.0000000002
7   14   1   12   0.0021054128
7   14   2   8   -0.0000000005
7   14   2   9   0.0106163502
7   14   2   10   -0.0000000003
7   14   2   11   0.0122968343
7   14   2   12   0.0000000000
7   14   3   8   -0.0134422434
7   14   3   9   -0.0000000003
7   14   3   10   0.0674248131
7   14   3   11   0.0000000010
7   14   3   12   -0.0027843672
7   14   4   8   -0.0000000002
7   14   4   9   0.0122968343
7   14   4   10   0.0000000010
7   14   4   11   0.0500157437
7   14   4   12   -0.0000000005
7   14   5   8   0.0021054128
7   14   5   9   0.0000000000
7   14   5   10   -0.0027843672
7   14   5   11   -0.0000000005
7   14   5   12   0.0148166465
7   14   6   13   0.0126572236
7   14   6   14   -0.0000000006
7   14   7   13   -0.0000000006
7   14   7   14   0.4706143313

End IJKL Block
Begin ABCD Block
1   4   1   4   0.4648298555
1   4   1   5   -0.0000000021
1   4   2   4   -0.0000000021
1   4   2   5   0.0176087263
1   4   3   6   0.0221401396
1   5   1   4   -0.0000000021
1   5   1   5   0.4298060541
1   5   2   4   0.0174150658
1   5   2   5   0.0000000018
1   5   3   6   -0.0000000001
1   6   1   6   0.4379704040
1   6   2   6   -0.0000000000
1   6   3   4   0.0221046428
1   6   3   5   -0.0000000001
2   4   1   4   -0.0000000021
2   4   1   5   0.0174150658
2   4   2   4   0.4298060541
2   4   2   5   0.0000000018
2   4   3   6   -0.0000000001
2   5   1   4   0.0176087263
2   5   1   5   0.0000000018
2   5   2   4   0.0000000018
2   5   2   5   0.4648298557
2   5   3   6   0.0221401397
2   6   1   6   -0.0000000000
2   6   2   6   0.4379704041
2   6   3   4   -0.0000000001
2   6   3   5   0.0221046428
3   4   1   6   0.0221046428
3   4   2   6   -0.0000000001
3   4   3   4   0.4379704040
3   4   3   5   -0.0000000000
3   5   1   6   -0.0000000001
3   5   2   6   0.0221046428
3   5   3   4   -0.0000000000
3   5   3   5   0.4379704041
3   6   1   4   0.0221401396
3   6   1   5   -0.0000000001
3   6   2   4   -0.0000000001
3   6   2   5   0.0221401397
3   6   3   6   0.4840996906

End ABCD Block
Begin AIJB Block
1   8   1   4   0.0131504520
1   8   1   5   0.0000000000
1   8   2   5   0.0000000000
1   8   3   4   -0.0123400162
1   8   3   5   -0.0000000000
1   8   4   4   -0.0000000003
1   8   4   5   0.0000000000
1   8   5   4   0.0038275570
1   8   5   5   -0.0000000000
1   8   6   6   0.0018921306
1   8   7   6   -0.0030396945
1   9   1   5   0.0000000000
1   9   2   4   0.0132529314
1   9   2   5   0.0000000000
1   9   3   4   -0.0000000002
1   9   3   5   -0.0000000000
1   9   4   4   0.0142409662
1   9   4   5   0.0000000000
1   9   5   4   0.0000000001
1   9   5   5   0.0000000000
1   9   6   6   -0.0000000002
1   9   7   6   0.0000000004
1   10   1   4   -0.0123400162
1   10   1   5   -0.0000000000
1   10   2   4   -0.0000000002
1   10   2   5   -0.0000000000
1   10   3   4   0.0495467909
1   10   4   4   0.0000000005
1   10   4   5   -0.0000000001
1   10   5   4   -0.0153898420
1   10   5   5   0.0000000000
1   10   6   6   0.0294866199
1   10   7   6   -0.0473700477
1   11   1   4   -0.0000000003
1   11   1   5   0.0000000000
1   11   2   4   0.0142409662
1   11   2   5   0.0000000000
1   11   3   4   0.0000000005
1   11   3   5   -0.0000000001
1   11   4   4   0.0680714970
1   11   4   5   0.0000000001
1   11   5   4   0.0000000002
1   11   5   5   0.0000000000
1   11   6   6   0.0000000018
1   11   7   6   -0.0000000029
1   12   1   4   0.0038275570
1   12   1   5   -0.0000000000
1   12   2   4   0.0000000001
1   12   2   5   0.0000000000
1   12   3   4   -0.0153898420
1   12   3   5   0.0000000000
1   12   4   4   0.0000000002
1   12   4   5   0.0000000000
1   12   5   4   0.0240079319
1   12   5   5   -0.0000000001
1   12   6   6   0.0632414730
1   12   7   6   -0.1015969821
1   13   1   6   -0.0029464128
1   13   2   6   -0.0000000001
1   13   3   6   0.0111388230
1   13   4   6   -0.0000000011
1   13   5   6   0.0050545398
1   13   6   4   0.0631022790
1   13   6   5   -0.0720737359
1   13   7   4   -0.0720737414
1   13   7   5   0.0982756632
1   14   1   6   0.0047333914
1   14   2   6   0.0000000001
1   14   3   6   -0.0178944410
1   14   4   6   0.0000000019
1   14   5   6   -0.0081200827
1   14   6   4   -0.0720737414
1   14   6   5   -0.0273537311
1   14   7   4   0.1340242090
1   14   7   5   0.0720737363
2   8   1   4   0.0000000000
2   8   1   5   0.0131504520
2   8   2   4   0.0000000000
2   8   2   5   -0.0000000000
2   8   3   4   -0.0000000000
2   8   3   5   -0.0123400162
2   8   4   4   0.0000000000
2   8   4   5   -0.0000000003
2   8   5   4   -0.0000000000
2   8   5   5   0.0038275570
2   8   6   6   -0.0030396944
2   8   7   6   -0.0018921306
2   9   1   4   0.0000000000
2   9   1   5   -0.0000000000
2   9   2   4   0.0000000000
2   9   2   5   0.0132529314
2   9   3   4   -0.0000000000
2   9   3   5   -0.0000000002
2   9   4   4   0.0000000000
2   9   4   5   0.0142409662
2   9   5   4   0.0000000000
2   9   5   5   0.0000000001
2   9   6   6   0.0000000004
2   9   7   6   0.0000000002
2   10   1   4   -0.0000000000
2   10   1   5   -0.0123400162
2   10   2   4   -0.0000000000
2   10   2   5   -0.0000000002
2   10   3   5   0.0495467909
2   10   4   4   -0.0000000001
2   10   4   5   0.0000000006
2   10   5   4   0.0000000000
2   10   5   5   -0.0153898420
2   10   6   6   -0.0473700476
2   10   7   6   -0.0294866200
2   11   1   4   0.0000000000
2   11   1   5   -0.0000000003
2   11   2   4   0.0000000000
2   11   2   5   0.0142409662
2   11   3   4   -0.0000000001
2   11   3   5   0.0000000006
2   11   4   4   0.0000000001
2   11   4   5   0.0680714969
2   11   5   4   0.0000000000
2   11   5   5   0.0000000002
2   11   6   6   -0.0000000029
2   11   7   6   -0.0000000018
2   12   1   4   -0.0000000000
2   12   1   5   0.0038275570
2   12   2   4   0.0000000000
2   12   2   5   0.0000000001
2   12   3   4   0.0000000000
2   12   3   5   -0.0153898420
2   12   4   4   0.0000000000
2   12   4   5   0.0000000002
2   12   5   4   -0.0000000001
2   12   5   5   0.0240079320
2   12   6   6   -0.1015969818
2   12   7   6   -0.0632414732
2   13   1   6   0.0047333914
2   13   2   6   0.0000000001
2   13   3   6   -0.0178944409
2   13   4   6   0.0000000017
2   13   5   6   -0.0081200827
2   13   6   4   -0.0720737359
2   13   6   5   0.1340242083
2   13   7   4   -0.0273537311
2   13   7   5   0.0720737415
2   14   1   6   0.0029464128
2   14   2   6   0.0000000001
2   14   3   6   -0.0111388231
2   14   4   6   0.0000000012
2   14   5   6   -0.0050545398
2   14   6   4   0.0982756632
2   14   6   5   0.0720737415
2   14   7   4   0.0720737363
2   14   7   5   0.0631022794
3   8   1   6   0.0190608401
3   8   2   6   -0.0000000001
3   8   3   6   -0.0098443489
3   8   4   6   0.0000000007
3   8   5   6   0.0023557667
3   8   6   4   -0.0029464128
3   8   6   5   0.0047333914
3   8   7   4   0.0047333914
3   8   7   5   0.0029464128
3   9   1   6   -0.0000000001
3   9   2   6   0.0192778066
3   9   3   6   -0.0000000006
3   9   4   6   0.0112829411
3   9   5   6   -0.0000000003
3   9   6   4   -0.0000000001
3   9   6   5   0.0000000001
3   9   7   4   0.0000000001
3   9   7   5   0.0000000001
3   10   1   6   -0.0098443489
3   10   2   6   -0.0000000006
3   10   3   6   0.0689797555
3   10   4   6   0.0000000001
3   10   5   6   0.0448618598
3   10   6   4   0.0111388230
3   10   6   5   -0.0178944409
3   10   7   4   -0.0178944410
3   10   7   5   -0.0111388231
3   11   1   6   0.0000000007
3   11   2   6   0.0112829411
3   11   3   6   0.0000000001
3   11   4   6   0.0544175740
3   11   5   6   0.0000000019
3   11   6   4   -0.0000000011
3   11   6   5   0.0000000017
3   11   7   4   0.0000000019
3   11   7   5   0.0000000012
3   12   1   6   0.0023557667
3   12   2   6   -0.0000000003
3   12   3   6   0.0448618598
3   12   4   6   0.0000000019
3   12   5   6   0.1325771850
3   12   6   4   0.0050545398
3   12   6   5   -0.0081200827
3   12   7   4   -0.0081200827
3   12   7   5   -0.0050545398
3   13   1   4   0.0018921306
3   13   1   5   -0.0030396944
3   13   2   4   -0.0000000002
3   13   2   5   0.0000000004
3   13   3   4   0.0294866199
3   13   3   5   -0.0473700476
3   13   4   4   0.0000000018
3   13   4   5   -0.0000000029
3   13   5   4   0.0632414730
3   13   5   5   -0.1015969818
3   13   6   6   0.0236379690
3   13   7   6   0.0000000000
3   14   1   4   -0.0030396945
3   14   1   5   -0.0018921306
3   14   2   4   0.0000000004
3   14   2   5   0.0000000002
3   14   3   4   -0.0473700477
3   14   3   5   -0.0294866200
3   14   4   4   -0.0000000029
3   14   4   5   -0.0000000018
3   14   5   4   -0.1015969821
3   14   5   5   -0.0632414732
3   14   6   6   0.0000000000
3   14   7   6   0.0236379691

1   8   8   1   -0.5946702897
1   8   8   2   0.0000000001
1   8   9   1   -0.0000000002
1   8   9   2   -0.0000000000
1   8   10   1   -0.0047211479
1   8   10   2   0.0000000000
1   8   11   1   -0.0000000016
1   8   11   2   0.0000000000
1   8   12   1   0.0022577349
1   8   12   2   -0.0000000000
1   8   13   3   0.0030482694
1   8   14   3   -0.0048970234
1   9   8   1   -0.0000000002
1   9   8   2   -0.0000000000
1   9   9   1   -0.5946757655
1   9   9   2   0.0000000001
1   9   10   1   0.0000000013
1   9   10   2   -0.0000000000
1   9   11   1   0.0053708603
1   9   11   2   -0.0000000000
1   9   12   1   -0.0000000003
1   9   12   2   0.0000000000
1   9   13   3   0.0000000001
1   9   14   3   -0.0000000002
1   10   8   1   -0.0047211479
1   10   8   2   0.0000000000
1   10   9   1   0.0000000013
1   10   9   2   -0.0000000000
1   10   10   1   -0.4719572388
1   10   10   2   0.0000000000
1   10   11   1   -0.0000000020
1   10   11   2   0.0000000001
1   10   12   1   -0.0168972900
1   10   12   2   0.0000000000
1   10   13   3   -0.0146820262
1   10   14   3   0.0235865719
1   11   8   1   -0.0000000016
1   11   8   2   0.0000000000
1   11   9   1   0.0053708603
1   11   9   2   -0.0000000000
1   11   10   1   -0.0000000020
1   11   10   2   0.0000000001
1   11   11   1   -0.4623032123
1   11   11   2   -0.0000000000
1   11   12   1   0.0000000018
1   11   12   2   0.0000000000
1   11   13   3   -0.0000000019
1   11   14   3   0.0000000030
1   12   8   1   0.0022577349
1   12   8   2   -0.0000000000
1   12   9   1   -0.0000000003
1   12   9   2   0.0000000000
1   12   10   1   -0.0168972900
1   12   10   2   0.0000000000
1   12   11   1   0.0000000018
1   12   11   2   0.0000000000
1   12   12   1   -0.4542071688
1   12   12   2   0.0000000002
1   12   13   3   -0.0065103779
1   12   14   3   0.0104588763
1   13   8   3   0.0030338288
1   13   9   3   0.0000000001
1   13   10   3   -0.0148968188
1   13   11   3   -0.0000000016
1   13   12   3   -0.0076789752
1   13   13   1   -0.4500299456
1   13   13   2   0.0165226172
1   13   14   1   0.0165226238
1   13   14   2   -0.0065996967
1   14   8   3   -0.0048738246
1   14   9   3   -0.0000000002
1   14   10   3   0.0239316349
1   14   11   3   0.0000000024
1   14   12   3   0.0123362196
1   14   13   1   0.0165226238
1   14   13   2   -0.0096588779
1   14   14   1   -0.4662885174
1   14   14   2   -0.0165226169
2   8   8   1   0.0000000001
2   8   8   2   -0.5946702898
2   8   9   1   -0.0000000000
2   8   9   2   -0.0000000001
2   8   10   1   0.0000000000
2   8   10   2   -0.0047211479
2   8   11   1   0.0000000000
2   8   11   2   -0.0000000016
2   8   12   1   -0.0000000000
2   8   12   2   0.0022577349
2   8   13   3   -0.0048970234
2   8   14   3   -0.0030482694
2   9   8   1   -0.0000000000
2   9   8   2   -0.0000000001
2   9   9   1   0.0000000001
2   9   9   2   -0.5946757655
2   9   10   1   -0.0000000000
2   9   10   2   0.0000000013
2   9   11   1   -0.0000000000
2   9   11   2   0.0053708603
2   9   12   1   0.0000000000
2   9   12   2   -0.0000000003
2   9   13   3   -0.0000000002
2   9   14   3   -0.0000000001
2   10   8   1   0.0000000000
2   10   8   2   -0.0047211479
2   10   9   1   -0.0000000000
2   10   9   2   0.0000000013
2   10   10   1   0.0000000000
2   10   10   2   -0.4719572388
2   10   11   1   0.0000000001
2   10   11   2   -0.0000000021
2   10   12   1   0.0000000000
2   10   12   2   -0.0168972900
2   10   13   3   0.0235865718
2   10   14   3   0.0146820262
2   11   8   1   0.0000000000
2   11   8   2   -0.0000000016
2   11   9   1   -0.0000000000
2   11   9   2   0.0053708603
2   11   10   1   0.0000000001
2   11   10   2   -0.0000000021
2   11   11   1   -0.0000000000
2   11   11   2   -0.4623032123
2   11   12   1   0.0000000000
2   11   12   2   0.0000000018
2   11   13   3   0.0000000031
2   11   14   3   0.0000000019
2   12   8   1   -0.0000000000
2   12   8   2   0.0022577349
2   12   9   1   0.0000000000
2   12   9   2   -0.0000000003
2   12   10   1   0.0000000000
2   12   10   2   -0.0168972900
2   12   11   1   0.0000000000
2   12   11   2   0.0000000018
2   12   12   1   0.0000000002
2   12   12   2   -0.4542071689
2   12   13   3   0.0104588763
2   12   14   3   0.0065103779
2   13   8   3   -0.0048738246
2   13   9   3   -0.0000000002
2   13   10   3   0.0239316347
2   13   11   3   0.0000000026
2   13   12   3   0.0123362196
2   13   13   1   0.0165226172
2   13   13   2   -0.4662885171
2   13   14   1   -0.0096588779
2   13   14   2   -0.0165226238
2   14   8   3   -0.0030338288
2   14   9   3   -0.0000000001
2   14   10   3   0.0148968190
2   14   11   3   0.0000000015
2   14   12   3   0.0076789751
2   14   13   1   -0.0065996967
2   14   13   2   -0.0165226238
2   14   14   1   -0.0165226169
2   14   14   2   -0.4500299462
3   8   8   3   -0.6246454564
3   8   9   3   0.0000000002
3   8   10   3   -0.0045463216
3   8   11   3   -0.0000000055
3   8   12   3   0.0113955491
3   8   13   1   0.0030338288
3   8   13   2   -0.0048738246
3   8   14   1   -0.0048738246
3   8   14   2   -0.0030338288
3   9   8   3   0.0000000002
3   9   9   3   -0.6246432840
3   9   10   3   0.0000000049
3   9   11   3   0.0089149220
3   9   12   3   -0.0000000007
3   9   13   1   0.0000000001
3   9   13   2   -0.0000000002
3   9   14   1   -0.0000000002
3   9   14   2   -0.0000000001
3   10   8   3   -0.0045463216
3   10   9   3   0.0000000049
3   10   10   3   -0.4997119902
3   10   11   3   -0.0000000012
3   10   12   3   -0.0542944629
3   10   13   1   -0.0148968188
3   10   13   2   0.0239316347
3   10   14   1   0.0239316349
3   10   14   2   0.0148968190
3   11   8   3   -0.0000000055
3   11   9   3   0.0089149220
3   11   10   3   -0.0000000012
3   11   11   3   -0.4584366726
3   11   12   3   0.0000000107
3   11   13   1   -0.0000000016
3   11   13   2   0.0000000026
3   11   14   1   0.0000000024
3   11   14   2   0.0000000015
3   12   8   3   0.0113955491
3   12   9   3   -0.0000000007
3   12   10   3   -0.0542944629
3   12   11   3   0.0000000107
3   12   12   3   -0.4867327038
3   12   13   1   -0.0076789752
3   12   13   2   0.0123362196
3   12   14   1   0.0123362196
3   12   14   2   0.0076789751
3   13   8   1   0.0030482694
3   13   8   2   -0.0048970234
3   13   9   1   0.0000000001
3   13   9   2   -0.0000000002
3   13   10   1   -0.0146820262
3   13   10   2   0.0235865718
3   13   11   1   -0.0000000019
3   13   11   2   0.0000000031
3   13   12   1   -0.0065103779
3   13   12   2   0.0104588763
3   13   13   3   -0.4538541234
3   13   14   3   -0.0000000000
3   14   8   1   -0.0048970234
3   14   8   2   -0.0030482694
3   14   9   1   -0.0000000002
3   14   9   2   -0.0000000001
3   14   10   1   0.0235865719
3   14   10   2   0.0146820262
3   14   11   1   0.0000000030
3   14   11   2   0.0000000019
3   14   12   1   0.0104588763
3   14   12   2   0.0065103779
3   14   13   3   -0.0000000000
3   14   14   3   -0.4538541238

End AIJB Block
Begin IJKA Block
1   8   1   6   0.0000000051
1   8   2   6   -0.0887997093
1   8   3   6   0.0000000003
1   8   4   6   0.0112218056
1   8   5   6   0.0000000006
1   8   6   4   0.0000000004
1   8   6   5   -0.0000000006
1   8   7   4   -0.0000000006
1   8   7   5   -0.0000000004
1   9   1   6   -0.0828770607
1   9   2   6   -0.0000000015
1   9   3   6   -0.0156381949
1   9   4   6   0.0000000006
1   9   5   6   -0.0099597457
1   9   6   4   -0.0066784978
1   9   6   5   0.0107289598
1   9   7   4   0.0107289598
1   9   7   5   0.0066784978
1   10   1   6   0.0000000041
1   10   2   6   -0.1277190510
1   10   3   6   0.0000000007
1   10   4   6   0.0063730429
1   10   5   6   -0.0000000003
1   10   6   4   -0.0000000001
1   10   6   5   0.0000000002
1   10   7   4   0.0000000001
1   10   7   5   0.0000000001
1   11   1   6   0.0695777900
1   11   2   6   -0.0000000023
1   11   3   6   0.0001536043
1   11   4   6   0.0000000013
1   11   5   6   -0.0132703267
1   11   6   4   -0.0074418718
1   11   6   5   0.0119553147
1   11   7   4   0.0119553146
1   11   7   5   0.0074418717
1   12   1   6   0.0000000106
1   12   2   6   -0.2344545937
1   12   3   6   0.0000000006
1   12   4   6   0.0027306455
1   12   5   6   -0.0000000002
1   12   6   4   0.0000000001
1   12   6   5   -0.0000000002
1   12   7   4   -0.0000000002
1   12   7   5   -0.0000000001
1   13   1   4   0.0000000076
1   13   1   5   -0.0000000122
1   13   2   4   -0.1455136724
1   13   2   5   0.2337666917
1   13   3   4   0.0000000004
1   13   3   5   -0.0000000007
1   13   4   4   0.0015498080
1   13   4   5   -0.0024897557
1   13   5   4   -0.0000000002
1   13   5   5   0.0000000003
1   13   6   6   -0.0000000002
1   13   7   6   0.0000000000
1   14   1   4   -0.0000000128
1   14   1   5   -0.0000000080
1   14   2   4   0.2337666929
1   14   2   5   0.1455136733
1   14   3   4   -0.0000000007
1   14   3   5   -0.0000000005
1   14   4   4   -0.0024897558
1   14   4   5   -0.0015498081
1   14   5   4   0.0000000003
1   14   5   5   0.0000000002
1   14   6   6   0.0000000000
1   14   7   6   -0.0000000002
2   8   1   6   -0.0888044816
2   8   2   6   -0.0000000016
2   8   3   6   -0.0155792156
2   8   4   6   0.0000000006
2   8   5   6   -0.0097085298
2   8   6   4   -0.0066125233
2   8   6   5   0.0106229721
2   8   7   4   0.0106229721
2   8   7   5   0.0066125233
2   9   1   6   -0.0000000015
2   9   2   6   -0.0828958017
2   9   3   6   -0.0000000009
2   9   4   6   0.0111562974
2   9   5   6   -0.0000000001
2   9   6   4   -0.0000000001
2   9   6   5   0.0000000002
2   9   7   4   0.0000000002
2   9   7   5   0.0000000001
2   10   1   6   -0.1277087423
2   10   2   6   -0.0000000056
2   10   3   6   -0.0016091497
2   10   4   6   -0.0000000006
2   10   5   6   0.0123134269
2   10   6   4   0.0063639564
2   10   6   5   -0.0102236512
2   10   7   4   -0.0102236512
2   10   7   5   -0.0063639564
2   11   1   6   -0.0000000023
2   11   2   6   0.0695614405
2   11   3   6   -0.0000000012
2   11   4   6   -0.0054629022
2   11   5   6   -0.0000000002
2   11   6   4   -0.0000000001
2   11   6   5   0.0000000002
2   11   7   4   0.0000000003
2   11   7   5   0.0000000002
2   12   1   6   -0.2344408376
2   12   2   6   -0.0000000071
2   12   3   6   -0.0032262014
2   12   4   6   -0.0000000005
2   12   5   6   -0.0006344569
2   12   6   4   -0.0018745696
2   12   6   5   0.0030114830
2   12   7   4   0.0030114830
2   12   7   5   0.0018745696
2   13   1   4   -0.1455036650
2   13   1   5   0.2337506150
2   13   2   4   -0.0000000034
2   13   2   5   0.0000000054
2   13   3   4   -0.0021876057
2   13   3   5   0.0035143731
2   13   4   4   -0.0000000004
2   13   4   5   0.0000000007
2   13   5   4   -0.0009944845
2   13   5   5   0.0015976323
2   13   6   6   0.0053718742
2   13   7   6   -0.0000000000
2   14   1   4   0.2337506162
2   14   1   5   0.1455036660
2   14   2   4   0.0000000048
2   14   2   5   0.0000000029
2   14   3   4   0.0035143732
2   14   3   5   0.0021876057
2   14   4   4   0.0000000007
2   14   4   5   0.0000000005
2   14   5   4   0.0015976324
2   14   5   5   0.0009944845
2   14   6   6   -0.0000000000
2   14   7   6   0.0053718742
3   8   1   6   0.0000000008
3   8   2   6   -0.0161630163
3   8   3   6   0.0000000005
3   8   4   6   0.0063414477
3   8   5   6   -0.0000000003
3   8   6   4   -0.0000000002
3   8   6   5   0.0000000002
3   8   7   4   0.0000000002
3   8   7   5   0.0000000001
3   9   1   6   -0.0162132954
3   9   2   6   -0.0000000005
3   9   3   6   0.0063019282
3   9   4   6   -0.0000000002
3   9   5   6   0.0157061521
3   9   6   4   0.0075802355
3   9   6   5   -0.0121775951
3   9   7   4   -0.0121775950
3   9   7   5   -0.0075802355
3   10   1   6   0.0000000015
3   10   2   6   -0.0013115428
3   10   3   6   -0.0000000015
3   10   4   6   0.0527289285
3   10   5   6   0.0000000001
3   10   6   4   -0.0000000004
3   10   6   5   0.0000000005
3   10   7   4   -0.0000000003
3   10   7   5   -0.0000000003
3   11   1   6   0.0000045148
3   11   2   6   -0.0000000018
3   11   3   6   0.0646339845
3   11   4   6   0.0000000025
3   11   5   6   0.0546599922
3   11   6   4   0.0329236917
3   11   6   5   -0.0528916792
3   11   7   4   -0.0528916790
3   11   7   5   -0.0329236916
3   12   1   6   0.0000000008
3   12   2   6   -0.0031705945
3   12   3   6   -0.0000000002
3   12   4   6   0.1259304066
3   12   5   6   -0.0000000011
3   12   6   4   -0.0000000004
3   12   6   5   0.0000000006
3   12   7   4   0.0000000005
3   12   7   5   0.0000000003
3   13   1   4   0.0000000005
3   13   1   5   -0.0000000008
3   13   2   4   -0.0021330371
3   13   2   5   0.0034267092
3   13   3   4   0.0000000016
3   13   3   5   -0.0000000026
3   13   4   4   0.0805437799
3   13   4   5   -0.1293930161
3   13   5   4   -0.0000000006
3   13   5   5   0.0000000010
3   13   6   6   -0.0000000018
3   13   7   6   0.0000000000
3   14   1   4   -0.0000000009
3   14   1   5   -0.0000000006
3   14   2   4   0.0034267092
3   14   2   5   0.0021330372
3   14   3   4   -0.0000000033
3   14   3   5   -0.0000000021
3   14   4   4   -0.1293930167
3   14   4   5   -0.0805437803
3   14   5   4   0.0000000010
3   14   5   5   0.0000000007
3   14   6   6   0.0000000000
3   14   7   6   -0.0000000009
4   8   1   6   0.0116950695
4   8   2   6   -0.0000000002
4   8   3   6   0.0064516171
4   8   4   6   0.0000000006
4   8   5   6   -0.0162513125
4   8   6   4   -0.0071739544
4   8   6   5   0.0115249072
4   8   7   4   0.0115249072
4   8   7   5   0.0071739543
4   9   1   6   -0.0000000002
4   9   2   6   0.0116331996
4   9   3   6   -0.0000000002
4   9   4   6   -0.0083082295
4   9   5   6   -0.0000000004
4   9   6   4   -0.0000000002
4   9   6   5   0.0000000003
4   9   7   4   0.0000000003
4   9   7   5   0.0000000002
4   10   1   6   0.0059212130
4   10   2   6   -0.0000000012
4   10   3   6   0.0530865755
4   10   4   6   -0.0000000015
4   10   5   6   0.0124928999
4   10   6   4   0.0261693084
4   10   6   5   -0.0420408099
4   10   7   4   -0.0420408098
4   10   7   5   -0.0261693083
4   11   1   6   0.0000000019
4   11   2   6   -0.0050202541
4   11   3   6   0.0000000024
4   11   4   6   0.0132301292
4   11   5   6   0.0000000006
4   11   6   4   -0.0000000002
4   11   6   5   0.0000000002
4   11   7   4   -0.0000000005
4   11   7   5   -0.0000000004
4   12   1   6   0.0027848069
4   12   2   6   -0.0000000006
4   12   3   6   0.1264602000
4   12   4   6   0.0000000001
4   12   5   6   -0.0880563999
4   12   6   4   -0.0095735165
4   12   6   5   0.0153797870
4   12   7   4   0.0153797870
4   12   7   5   0.0095735165
4   13   1   4   0.0016506093
4   13   1   5   -0.0026516923
4   13   2   4   -0.0000000005
4   13   2   5   0.0000000008
4   13   3   4   0.0802582076
4   13   3   5   -0.1289342463
4   13   4   4   0.0000000014
4   13   4   5   -0.0000000023
4   13   5   4   -0.0503610548
4   13   5   5   0.0809046805
4   13   6   6   0.0150199817
4   13   7   6   0.0000000000
4   14   1   4   -0.0026516924
4   14   1   5   -0.0016506094
4   14   2   4   0.0000000009
4   14   2   5   0.0000000006
4   14   3   4   -0.1289342470
4   14   3   5   -0.0802582082
4   14   4   4   -0.0000000030
4   14   4   5   -0.0000000019
4   14   5   4   0.0809046809
4   14   5   5   0.0503610551
4   14   6   6   0.0000000000
4   14   7   6   0.0150199820
5   8   1   6   0.0000000004
5   8   2   6   -0.0105139465
5   8   3   6   -0.0000000006
5   8   4   6   -0.0165011791
5   8   5   6   -0.0000000000
5   8   6   4   -0.0000000000
5   8   6   5   0.0000000000
5   8   7   4   0.0000000000
5   8   7   5   0.0000000000
5   9   1   6   -0.0107451142
5   9   2   6   -0.0000000004
5   9   3   6   0.0159239485
5   9   4   6   -0.0000000001
5   9   5   6   -0.0044465138
5   9   6   4   -0.0013468116
5   9   6   5   0.0021636433
5   9   7   4   0.0021636433
5   9   7   5   0.0013468116
5   10   1   6   -0.0000000003
5   10   2   6   0.0116758910
5   10   3   6   -0.0000000019
5   10   4   6   0.0109249726
5   10   5   6   -0.0000000011
5   10   6   4   -0.0000000006
5   10   6   5   0.0000000009
5   10   7   4   0.0000000009
5   10   7   5   0.0000000005
5   11   1   6   -0.0122699303
5   11   2   6   -0.0000000001
5   11   3   6   0.0528032298
5   11   4   6   -0.0000000022
5   11   5   6   0.0151420318
5   11   6   4   -0.0068140104
5   11   6   5   0.0109466598
5   11   7   4   0.0109466598
5   11   7   5   0.0068140104
5   12   1   6   0.0000000002
5   12   2   6   -0.0004374476
5   12   3   6   -0.0000000022
5   12   4   6   -0.0892665895
5   12   5   6   0.0000000023
5   12   6   4   -0.0000000002
5   12   6   5   0.0000000002
5   12   7   4   -0.0000000004
5   12   7   5   -0.0000000003
5   13   1   4   -0.0000000001
5   13   1   5   0.0000000002
5   13   2   4   -0.0008618055
5   13   2   5   0.0013844845
5   13   3   4   -0.0000000008
5   13   3   5   0.0000000013
5   13   4   4   -0.0502656177
5   13   4   5   0.0807513614
5   13   5   4   0.0000000006
5   13   5   5   -0.0000000011
5   13   6   6   -0.0000000033
5   13   7   6   0.0000000000
5   14   1   4   0.0000000002
5   14   1   5   0.0000000001
5   14   2   4   0.0013844844
5   14   2   5   0.0008618055
5   14   3   4   0.0000000012
5   14   3   5   0.0000000007
5   14   4   4   0.0807513620
5   14   4   5   0.0502656181
5   14   5   4   -0.0000000016
5   14   5   5   -0.0000000010
5   14   6   6   0.0000000000
5   14   7   6   -0.0000000027
6   8   1   4   0.0000000003
6   8   1   5   -0.0000000005
6   8   2   4   -0.0071971030
6   8   2   5   0.0115620954
6   8   3   4   -0.0000000003
6   8   3   5   0.0000000005
6   8   4   4   -0.0074594225
6   8   4   5   0.0119835097
6   8   5   4   -0.0000000000
6   8   5   5   0.0000000000
6   8   6   6   0.0000000005
6   8   7   6   0.0000000000
6   9   1   4   -0.0072555481
6   9   1   5   0.0116559871
6   9   2   4   -0.0000000002
6   9   2   5   0.0000000004
6   9   3   4   0.0078821539
6   9   3   5   -0.0126626249
6   9   4   4   -0.0000000000
6   9   4   5   0.0000000001
6   9   5   4   -0.0014268044
6   9   5   5   0.0022921513
6   9   6   6   0.0018832703
6   9   7   6   -0.0000000000
6   10   1   4   -0.0000000001
6   10   1   5   0.0000000001
6   10   2   4   0.0062820501
6   10   2   5   -0.0100920693
6   10   3   4   0.0000000003
6   10   3   5   -0.0000000006
6   10   4   4   0.0255278145
6   10   4   5   -0.0410102546
6   10   5   4   0.0000000000
6   10   5   5   -0.0000000001
6   10   6   6   -0.0000000003
6   10   7   6   0.0000000000
6   11   1   4   -0.0070924592
6   11   1   5   0.0113939858
6   11   2   4   -0.0000000001
6   11   2   5   0.0000000002
6   11   3   4   0.0314482121
6   11   3   5   -0.0505213317
6   11   4   4   0.0000000001
6   11   4   5   -0.0000000002
6   11   5   4   -0.0079897887
6   11   5   5   0.0128355394
6   11   6   6   0.0452913971
6   11   7   6   0.0000000000
6   12   1   4   0.0000000001
6   12   1   5   -0.0000000002
6   12   2   4   -0.0017521931
6   12   2   5   0.0028148858
6   12   3   4   0.0000000004
6   12   3   5   -0.0000000006
6   12   4   4   -0.0102715157
6   12   4   5   0.0165011178
6   12   5   4   0.0000000018
6   12   5   5   -0.0000000029
6   12   6   6   0.0000000012
6   12   7   6   0.0000000001
6   13   1   6   0.0000000002
6   13   2   6   0.0049749554
6   13   3   6   -0.0000000011
6   13   4   6   0.0145103999
6   13   5   6   0.0000000055
6   13   6   4   0.0000000030
6   13   6   5   -0.0000000050
6   13   7   4   -0.0000000008
6   13   7   5   -0.0000000006
6   14   1   6   0.0000000000
6   14   2   6   0.0000000000
6   14   3   6   0.0000000000
6   14   4   6   0.0000000000
6   14   5   6   0.0000000000
6   14   6   4   -0.0000000050
6   14   6   5   -0.0000000031
6   14   7   4   -0.0000000000
6   14   7   5   -0.0000000001
7   8   1   4   -0.0000000005
7   8   1   5   -0.0000000003
7   8   2   4   0.0115620954
7   8   2   5   0.0071971030
7   8   3   4   0.0000000004
7   8   3   5   0.0000000002
7   8   4   4   0.0119835097
7   8   4   5   0.0074594224
7   8   5   4   0.0000000000
7   8   5   5   0.0000000000
7   8   6   6   0.0000000000
7   8   7   6   0.0000000006
7   9   1   4   0.0116559871
7   9   1   5   0.0072555481
7   9   2   4   0.0000000004
7   9   2   5   0.0000000002
7   9   3   4   -0.0126626248
7   9   3   5   -0.0078821539
7   9   4   4   0.0000000001
7   9   4   5   0.0000000001
7   9   5   4   0.0022921512
7   9   5   5   0.0014268044
7   9   6   6   -0.0000000000
7   9   7   6   0.0018832702
7   10   1   4   0.0000000001
7   10   1   5   0.0000000000
7   10   2   4   -0.0100920693
7   10   2   5   -0.0062820501
7   10   3   4   -0.0000000008
7   10   3   5   -0.0000000005
7   10   4   4   -0.0410102548
7   10   4   5   -0.0255278147
7   10   5   4   -0.0000000003
7   10   5   5   -0.0000000002
7   10   6   6   0.0000000000
7   10   7   6   0.0000000006
7   11   1   4   0.0113939858
7   11   1   5   0.0070924592
7   11   2   4   0.0000000003
7   11   2   5   0.0000000002
7   11   3   4   -0.0505213319
7   11   3   5   -0.0314482123
7   11   4   4   -0.0000000004
7   11   4   5   -0.0000000002
7   11   5   4   0.0128355395
7   11   5   5   0.0079897888
7   11   6   6   0.0000000000
7   11   7   6   0.0452913976
7   12   1   4   -0.0000000002
7   12   1   5   -0.0000000001
7   12   2   4   0.0028148858
7   12   2   5   0.0017521931
7   12   3   4   -0.0000000006
7   12   3   5   -0.0000000004
7   12   4   4   0.0165011179
7   12   4   5   0.0102715158
7   12   5   4   -0.0000000032
7   12   5   5   -0.0000000020
7   12   6   6   0.0000000001
7   12   7   6   0.0000000026
7   13   1   6   0.0000000000
7   13   2   6   0.0000000000
7   13   3   6   0.0000000000
7   13   4   6   0.0000000000
7   13   5   6   0.0000000000
7   13   6   4   -0.0000000001
7   13   6   5   -0.0000000001
7   13   7   4   0.0000000032
7   13   7   5   -0.0000000051
7   14   1   6   0.0000000003
7   14   2   6   0.0049749554
7   14   3   6   -0.0000000009
7   14   4   6   0.0145104000
7   14   5   6   0.0000000058
7   14   6   4   -0.0000000001
7   14   6   5   0.0000000000
7   14   7   4   -0.0000000065
7   14   7   5   -0.0000000041

End IJKA Block
Begin IABC Block
1   4   1   6   -0.0000000002
1   4   2   6   -0.0000000000
1   4   3   4   0.0000000008
1   4   3   5   -0.0000000000
1   5   1   6   -0.0000000000
1   5   2   6   -0.0000000002
1   5   3   4   -0.0000000000
1   5   3   5   0.0000000008
1   6   1   4   -0.0000000001
1   6   1   5   -0.0000000000
1   6   2   4   -0.0000000000
1   6   2   5   -0.0000000001
1   6   3   6   0.0000000022
2   4   1   6   0.0055539557
2   4   2   6   0.0000000000
2   4   3   4   -0.0004669900
2   4   3   5   0.0000000000
2   5   1   6   0.0000000000
2   5   2   6   0.0055539557
2   5   3   4   0.0000000000
2   5   3   5   -0.0004669900
2   6   1   4   0.0054884595
2   6   2   5   0.0054884595
2   6   3   6   0.0068225657
3   4   1   6   -0.0000000006
3   4   2   6   -0.0000000001
3   4   3   4   -0.0000000009
3   4   3   5   -0.0000000001
3   5   1   6   -0.0000000001
3   5   2   6   -0.0000000005
3   5   3   4   -0.0000000001
3   5   3   5   -0.0000000008
3   6   1   4   0.0000000023
3   6   1   5   0.0000000002
3   6   2   4   0.0000000002
3   6   2   5   0.0000000022
3   6   3   6   -0.0000000221
4   4   1   6   0.0170729898
4   4   2   6   0.0000000000
4   4   3   4   0.0357117034
4   4   3   5   0.0000000000
4   5   1   6   0.0000000000
4   5   2   6   0.0170729898
4   5   3   4   0.0000000000
4   5   3   5   0.0357117034
4   6   1   4   0.0151661447
4   6   1   5   -0.0000000002
4   6   2   4   -0.0000000002
4   6   2   5   0.0151661448
4   6   3   6   0.0449132199
5   4   1   6   0.0000000264
5   4   2   6   -0.0000000001
5   4   3   4   0.0000000017
5   4   3   5   -0.0000000002
5   5   1   6   -0.0000000001
5   5   2   6   0.0000000265
5   5   3   4   -0.0000000002
5   5   3   5   0.0000000018
5   6   1   4   0.0000000300
5   6   1   5   -0.0000000002
5   6   2   4   -0.0000000002
5   6   2   5   0.0000000301
5   6   3   6   -0.0000000001
6   4   1   4   0.0000000010
6   4   1   5   0.0000000008
6   4   2   4   -0.0000000022
6   4   2   5   0.0000000001
6   4   3   6   -0.0000000196
6   5   1   4   -0.0000000001
6   5   1   5   0.0000000014
6   5   2   4   -0.0000000005
6   5   2   5   -0.0000000016
6   5   3   6   0.0000000315
6   6   1   6   -0.0000000032
6   6   2   6   0.0000000051
6   6   3   4   -0.0000000149
6   6   3   5   0.0000000239
7   4   1   4   -0.0000000017
7   4   1   5   0.0000000007
7   4   2   4   -0.0000000013
7   4   2   5   0.0000000002
7   4   3   6   0.0000000316
7   5   1   4   0.0000000003
7   5   1   5   -0.0000000024
7   5   2   4   0.0000000008
7   5   2   5   -0.0000000012
7   5   3   6   0.0000000197
7   6   1   6   0.0000000048
7   6   2   6   0.0000000030
7   6   3   4   0.0000000240
7   6   3   5   0.0000000149

End IABC Block
