0   1   5   6       0.090826082826
0   1   6   5      -0.090826082872
1   0   5   6      -0.090826082826
1   0   6   5       0.090826082872
0   53   5   12      -0.531525338122
0   53   6   13      -0.052890834204
0   54   5   13      -0.193904226803
0   54   6   12      -0.284730310392
0   55   4   12       0.189193643859
0   55   5   11       0.140772660730
1   53   5   13      -0.284730310498
1   53   6   12      -0.193904226779
1   54   5   12      -0.052890835964
1   54   6   13      -0.531525334336
1   55   4   13       0.189193642631
1   55   6   11       0.140772660195
2   53   4   12       0.140772660731
2   53   5   11       0.189193643860
2   54   4   13       0.140772660193
2   54   6   11       0.189193642631
2   55   4   11      -0.303424579278
0   53   12   5       0.531525338122
0   53   13   6       0.052890834204
0   54   12   6       0.284730310392
0   54   13   5       0.193904226803
0   55   11   5      -0.140772660730
0   55   12   4      -0.189193643859
1   53   12   6       0.193904226779
1   53   13   5       0.284730310498
1   54   12   5       0.052890835964
1   54   13   6       0.531525334336
1   55   11   6      -0.140772660195
1   55   13   4      -0.189193642631
2   53   11   5      -0.189193643860
2   53   12   4      -0.140772660731
2   54   11   6      -0.189193642631
2   54   13   4      -0.140772660193
2   55   11   4       0.303424579278
0   60   5   12       0.060039884721
1   61   6   13      -0.060039877698
2   56   4   11      -0.053034126528
0   60   12   5      -0.060039884721
1   61   13   6       0.060039877698
2   56   11   4       0.053034126528
3   55   4   11      -0.053034126528
7   53   5   12       0.060039884721
8   54   6   13      -0.060039877698
3   55   11   4       0.053034126528
7   53   12   5      -0.060039884721
8   54   13   6       0.060039877698
53   0   5   12       0.531525338122
53   0   6   13       0.052890834204
53   1   5   13       0.284730310498
53   1   6   12       0.193904226779
53   2   4   12      -0.140772660731
53   2   5   11      -0.189193643860
54   0   5   13       0.193904226803
54   0   6   12       0.284730310392
54   1   5   12       0.052890835964
54   1   6   13       0.531525334336
54   2   4   13      -0.140772660193
54   2   6   11      -0.189193642631
55   0   4   12      -0.189193643859
55   0   5   11      -0.140772660730
55   1   4   13      -0.189193642631
55   1   6   11      -0.140772660195
55   2   4   11       0.303424579278
53   0   12   5      -0.531525338122
53   0   13   6      -0.052890834204
53   1   12   6      -0.193904226779
53   1   13   5      -0.284730310498
53   2   11   5       0.189193643860
53   2   12   4       0.140772660731
54   0   12   6      -0.284730310392
54   0   13   5      -0.193904226803
54   1   12   5      -0.052890835964
54   1   13   6      -0.531525334336
54   2   11   6       0.189193642631
54   2   13   4       0.140772660193
55   0   11   5       0.140772660730
55   0   12   4       0.189193643859
55   1   11   6       0.140772660195
55   1   13   4       0.189193642631
55   2   11   4      -0.303424579278
53   7   5   12      -0.060039884721
54   8   6   13       0.060039877698
55   3   4   11       0.053034126528
53   7   12   5       0.060039884721
54   8   13   6      -0.060039877698
55   3   11   4      -0.053034126528
53   54   12   13       0.090826082826
53   54   13   12      -0.090826082872
54   53   12   13      -0.090826082826
54   53   13   12       0.090826082872
56   2   4   11       0.053034126528
60   0   5   12      -0.060039884721
61   1   6   13       0.060039877698
56   2   11   4      -0.053034126528
60   0   12   5       0.060039884721
61   1   13   6      -0.060039877698

