0   1   5   6      -0.170319486892
0   1   6   5       0.170319487078
0   2   4   6       0.166711146901
0   2   6   4      -0.166711146914
1   0   5   6       0.170319486892
1   0   6   5      -0.170319487078
1   2   4   5       0.166711147013
1   2   5   4      -0.166711147018
2   0   4   6      -0.166711146901
2   0   6   4       0.166711146914
2   1   4   5      -0.166711147013
2   1   5   4       0.166711147018
0   103   5   12      -0.076077343597
0   103   5   13      -0.138293570781
0   103   6   12      -0.138293571074
0   103   6   13      -0.800166407790
0   104   5   12      -0.138293572650
0   104   5   13      -0.447204269178
0   104   6   12      -0.276884782012
0   104   6   13       0.138293572556
0   105   4   12       0.083850928015
0   105   4   13       0.454503292219
0   105   5   11       0.053094529598
0   105   6   11       0.287792145346
1   103   5   12      -0.138293572624
1   103   5   13      -0.276884782482
1   103   6   12      -0.447204268101
1   103   6   13       0.138293572515
1   104   5   12      -0.800166409356
1   104   5   13       0.138293570952
1   104   6   12       0.138293571252
1   104   6   13      -0.076077343474
1   105   4   12       0.454503294331
1   105   4   13      -0.083850927856
1   105   5   11       0.287792147238
1   105   6   11      -0.053094529422
2   103   4   12       0.053094529608
2   103   4   13       0.287792145303
2   103   5   11       0.083850928019
2   103   6   11       0.454503292224
2   104   4   12       0.287792147218
2   104   4   13      -0.053094529421
2   104   5   11       0.454503294335
2   104   6   11      -0.083850927855
2   105   4   11      -0.782077375141
0   103   12   5       0.076077343597
0   103   12   6       0.138293571074
0   103   13   5       0.138293570781
0   103   13   6       0.800166407790
0   104   12   5       0.138293572650
0   104   12   6       0.276884782012
0   104   13   5       0.447204269178
0   104   13   6      -0.138293572556
0   105   11   5      -0.053094529598
0   105   11   6      -0.287792145346
0   105   12   4      -0.083850928015
0   105   13   4      -0.454503292219
1   103   12   5       0.138293572624
1   103   12   6       0.447204268101
1   103   13   5       0.276884782482
1   103   13   6      -0.138293572515
1   104   12   5       0.800166409356
1   104   12   6      -0.138293571252
1   104   13   5      -0.138293570952
1   104   13   6       0.076077343474
1   105   11   5      -0.287792147238
1   105   11   6       0.053094529422
1   105   12   4      -0.454503294331
1   105   13   4       0.083850927856
2   103   11   5      -0.083850928019
2   103   11   6      -0.454503292224
2   103   12   4      -0.053094529608
2   103   13   4      -0.287792145303
2   104   11   5      -0.454503294335
2   104   11   6       0.083850927855
2   104   12   4      -0.287792147218
2   104   13   4       0.053094529421
2   105   11   4       0.782077375141
0   111   6   13       0.057633309997
0   112   6   13      -0.058612232042
1   111   5   12      -0.058612230997
1   112   5   12      -0.057633308973
2   107   4   11       0.059058142637
0   111   13   6      -0.057633309997
0   112   13   6       0.058612232042
1   111   12   5       0.058612230997
1   112   12   5       0.057633308973
2   107   11   4      -0.059058142637
4   105   4   11       0.059058142637
8   103   6   13       0.057633309995
8   104   5   12      -0.058612230996
9   103   6   13      -0.058612232043
9   104   5   12      -0.057633308974
4   105   11   4      -0.059058142637
8   103   13   6      -0.057633309995
8   104   12   5       0.058612230996
9   103   13   6       0.058612232043
9   104   12   5       0.057633308974
103   0   5   12       0.076077343597
103   0   5   13       0.138293570781
103   0   6   12       0.138293571074
103   0   6   13       0.800166407790
103   1   5   12       0.138293572624
103   1   5   13       0.276884782482
103   1   6   12       0.447204268101
103   1   6   13      -0.138293572515
103   2   4   12      -0.053094529608
103   2   4   13      -0.287792145303
103   2   5   11      -0.083850928019
103   2   6   11      -0.454503292224
104   0   5   12       0.138293572650
104   0   5   13       0.447204269178
104   0   6   12       0.276884782012
104   0   6   13      -0.138293572556
104   1   5   12       0.800166409356
104   1   5   13      -0.138293570952
104   1   6   12      -0.138293571252
104   1   6   13       0.076077343474
104   2   4   12      -0.287792147218
104   2   4   13       0.053094529421
104   2   5   11      -0.454503294335
104   2   6   11       0.083850927855
105   0   4   12      -0.083850928015
105   0   4   13      -0.454503292219
105   0   5   11      -0.053094529598
105   0   6   11      -0.287792145346
105   1   4   12      -0.454503294331
105   1   4   13       0.083850927856
105   1   5   11      -0.287792147238
105   1   6   11       0.053094529422
105   2   4   11       0.782077375141
103   0   12   5      -0.076077343597
103   0   12   6      -0.138293571074
103   0   13   5      -0.138293570781
103   0   13   6      -0.800166407790
103   1   12   5      -0.138293572624
103   1   12   6      -0.447204268101
103   1   13   5      -0.276884782482
103   1   13   6       0.138293572515
103   2   11   5       0.083850928019
103   2   11   6       0.454503292224
103   2   12   4       0.053094529608
103   2   13   4       0.287792145303
104   0   12   5      -0.138293572650
104   0   12   6      -0.276884782012
104   0   13   5      -0.447204269178
104   0   13   6       0.138293572556
104   1   12   5      -0.800166409356
104   1   12   6       0.138293571252
104   1   13   5       0.138293570952
104   1   13   6      -0.076077343474
104   2   11   5       0.454503294335
104   2   11   6      -0.083850927855
104   2   12   4       0.287792147218
104   2   13   4      -0.053094529421
105   0   11   5       0.053094529598
105   0   11   6       0.287792145346
105   0   12   4       0.083850928015
105   0   13   4       0.454503292219
105   1   11   5       0.287792147238
105   1   11   6      -0.053094529422
105   1   12   4       0.454503294331
105   1   13   4      -0.083850927856
105   2   11   4      -0.782077375141
103   8   6   13      -0.057633309995
103   9   6   13       0.058612232043
104   8   5   12       0.058612230996
104   9   5   12       0.057633308974
105   4   4   11      -0.059058142637
103   8   13   6       0.057633309995
103   9   13   6      -0.058612232043
104   8   12   5      -0.058612230996
104   9   12   5      -0.057633308974
105   4   11   4       0.059058142637
103   104   12   13      -0.170319486892
103   104   13   12       0.170319487078
103   105   11   13       0.166711146901
103   105   13   11      -0.166711146914
104   103   12   13       0.170319486892
104   103   13   12      -0.170319487078
104   105   11   12       0.166711147013
104   105   12   11      -0.166711147018
105   103   11   13      -0.166711146901
105   103   13   11       0.166711146914
105   104   11   12      -0.166711147013
105   104   12   11       0.166711147018
107   2   4   11      -0.059058142637
111   0   6   13      -0.057633309997
111   1   5   12       0.058612230997
112   0   6   13       0.058612232042
112   1   5   12       0.057633308973
107   2   11   4       0.059058142637
111   0   13   6       0.057633309997
111   1   12   5      -0.058612230997
112   0   13   6      -0.058612232042
112   1   12   5      -0.057633308973

