0   1   5   6       0.168456308270
0   1   6   5      -0.168456308477
0   2   4   5      -0.075595490074
0   2   4   6      -0.145310167181
0   2   5   4       0.075595490073
0   2   6   4       0.145310167187
1   0   5   6      -0.168456308270
1   0   6   5       0.168456308477
1   2   4   5       0.145310167185
1   2   4   6      -0.075595490070
1   2   5   4      -0.145310167168
1   2   6   4       0.075595490063
2   0   4   5       0.075595490074
2   0   4   6       0.145310167181
2   0   5   4      -0.075595490073
2   0   6   4      -0.145310167187
2   1   4   5      -0.145310167185
2   1   4   6       0.075595490070
2   1   5   4       0.145310167168
2   1   6   4      -0.075595490063
0   53   5   12      -0.214088296066
0   53   5   13      -0.312482171954
0   53   6   12      -0.312482172209
0   53   6   13      -0.652179368041
0   54   5   12       0.312482178838
0   54   5   13       0.303273706520
0   54   6   12       0.134817397670
0   54   6   13      -0.312482179312
0   55   4   12      -0.203222096555
0   55   4   13      -0.390634901491
0   55   5   11      -0.127626606474
0   55   6   11      -0.245324734301
1   53   5   12       0.312482179585
1   53   5   13       0.134817397885
1   53   6   12       0.303273705702
1   53   6   13      -0.312482179044
1   54   5   12      -0.652179368233
1   54   5   13       0.312482171932
1   54   6   12       0.312482172404
1   54   6   13      -0.214088296102
1   55   4   12       0.390634901518
1   55   4   13      -0.203222096574
1   55   5   11       0.245324734344
1   55   6   11      -0.127626606474
2   53   4   12      -0.127626606471
2   53   4   13      -0.245324734303
2   53   5   11      -0.203222096559
2   53   6   11      -0.390634901475
2   54   4   12       0.245324734334
2   54   4   13      -0.127626606476
2   54   5   11       0.390634901570
2   54   6   11      -0.203222096589
2   55   4   11      -0.722494132873
0   53   12   5       0.214088296066
0   53   12   6       0.312482172209
0   53   13   5       0.312482171954
0   53   13   6       0.652179368041
0   54   12   5      -0.312482178838
0   54   12   6      -0.134817397670
0   54   13   5      -0.303273706520
0   54   13   6       0.312482179312
0   55   11   5       0.127626606474
0   55   11   6       0.245324734301
0   55   12   4       0.203222096555
0   55   13   4       0.390634901491
1   53   12   5      -0.312482179585
1   53   12   6      -0.303273705702
1   53   13   5      -0.134817397885
1   53   13   6       0.312482179044
1   54   12   5       0.652179368233
1   54   12   6      -0.312482172404
1   54   13   5      -0.312482171932
1   54   13   6       0.214088296102
1   55   11   5      -0.245324734344
1   55   11   6       0.127626606474
1   55   12   4      -0.390634901518
1   55   13   4       0.203222096574
2   53   11   5       0.203222096559
2   53   11   6       0.390634901475
2   53   12   4       0.127626606471
2   53   13   4       0.245324734303
2   54   11   5      -0.390634901570
2   54   11   6       0.203222096589
2   54   12   4      -0.245324734334
2   54   13   4       0.127626606476
2   55   11   4       0.722494132873
2   59   4   11      -0.060918012316
2   59   11   4       0.060918012316
6   55   4   11      -0.060918012316
6   55   11   4       0.060918012316
53   0   5   12       0.214088296066
53   0   5   13       0.312482171954
53   0   6   12       0.312482172209
53   0   6   13       0.652179368041
53   1   5   12      -0.312482179585
53   1   5   13      -0.134817397885
53   1   6   12      -0.303273705702
53   1   6   13       0.312482179044
53   2   4   12       0.127626606471
53   2   4   13       0.245324734303
53   2   5   11       0.203222096559
53   2   6   11       0.390634901475
54   0   5   12      -0.312482178838
54   0   5   13      -0.303273706520
54   0   6   12      -0.134817397670
54   0   6   13       0.312482179312
54   1   5   12       0.652179368233
54   1   5   13      -0.312482171932
54   1   6   12      -0.312482172404
54   1   6   13       0.214088296102
54   2   4   12      -0.245324734334
54   2   4   13       0.127626606476
54   2   5   11      -0.390634901570
54   2   6   11       0.203222096589
55   0   4   12       0.203222096555
55   0   4   13       0.390634901491
55   0   5   11       0.127626606474
55   0   6   11       0.245324734301
55   1   4   12      -0.390634901518
55   1   4   13       0.203222096574
55   1   5   11      -0.245324734344
55   1   6   11       0.127626606474
55   2   4   11       0.722494132873
53   0   12   5      -0.214088296066
53   0   12   6      -0.312482172209
53   0   13   5      -0.312482171954
53   0   13   6      -0.652179368041
53   1   12   5       0.312482179585
53   1   12   6       0.303273705702
53   1   13   5       0.134817397885
53   1   13   6      -0.312482179044
53   2   11   5      -0.203222096559
53   2   11   6      -0.390634901475
53   2   12   4      -0.127626606471
53   2   13   4      -0.245324734303
54   0   12   5       0.312482178838
54   0   12   6       0.134817397670
54   0   13   5       0.303273706520
54   0   13   6      -0.312482179312
54   1   12   5      -0.652179368233
54   1   12   6       0.312482172404
54   1   13   5       0.312482171932
54   1   13   6      -0.214088296102
54   2   11   5       0.390634901570
54   2   11   6      -0.203222096589
54   2   12   4       0.245324734334
54   2   13   4      -0.127626606476
55   0   11   5      -0.127626606474
55   0   11   6      -0.245324734301
55   0   12   4      -0.203222096555
55   0   13   4      -0.390634901491
55   1   11   5       0.245324734344
55   1   11   6      -0.127626606474
55   1   12   4       0.390634901518
55   1   13   4      -0.203222096574
55   2   11   4      -0.722494132873
55   6   4   11       0.060918012316
55   6   11   4      -0.060918012316
53   54   12   13       0.168456308270
53   54   13   12      -0.168456308477
53   55   11   12      -0.075595490074
53   55   11   13      -0.145310167181
53   55   12   11       0.075595490073
53   55   13   11       0.145310167187
54   53   12   13      -0.168456308270
54   53   13   12       0.168456308477
54   55   11   12       0.145310167185
54   55   11   13      -0.075595490070
54   55   12   11      -0.145310167168
54   55   13   11       0.075595490063
55   53   11   12       0.075595490074
55   53   11   13       0.145310167181
55   53   12   11      -0.075595490073
55   53   13   11      -0.145310167187
55   54   11   12      -0.145310167185
55   54   11   13       0.075595490070
55   54   12   11       0.145310167168
55   54   13   11      -0.075595490063
59   2   4   11       0.060918012316
59   2   11   4      -0.060918012316

