0   103   5   12      -0.069399201326
0   103   5   13      -0.055096810334
0   103   6   12      -0.055096810334
0   103   6   13      -0.086306781484
0   104   5   12       0.055096813422
0   104   6   13      -0.055096815127
1   103   5   12       0.055096813422
1   103   6   13      -0.055096815127
1   104   5   12      -0.086306779937
1   104   5   13       0.055096810224
1   104   6   12       0.055096810224
1   104   6   13      -0.069399201999
0   103   12   5       0.069399201326
0   103   12   6       0.055096810334
0   103   13   5       0.055096810334
0   103   13   6       0.086306781484
0   104   12   5      -0.055096813422
0   104   13   6       0.055096815127
1   103   12   5      -0.055096813422
1   103   13   6       0.055096815127
1   104   12   5       0.086306779937
1   104   12   6      -0.055096810224
1   104   13   5      -0.055096810224
1   104   13   6       0.069399201999
103   0   5   12       0.069399201326
103   0   5   13       0.055096810334
103   0   6   12       0.055096810334
103   0   6   13       0.086306781484
103   1   5   12      -0.055096813422
103   1   6   13       0.055096815127
104   0   5   12      -0.055096813422
104   0   6   13       0.055096815127
104   1   5   12       0.086306779937
104   1   5   13      -0.055096810224
104   1   6   12      -0.055096810224
104   1   6   13       0.069399201999
103   0   12   5      -0.069399201326
103   0   12   6      -0.055096810334
103   0   13   5      -0.055096810334
103   0   13   6      -0.086306781484
103   1   12   5       0.055096813422
103   1   13   6      -0.055096815127
104   0   12   5       0.055096813422
104   0   13   6      -0.055096815127
104   1   12   5      -0.086306779937
104   1   12   6       0.055096810224
104   1   13   5       0.055096810224
104   1   13   6      -0.069399201999

