Begin IJ Block
1   1   -25.7785879276
1   2   0.0000000018
1   3   -0.4812204872
1   4   0.0000012063
1   5   -0.0326479767
2   2   -25.7787045446
2   3   -0.0000011838
2   4   -0.4900965528
2   5   -0.0000000802
3   3   -6.6785934236
3   4   0.0000000026
3   5   0.1597196491
4   4   -6.6888230671
4   5   0.0000000032
5   5   -6.1835126934
6   6   -6.1684330065
6   7   -0.0000000022
7   7   -6.1684330019

End IJ Block
Begin IA Block
1   3   0.0000001121
2   3   -0.0454586495
3   3   0.0000000017
4   3   -0.3079002941
5   3   -0.0000000098
6   1   -0.0000000032
6   2   0.0000000022
7   1   0.0000000023
7   2   0.0000000033

End IA Block
Begin AB Block
1   1   -5.9847171785
1   2   -0.0000000001
2   2   -5.9847171784
3   3   -6.1424907446

End AB Block
Begin IJAB Block
1   8   1   4   0.0133796470
1   8   1   5   0.0000000000
1   8   2   4   0.0000000000
1   8   2   5   0.0133796470
1   8   3   6   0.0149366271
1   9   1   4   -0.0000000000
1   9   1   5   -0.0000000000
1   9   2   4   -0.0000000000
1   9   2   5   -0.0000000000
1   9   3   6   -0.0000000002
1   10   1   4   -0.0135468269
1   10   1   5   0.0000000000
1   10   2   4   0.0000000000
1   10   2   5   -0.0135468269
1   10   3   6   -0.0141405971
1   11   1   4   0.0000000346
1   11   1   5   -0.0000000000
1   11   2   4   -0.0000000000
1   11   2   5   0.0000000346
1   11   3   6   0.0000000365
1   12   1   4   -0.0008706429
1   12   1   5   -0.0000000000
1   12   2   4   -0.0000000000
1   12   2   5   -0.0008706429
1   12   3   6   -0.0003844733
1   13   1   6   0.0017375860
1   13   2   6   -0.0012059808
1   13   3   4   -0.0011745722
1   13   3   5   0.0008152181
1   14   1   6   -0.0012059808
1   14   2   6   -0.0017375860
1   14   3   4   0.0008152181
1   14   3   5   0.0011745721
2   8   1   4   -0.0000000000
2   8   1   5   -0.0000000000
2   8   2   4   -0.0000000000
2   8   2   5   -0.0000000000
2   8   3   6   -0.0000000002
2   9   1   4   0.0134046669
2   9   1   5   0.0000000000
2   9   2   4   0.0000000000
2   9   2   5   0.0134046669
2   9   3   6   0.0149952687
2   10   1   4   -0.0000000334
2   10   1   5   -0.0000000000
2   10   2   4   -0.0000000000
2   10   2   5   -0.0000000334
2   10   3   6   -0.0000000348
2   11   1   4   -0.0140889251
2   11   1   5   0.0000000000
2   11   2   4   0.0000000000
2   11   2   5   -0.0140889251
2   11   3   6   -0.0148138012
2   12   1   4   -0.0000000021
2   12   1   5   -0.0000000000
2   12   2   4   -0.0000000000
2   12   2   5   -0.0000000021
2   12   3   6   -0.0000000010
2   13   1   6   0.0000000043
2   13   2   6   -0.0000000030
2   13   3   4   -0.0000000029
2   13   3   5   0.0000000020
2   14   1   6   -0.0000000030
2   14   2   6   -0.0000000043
2   14   3   4   0.0000000020
2   14   3   5   0.0000000029
3   8   1   4   -0.0135468269
3   8   1   5   0.0000000000
3   8   2   4   0.0000000000
3   8   2   5   -0.0135468269
3   8   3   6   -0.0141405971
3   9   1   4   -0.0000000334
3   9   1   5   -0.0000000000
3   9   2   4   -0.0000000000
3   9   2   5   -0.0000000334
3   9   3   6   -0.0000000348
3   10   1   4   0.0583590195
3   10   1   5   -0.0000000001
3   10   2   4   -0.0000000001
3   10   2   5   0.0583590195
3   10   3   6   0.0621430147
3   11   1   4   -0.0000000000
3   11   1   5   -0.0000000001
3   11   2   4   -0.0000000001
3   11   2   5   0.0000000001
3   11   3   6   -0.0000000009
3   12   1   4   0.0040702069
3   12   1   5   0.0000000001
3   12   2   4   0.0000000001
3   12   2   5   0.0040702067
3   12   3   6   -0.0152525066
3   13   1   6   -0.0075411114
3   13   2   6   0.0052339487
3   13   3   4   -0.0107435706
3   13   3   5   0.0074566326
3   14   1   6   0.0052339486
3   14   2   6   0.0075411114
3   14   3   4   0.0074566325
3   14   3   5   0.0107435706
4   8   1   4   0.0000000346
4   8   1   5   -0.0000000000
4   8   2   4   -0.0000000000
4   8   2   5   0.0000000346
4   8   3   6   0.0000000365
4   9   1   4   -0.0140889251
4   9   1   5   0.0000000000
4   9   2   4   0.0000000000
4   9   2   5   -0.0140889251
4   9   3   6   -0.0148138012
4   10   1   4   -0.0000000000
4   10   1   5   -0.0000000001
4   10   2   4   -0.0000000001
4   10   2   5   0.0000000001
4   10   3   6   -0.0000000009
4   11   1   4   0.0627742372
4   11   1   5   -0.0000000000
4   11   2   4   -0.0000000000
4   11   2   5   0.0627742373
4   11   3   6   0.0651781145
4   12   1   4   -0.0000000004
4   12   1   5   0.0000000001
4   12   2   4   0.0000000001
4   12   2   5   -0.0000000005
4   12   3   6   0.0000000012
4   13   1   6   -0.0000000002
4   13   2   6   0.0000000001
4   13   3   4   0.0000000003
4   13   3   5   -0.0000000002
4   14   1   6   0.0000000001
4   14   2   6   0.0000000002
4   14   3   4   -0.0000000002
4   14   3   5   -0.0000000003
5   8   1   4   -0.0008706429
5   8   1   5   -0.0000000000
5   8   2   4   -0.0000000000
5   8   2   5   -0.0008706429
5   8   3   6   -0.0003844733
5   9   1   4   -0.0000000021
5   9   1   5   -0.0000000000
5   9   2   4   -0.0000000000
5   9   2   5   -0.0000000021
5   9   3   6   -0.0000000010
5   10   1   4   0.0040702069
5   10   1   5   0.0000000001
5   10   2   4   0.0000000001
5   10   2   5   0.0040702067
5   10   3   6   -0.0152525066
5   11   1   4   -0.0000000004
5   11   1   5   0.0000000001
5   11   2   4   0.0000000001
5   11   2   5   -0.0000000005
5   11   3   6   0.0000000012
5   12   1   4   0.0224473306
5   12   1   5   0.0000000000
5   12   2   4   0.0000000000
5   12   2   5   0.0224473306
5   12   3   6   0.2233003677
5   13   1   6   0.0192848058
5   13   2   6   -0.0133847225
5   13   3   4   0.1518561518
5   13   3   5   -0.1053965729
5   14   1   6   -0.0133847223
5   14   2   6   -0.0192848058
5   14   3   4   -0.1053965725
5   14   3   5   -0.1518561518
6   8   1   6   -0.0011745722
6   8   2   6   0.0008152181
6   8   3   4   0.0017375860
6   8   3   5   -0.0012059808
6   9   1   6   -0.0000000029
6   9   2   6   0.0000000020
6   9   3   4   0.0000000043
6   9   3   5   -0.0000000030
6   10   1   6   -0.0107435706
6   10   2   6   0.0074566326
6   10   3   4   -0.0075411114
6   10   3   5   0.0052339487
6   11   1   6   0.0000000003
6   11   2   6   -0.0000000002
6   11   3   4   -0.0000000002
6   11   3   5   0.0000000001
6   12   1   6   0.1518561518
6   12   2   6   -0.1053965729
6   12   3   4   0.0192848058
6   12   3   5   -0.0133847225
6   13   1   4   0.1706589073
6   13   1   5   -0.1018380189
6   13   2   4   -0.1018380189
6   13   2   5   0.0946111689
6   13   3   6   0.0245247009
6   14   1   4   -0.1018380177
6   14   1   5   -0.1214709394
6   14   2   4   0.0454231971
6   14   2   5   0.1018380182
6   14   3   6   0.0000000001
7   8   1   6   0.0008152181
7   8   2   6   0.0011745721
7   8   3   4   -0.0012059808
7   8   3   5   -0.0017375860
7   9   1   6   0.0000000020
7   9   2   6   0.0000000029
7   9   3   4   -0.0000000030
7   9   3   5   -0.0000000043
7   10   1   6   0.0074566325
7   10   2   6   0.0107435706
7   10   3   4   0.0052339486
7   10   3   5   0.0075411114
7   11   1   6   -0.0000000002
7   11   2   6   -0.0000000003
7   11   3   4   0.0000000001
7   11   3   5   0.0000000002
7   12   1   6   -0.1053965725
7   12   2   6   -0.1518561518
7   12   3   4   -0.0133847223
7   12   3   5   -0.0192848058
7   13   1   4   -0.1018380177
7   13   1   5   0.0454231971
7   13   2   4   -0.1214709394
7   13   2   5   0.1018380182
7   13   3   6   0.0000000001
7   14   1   4   0.0946111682
7   14   1   5   0.1018380185
7   14   2   4   0.1018380185
7   14   2   5   0.1706589069
7   14   3   6   0.0245247008

End IJAB Block
Begin IJKL Block
1   8   1   8   2.1512064994
1   8   1   9   -0.0000096406
1   8   1   10   0.1979701691
1   8   1   11   -0.0000014936
1   8   1   12   0.0096008584
1   8   2   8   -0.0000096406
1   8   2   9   1.9553067742
1   8   2   10   -0.0000004895
1   8   2   11   0.2020137383
1   8   2   12   -0.0000000172
1   8   3   8   0.1979701691
1   8   3   9   -0.0000004895
1   8   3   10   0.0290150314
1   8   3   11   -0.0000001457
1   8   3   12   0.0010822814
1   8   4   8   -0.0000014936
1   8   4   9   0.2020137383
1   8   4   10   -0.0000001457
1   8   4   11   0.0302709616
1   8   4   12   -0.0000000098
1   8   5   8   0.0096008584
1   8   5   9   -0.0000000172
1   8   5   10   0.0010822814
1   8   5   11   -0.0000000098
1   8   5   12   0.0115877585
1   8   6   13   0.0122379155
1   8   6   14   0.0000000000
1   8   7   13   0.0000000000
1   8   7   14   0.0122379154
1   9   1   8   -0.0000096406
1   9   1   9   2.1512595637
1   9   1   10   -0.0000004898
1   9   1   11   0.2021541194
1   9   1   12   -0.0000000107
1   9   2   8   1.9553084193
1   9   2   9   0.0000096403
1   9   2   10   0.1981117167
1   9   2   11   0.0000004988
1   9   2   12   0.0069499949
1   9   3   8   -0.0000004895
1   9   3   9   0.1979854066
1   9   3   10   -0.0000000002
1   9   3   11   0.0295453171
1   9   3   12   0.0000000000
1   9   4   8   0.2020057290
1   9   4   9   0.0000004984
1   9   4   10   0.0295575387
1   9   4   11   0.0000000002
1   9   4   12   0.0019804808
1   9   5   8   -0.0000000172
1   9   5   9   0.0095935811
1   9   5   10   -0.0000000000
1   9   5   11   0.0019880842
1   9   5   12   -0.0000000000
1   9   6   13   0.0000000001
1   9   6   14   0.0000000000
1   9   7   13   0.0000000000
1   9   7   14   0.0000000001
1   10   1   8   0.1979701691
1   10   1   9   -0.0000004898
1   10   1   10   0.5815108669
1   10   1   11   -0.0000019210
1   10   1   12   -0.0066231125
1   10   2   8   -0.0000004895
1   10   2   9   0.1981206143
1   10   2   10   -0.0000000037
1   10   2   11   0.3895797455
1   10   2   12   -0.0000000000
1   10   3   8   0.0310211168
1   10   3   9   -0.0000000003
1   10   3   10   0.0082489530
1   10   3   11   -0.0000000215
1   10   3   12   0.0005426522
1   10   4   8   -0.0000001550
1   10   4   9   0.0314331101
1   10   4   10   -0.0000000219
1   10   4   11   0.0089296286
1   10   4   12   0.0000000012
1   10   5   8   0.0011091375
1   10   5   9   -0.0000000000
1   10   5   10   0.0021434519
1   10   5   11   0.0000000040
1   10   5   12   -0.0137890069
1   10   6   13   -0.0141010298
1   10   6   14   -0.0000000000
1   10   7   13   -0.0000000000
1   10   7   14   -0.0141010298
1   11   1   8   -0.0000014936
1   11   1   9   0.2021541194
1   11   1   10   -0.0000019210
1   11   1   11   0.5892776020
1   11   1   12   -0.0000002617
1   11   2   8   0.2020057290
1   11   2   9   0.0000004987
1   11   2   10   0.3895977733
1   11   2   11   0.0000000032
1   11   2   12   0.0530075382
1   11   3   8   -0.0000001550
1   11   3   9   0.0314388524
1   11   3   10   -0.0000000222
1   11   3   11   0.0089684269
1   11   3   12   -0.0000000025
1   11   4   8   0.0324174214
1   11   4   9   0.0000000002
1   11   4   10   0.0086364209
1   11   4   11   -0.0000000215
1   11   4   12   0.0000279078
1   11   5   8   -0.0000000099
1   11   5   9   0.0020174203
1   11   5   10   0.0000000038
1   11   5   11   -0.0001195492
1   11   5   12   0.0000000326
1   11   6   13   0.0000000343
1   11   7   14   0.0000000343
1   12   1   8   0.0096008584
1   12   1   9   -0.0000000107
1   12   1   10   -0.0066231125
1   12   1   11   -0.0000002617
1   12   1   12   0.5628733254
1   12   2   8   -0.0000000172
1   12   2   9   0.0069521830
1   12   2   10   -0.0000000000
1   12   2   11   0.0530056842
1   12   2   12   -0.0000000031
1   12   3   8   0.0011091375
1   12   3   9   -0.0000000000
1   12   3   10   0.0005459706
1   12   3   11   -0.0000000025
1   12   3   12   0.0058704318
1   12   4   8   -0.0000000099
1   12   4   9   0.0020075781
1   12   4   10   0.0000000010
1   12   4   11   0.0000768997
1   12   4   12   -0.0000000149
1   12   5   8   0.0140777820
1   12   5   9   -0.0000000001
1   12   5   10   -0.0145864305
1   12   5   11   0.0000000348
1   12   5   12   0.0009125362
1   12   6   13   -0.0004653307
1   12   6   14   0.0000000000
1   12   7   13   0.0000000000
1   12   7   14   -0.0004653308
1   13   1   13   0.5694725920
1   13   1   14   0.0000000003
1   13   2   13   0.0000000002
1   13   2   14   -0.0000000000
1   13   3   13   0.0062635597
1   13   3   14   0.0000000000
1   13   4   13   -0.0000000158
1   13   4   14   -0.0000000000
1   13   5   13   0.0015813605
1   13   5   14   0.0000000000
1   13   6   8   0.0149429787
1   13   6   9   0.0000000001
1   13   6   10   -0.0149667816
1   13   6   11   0.0000000367
1   13   6   12   -0.0005831665
1   13   7   8   0.0000000000
1   13   7   9   0.0000000000
1   13   7   10   -0.0000000000
1   13   7   11   -0.0000000000
1   13   7   12   0.0000000000
1   14   1   13   0.0000000003
1   14   1   14   0.5694725913
1   14   2   13   -0.0000000000
1   14   2   14   0.0000000002
1   14   3   13   0.0000000000
1   14   3   14   0.0062635597
1   14   4   13   -0.0000000000
1   14   4   14   -0.0000000158
1   14   5   13   0.0000000000
1   14   5   14   0.0015813605
1   14   6   8   0.0000000000
1   14   6   9   0.0000000000
1   14   6   10   -0.0000000000
1   14   6   11   -0.0000000000
1   14   6   12   0.0000000000
1   14   7   8   0.0149429786
1   14   7   9   0.0000000001
1   14   7   10   -0.0149667816
1   14   7   11   0.0000000367
1   14   7   12   -0.0005831665
2   8   1   8   -0.0000096406
2   8   1   9   1.9553084193
2   8   1   10   -0.0000004895
2   8   1   11   0.2020057290
2   8   1   12   -0.0000000172
2   8   2   8   2.1512595637
2   8   2   9   0.0000096403
2   8   2   10   0.1979854066
2   8   2   11   0.0000004984
2   8   2   12   0.0095935811
2   8   3   8   -0.0000004898
2   8   3   9   0.1981117167
2   8   3   10   -0.0000000002
2   8   3   11   0.0295575387
2   8   3   12   -0.0000000000
2   8   4   8   0.2021541194
2   8   4   9   0.0000004988
2   8   4   10   0.0295453171
2   8   4   11   0.0000000002
2   8   4   12   0.0019880842
2   8   5   8   -0.0000000107
2   8   5   9   0.0069499949
2   8   5   10   0.0000000000
2   8   5   11   0.0019804808
2   8   5   12   -0.0000000000
2   8   6   13   0.0000000001
2   8   6   14   0.0000000000
2   8   7   13   0.0000000000
2   8   7   14   0.0000000001
2   9   1   8   1.9553067742
2   9   1   9   0.0000096403
2   9   1   10   0.1981206143
2   9   1   11   0.0000004987
2   9   1   12   0.0069521830
2   9   2   8   0.0000096403
2   9   2   9   2.1513126223
2   9   2   10   0.0000014638
2   9   2   11   0.2021542273
2   9   2   12   0.0000000578
2   9   3   8   0.1981206143
2   9   3   9   0.0000014638
2   9   3   10   0.0289964341
2   9   3   11   0.0000001457
2   9   3   12   0.0010839970
2   9   4   8   0.0000004987
2   9   4   9   0.2021542273
2   9   4   10   0.0000001457
2   9   4   11   0.0302944186
2   9   4   12   0.0000000098
2   9   5   8   0.0069521830
2   9   5   9   0.0000000578
2   9   5   10   0.0010839970
2   9   5   11   0.0000000098
2   9   5   12   0.0115132231
2   9   6   13   0.0121962285
2   9   6   14   0.0000000000
2   9   7   13   0.0000000000
2   9   7   14   0.0121962285
2   10   1   8   -0.0000004895
2   10   1   9   0.1981117167
2   10   1   10   -0.0000000037
2   10   1   11   0.3895977733
2   10   1   12   -0.0000000000
2   10   2   8   0.1979854066
2   10   2   9   0.0000014638
2   10   2   10   0.5814984965
2   10   2   11   0.0000019206
2   10   2   12   -0.0066157403
2   10   3   8   -0.0000000003
2   10   3   9   0.0310217361
2   10   3   10   0.0000000202
2   10   3   11   0.0086916218
2   10   3   12   0.0000000013
2   10   4   8   0.0314388524
2   10   4   9   0.0000001549
2   10   4   10   0.0088429124
2   10   4   11   0.0000000220
2   10   4   12   -0.0004927791
2   10   5   8   -0.0000000000
2   10   5   9   0.0011125989
2   10   5   10   0.0000000052
2   10   5   11   -0.0016189332
2   10   5   12   -0.0000000337
2   10   6   13   -0.0000000347
2   10   7   14   -0.0000000347
2   11   1   8   0.2020137383
2   11   1   9   0.0000004988
2   11   1   10   0.3895797455
2   11   1   11   0.0000000032
2   11   1   12   0.0530056842
2   11   2   8   0.0000004984
2   11   2   9   0.2021542273
2   11   2   10   0.0000019206
2   11   2   11   0.5892958660
2   11   2   12   0.0000002610
2   11   3   8   0.0314331101
2   11   3   9   0.0000001549
2   11   3   10   0.0089730544
2   11   3   11   0.0000000221
2   11   3   12   0.0010065662
2   11   4   8   0.0000000002
2   11   4   9   0.0324239660
2   11   4   10   0.0000000213
2   11   4   11   0.0087556095
2   11   4   12   0.0000000000
2   11   5   8   0.0020075781
2   11   5   9   0.0000000099
2   11   5   10   -0.0015199904
2   11   5   11   -0.0000000003
2   11   5   12   -0.0131670290
2   11   6   13   -0.0139440264
2   11   6   14   -0.0000000000
2   11   7   13   -0.0000000000
2   11   7   14   -0.0139440264
2   12   1   8   -0.0000000172
2   12   1   9   0.0069499949
2   12   1   10   -0.0000000000
2   12   1   11   0.0530075382
2   12   1   12   -0.0000000031
2   12   2   8   0.0095935811
2   12   2   9   0.0000000578
2   12   2   10   -0.0066157403
2   12   2   11   0.0000002610
2   12   2   12   0.5628732436
2   12   3   8   -0.0000000000
2   12   3   9   0.0011125989
2   12   3   10   0.0000000013
2   12   3   11   0.0010023942
2   12   3   12   0.0000000144
2   12   4   8   0.0020174203
2   12   4   9   0.0000000099
2   12   4   10   -0.0003885937
2   12   4   11   0.0000000002
2   12   4   12   0.0060364358
2   12   5   8   -0.0000000001
2   12   5   9   0.0140093267
2   12   5   10   -0.0000000356
2   12   5   11   -0.0140590632
2   12   5   12   0.0000000023
2   12   6   13   -0.0000000011
2   12   6   14   0.0000000000
2   12   7   13   0.0000000000
2   12   7   14   -0.0000000011
2   13   1   13   0.0000000002
2   13   1   14   -0.0000000000
2   13   2   13   0.5694730337
2   13   2   14   0.0000000003
2   13   3   13   0.0000000154
2   13   3   14   -0.0000000000
2   13   4   13   0.0064381769
2   13   4   14   0.0000000000
2   13   5   13   0.0000000039
2   13   5   14   -0.0000000000
2   13   6   8   0.0000000001
2   13   6   9   0.0149068164
2   13   6   10   -0.0000000369
2   13   6   11   -0.0149279610
2   13   6   12   -0.0000000014
2   13   7   8   0.0000000000
2   13   7   9   0.0000000000
2   13   7   10   -0.0000000000
2   13   7   11   -0.0000000000
2   13   7   12   0.0000000000
2   14   1   13   -0.0000000000
2   14   1   14   0.0000000002
2   14   2   13   0.0000000003
2   14   2   14   0.5694730331
2   14   3   13   -0.0000000000
2   14   3   14   0.0000000154
2   14   4   13   0.0000000000
2   14   4   14   0.0064381769
2   14   5   13   -0.0000000000
2   14   5   14   0.0000000039
2   14   6   8   0.0000000000
2   14   6   9   0.0000000000
2   14   6   10   -0.0000000000
2   14   6   11   -0.0000000000
2   14   6   12   0.0000000000
2   14   7   8   0.0000000001
2   14   7   9   0.0149068163
2   14   7   10   -0.0000000369
2   14   7   11   -0.0149279610
2   14   7   12   -0.0000000014
3   8   1   8   0.1979701691
3   8   1   9   -0.0000004895
3   8   1   10   0.0310211168
3   8   1   11   -0.0000001550
3   8   1   12   0.0011091375
3   8   2   8   -0.0000004898
3   8   2   9   0.1981206143
3   8   2   10   -0.0000000003
3   8   2   11   0.0314331101
3   8   2   12   -0.0000000000
3   8   3   8   0.5815108669
3   8   3   9   -0.0000000037
3   8   3   10   0.0082489530
3   8   3   11   -0.0000000219
3   8   3   12   0.0021434519
3   8   4   8   -0.0000019210
3   8   4   9   0.3895797455
3   8   4   10   -0.0000000215
3   8   4   11   0.0089296286
3   8   4   12   0.0000000040
3   8   5   8   -0.0066231125
3   8   5   9   -0.0000000000
3   8   5   10   0.0005426522
3   8   5   11   0.0000000012
3   8   5   12   -0.0137890069
3   8   6   13   -0.0141010298
3   8   6   14   -0.0000000000
3   8   7   13   -0.0000000000
3   8   7   14   -0.0141010298
3   9   1   8   -0.0000004895
3   9   1   9   0.1979854066
3   9   1   10   -0.0000000003
3   9   1   11   0.0314388524
3   9   1   12   -0.0000000000
3   9   2   8   0.1981117167
3   9   2   9   0.0000014638
3   9   2   10   0.0310217361
3   9   2   11   0.0000001549
3   9   2   12   0.0011125989
3   9   3   8   -0.0000000037
3   9   3   9   0.5814984965
3   9   3   10   0.0000000202
3   9   3   11   0.0088429124
3   9   3   12   0.0000000052
3   9   4   8   0.3895977733
3   9   4   9   0.0000019206
3   9   4   10   0.0086916218
3   9   4   11   0.0000000220
3   9   4   12   -0.0016189332
3   9   5   8   -0.0000000000
3   9   5   9   -0.0066157403
3   9   5   10   0.0000000013
3   9   5   11   -0.0004927791
3   9   5   12   -0.0000000337
3   9   6   13   -0.0000000347
3   9   7   14   -0.0000000347
3   10   1   8   0.0290150314
3   10   1   9   -0.0000000002
3   10   1   10   0.0082489530
3   10   1   11   -0.0000000222
3   10   1   12   0.0005459706
3   10   2   8   -0.0000000002
3   10   2   9   0.0289964341
3   10   2   10   0.0000000202
3   10   2   11   0.0089730544
3   10   2   12   0.0000000013
3   10   3   8   0.0082489530
3   10   3   9   0.0000000202
3   10   3   10   0.4348551236
3   10   3   11   -0.0000000022
3   10   3   12   -0.0145889260
3   10   4   8   -0.0000000222
3   10   4   9   0.0089730544
3   10   4   10   -0.0000000022
3   10   4   11   0.2378504944
3   10   4   12   -0.0000000000
3   10   5   8   0.0005459706
3   10   5   9   0.0000000013
3   10   5   10   -0.0145889260
3   10   5   11   -0.0000000000
3   10   5   12   0.0636992835
3   10   6   13   0.0598161200
3   10   6   14   0.0000000001
3   10   7   13   0.0000000001
3   10   7   14   0.0598161198
3   11   1   8   -0.0000001457
3   11   1   9   0.0295453171
3   11   1   10   -0.0000000215
3   11   1   11   0.0089684269
3   11   1   12   -0.0000000025
3   11   2   8   0.0295575387
3   11   2   9   0.0000001457
3   11   2   10   0.0086916218
3   11   2   11   0.0000000221
3   11   2   12   0.0010023942
3   11   3   8   -0.0000000219
3   11   3   9   0.0088429124
3   11   3   10   -0.0000000022
3   11   3   11   0.4329807950
3   11   3   12   -0.0000000004
3   11   4   8   0.0086364209
3   11   4   9   0.0000000213
3   11   4   10   0.2402699361
3   11   4   11   0.0000000020
3   11   4   12   0.0402373091
3   11   5   8   0.0000000010
3   11   5   9   -0.0003885937
3   11   5   10   -0.0000000000
3   11   5   11   -0.0026676702
3   11   5   12   -0.0000000009
3   11   6   13   0.0000000003
3   11   6   14   0.0000000001
3   11   7   13   0.0000000001
3   11   7   14   0.0000000001
3   12   1   8   0.0010822814
3   12   1   9   0.0000000000
3   12   1   10   0.0005426522
3   12   1   11   -0.0000000025
3   12   1   12   0.0058704318
3   12   2   8   -0.0000000000
3   12   2   9   0.0010839970
3   12   2   10   0.0000000013
3   12   2   11   0.0010065662
3   12   2   12   0.0000000144
3   12   3   8   0.0021434519
3   12   3   9   0.0000000052
3   12   3   10   -0.0145889260
3   12   3   11   -0.0000000004
3   12   3   12   0.4211832394
3   12   4   8   0.0000000038
3   12   4   9   -0.0015199904
3   12   4   10   -0.0000000000
3   12   4   11   0.0398736331
3   12   4   12   -0.0000000019
3   12   5   8   -0.0145864305
3   12   5   9   -0.0000000356
3   12   5   10   0.0647242399
3   12   5   11   -0.0000000007
3   12   5   12   -0.0143931214
3   12   6   13   0.0006776451
3   12   6   14   -0.0000000000
3   12   7   13   -0.0000000000
3   12   7   14   0.0006776451
3   13   1   13   0.0062635597
3   13   1   14   0.0000000000
3   13   2   13   0.0000000154
3   13   2   14   -0.0000000000
3   13   3   13   0.4197707937
3   13   3   14   0.0000000002
3   13   4   13   -0.0000000001
3   13   4   14   0.0000000000
3   13   5   13   -0.0122923124
3   13   5   14   -0.0000000000
3   13   6   8   -0.0149667816
3   13   6   9   -0.0000000369
3   13   6   10   0.0612503480
3   13   6   11   0.0000000003
3   13   6   12   -0.0002314505
3   13   7   8   -0.0000000000
3   13   7   9   -0.0000000000
3   13   7   10   0.0000000001
3   13   7   11   0.0000000000
3   13   7   12   -0.0000000000
3   14   1   13   0.0000000000
3   14   1   14   0.0062635597
3   14   2   13   -0.0000000000
3   14   2   14   0.0000000154
3   14   3   13   0.0000000002
3   14   3   14   0.4197707932
3   14   4   13   0.0000000000
3   14   4   14   -0.0000000001
3   14   5   13   -0.0000000000
3   14   5   14   -0.0122923124
3   14   6   8   -0.0000000000
3   14   6   9   -0.0000000000
3   14   6   10   0.0000000001
3   14   6   11   0.0000000000
3   14   6   12   -0.0000000000
3   14   7   8   -0.0149667816
3   14   7   9   -0.0000000369
3   14   7   10   0.0612503478
3   14   7   11   0.0000000002
3   14   7   12   -0.0002314504
4   8   1   8   -0.0000014936
4   8   1   9   0.2020057290
4   8   1   10   -0.0000001550
4   8   1   11   0.0324174214
4   8   1   12   -0.0000000099
4   8   2   8   0.2021541194
4   8   2   9   0.0000004987
4   8   2   10   0.0314388524
4   8   2   11   0.0000000002
4   8   2   12   0.0020174203
4   8   3   8   -0.0000019210
4   8   3   9   0.3895977733
4   8   3   10   -0.0000000222
4   8   3   11   0.0086364209
4   8   3   12   0.0000000038
4   8   4   8   0.5892776020
4   8   4   9   0.0000000032
4   8   4   10   0.0089684269
4   8   4   11   -0.0000000215
4   8   4   12   -0.0001195492
4   8   5   8   -0.0000002617
4   8   5   9   0.0530075382
4   8   5   10   -0.0000000025
4   8   5   11   0.0000279078
4   8   5   12   0.0000000326
4   8   6   13   0.0000000343
4   8   7   14   0.0000000343
4   9   1   8   0.2020137383
4   9   1   9   0.0000004984
4   9   1   10   0.0314331101
4   9   1   11   0.0000000002
4   9   1   12   0.0020075781
4   9   2   8   0.0000004988
4   9   2   9   0.2021542273
4   9   2   10   0.0000001549
4   9   2   11   0.0324239660
4   9   2   12   0.0000000099
4   9   3   8   0.3895797455
4   9   3   9   0.0000019206
4   9   3   10   0.0089730544
4   9   3   11   0.0000000213
4   9   3   12   -0.0015199904
4   9   4   8   0.0000000032
4   9   4   9   0.5892958660
4   9   4   10   0.0000000221
4   9   4   11   0.0087556095
4   9   4   12   -0.0000000003
4   9   5   8   0.0530056842
4   9   5   9   0.0000002610
4   9   5   10   0.0010065662
4   9   5   11   0.0000000000
4   9   5   12   -0.0131670290
4   9   6   13   -0.0139440264
4   9   6   14   -0.0000000000
4   9   7   13   -0.0000000000
4   9   7   14   -0.0139440264
4   10   1   8   -0.0000001457
4   10   1   9   0.0295575387
4   10   1   10   -0.0000000219
4   10   1   11   0.0086364209
4   10   1   12   0.0000000010
4   10   2   8   0.0295453171
4   10   2   9   0.0000001457
4   10   2   10   0.0088429124
4   10   2   11   0.0000000213
4   10   2   12   -0.0003885937
4   10   3   8   -0.0000000215
4   10   3   9   0.0086916218
4   10   3   10   -0.0000000022
4   10   3   11   0.2402699361
4   10   3   12   -0.0000000000
4   10   4   8   0.0089684269
4   10   4   9   0.0000000221
4   10   4   10   0.4329807950
4   10   4   11   0.0000000020
4   10   4   12   -0.0026676702
4   10   5   8   -0.0000000025
4   10   5   9   0.0010023942
4   10   5   10   -0.0000000004
4   10   5   11   0.0402373091
4   10   5   12   -0.0000000009
4   10   6   13   0.0000000003
4   10   6   14   0.0000000001
4   10   7   13   0.0000000001
4   10   7   14   0.0000000001
4   11   1   8   0.0302709616
4   11   1   9   0.0000000002
4   11   1   10   0.0089296286
4   11   1   11   -0.0000000215
4   11   1   12   0.0000768997
4   11   2   8   0.0000000002
4   11   2   9   0.0302944186
4   11   2   10   0.0000000220
4   11   2   11   0.0087556095
4   11   2   12   0.0000000002
4   11   3   8   0.0089296286
4   11   3   9   0.0000000220
4   11   3   10   0.2378504944
4   11   3   11   0.0000000020
4   11   3   12   0.0398736331
4   11   4   8   -0.0000000215
4   11   4   9   0.0087556095
4   11   4   10   0.0000000020
4   11   4   11   0.4387700390
4   11   4   12   0.0000000001
4   11   5   8   0.0000768997
4   11   5   9   0.0000000002
4   11   5   10   0.0398736331
4   11   5   11   0.0000000001
4   11   5   12   0.0584793893
4   11   6   13   0.0570317461
4   11   6   14   0.0000000001
4   11   7   13   0.0000000001
4   11   7   14   0.0570317459
4   12   1   8   -0.0000000098
4   12   1   9   0.0019804808
4   12   1   10   0.0000000012
4   12   1   11   0.0000279078
4   12   1   12   -0.0000000149
4   12   2   8   0.0019880842
4   12   2   9   0.0000000098
4   12   2   10   -0.0004927791
4   12   2   11   0.0000000000
4   12   2   12   0.0060364358
4   12   3   8   0.0000000040
4   12   3   9   -0.0016189332
4   12   3   10   -0.0000000000
4   12   3   11   0.0402373091
4   12   3   12   -0.0000000019
4   12   4   8   -0.0001195492
4   12   4   9   -0.0000000003
4   12   4   10   -0.0026676702
4   12   4   11   0.0000000001
4   12   4   12   0.4197604538
4   12   5   8   0.0000000348
4   12   5   9   -0.0140590632
4   12   5   10   -0.0000000007
4   12   5   11   0.0587692751
4   12   5   12   -0.0000000012
4   12   6   13   -0.0000000002
4   12   6   14   -0.0000000000
4   12   7   13   -0.0000000000
4   12   7   14   -0.0000000001
4   13   1   13   -0.0000000158
4   13   1   14   -0.0000000000
4   13   2   13   0.0064381769
4   13   2   14   0.0000000000
4   13   3   13   -0.0000000001
4   13   3   14   0.0000000000
4   13   4   13   0.4192756511
4   13   4   14   0.0000000002
4   13   5   13   -0.0000000002
4   13   5   14   -0.0000000000
4   13   6   8   0.0000000367
4   13   6   9   -0.0149279610
4   13   6   10   0.0000000003
4   13   6   11   0.0562665652
4   13   6   12   -0.0000000003
4   13   7   8   -0.0000000000
4   13   7   9   -0.0000000000
4   13   7   10   0.0000000000
4   13   7   11   0.0000000001
4   13   7   12   -0.0000000000
4   14   1   13   -0.0000000000
4   14   1   14   -0.0000000158
4   14   2   13   0.0000000000
4   14   2   14   0.0064381769
4   14   3   13   0.0000000000
4   14   3   14   -0.0000000001
4   14   4   13   0.0000000002
4   14   4   14   0.4192756507
4   14   5   13   -0.0000000000
4   14   5   14   -0.0000000002
4   14   6   8   -0.0000000000
4   14   6   9   -0.0000000000
4   14   6   10   0.0000000000
4   14   6   11   0.0000000001
4   14   6   12   -0.0000000000
4   14   7   8   0.0000000367
4   14   7   9   -0.0149279610
4   14   7   10   0.0000000002
4   14   7   11   0.0562665650
4   14   7   12   -0.0000000003
5   8   1   8   0.0096008584
5   8   1   9   -0.0000000172
5   8   1   10   0.0011091375
5   8   1   11   -0.0000000099
5   8   1   12   0.0140777820
5   8   2   8   -0.0000000107
5   8   2   9   0.0069521830
5   8   2   10   -0.0000000000
5   8   2   11   0.0020075781
5   8   2   12   -0.0000000001
5   8   3   8   -0.0066231125
5   8   3   9   -0.0000000000
5   8   3   10   0.0005459706
5   8   3   11   0.0000000010
5   8   3   12   -0.0145864305
5   8   4   8   -0.0000002617
5   8   4   9   0.0530056842
5   8   4   10   -0.0000000025
5   8   4   11   0.0000768997
5   8   4   12   0.0000000348
5   8   5   8   0.5628733254
5   8   5   9   -0.0000000031
5   8   5   10   0.0058704318
5   8   5   11   -0.0000000149
5   8   5   12   0.0009125362
5   8   6   13   -0.0004653307
5   8   6   14   0.0000000000
5   8   7   13   0.0000000000
5   8   7   14   -0.0004653308
5   9   1   8   -0.0000000172
5   9   1   9   0.0095935811
5   9   1   10   -0.0000000000
5   9   1   11   0.0020174203
5   9   1   12   -0.0000000001
5   9   2   8   0.0069499949
5   9   2   9   0.0000000578
5   9   2   10   0.0011125989
5   9   2   11   0.0000000099
5   9   2   12   0.0140093267
5   9   3   8   -0.0000000000
5   9   3   9   -0.0066157403
5   9   3   10   0.0000000013
5   9   3   11   -0.0003885937
5   9   3   12   -0.0000000356
5   9   4   8   0.0530075382
5   9   4   9   0.0000002610
5   9   4   10   0.0010023942
5   9   4   11   0.0000000002
5   9   4   12   -0.0140590632
5   9   5   8   -0.0000000031
5   9   5   9   0.5628732436
5   9   5   10   0.0000000144
5   9   5   11   0.0060364358
5   9   5   12   0.0000000023
5   9   6   13   -0.0000000011
5   9   6   14   0.0000000000
5   9   7   13   0.0000000000
5   9   7   14   -0.0000000011
5   10   1   8   0.0010822814
5   10   1   9   -0.0000000000
5   10   1   10   0.0021434519
5   10   1   11   0.0000000038
5   10   1   12   -0.0145864305
5   10   2   8   0.0000000000
5   10   2   9   0.0010839970
5   10   2   10   0.0000000052
5   10   2   11   -0.0015199904
5   10   2   12   -0.0000000356
5   10   3   8   0.0005426522
5   10   3   9   0.0000000013
5   10   3   10   -0.0145889260
5   10   3   11   -0.0000000000
5   10   3   12   0.0647242399
5   10   4   8   -0.0000000025
5   10   4   9   0.0010065662
5   10   4   10   -0.0000000004
5   10   4   11   0.0398736331
5   10   4   12   -0.0000000007
5   10   5   8   0.0058704318
5   10   5   9   0.0000000144
5   10   5   10   0.4211832394
5   10   5   11   -0.0000000019
5   10   5   12   -0.0143931214
5   10   6   13   0.0006776451
5   10   6   14   -0.0000000000
5   10   7   13   -0.0000000000
5   10   7   14   0.0006776451
5   11   1   8   -0.0000000098
5   11   1   9   0.0019880842
5   11   1   10   0.0000000040
5   11   1   11   -0.0001195492
5   11   1   12   0.0000000348
5   11   2   8   0.0019804808
5   11   2   9   0.0000000098
5   11   2   10   -0.0016189332
5   11   2   11   -0.0000000003
5   11   2   12   -0.0140590632
5   11   3   8   0.0000000012
5   11   3   9   -0.0004927791
5   11   3   10   -0.0000000000
5   11   3   11   -0.0026676702
5   11   3   12   -0.0000000007
5   11   4   8   0.0000279078
5   11   4   9   0.0000000000
5   11   4   10   0.0402373091
5   11   4   11   0.0000000001
5   11   4   12   0.0587692751
5   11   5   8   -0.0000000149
5   11   5   9   0.0060364358
5   11   5   10   -0.0000000019
5   11   5   11   0.4197604538
5   11   5   12   -0.0000000012
5   11   6   13   -0.0000000002
5   11   6   14   -0.0000000000
5   11   7   13   -0.0000000000
5   11   7   14   -0.0000000001
5   12   1   8   0.0115877585
5   12   1   9   -0.0000000000
5   12   1   10   -0.0137890069
5   12   1   11   0.0000000326
5   12   1   12   0.0009125362
5   12   2   8   -0.0000000000
5   12   2   9   0.0115132231
5   12   2   10   -0.0000000337
5   12   2   11   -0.0131670290
5   12   2   12   0.0000000023
5   12   3   8   -0.0137890069
5   12   3   9   -0.0000000337
5   12   3   10   0.0636992835
5   12   3   11   -0.0000000009
5   12   3   12   -0.0143931214
5   12   4   8   0.0000000326
5   12   4   9   -0.0131670290
5   12   4   10   -0.0000000009
5   12   4   11   0.0584793893
5   12   4   12   -0.0000000012
5   12   5   8   0.0009125362
5   12   5   9   0.0000000023
5   12   5   10   -0.0143931214
5   12   5   11   -0.0000000012
5   12   5   12   0.4251525867
5   12   6   13   0.0134849855
5   12   6   14   0.0000000001
5   12   7   13   0.0000000001
5   12   7   14   0.0134849852
5   13   1   13   0.0015813605
5   13   1   14   0.0000000000
5   13   2   13   0.0000000039
5   13   2   14   -0.0000000000
5   13   3   13   -0.0122923124
5   13   3   14   -0.0000000000
5   13   4   13   -0.0000000002
5   13   4   14   -0.0000000000
5   13   5   13   0.4003515555
5   13   5   14   0.0000000003
5   13   6   8   -0.0005831665
5   13   6   9   -0.0000000014
5   13   6   10   -0.0002314505
5   13   6   11   -0.0000000003
5   13   6   12   0.0079300832
5   13   7   8   0.0000000000
5   13   7   9   0.0000000000
5   13   7   10   -0.0000000000
5   13   7   11   -0.0000000000
5   13   7   12   0.0000000001
5   14   1   13   0.0000000000
5   14   1   14   0.0015813605
5   14   2   13   -0.0000000000
5   14   2   14   0.0000000039
5   14   3   13   -0.0000000000
5   14   3   14   -0.0122923124
5   14   4   13   -0.0000000000
5   14   4   14   -0.0000000002
5   14   5   13   0.0000000003
5   14   5   14   0.4003515549
5   14   6   8   0.0000000000
5   14   6   9   0.0000000000
5   14   6   10   -0.0000000000
5   14   6   11   -0.0000000000
5   14   6   12   0.0000000001
5   14   7   8   -0.0005831665
5   14   7   9   -0.0000000014
5   14   7   10   -0.0002314504
5   14   7   11   -0.0000000003
5   14   7   12   0.0079300830
6   8   1   13   0.0149429787
6   8   1   14   0.0000000000
6   8   2   13   0.0000000001
6   8   2   14   0.0000000000
6   8   3   13   -0.0149667816
6   8   3   14   -0.0000000000
6   8   4   13   0.0000000367
6   8   4   14   -0.0000000000
6   8   5   13   -0.0005831665
6   8   5   14   0.0000000000
6   8   6   8   0.5694725920
6   8   6   9   0.0000000002
6   8   6   10   0.0062635597
6   8   6   11   -0.0000000158
6   8   6   12   0.0015813605
6   8   7   8   0.0000000003
6   8   7   9   -0.0000000000
6   8   7   10   0.0000000000
6   8   7   11   -0.0000000000
6   8   7   12   0.0000000000
6   9   1   13   0.0000000001
6   9   1   14   0.0000000000
6   9   2   13   0.0149068164
6   9   2   14   0.0000000000
6   9   3   13   -0.0000000369
6   9   3   14   -0.0000000000
6   9   4   13   -0.0149279610
6   9   4   14   -0.0000000000
6   9   5   13   -0.0000000014
6   9   5   14   0.0000000000
6   9   6   8   0.0000000002
6   9   6   9   0.5694730337
6   9   6   10   0.0000000154
6   9   6   11   0.0064381769
6   9   6   12   0.0000000039
6   9   7   8   -0.0000000000
6   9   7   9   0.0000000003
6   9   7   10   -0.0000000000
6   9   7   11   0.0000000000
6   9   7   12   -0.0000000000
6   10   1   13   -0.0149667816
6   10   1   14   -0.0000000000
6   10   2   13   -0.0000000369
6   10   2   14   -0.0000000000
6   10   3   13   0.0612503480
6   10   3   14   0.0000000001
6   10   4   13   0.0000000003
6   10   4   14   0.0000000000
6   10   5   13   -0.0002314505
6   10   5   14   -0.0000000000
6   10   6   8   0.0062635597
6   10   6   9   0.0000000154
6   10   6   10   0.4197707937
6   10   6   11   -0.0000000001
6   10   6   12   -0.0122923124
6   10   7   8   0.0000000000
6   10   7   9   -0.0000000000
6   10   7   10   0.0000000002
6   10   7   11   0.0000000000
6   10   7   12   -0.0000000000
6   11   1   13   0.0000000367
6   11   1   14   -0.0000000000
6   11   2   13   -0.0149279610
6   11   2   14   -0.0000000000
6   11   3   13   0.0000000003
6   11   3   14   0.0000000000
6   11   4   13   0.0562665652
6   11   4   14   0.0000000001
6   11   5   13   -0.0000000003
6   11   5   14   -0.0000000000
6   11   6   8   -0.0000000158
6   11   6   9   0.0064381769
6   11   6   10   -0.0000000001
6   11   6   11   0.4192756511
6   11   6   12   -0.0000000002
6   11   7   8   -0.0000000000
6   11   7   9   0.0000000000
6   11   7   10   0.0000000000
6   11   7   11   0.0000000002
6   11   7   12   -0.0000000000
6   12   1   13   -0.0005831665
6   12   1   14   0.0000000000
6   12   2   13   -0.0000000014
6   12   2   14   0.0000000000
6   12   3   13   -0.0002314505
6   12   3   14   -0.0000000000
6   12   4   13   -0.0000000003
6   12   4   14   -0.0000000000
6   12   5   13   0.0079300832
6   12   5   14   0.0000000001
6   12   6   8   0.0015813605
6   12   6   9   0.0000000039
6   12   6   10   -0.0122923124
6   12   6   11   -0.0000000002
6   12   6   12   0.4003515555
6   12   7   8   0.0000000000
6   12   7   9   -0.0000000000
6   12   7   10   -0.0000000000
6   12   7   11   -0.0000000000
6   12   7   12   0.0000000003
6   13   1   8   0.0122379155
6   13   1   9   0.0000000001
6   13   1   10   -0.0141010298
6   13   1   11   0.0000000343
6   13   1   12   -0.0004653307
6   13   2   8   0.0000000001
6   13   2   9   0.0121962285
6   13   2   10   -0.0000000347
6   13   2   11   -0.0139440264
6   13   2   12   -0.0000000011
6   13   3   8   -0.0141010298
6   13   3   9   -0.0000000347
6   13   3   10   0.0598161200
6   13   3   11   0.0000000003
6   13   3   12   0.0006776451
6   13   4   8   0.0000000343
6   13   4   9   -0.0139440264
6   13   4   10   0.0000000003
6   13   4   11   0.0570317461
6   13   4   12   -0.0000000002
6   13   5   8   -0.0004653307
6   13   5   9   -0.0000000011
6   13   5   10   0.0006776451
6   13   5   11   -0.0000000002
6   13   5   12   0.0134849855
6   13   6   13   0.4189843311
6   13   6   14   0.0000000010
6   13   7   13   0.0000000010
6   13   7   14   0.0134542591
6   14   1   8   0.0000000000
6   14   1   9   0.0000000000
6   14   1   10   -0.0000000000
6   14   1   12   0.0000000000
6   14   2   8   0.0000000000
6   14   2   9   0.0000000000
6   14   2   11   -0.0000000000
6   14   2   12   0.0000000000
6   14   3   8   -0.0000000000
6   14   3   10   0.0000000001
6   14   3   11   0.0000000001
6   14   3   12   -0.0000000000
6   14   4   9   -0.0000000000
6   14   4   10   0.0000000001
6   14   4   11   0.0000000001
6   14   4   12   -0.0000000000
6   14   5   8   0.0000000000
6   14   5   9   0.0000000000
6   14   5   10   -0.0000000000
6   14   5   11   -0.0000000000
6   14   5   12   0.0000000001
6   14   6   13   0.0000000010
6   14   6   14   0.3994305329
6   14   7   13   0.0060995385
6   14   7   14   -0.0000000005
7   8   1   13   0.0000000000
7   8   1   14   0.0149429786
7   8   2   13   0.0000000000
7   8   2   14   0.0000000001
7   8   3   13   -0.0000000000
7   8   3   14   -0.0149667816
7   8   4   13   -0.0000000000
7   8   4   14   0.0000000367
7   8   5   13   0.0000000000
7   8   5   14   -0.0005831665
7   8   6   8   0.0000000003
7   8   6   9   -0.0000000000
7   8   6   10   0.0000000000
7   8   6   11   -0.0000000000
7   8   6   12   0.0000000000
7   8   7   8   0.5694725913
7   8   7   9   0.0000000002
7   8   7   10   0.0062635597
7   8   7   11   -0.0000000158
7   8   7   12   0.0015813605
7   9   1   13   0.0000000000
7   9   1   14   0.0000000001
7   9   2   13   0.0000000000
7   9   2   14   0.0149068163
7   9   3   13   -0.0000000000
7   9   3   14   -0.0000000369
7   9   4   13   -0.0000000000
7   9   4   14   -0.0149279610
7   9   5   13   0.0000000000
7   9   5   14   -0.0000000014
7   9   6   8   -0.0000000000
7   9   6   9   0.0000000003
7   9   6   10   -0.0000000000
7   9   6   11   0.0000000000
7   9   6   12   -0.0000000000
7   9   7   8   0.0000000002
7   9   7   9   0.5694730331
7   9   7   10   0.0000000154
7   9   7   11   0.0064381769
7   9   7   12   0.0000000039
7   10   1   13   -0.0000000000
7   10   1   14   -0.0149667816
7   10   2   13   -0.0000000000
7   10   2   14   -0.0000000369
7   10   3   13   0.0000000001
7   10   3   14   0.0612503478
7   10   4   13   0.0000000000
7   10   4   14   0.0000000002
7   10   5   13   -0.0000000000
7   10   5   14   -0.0002314504
7   10   6   8   0.0000000000
7   10   6   9   -0.0000000000
7   10   6   10   0.0000000002
7   10   6   11   0.0000000000
7   10   6   12   -0.0000000000
7   10   7   8   0.0062635597
7   10   7   9   0.0000000154
7   10   7   10   0.4197707932
7   10   7   11   -0.0000000001
7   10   7   12   -0.0122923124
7   11   1   13   -0.0000000000
7   11   1   14   0.0000000367
7   11   2   13   -0.0000000000
7   11   2   14   -0.0149279610
7   11   3   13   0.0000000000
7   11   3   14   0.0000000002
7   11   4   13   0.0000000001
7   11   4   14   0.0562665650
7   11   5   13   -0.0000000000
7   11   5   14   -0.0000000003
7   11   6   8   -0.0000000000
7   11   6   9   0.0000000000
7   11   6   10   0.0000000000
7   11   6   11   0.0000000002
7   11   6   12   -0.0000000000
7   11   7   8   -0.0000000158
7   11   7   9   0.0064381769
7   11   7   10   -0.0000000001
7   11   7   11   0.4192756507
7   11   7   12   -0.0000000002
7   12   1   13   0.0000000000
7   12   1   14   -0.0005831665
7   12   2   13   0.0000000000
7   12   2   14   -0.0000000014
7   12   3   13   -0.0000000000
7   12   3   14   -0.0002314504
7   12   4   13   -0.0000000000
7   12   4   14   -0.0000000003
7   12   5   13   0.0000000001
7   12   5   14   0.0079300830
7   12   6   8   0.0000000000
7   12   6   9   -0.0000000000
7   12   6   10   -0.0000000000
7   12   6   11   -0.0000000000
7   12   6   12   0.0000000003
7   12   7   8   0.0015813605
7   12   7   9   0.0000000039
7   12   7   10   -0.0122923124
7   12   7   11   -0.0000000002
7   12   7   12   0.4003515549
7   13   1   8   0.0000000000
7   13   1   9   0.0000000000
7   13   1   10   -0.0000000000
7   13   1   12   0.0000000000
7   13   2   8   0.0000000000
7   13   2   9   0.0000000000
7   13   2   11   -0.0000000000
7   13   2   12   0.0000000000
7   13   3   8   -0.0000000000
7   13   3   10   0.0000000001
7   13   3   11   0.0000000001
7   13   3   12   -0.0000000000
7   13   4   9   -0.0000000000
7   13   4   10   0.0000000001
7   13   4   11   0.0000000001
7   13   4   12   -0.0000000000
7   13   5   8   0.0000000000
7   13   5   9   0.0000000000
7   13   5   10   -0.0000000000
7   13   5   11   -0.0000000000
7   13   5   12   0.0000000001
7   13   6   13   0.0000000010
7   13   6   14   0.0060995385
7   13   7   13   0.3994305329
7   13   7   14   -0.0000000005
7   14   1   8   0.0122379154
7   14   1   9   0.0000000001
7   14   1   10   -0.0141010298
7   14   1   11   0.0000000343
7   14   1   12   -0.0004653308
7   14   2   8   0.0000000001
7   14   2   9   0.0121962285
7   14   2   10   -0.0000000347
7   14   2   11   -0.0139440264
7   14   2   12   -0.0000000011
7   14   3   8   -0.0141010298
7   14   3   9   -0.0000000347
7   14   3   10   0.0598161198
7   14   3   11   0.0000000001
7   14   3   12   0.0006776451
7   14   4   8   0.0000000343
7   14   4   9   -0.0139440264
7   14   4   10   0.0000000001
7   14   4   11   0.0570317459
7   14   4   12   -0.0000000001
7   14   5   8   -0.0004653308
7   14   5   9   -0.0000000011
7   14   5   10   0.0006776451
7   14   5   11   -0.0000000001
7   14   5   12   0.0134849852
7   14   6   13   0.0134542591
7   14   6   14   -0.0000000005
7   14   7   13   -0.0000000005
7   14   7   14   0.4189843301

End IJKL Block
Begin ABCD Block
1   4   1   4   0.4160321298
1   4   1   5   0.0000000007
1   4   2   4   0.0000000007
1   4   2   5   0.0159273649
1   4   3   6   0.0169404093
1   5   1   4   0.0000000007
1   5   1   5   0.3860726616
1   5   2   4   0.0140321057
1   5   2   5   -0.0000000007
1   5   3   6   0.0000000000
1   6   1   6   0.3968109622
1   6   2   6   0.0000000000
1   6   3   4   0.0153037934
2   4   1   4   0.0000000007
2   4   1   5   0.0140321057
2   4   2   4   0.3860726616
2   4   2   5   -0.0000000007
2   4   3   6   0.0000000000
2   5   1   4   0.0159273649
2   5   1   5   -0.0000000007
2   5   2   4   -0.0000000007
2   5   2   5   0.4160321298
2   5   3   6   0.0169404093
2   6   1   6   0.0000000000
2   6   2   6   0.3968109622
2   6   3   5   0.0153037934
3   4   1   6   0.0153037934
3   4   3   4   0.3968109622
3   4   3   5   0.0000000000
3   5   2   6   0.0153037934
3   5   3   4   0.0000000000
3   5   3   5   0.3968109622
3   6   1   4   0.0169404093
3   6   1   5   0.0000000000
3   6   2   4   0.0000000000
3   6   2   5   0.0169404093
3   6   3   6   0.4412307031

End ABCD Block
Begin AIJB Block
1   8   1   4   0.0125906002
1   8   2   4   -0.0000000000
1   8   2   5   0.0000000000
1   8   3   4   -0.0126656822
1   8   4   4   0.0000000323
1   8   5   4   -0.0006547822
1   8   5   5   -0.0000000000
1   8   6   6   -0.0012860602
1   8   7   6   0.0008925969
1   9   1   4   -0.0000000000
1   9   1   5   0.0000000000
1   9   2   4   0.0126144792
1   9   3   4   -0.0000000312
1   9   3   5   0.0000000000
1   9   4   4   -0.0131378887
1   9   5   4   -0.0000000016
1   9   5   5   -0.0000000000
1   9   6   6   -0.0000000032
1   9   7   6   0.0000000022
1   10   1   4   -0.0126656822
1   10   2   4   -0.0000000312
1   10   2   5   0.0000000000
1   10   3   4   0.0596801642
1   10   3   5   -0.0000000000
1   10   4   4   0.0000000002
1   10   4   5   -0.0000000000
1   10   5   4   0.0048793620
1   10   5   5   0.0000000000
1   10   6   6   -0.0095022044
1   10   7   6   0.0065950556
1   11   1   4   0.0000000323
1   11   2   4   -0.0131378887
1   11   3   4   0.0000000002
1   11   3   5   -0.0000000000
1   11   4   4   0.0662999123
1   11   4   5   -0.0000000000
1   11   5   4   0.0000000001
1   11   5   5   0.0000000000
1   11   6   6   0.0000000000
1   12   1   4   -0.0006547822
1   12   1   5   -0.0000000000
1   12   2   4   -0.0000000016
1   12   2   5   -0.0000000000
1   12   3   4   0.0048793620
1   12   3   5   0.0000000000
1   12   4   4   0.0000000001
1   12   4   5   0.0000000000
1   12   5   4   0.0258532783
1   12   5   5   -0.0000000000
1   12   6   6   0.1514413662
1   12   7   6   -0.1051086885
1   13   1   6   0.0013658905
1   13   2   6   0.0000000034
1   13   3   6   -0.0050008130
1   13   4   6   -0.0000000009
1   13   5   6   0.0148844526
1   13   6   4   0.1692174286
1   13   6   5   -0.0981953239
1   13   7   4   -0.0981953229
1   13   7   5   0.0491564376
1   14   1   6   -0.0009480036
1   14   2   6   -0.0000000023
1   14   3   6   0.0034708409
1   14   4   6   0.0000000006
1   14   5   6   -0.0103306338
1   14   6   4   -0.0981953229
1   14   6   5   -0.1224839904
1   14   7   4   0.0958898794
1   14   7   5   0.0981953236
2   8   1   5   0.0125906002
2   8   2   4   0.0000000000
2   8   2   5   -0.0000000000
2   8   3   5   -0.0126656822
2   8   4   5   0.0000000323
2   8   5   4   -0.0000000000
2   8   5   5   -0.0006547822
2   8   6   6   0.0008925970
2   8   7   6   0.0012860602
2   9   1   4   0.0000000000
2   9   1   5   -0.0000000000
2   9   2   5   0.0126144792
2   9   3   4   0.0000000000
2   9   3   5   -0.0000000312
2   9   4   5   -0.0131378887
2   9   5   4   -0.0000000000
2   9   5   5   -0.0000000016
2   9   6   6   0.0000000022
2   9   7   6   0.0000000032
2   10   1   5   -0.0126656822
2   10   2   4   0.0000000000
2   10   2   5   -0.0000000312
2   10   3   4   -0.0000000000
2   10   3   5   0.0596801642
2   10   4   4   -0.0000000000
2   10   4   5   0.0000000002
2   10   5   4   0.0000000000
2   10   5   5   0.0048793619
2   10   6   6   0.0065950557
2   10   7   6   0.0095022044
2   11   1   5   0.0000000323
2   11   2   5   -0.0131378887
2   11   3   4   -0.0000000000
2   11   3   5   0.0000000002
2   11   4   4   -0.0000000000
2   11   4   5   0.0662999124
2   11   5   4   0.0000000000
2   11   5   5   0.0000000001
2   11   6   6   -0.0000000000
2   11   7   6   -0.0000000000
2   12   1   4   -0.0000000000
2   12   1   5   -0.0006547822
2   12   2   4   -0.0000000000
2   12   2   5   -0.0000000016
2   12   3   4   0.0000000000
2   12   3   5   0.0048793619
2   12   4   4   0.0000000000
2   12   4   5   0.0000000001
2   12   5   4   -0.0000000000
2   12   5   5   0.0258532783
2   12   6   6   -0.1051086886
2   12   7   6   -0.1514413661
2   13   1   6   -0.0009480036
2   13   2   6   -0.0000000023
2   13   3   6   0.0034708410
2   13   4   6   0.0000000006
2   13   5   6   -0.0103306338
2   13   6   4   -0.0981953239
2   13   6   5   0.0958898797
2   13   7   4   -0.1224839904
2   13   7   5   0.0981953231
2   14   1   6   -0.0013658905
2   14   2   6   -0.0000000034
2   14   3   6   0.0050008130
2   14   4   6   0.0000000009
2   14   5   6   -0.0148844526
2   14   6   4   0.0491564376
2   14   6   5   0.0981953231
2   14   7   4   0.0981953236
2   14   7   5   0.1692174285
3   8   1   6   0.0139737513
3   8   2   6   -0.0000000002
3   8   3   6   -0.0131022273
3   8   4   6   0.0000000340
3   8   5   6   -0.0007206417
3   8   6   4   0.0013658905
3   8   6   5   -0.0009480036
3   8   7   4   -0.0009480036
3   8   7   5   -0.0013658905
3   9   1   6   -0.0000000002
3   9   2   6   0.0140323259
3   9   3   6   -0.0000000322
3   9   4   6   -0.0138094952
3   9   5   6   -0.0000000018
3   9   6   4   0.0000000034
3   9   6   5   -0.0000000023
3   9   7   4   -0.0000000023
3   9   7   5   -0.0000000034
3   10   1   6   -0.0131022273
3   10   2   6   -0.0000000322
3   10   3   6   0.0610741814
3   10   4   6   -0.0000000001
3   10   5   6   -0.0108432722
3   10   6   4   -0.0050008130
3   10   6   5   0.0034708410
3   10   7   4   0.0034708409
3   10   7   5   0.0050008130
3   11   1   6   0.0000000340
3   11   2   6   -0.0138094952
3   11   3   6   -0.0000000001
3   11   4   6   0.0667720202
3   11   5   6   0.0000000004
3   11   6   4   -0.0000000009
3   11   6   5   0.0000000006
3   11   7   4   0.0000000006
3   11   7   5   0.0000000009
3   12   1   6   -0.0007206417
3   12   2   6   -0.0000000018
3   12   3   6   -0.0108432722
3   12   4   6   0.0000000004
3   12   5   6   0.2211578281
3   12   6   4   0.0148844526
3   12   6   5   -0.0103306338
3   12   7   4   -0.0103306338
3   12   7   5   -0.0148844526
3   13   1   4   -0.0012860602
3   13   1   5   0.0008925970
3   13   2   4   -0.0000000032
3   13   2   5   0.0000000022
3   13   3   4   -0.0095022044
3   13   3   5   0.0065950557
3   13   4   4   0.0000000000
3   13   4   5   -0.0000000000
3   13   5   4   0.1514413662
3   13   5   5   -0.1051086886
3   13   6   6   0.0273404736
3   14   1   4   0.0008925969
3   14   1   5   0.0012860602
3   14   2   4   0.0000000022
3   14   2   5   0.0000000032
3   14   3   4   0.0065950556
3   14   3   5   0.0095022044
3   14   4   5   -0.0000000000
3   14   5   4   -0.1051086885
3   14   5   5   -0.1514413661
3   14   7   6   0.0273404736

1   8   8   1   -0.5432545330
1   8   8   2   0.0000000000
1   8   9   1   -0.0000000007
1   8   9   2   -0.0000000000
1   8   10   1   -0.0050012027
1   8   10   2   0.0000000000
1   8   11   1   0.0000000128
1   8   12   1   -0.0010834618
1   8   12   2   -0.0000000000
1   8   13   3   -0.0015065250
1   8   14   3   0.0010456117
1   9   8   1   -0.0000000007
1   9   8   2   -0.0000000000
1   9   9   1   -0.5432542624
1   9   9   2   0.0000000000
1   9   10   1   -0.0000000123
1   9   11   1   -0.0051885271
1   9   11   2   0.0000000000
1   9   12   1   -0.0000000027
1   9   12   2   -0.0000000000
1   9   13   3   -0.0000000037
1   9   14   3   0.0000000026
1   10   8   1   -0.0050012027
1   10   8   2   0.0000000000
1   10   9   1   -0.0000000123
1   10   10   1   -0.4188753181
1   10   10   2   -0.0000000000
1   10   11   1   -0.0000000004
1   10   11   2   0.0000000000
1   10   12   1   0.0070105173
1   10   12   2   0.0000000000
1   10   13   3   0.0056993606
1   10   14   3   -0.0039556717
1   11   8   1   0.0000000128
1   11   9   1   -0.0051885271
1   11   9   2   0.0000000000
1   11   10   1   -0.0000000004
1   11   10   2   0.0000000000
1   11   11   1   -0.4221188182
1   11   11   2   -0.0000000000
1   11   12   1   0.0000000000
1   11   12   2   -0.0000000000
1   11   13   3   -0.0000000002
1   11   14   3   0.0000000001
1   12   8   1   -0.0010834618
1   12   8   2   -0.0000000000
1   12   9   1   -0.0000000027
1   12   9   2   -0.0000000000
1   12   10   1   0.0070105173
1   12   10   2   0.0000000000
1   12   11   1   0.0000000000
1   12   11   2   -0.0000000000
1   12   12   1   -0.4050275743
1   12   13   3   -0.0149729939
1   12   14   3   0.0103920863
1   13   8   3   -0.0014514790
1   13   9   3   -0.0000000035
1   13   10   3   0.0061020954
1   13   11   3   0.0000000000
1   13   12   3   -0.0166262011
1   13   13   1   -0.4324981345
1   13   13   2   0.0184874676
1   13   14   1   0.0184874667
1   13   14   2   0.0077489101
1   14   8   3   0.0010074068
1   14   9   3   0.0000000025
1   14   10   3   -0.0042351918
1   14   11   3   -0.0000000000
1   14   12   3   0.0115395036
1   14   13   1   0.0184874667
1   14   13   2   0.0060566442
1   14   14   1   -0.4186925836
1   14   14   2   -0.0184874675
2   8   8   1   0.0000000000
2   8   8   2   -0.5432545330
2   8   9   1   -0.0000000000
2   8   9   2   -0.0000000007
2   8   10   1   0.0000000000
2   8   10   2   -0.0050012028
2   8   11   2   0.0000000128
2   8   12   1   -0.0000000000
2   8   12   2   -0.0010834618
2   8   13   3   0.0010456117
2   8   14   3   0.0015065250
2   9   8   1   -0.0000000000
2   9   8   2   -0.0000000007
2   9   9   1   0.0000000000
2   9   9   2   -0.5432542624
2   9   10   2   -0.0000000123
2   9   11   1   0.0000000000
2   9   11   2   -0.0051885271
2   9   12   1   -0.0000000000
2   9   12   2   -0.0000000027
2   9   13   3   0.0000000026
2   9   14   3   0.0000000037
2   10   8   1   0.0000000000
2   10   8   2   -0.0050012028
2   10   9   2   -0.0000000123
2   10   10   1   -0.0000000000
2   10   10   2   -0.4188753181
2   10   11   1   0.0000000000
2   10   11   2   -0.0000000004
2   10   12   1   0.0000000000
2   10   12   2   0.0070105173
2   10   13   3   -0.0039556717
2   10   14   3   -0.0056993606
2   11   8   2   0.0000000128
2   11   9   1   0.0000000000
2   11   9   2   -0.0051885271
2   11   10   1   0.0000000000
2   11   10   2   -0.0000000004
2   11   11   1   -0.0000000000
2   11   11   2   -0.4221188182
2   11   12   1   -0.0000000000
2   11   12   2   0.0000000000
2   11   13   3   0.0000000002
2   11   14   3   0.0000000002
2   12   8   1   -0.0000000000
2   12   8   2   -0.0010834618
2   12   9   1   -0.0000000000
2   12   9   2   -0.0000000027
2   12   10   1   0.0000000000
2   12   10   2   0.0070105173
2   12   11   1   -0.0000000000
2   12   11   2   0.0000000000
2   12   12   2   -0.4050275743
2   12   13   3   0.0103920863
2   12   14   3   0.0149729939
2   13   8   3   0.0010074068
2   13   9   3   0.0000000025
2   13   10   3   -0.0042351919
2   13   11   3   0.0000000000
2   13   12   3   0.0115395036
2   13   13   1   0.0184874676
2   13   13   2   -0.4186925839
2   13   14   1   0.0060566442
2   13   14   2   -0.0184874670
2   14   8   3   0.0014514790
2   14   9   3   0.0000000035
2   14   10   3   -0.0061020954
2   14   11   3   -0.0000000000
2   14   12   3   0.0166262011
2   14   13   1   0.0077489101
2   14   13   2   -0.0184874670
2   14   14   1   -0.0184874675
2   14   14   2   -0.4324981342
3   8   8   3   -0.5651491131
3   8   9   3   0.0000000006
3   8   10   3   -0.0054166375
3   8   11   3   0.0000000144
3   8   12   3   -0.0042700605
3   8   13   1   -0.0014514790
3   8   13   2   0.0010074068
3   8   14   1   0.0010074068
3   8   14   2   0.0014514790
3   9   8   3   0.0000000006
3   9   9   3   -0.5651477888
3   9   10   3   -0.0000000133
3   9   11   3   -0.0058215906
3   9   12   3   -0.0000000105
3   9   13   1   -0.0000000035
3   9   13   2   0.0000000025
3   9   14   1   0.0000000025
3   9   14   2   0.0000000035
3   10   8   3   -0.0054166375
3   10   9   3   -0.0000000133
3   10   10   3   -0.4323355685
3   10   11   3   0.0000000004
3   10   12   3   0.0191781938
3   10   13   1   0.0061020954
3   10   13   2   -0.0042351919
3   10   14   1   -0.0042351918
3   10   14   2   -0.0061020954
3   11   8   3   0.0000000144
3   11   9   3   -0.0058215906
3   11   10   3   0.0000000004
3   11   11   3   -0.4325559304
3   11   12   3   0.0000000000
3   11   13   1   0.0000000000
3   11   13   2   0.0000000000
3   11   14   1   -0.0000000000
3   11   14   2   -0.0000000000
3   12   8   3   -0.0042700605
3   12   9   3   -0.0000000105
3   12   10   3   0.0191781938
3   12   11   3   0.0000000000
3   12   12   3   -0.4538273791
3   12   13   1   -0.0166262011
3   12   13   2   0.0115395036
3   12   14   1   0.0115395036
3   12   14   2   0.0166262011
3   13   8   1   -0.0015065250
3   13   8   2   0.0010456117
3   13   9   1   -0.0000000037
3   13   9   2   0.0000000026
3   13   10   1   0.0056993606
3   13   10   2   -0.0039556717
3   13   11   1   -0.0000000002
3   13   11   2   0.0000000002
3   13   12   1   -0.0149729939
3   13   12   2   0.0103920863
3   13   13   3   -0.4171179843
3   13   14   3   -0.0000000001
3   14   8   1   0.0010456117
3   14   8   2   0.0015065250
3   14   9   1   0.0000000026
3   14   9   2   0.0000000037
3   14   10   1   -0.0039556717
3   14   10   2   -0.0056993606
3   14   11   1   0.0000000001
3   14   11   2   0.0000000002
3   14   12   1   0.0103920863
3   14   12   2   0.0149729939
3   14   13   3   -0.0000000001
3   14   14   3   -0.4171179841

End AIJB Block
Begin IJKA Block
1   8   1   6   -0.0000001926
1   8   2   6   0.0268092562
1   8   3   6   -0.0000000210
1   8   4   6   0.0033777707
1   8   5   6   0.0000000630
1   8   6   4   0.0000000528
1   8   6   5   -0.0000000366
1   8   7   4   -0.0000000366
1   8   7   5   -0.0000000528
1   9   1   6   0.0244845910
1   9   2   6   0.0000000660
1   9   3   6   0.0042532797
1   9   4   6   0.0000000000
1   9   5   6   -0.0128125313
1   9   6   4   -0.0107172181
1   9   6   5   0.0074383425
1   9   7   4   0.0074383424
1   9   7   5   0.0107172181
1   10   1   6   -0.0000001561
1   10   2   6   0.0315656733
1   10   3   6   -0.0000000022
1   10   4   6   0.0018773001
1   10   5   6   -0.0000000329
1   10   6   4   -0.0000000275
1   10   6   5   0.0000000191
1   10   7   4   0.0000000191
1   10   7   5   0.0000000275
1   11   1   6   0.0295236225
1   11   2   6   -0.0000000002
1   11   3   6   0.0005915775
1   11   4   6   -0.0000000041
1   11   5   6   0.0140374471
1   11   6   4   0.0116237458
1   11   6   5   -0.0080675228
1   11   7   4   -0.0080675228
1   11   7   5   -0.0116237458
1   12   1   6   0.0000016168
1   12   2   6   -0.3276057740
1   12   3   6   0.0000000087
1   12   4   6   -0.0034988899
1   12   5   6   -0.0000000012
1   12   6   4   -0.0000000014
1   12   6   5   0.0000000009
1   12   7   4   0.0000000009
1   12   7   5   0.0000000014
1   13   1   4   0.0000013712
1   13   1   5   -0.0000009516
1   13   2   4   -0.2780494841
1   13   2   5   0.1929817288
1   13   3   4   0.0000000074
1   13   3   5   -0.0000000051
1   13   4   4   -0.0028906510
1   13   4   5   0.0020062717
1   13   5   4   -0.0000000028
1   13   5   5   0.0000000019
1   13   6   6   0.0000000041
1   14   1   4   -0.0000009517
1   14   1   5   -0.0000013712
1   14   2   4   0.1929817283
1   14   2   5   0.2780494840
1   14   3   4   -0.0000000051
1   14   3   5   -0.0000000074
1   14   4   4   0.0020062717
1   14   4   5   0.0028906510
1   14   5   4   0.0000000020
1   14   5   5   0.0000000028
1   14   7   6   0.0000000041
2   8   1   6   0.0268106415
2   8   2   6   0.0000000718
2   8   3   6   0.0042442350
2   8   4   6   0.0000000000
2   8   5   6   -0.0127500596
2   8   6   4   -0.0106922947
2   8   6   5   0.0074210442
2   8   7   4   0.0074210442
2   8   7   5   0.0106922947
2   9   1   6   0.0000000660
2   9   2   6   0.0244954075
2   9   3   6   0.0000000209
2   9   4   6   0.0033731756
2   9   5   6   -0.0000000630
2   9   6   4   -0.0000000528
2   9   6   5   0.0000000367
2   9   7   4   0.0000000366
2   9   7   5   0.0000000528
2   10   1   6   0.0315655974
2   10   2   6   0.0000001552
2   10   3   6   0.0008972859
2   10   4   6   0.0000000046
2   10   5   6   0.0132825820
2   10   6   4   0.0111589262
2   10   6   5   -0.0077449123
2   10   7   4   -0.0077449123
2   10   7   5   -0.0111589262
2   11   1   6   -0.0000000002
2   11   2   6   0.0295138973
2   11   3   6   0.0000000014
2   11   4   6   0.0016513613
2   11   5   6   0.0000000346
2   11   6   4   0.0000000287
2   11   6   5   -0.0000000199
2   11   7   4   -0.0000000199
2   11   7   5   -0.0000000287
2   12   1   6   -0.3276002265
2   12   2   6   -0.0000016136
2   12   3   6   -0.0035136919
2   12   4   6   -0.0000000086
2   12   5   6   0.0005107049
2   12   6   4   0.0005465189
2   12   6   5   -0.0003793144
2   12   7   4   -0.0003793144
2   12   7   5   -0.0005465189
2   13   1   4   -0.2780454411
2   13   1   5   0.1929789228
2   13   2   4   -0.0000013706
2   13   2   5   0.0000009513
2   13   3   4   -0.0029650895
2   13   3   5   0.0020579362
2   13   4   4   -0.0000000071
2   13   4   5   0.0000000049
2   13   5   4   0.0011404058
2   13   5   5   -0.0007915048
2   13   6   6   -0.0016621300
2   13   7   6   -0.0000000000
2   14   1   4   0.1929789222
2   14   1   5   0.2780454410
2   14   2   4   0.0000009512
2   14   2   5   0.0000013706
2   14   3   4   0.0020579362
2   14   3   5   0.0029650895
2   14   4   4   0.0000000049
2   14   4   5   0.0000000071
2   14   5   4   -0.0007915048
2   14   5   5   -0.0011404058
2   14   6   6   -0.0000000000
2   14   7   6   -0.0016621300
3   8   1   6   -0.0000000219
3   8   2   6   0.0044388837
3   8   3   6   0.0000000018
3   8   4   6   0.0028958950
3   8   5   6   -0.0000000366
3   8   6   4   -0.0000000289
3   8   6   5   0.0000000201
3   8   7   4   0.0000000201
3   8   7   5   0.0000000289
3   9   1   6   0.0044481331
3   9   2   6   0.0000000219
3   9   3   6   -0.0007196353
3   9   4   6   0.0000000071
3   9   5   6   0.0147796455
3   9   6   4   0.0117165860
3   9   6   5   -0.0081319590
3   9   7   4   -0.0081319590
3   9   7   5   -0.0117165860
3   10   1   6   -0.0000000021
3   10   2   6   0.0008570670
3   10   3   6   -0.0000000004
3   10   4   6   0.0111963297
3   10   5   6   0.0000000000
3   10   6   4   0.0000000000
3   10   6   5   0.0000000001
3   10   7   4   -0.0000000002
3   10   7   5   -0.0000000001
3   11   1   6   0.0005095810
3   11   2   6   0.0000000012
3   11   3   6   0.0227014260
3   11   4   6   -0.0000000002
3   11   5   6   -0.0624167323
3   11   6   4   -0.0506185266
3   11   6   5   0.0351320587
3   11   7   4   0.0351320584
3   11   7   5   0.0506185266
3   12   1   6   0.0000000096
3   12   2   6   -0.0038763013
3   12   3   6   0.0000000026
3   12   4   6   -0.2091936743
3   12   5   6   -0.0000000002
3   12   6   4   0.0000000001
3   12   6   5   -0.0000000001
3   12   7   4   -0.0000000000
3   12   7   5   -0.0000000001
3   13   1   4   0.0000000083
3   13   1   5   -0.0000000058
3   13   2   4   -0.0033651537
3   13   2   5   0.0023356029
3   13   3   4   0.0000000017
3   13   3   5   -0.0000000011
3   13   4   4   -0.1777340854
3   13   4   5   0.1233572908
3   13   5   4   -0.0000000001
3   13   5   5   0.0000000001
3   13   6   6   -0.0000000005
3   13   7   6   -0.0000000000
3   14   1   4   -0.0000000058
3   14   1   5   -0.0000000083
3   14   2   4   0.0023356028
3   14   2   5   0.0033651536
3   14   3   4   -0.0000000012
3   14   3   5   -0.0000000017
3   14   4   4   0.1233572905
3   14   4   5   0.1777340854
3   14   5   4   0.0000000000
3   14   5   5   0.0000000001
3   14   6   6   -0.0000000000
3   14   7   6   -0.0000000005
4   8   1   6   0.0035465088
4   8   2   6   0.0000000000
4   8   3   6   0.0029338889
4   8   4   6   -0.0000000045
4   8   5   6   0.0142964768
4   8   6   4   0.0116725802
4   8   6   5   -0.0081014166
4   8   7   4   -0.0081014166
4   8   7   5   -0.0116725802
4   9   1   6   0.0000000000
4   9   2   6   0.0035427148
4   9   3   6   0.0000000072
4   9   4   6   0.0018371046
4   9   5   6   0.0000000352
4   9   6   4   0.0000000288
4   9   6   5   -0.0000000200
4   9   7   4   -0.0000000200
4   9   7   5   -0.0000000288
4   10   1   6   0.0017817894
4   10   2   6   0.0000000044
4   10   3   6   0.0105527889
4   10   4   6   -0.0000000002
4   10   5   6   -0.0530251206
4   10   6   4   -0.0476718669
4   10   6   5   0.0330869138
4   10   7   4   0.0330869135
4   10   7   5   0.0476718668
4   11   1   6   -0.0000000039
4   11   2   6   0.0015707672
4   11   3   6   -0.0000000001
4   11   4   6   0.0112011494
4   11   5   6   -0.0000000008
4   11   6   4   -0.0000000008
4   11   6   5   0.0000000007
4   11   7   4   0.0000000004
4   11   7   5   0.0000000008
4   12   1   6   -0.0038938918
4   12   2   6   -0.0000000096
4   12   3   6   -0.2094561543
4   12   4   6   -0.0000000009
4   12   5   6   -0.0357961859
4   12   6   4   -0.0031130066
4   12   6   5   0.0021605989
4   12   7   4   0.0021605989
4   12   7   5   0.0031130066
4   13   1   4   -0.0033590990
4   13   1   5   0.0023314006
4   13   2   4   -0.0000000083
4   13   2   5   0.0000000057
4   13   3   4   -0.1775156215
4   13   3   5   0.1232056647
4   13   4   4   -0.0000000015
4   13   4   5   0.0000000011
4   13   5   4   -0.0288096628
4   13   5   5   0.0199955003
4   13   6   6   0.0027090775
4   13   7   6   0.0000000000
4   14   1   4   0.0023314006
4   14   1   5   0.0033590990
4   14   2   4   0.0000000058
4   14   2   5   0.0000000083
4   14   3   4   0.1232056645
4   14   3   5   0.1775156214
4   14   4   4   0.0000000010
4   14   4   5   0.0000000015
4   14   5   4   0.0199955002
4   14   5   5   0.0288096628
4   14   6   6   0.0000000000
4   14   7   6   0.0027090774
5   8   1   6   0.0000000745
5   8   2   6   -0.0150795258
5   8   3   6   -0.0000000398
5   8   4   6   0.0156555106
5   8   5   6   -0.0000000015
5   8   6   4   -0.0000000012
5   8   6   5   0.0000000008
5   8   7   4   0.0000000008
5   8   7   5   0.0000000012
5   9   1   6   -0.0151359592
5   9   2   6   -0.0000000745
5   9   3   6   0.0160991145
5   9   4   6   0.0000000386
5   9   5   6   0.0006004978
5   9   6   4   0.0004753342
5   9   6   5   -0.0003299082
5   9   7   4   -0.0003299082
5   9   7   5   -0.0004753342
5   10   1   6   -0.0000000330
5   10   2   6   0.0133448245
5   10   3   6   0.0000000004
5   10   4   6   -0.0544241486
5   10   5   6   -0.0000000005
5   10   6   4   -0.0000000001
5   10   6   5   0.0000000000
5   10   7   4   0.0000000001
5   10   7   5   0.0000000001
5   11   1   6   0.0139599212
5   11   2   6   0.0000000345
5   11   3   6   -0.0638002787
5   11   4   6   -0.0000000004
5   11   5   6   0.0147834473
5   11   6   4   -0.0019598340
5   11   6   5   0.0013602332
5   11   7   4   0.0013602333
5   11   7   5   0.0019598340
5   12   1   6   -0.0000000002
5   12   2   6   0.0000888113
5   12   3   6   0.0000000004
5   12   4   6   -0.0360890697
5   12   5   6   0.0000000038
5   12   6   5   0.0000000000
5   12   7   4   -0.0000000001
5   12   7   5   -0.0000000000
5   13   1   4   -0.0000000020
5   13   1   5   0.0000000014
5   13   2   4   0.0008278168
5   13   2   5   -0.0005745507
5   13   3   4   0.0000000001
5   13   3   5   -0.0000000001
5   13   4   4   -0.0284044300
5   13   4   5   0.0197142464
5   13   5   4   0.0000000021
5   13   5   5   -0.0000000014
5   13   6   6   0.0000000007
5   13   7   6   -0.0000000001
5   14   1   4   0.0000000014
5   14   1   5   0.0000000020
5   14   2   4   -0.0005745506
5   14   2   5   -0.0008278168
5   14   3   4   -0.0000000001
5   14   3   5   -0.0000000002
5   14   4   4   0.0197142462
5   14   4   5   0.0284044300
5   14   5   4   -0.0000000016
5   14   5   5   -0.0000000022
5   14   6   6   -0.0000000001
5   14   7   6   0.0000000008
6   8   1   4   0.0000000629
6   8   1   5   -0.0000000437
6   8   2   4   -0.0127586155
6   8   2   5   0.0088551852
6   8   3   4   -0.0000000319
6   8   3   5   0.0000000221
6   8   4   4   0.0128825608
6   8   4   5   -0.0089412101
6   8   5   4   -0.0000000021
6   8   5   5   0.0000000014
6   8   6   6   0.0000000014
6   8   7   6   -0.0000000000
6   9   1   4   -0.0127784714
6   9   1   5   0.0088689663
6   9   2   4   -0.0000000630
6   9   2   5   0.0000000437
6   9   3   4   0.0129199670
6   9   3   5   -0.0089671720
6   9   4   4   0.0000000318
6   9   4   5   -0.0000000221
6   9   5   4   0.0008391043
6   9   5   5   -0.0005823848
6   9   6   6   -0.0005747371
6   9   7   6   -0.0000000000
6   10   1   4   -0.0000000279
6   10   1   5   0.0000000193
6   10   2   4   0.0112864149
6   10   2   5   -0.0078333965
6   10   3   4   0.0000000003
6   10   3   5   -0.0000000002
6   10   4   4   -0.0484498903
6   10   4   5   0.0336269051
6   10   5   4   -0.0000000002
6   10   5   5   0.0000000001
6   10   6   6   -0.0000000003
6   10   7   6   -0.0000000000
6   11   1   4   0.0116245414
6   11   1   5   -0.0080680750
6   11   2   4   0.0000000287
6   11   2   5   -0.0000000200
6   11   3   4   -0.0510280498
6   11   3   5   0.0354162904
6   11   4   4   -0.0000000006
6   11   4   5   0.0000000005
6   11   5   4   -0.0035552280
6   11   5   5   0.0024675250
6   11   6   6   0.0195951767
6   11   7   6   0.0000000000
6   12   1   4   -0.0000000007
6   12   1   5   0.0000000005
6   12   2   4   0.0002965711
6   12   2   5   -0.0002058368
6   12   3   4   -0.0000000001
6   12   3   5   0.0000000001
6   12   4   4   -0.0039210009
6   12   4   5   0.0027213917
6   12   5   4   0.0000000010
6   12   5   5   -0.0000000006
6   12   6   6   0.0000000003
6   12   7   6   -0.0000000001
6   13   1   6   0.0000000037
6   13   2   6   -0.0014759923
6   13   3   6   0.0000000002
6   13   4   6   0.0034977067
6   13   5   6   0.0000000023
6   13   6   4   0.0000000003
6   13   6   5   -0.0000000001
6   13   7   4   0.0000000002
6   13   7   5   0.0000000003
6   14   3   6   0.0000000000
6   14   4   6   -0.0000000000
6   14   5   6   -0.0000000001
6   14   6   4   -0.0000000004
6   14   6   5   -0.0000000004
6   14   7   4   0.0000000001
6   14   7   5   0.0000000001
7   8   1   4   -0.0000000437
7   8   1   5   -0.0000000629
7   8   2   4   0.0088551852
7   8   2   5   0.0127586155
7   8   3   4   0.0000000221
7   8   3   5   0.0000000319
7   8   4   4   -0.0089412101
7   8   4   5   -0.0128825608
7   8   5   4   0.0000000014
7   8   5   5   0.0000000021
7   8   6   6   -0.0000000000
7   8   7   6   0.0000000014
7   9   1   4   0.0088689663
7   9   1   5   0.0127784714
7   9   2   4   0.0000000437
7   9   2   5   0.0000000630
7   9   3   4   -0.0089671720
7   9   3   5   -0.0129199670
7   9   4   4   -0.0000000221
7   9   4   5   -0.0000000318
7   9   5   4   -0.0005823848
7   9   5   5   -0.0008391043
7   9   6   6   -0.0000000000
7   9   7   6   -0.0005747371
7   10   1   4   0.0000000194
7   10   1   5   0.0000000279
7   10   2   4   -0.0078333965
7   10   2   5   -0.0112864149
7   10   3   4   -0.0000000003
7   10   3   5   -0.0000000003
7   10   4   4   0.0336269049
7   10   4   5   0.0484498903
7   10   5   4   0.0000000001
7   10   5   5   0.0000000002
7   10   6   6   -0.0000000000
7   10   7   6   -0.0000000003
7   11   1   4   -0.0080680750
7   11   1   5   -0.0116245414
7   11   2   4   -0.0000000199
7   11   2   5   -0.0000000287
7   11   3   4   0.0354162902
7   11   3   5   0.0510280498
7   11   4   4   0.0000000004
7   11   4   5   0.0000000006
7   11   5   4   0.0024675250
7   11   5   5   0.0035552280
7   11   6   6   0.0000000000
7   11   7   6   0.0195951767
7   12   1   4   0.0000000005
7   12   1   5   0.0000000007
7   12   2   4   -0.0002058368
7   12   2   5   -0.0002965711
7   12   3   4   0.0000000001
7   12   3   5   0.0000000001
7   12   4   4   0.0027213915
7   12   4   5   0.0039210009
7   12   5   4   -0.0000000009
7   12   5   5   -0.0000000011
7   12   6   6   -0.0000000001
7   12   7   6   0.0000000005
7   13   3   6   0.0000000000
7   13   4   6   -0.0000000000
7   13   5   6   -0.0000000001
7   13   6   4   -0.0000000002
7   13   6   5   -0.0000000000
7   13   7   4   0.0000000005
7   13   7   5   -0.0000000002
7   14   1   6   0.0000000037
7   14   2   6   -0.0014759923
7   14   3   6   0.0000000002
7   14   4   6   0.0034977067
7   14   5   6   0.0000000025
7   14   6   4   -0.0000000001
7   14   6   5   0.0000000001
7   14   7   4   -0.0000000003
7   14   7   5   -0.0000000004

End IJKA Block
Begin IABC Block
1   4   1   6   0.0000000040
1   4   3   4   0.0000000008
1   4   3   5   -0.0000000000
1   5   2   6   0.0000000040
1   5   3   4   -0.0000000000
1   5   3   5   0.0000000008
1   6   1   4   0.0000000038
1   6   2   5   0.0000000038
1   6   3   6   0.0000000080
2   4   1   6   -0.0016183548
2   4   3   4   -0.0003202164
2   4   3   5   -0.0000000000
2   5   2   6   -0.0016183548
2   5   3   4   -0.0000000000
2   5   3   5   -0.0003202164
2   6   1   4   -0.0015429590
2   6   1   5   0.0000000000
2   6   2   4   0.0000000000
2   6   2   5   -0.0015429590
2   6   3   6   -0.0032151507
3   4   1   6   0.0000000005
3   4   2   6   0.0000000000
3   4   3   4   -0.0000000001
3   4   3   5   0.0000000000
3   5   1   6   0.0000000000
3   5   2   6   0.0000000005
3   5   3   4   0.0000000000
3   5   3   5   -0.0000000001
3   6   1   4   0.0000000002
3   6   1   5   -0.0000000001
3   6   2   4   -0.0000000001
3   6   2   5   0.0000000003
3   6   3   6   -0.0000000002
4   4   1   6   0.0061070773
4   4   2   6   -0.0000000000
4   4   3   4   0.0186051865
4   4   3   5   0.0000000000
4   5   1   6   -0.0000000000
4   5   2   6   0.0061070773
4   5   3   4   0.0000000000
4   5   3   5   0.0186051865
4   6   1   4   0.0043787990
4   6   1   5   -0.0000000000
4   6   2   4   -0.0000000000
4   6   2   5   0.0043787990
4   6   3   6   0.0260139501
5   4   1   6   0.0000000005
5   4   2   6   -0.0000000000
5   4   3   4   -0.0000000001
5   4   3   5   -0.0000000000
5   5   1   6   -0.0000000000
5   5   2   6   0.0000000005
5   5   3   4   -0.0000000000
5   5   3   5   -0.0000000001
5   6   1   4   0.0000000011
5   6   1   5   -0.0000000000
5   6   2   4   -0.0000000000
5   6   2   5   0.0000000011
5   6   3   6   0.0000000021
6   4   1   4   -0.0000000009
6   4   1   5   0.0000000002
6   4   2   4   0.0000000003
6   4   2   5   -0.0000000000
6   4   3   6   -0.0000000016
6   5   1   4   -0.0000000000
6   5   1   5   -0.0000000005
6   5   2   4   -0.0000000004
6   5   2   5   0.0000000006
6   5   3   6   0.0000000011
6   6   1   6   0.0000000005
6   6   2   6   -0.0000000004
6   6   3   4   -0.0000000006
6   6   3   5   0.0000000004
7   4   1   4   0.0000000007
7   4   1   5   0.0000000004
7   4   2   4   0.0000000005
7   4   2   5   0.0000000000
7   4   3   6   0.0000000012
7   5   1   4   0.0000000000
7   5   1   5   0.0000000004
7   5   2   4   0.0000000003
7   5   2   5   0.0000000009
7   5   3   6   0.0000000016
7   6   1   6   -0.0000000003
7   6   2   6   -0.0000000005
7   6   3   4   0.0000000005
7   6   3   5   0.0000000006

End IABC Block
