0   1   5   6       0.167525484181
0   1   6   5      -0.167525484171
0   2   4   5       0.159928748624
0   2   5   4      -0.159928748631
1   0   5   6      -0.167525484181
1   0   6   5       0.167525484171
1   2   4   6       0.159928748620
1   2   6   4      -0.159928748621
2   0   4   5      -0.159928748624
2   0   5   4       0.159928748631
2   1   4   6      -0.159928748620
2   1   6   4       0.159928748621
0   103   5   12      -0.774388673569
0   103   5   13       0.156888521690
0   103   6   12       0.156888522609
0   103   6   13      -0.085217058179
0   104   5   12      -0.156888515801
0   104   5   13      -0.260823062355
0   104   6   12      -0.428348548548
0   104   6   13       0.156888516065
0   105   4   12       0.430975449682
0   105   4   13      -0.093493532180
0   105   5   11       0.271046701644
0   105   6   11      -0.058799436340
1   103   5   12      -0.156888515817
1   103   5   13      -0.428348548306
1   103   6   12      -0.260823062567
1   103   6   13       0.156888515879
1   104   5   12      -0.085217058110
1   104   5   13      -0.156888521617
1   104   6   12      -0.156888522435
1   104   6   13      -0.774388673772
1   105   4   12       0.093493532092
1   105   4   13       0.430975449739
1   105   5   11       0.058799436297
1   105   6   11       0.271046701666
2   103   4   12       0.271046701627
2   103   4   13      -0.058799436341
2   103   5   11       0.430975449679
2   103   6   11      -0.093493532175
2   104   4   12       0.058799436301
2   104   4   13       0.271046701666
2   104   5   11       0.093493532092
2   104   6   11       0.430975449737
2   105   4   11      -0.729611111983
0   103   12   5       0.774388673569
0   103   12   6      -0.156888522609
0   103   13   5      -0.156888521690
0   103   13   6       0.085217058179
0   104   12   5       0.156888515801
0   104   12   6       0.428348548548
0   104   13   5       0.260823062355
0   104   13   6      -0.156888516065
0   105   11   5      -0.271046701644
0   105   11   6       0.058799436340
0   105   12   4      -0.430975449682
0   105   13   4       0.093493532180
1   103   12   5       0.156888515817
1   103   12   6       0.260823062567
1   103   13   5       0.428348548306
1   103   13   6      -0.156888515879
1   104   12   5       0.085217058110
1   104   12   6       0.156888522435
1   104   13   5       0.156888521617
1   104   13   6       0.774388673772
1   105   11   5      -0.058799436297
1   105   11   6      -0.271046701666
1   105   12   4      -0.093493532092
1   105   13   4      -0.430975449739
2   103   11   5      -0.430975449679
2   103   11   6       0.093493532175
2   103   12   4      -0.271046701627
2   103   13   4       0.058799436341
2   104   11   5      -0.093493532092
2   104   11   6      -0.430975449737
2   104   12   4      -0.058799436301
2   104   13   4      -0.271046701666
2   105   11   4       0.729611111983
0   111   5   12       0.078354934868
1   112   6   13      -0.078354934888
2   107   4   11       0.063969474983
0   111   12   5      -0.078354934868
1   112   13   6       0.078354934888
2   107   11   4      -0.063969474983
4   105   4   11       0.063969474983
8   103   5   12       0.078354934868
9   104   6   13      -0.078354934892
4   105   11   4      -0.063969474983
8   103   12   5      -0.078354934868
9   104   13   6       0.078354934892
103   0   5   12       0.774388673569
103   0   5   13      -0.156888521690
103   0   6   12      -0.156888522609
103   0   6   13       0.085217058179
103   1   5   12       0.156888515817
103   1   5   13       0.428348548306
103   1   6   12       0.260823062567
103   1   6   13      -0.156888515879
103   2   4   12      -0.271046701627
103   2   4   13       0.058799436341
103   2   5   11      -0.430975449679
103   2   6   11       0.093493532175
104   0   5   12       0.156888515801
104   0   5   13       0.260823062355
104   0   6   12       0.428348548548
104   0   6   13      -0.156888516065
104   1   5   12       0.085217058110
104   1   5   13       0.156888521617
104   1   6   12       0.156888522435
104   1   6   13       0.774388673772
104   2   4   12      -0.058799436301
104   2   4   13      -0.271046701666
104   2   5   11      -0.093493532092
104   2   6   11      -0.430975449737
105   0   4   12      -0.430975449682
105   0   4   13       0.093493532180
105   0   5   11      -0.271046701644
105   0   6   11       0.058799436340
105   1   4   12      -0.093493532092
105   1   4   13      -0.430975449739
105   1   5   11      -0.058799436297
105   1   6   11      -0.271046701666
105   2   4   11       0.729611111983
103   0   12   5      -0.774388673569
103   0   12   6       0.156888522609
103   0   13   5       0.156888521690
103   0   13   6      -0.085217058179
103   1   12   5      -0.156888515817
103   1   12   6      -0.260823062567
103   1   13   5      -0.428348548306
103   1   13   6       0.156888515879
103   2   11   5       0.430975449679
103   2   11   6      -0.093493532175
103   2   12   4       0.271046701627
103   2   13   4      -0.058799436341
104   0   12   5      -0.156888515801
104   0   12   6      -0.428348548548
104   0   13   5      -0.260823062355
104   0   13   6       0.156888516065
104   1   12   5      -0.085217058110
104   1   12   6      -0.156888522435
104   1   13   5      -0.156888521617
104   1   13   6      -0.774388673772
104   2   11   5       0.093493532092
104   2   11   6       0.430975449737
104   2   12   4       0.058799436301
104   2   13   4       0.271046701666
105   0   11   5       0.271046701644
105   0   11   6      -0.058799436340
105   0   12   4       0.430975449682
105   0   13   4      -0.093493532180
105   1   11   5       0.058799436297
105   1   11   6       0.271046701666
105   1   12   4       0.093493532092
105   1   13   4       0.430975449739
105   2   11   4      -0.729611111983
103   8   5   12      -0.078354934868
104   9   6   13       0.078354934892
105   4   4   11      -0.063969474983
103   8   12   5       0.078354934868
104   9   13   6      -0.078354934892
105   4   11   4       0.063969474983
103   104   12   13       0.167525484181
103   104   13   12      -0.167525484171
103   105   11   12       0.159928748624
103   105   12   11      -0.159928748631
104   103   12   13      -0.167525484181
104   103   13   12       0.167525484171
104   105   11   13       0.159928748620
104   105   13   11      -0.159928748621
105   103   11   12      -0.159928748624
105   103   12   11       0.159928748631
105   104   11   13      -0.159928748620
105   104   13   11       0.159928748621
107   2   4   11      -0.063969474983
111   0   5   12      -0.078354934868
112   1   6   13       0.078354934888
107   2   11   4       0.063969474983
111   0   12   5       0.078354934868
112   1   13   6      -0.078354934888

