Begin IJ Block
1   1   -26.0237832036
1   2   0.0000014937
1   3   0.4780291549
1   4   -0.0005222532
1   5   -0.0602444468
2   2   -26.0239838823
2   3   0.0005046824
2   4   0.4944997466
2   5   -0.0000637348
3   3   -6.9442963000
3   4   0.0000007299
3   5   -0.2225604241
4   4   -6.9068634886
4   5   -0.0000004355
5   5   -6.4488803227
6   6   -6.3713535812
6   7   -0.0000000000
7   7   -6.3713535812

End IJ Block
Begin IA Block
1   3   -0.0000797781
2   3   0.0754181547
3   3   0.0000006170
4   3   -0.4162188584
5   3   0.0000005652
6   1   0.0000004487
6   2   -0.0000002655
7   1   -0.0000002656
7   2   -0.0000004489

End IA Block
Begin AB Block
1   1   -6.1942914196
1   2   -0.0000000000
2   2   -6.1942914196
3   3   -6.3818252254

End AB Block
Begin IJAB Block
1   8   1   4   0.0136646987
1   8   2   5   0.0136646987
1   8   3   6   0.0164007681
1   9   1   4   -0.0000000373
1   9   1   5   -0.0000000000
1   9   2   4   -0.0000000000
1   9   2   5   -0.0000000373
1   9   3   6   -0.0000000984
1   10   1   4   0.0135923644
1   10   1   5   0.0000000000
1   10   2   4   0.0000000000
1   10   2   5   0.0135923644
1   10   3   6   0.0140166839
1   11   1   4   -0.0000153564
1   11   1   5   0.0000000000
1   11   2   4   0.0000000000
1   11   2   5   -0.0000153564
1   11   3   6   -0.0000157908
1   12   1   4   -0.0017216590
1   12   2   5   -0.0017216590
1   12   3   6   -0.0009027617
1   13   1   6   0.0027733434
1   13   2   6   -0.0016409864
1   13   3   4   -0.0017258081
1   13   3   5   0.0010211601
1   14   1   6   -0.0016409864
1   14   2   6   -0.0027733434
1   14   3   4   0.0010211601
1   14   3   5   0.0017258081
2   8   1   4   -0.0000000373
2   8   1   5   -0.0000000000
2   8   2   4   -0.0000000000
2   8   2   5   -0.0000000373
2   8   3   6   -0.0000000984
2   9   1   4   0.0137051159
2   9   2   5   0.0137051159
2   9   3   6   0.0164968365
2   10   1   4   0.0000143571
2   10   1   5   0.0000000000
2   10   2   4   0.0000000000
2   10   2   5   0.0000143571
2   10   3   6   0.0000148030
2   11   1   4   0.0145469880
2   11   1   5   0.0000000000
2   11   2   4   0.0000000000
2   11   2   5   0.0145469880
2   11   3   6   0.0149564320
2   12   1   4   -0.0000018220
2   12   2   5   -0.0000018220
2   12   3   6   -0.0000009573
2   13   1   6   0.0000029316
2   13   2   6   -0.0000017346
2   13   3   4   -0.0000018250
2   13   3   5   0.0000010798
2   14   1   6   -0.0000017346
2   14   2   6   -0.0000029316
2   14   3   4   0.0000010798
2   14   3   5   0.0000018250
3   8   1   4   0.0135923644
3   8   1   5   0.0000000000
3   8   2   4   0.0000000000
3   8   2   5   0.0135923644
3   8   3   6   0.0140166839
3   9   1   4   0.0000143571
3   9   1   5   0.0000000000
3   9   2   4   0.0000000000
3   9   2   5   0.0000143571
3   9   3   6   0.0000148030
3   10   1   4   0.0581682912
3   10   1   5   -0.0000000000
3   10   2   4   -0.0000000000
3   10   2   5   0.0581682912
3   10   3   6   0.0640991395
3   11   1   4   0.0000000189
3   11   1   5   0.0000000000
3   11   2   4   0.0000000000
3   11   2   5   0.0000000189
3   11   3   6   0.0000000201
3   12   1   4   -0.0078530584
3   12   2   5   -0.0078530584
3   12   3   6   0.0233708159
3   13   1   6   0.0114211185
3   13   2   6   -0.0067578722
3   13   3   4   0.0203752886
3   13   3   5   -0.0120560518
3   14   1   6   -0.0067578722
3   14   2   6   -0.0114211185
3   14   3   4   -0.0120560518
3   14   3   5   -0.0203752886
4   8   1   4   -0.0000153564
4   8   1   5   0.0000000000
4   8   2   4   0.0000000000
4   8   2   5   -0.0000153564
4   8   3   6   -0.0000157908
4   9   1   4   0.0145469880
4   9   1   5   0.0000000000
4   9   2   4   0.0000000000
4   9   2   5   0.0145469880
4   9   3   6   0.0149564320
4   10   1   4   0.0000000189
4   10   1   5   0.0000000000
4   10   2   4   0.0000000000
4   10   2   5   0.0000000189
4   10   3   6   0.0000000201
4   11   1   4   0.0659597004
4   11   1   5   -0.0000000000
4   11   2   4   -0.0000000000
4   11   2   5   0.0659597003
4   11   3   6   0.0653981366
4   12   1   4   -0.0000000175
4   12   2   5   -0.0000000175
4   12   3   6   0.0000000201
4   13   1   6   0.0000000128
4   13   2   6   -0.0000000076
4   13   3   4   0.0000000252
4   13   3   5   -0.0000000149
4   14   1   6   -0.0000000076
4   14   2   6   -0.0000000128
4   14   3   4   -0.0000000149
4   14   3   5   -0.0000000252
5   8   1   4   -0.0017216590
5   8   2   5   -0.0017216590
5   8   3   6   -0.0009027617
5   9   1   4   -0.0000018220
5   9   2   5   -0.0000018220
5   9   3   6   -0.0000009573
5   10   1   4   -0.0078530584
5   10   2   5   -0.0078530584
5   10   3   6   0.0233708159
5   11   1   4   -0.0000000175
5   11   2   5   -0.0000000175
5   11   3   6   0.0000000201
5   12   1   4   0.0220641818
5   12   2   5   0.0220641818
5   12   3   6   0.1929037125
5   13   1   6   0.0166582024
5   13   2   6   -0.0098566531
5   13   3   4   0.1404346311
5   13   3   5   -0.0830951266
5   14   1   6   -0.0098566531
5   14   2   6   -0.0166582024
5   14   3   4   -0.0830951266
5   14   3   5   -0.1404346311
6   8   1   6   -0.0017258081
6   8   2   6   0.0010211601
6   8   3   4   0.0027733434
6   8   3   5   -0.0016409864
6   9   1   6   -0.0000018250
6   9   2   6   0.0000010798
6   9   3   4   0.0000029316
6   9   3   5   -0.0000017346
6   10   1   6   0.0203752886
6   10   2   6   -0.0120560518
6   10   3   4   0.0114211185
6   10   3   5   -0.0067578722
6   11   1   6   0.0000000252
6   11   2   6   -0.0000000149
6   11   3   4   0.0000000128
6   11   3   5   -0.0000000076
6   12   1   6   0.1404346311
6   12   2   6   -0.0830951266
6   12   3   4   0.0166582024
6   12   3   5   -0.0098566531
6   13   1   4   0.1702000998
6   13   1   5   -0.0868759663
6   13   2   4   -0.0868759663
6   13   2   5   0.0747801540
6   13   3   6   0.0242988342
6   14   1   4   -0.0868759652
6   14   1   5   -0.1240521398
6   14   2   4   0.0286321979
6   14   2   5   0.0868759652
7   8   1   6   0.0010211601
7   8   2   6   0.0017258081
7   8   3   4   -0.0016409864
7   8   3   5   -0.0027733434
7   9   1   6   0.0000010798
7   9   2   6   0.0000018250
7   9   3   4   -0.0000017346
7   9   3   5   -0.0000029316
7   10   1   6   -0.0120560518
7   10   2   6   -0.0203752886
7   10   3   4   -0.0067578722
7   10   3   5   -0.0114211185
7   11   1   6   -0.0000000149
7   11   2   6   -0.0000000252
7   11   3   4   -0.0000000076
7   11   3   5   -0.0000000128
7   12   1   6   -0.0830951266
7   12   2   6   -0.1404346311
7   12   3   4   -0.0098566531
7   12   3   5   -0.0166582024
7   13   1   4   -0.0868759652
7   13   1   5   0.0286321979
7   13   2   4   -0.1240521398
7   13   2   5   0.0868759652
7   14   1   4   0.0747801540
7   14   1   5   0.0868759663
7   14   2   4   0.0868759663
7   14   2   5   0.1702000998
7   14   3   6   0.0242988342

End IJAB Block
Begin IJKL Block
1   8   1   8   2.1683710933
1   8   1   9   -0.0040993782
1   8   1   10   -0.1964664800
1   8   1   11   0.0006456500
1   8   1   12   0.0198095647
1   8   2   8   -0.0040993782
1   8   2   9   1.9383923990
1   8   2   10   0.0002083807
1   8   2   11   -0.2035060375
1   8   2   12   -0.0000171242
1   8   3   8   -0.1964664800
1   8   3   9   0.0002083807
1   8   3   10   0.0286345954
1   8   3   11   -0.0000624053
1   8   3   12   -0.0022977476
1   8   4   8   0.0006456500
1   8   4   9   -0.2035060375
1   8   4   10   -0.0000624053
1   8   4   11   0.0308818853
1   8   4   12   0.0000081313
1   8   5   8   0.0198095647
1   8   5   9   -0.0000171242
1   8   5   10   -0.0022977476
1   8   5   11   0.0000081313
1   8   5   12   0.0111470084
1   8   6   13   0.0118016537
1   8   7   14   0.0118016537
1   9   1   8   -0.0040993782
1   9   1   9   2.1684428068
1   9   1   10   0.0002086708
1   9   1   11   -0.2038552530
1   9   1   12   -0.0000133390
1   9   2   8   1.9383917805
1   9   2   9   0.0040991826
1   9   2   10   -0.1967586923
1   9   2   11   -0.0002154568
1   9   2   12   0.0162191542
1   9   3   8   0.0002083853
1   9   3   9   -0.1964891552
1   9   3   10   -0.0000000744
1   9   3   11   0.0295001630
1   9   3   12   0.0000000114
1   9   4   8   -0.2035036816
1   9   4   9   -0.0002150846
1   9   4   10   0.0295116583
1   9   4   11   0.0000000592
1   9   4   12   -0.0038394460
1   9   5   8   -0.0000171251
1   9   5   9   0.0198005690
1   9   5   10   0.0000000114
1   9   5   11   -0.0038550229
1   9   5   12   0.0000001195
1   9   6   13   0.0000000615
1   9   6   14   -0.0000000000
1   9   7   13   -0.0000000000
1   9   7   14   0.0000000615
1   10   1   8   -0.1964664800
1   10   1   9   0.0002086708
1   10   1   10   0.5977206669
1   10   1   11   -0.0007842150
1   10   1   12   0.0085941449
1   10   2   8   0.0002083853
1   10   2   9   -0.1967630069
1   10   2   10   -0.0000010818
1   10   2   11   0.3708031229
1   10   2   12   0.0000001067
1   10   3   8   0.0305571645
1   10   3   9   -0.0000000953
1   10   3   10   -0.0080190062
1   10   3   11   0.0000093171
1   10   3   12   0.0011638511
1   10   4   8   -0.0000665100
1   10   4   9   0.0314465012
1   10   4   10   0.0000095729
1   10   4   11   -0.0088564388
1   10   4   12   0.0000007425
1   10   5   8   -0.0022981330
1   10   5   9   0.0000000115
1   10   5   10   0.0039378520
1   10   5   11   0.0000017527
1   10   5   12   0.0136495549
1   10   6   13   0.0138808236
1   10   7   14   0.0138808236
1   11   1   8   0.0006456500
1   11   1   9   -0.2038552530
1   11   1   10   -0.0007842150
1   11   1   11   0.6077112514
1   11   1   12   0.0001813705
1   11   2   8   -0.2035036816
1   11   2   9   -0.0002154543
1   11   2   10   0.3708153558
1   11   2   11   0.0000010319
1   11   2   12   -0.0857602876
1   11   3   8   -0.0000665100
1   11   3   9   0.0314469778
1   11   3   10   0.0000095290
1   11   3   11   -0.0092041776
1   11   3   12   -0.0000020795
1   11   4   8   0.0330079929
1   11   4   9   0.0000000754
1   11   4   10   -0.0086650081
1   11   4   11   0.0000094994
1   11   4   12   0.0002660128
1   11   5   8   0.0000086620
1   11   5   9   -0.0041066680
1   11   5   10   0.0000017831
1   11   5   11   -0.0003354584
1   11   5   12   -0.0000134709
1   11   6   13   -0.0000143980
1   11   6   14   0.0000000000
1   11   7   13   0.0000000000
1   11   7   14   -0.0000143980
1   12   1   8   0.0198095647
1   12   1   9   -0.0000133390
1   12   1   10   0.0085941449
1   12   1   11   0.0001813705
1   12   1   12   0.5782508535
1   12   2   8   -0.0000171251
1   12   2   9   0.0162199591
1   12   2   10   0.0000001067
1   12   2   11   -0.0857599464
1   12   2   12   -0.0000001544
1   12   3   8   -0.0022981330
1   12   3   9   0.0000000115
1   12   3   10   0.0012251139
1   12   3   11   -0.0000021525
1   12   3   12   -0.0057370208
1   12   4   8   0.0000086620
1   12   4   9   -0.0040899684
1   12   4   10   0.0000006745
1   12   4   11   0.0002539727
1   12   4   12   0.0000064030
1   12   5   8   0.0137036390
1   12   5   9   0.0000001081
1   12   5   10   0.0143434102
1   12   5   11   -0.0000142628
1   12   5   12   0.0010035372
1   12   6   13   -0.0009449305
1   12   7   14   -0.0009449305
1   13   1   13   0.5795606213
1   13   2   13   -0.0000002164
1   13   2   14   -0.0000000000
1   13   3   13   -0.0060264755
1   13   4   13   0.0000068395
1   13   4   14   -0.0000000000
1   13   5   13   0.0024789460
1   13   6   8   0.0144758480
1   13   6   9   0.0000000528
1   13   6   10   0.0145620988
1   13   6   11   -0.0000152191
1   13   6   12   -0.0010438987
1   13   7   9   -0.0000000000
1   13   7   11   -0.0000000000
1   14   1   14   0.5795606213
1   14   2   13   -0.0000000000
1   14   2   14   -0.0000002165
1   14   3   14   -0.0060264755
1   14   4   13   -0.0000000000
1   14   4   14   0.0000068395
1   14   5   14   0.0024789460
1   14   6   9   -0.0000000000
1   14   6   11   -0.0000000000
1   14   7   8   0.0144758480
1   14   7   9   0.0000000528
1   14   7   10   0.0145620988
1   14   7   11   -0.0000152191
1   14   7   12   -0.0010438987
2   8   1   8   -0.0040993782
2   8   1   9   1.9383917805
2   8   1   10   0.0002083853
2   8   1   11   -0.2035036816
2   8   1   12   -0.0000171251
2   8   2   8   2.1684428068
2   8   2   9   0.0040991826
2   8   2   10   -0.1964891552
2   8   2   11   -0.0002150846
2   8   2   12   0.0198005690
2   8   3   8   0.0002086708
2   8   3   9   -0.1967586923
2   8   3   10   -0.0000000744
2   8   3   11   0.0295116583
2   8   3   12   0.0000000114
2   8   4   8   -0.2038552530
2   8   4   9   -0.0002154568
2   8   4   10   0.0295001630
2   8   4   11   0.0000000592
2   8   4   12   -0.0038550229
2   8   5   8   -0.0000133390
2   8   5   9   0.0162191542
2   8   5   10   0.0000000114
2   8   5   11   -0.0038394460
2   8   5   12   0.0000001195
2   8   6   13   0.0000000615
2   8   6   14   -0.0000000000
2   8   7   13   -0.0000000000
2   8   7   14   0.0000000615
2   9   1   8   1.9383923990
2   9   1   9   0.0040991826
2   9   1   10   -0.1967630069
2   9   1   11   -0.0002154543
2   9   1   12   0.0162199591
2   9   2   8   0.0040991826
2   9   2   9   2.1685531455
2   9   2   10   -0.0006235679
2   9   2   11   -0.2038594591
2   9   2   12   0.0000552533
2   9   3   8   -0.1967630069
2   9   3   9   -0.0006235679
2   9   3   10   0.0286208867
2   9   3   11   0.0000623920
2   9   3   12   -0.0023051727
2   9   4   8   -0.0002154543
2   9   4   9   -0.2038594591
2   9   4   10   0.0000623920
2   9   4   11   0.0309032742
2   9   4   12   -0.0000081409
2   9   5   8   0.0162199591
2   9   5   9   0.0000552533
2   9   5   10   -0.0023051727
2   9   5   11   -0.0000081409
2   9   5   12   0.0110305207
2   9   6   13   0.0117355354
2   9   7   14   0.0117355354
2   10   1   8   0.0002083807
2   10   1   9   -0.1967586923
2   10   1   10   -0.0000010818
2   10   1   11   0.3708153558
2   10   1   12   0.0000001067
2   10   2   8   -0.1964891552
2   10   2   9   -0.0006235679
2   10   2   10   0.5977084447
2   10   2   11   0.0007841486
2   10   2   12   0.0085832003
2   10   3   8   -0.0000000953
2   10   3   9   0.0305579934
2   10   3   10   -0.0000084394
2   10   3   11   -0.0087964457
2   10   3   12   0.0000012295
2   10   4   8   0.0314469778
2   10   4   9   0.0000664962
2   10   4   10   -0.0090391832
2   10   4   11   -0.0000093764
2   10   4   12   -0.0006993311
2   10   5   8   0.0000000115
2   10   5   9   -0.0023057461
2   10   5   10   0.0000041685
2   10   5   11   -0.0016496935
2   10   5   12   0.0000144077
2   10   6   13   0.0000146481
2   10   6   14   0.0000000000
2   10   7   13   0.0000000000
2   10   7   14   0.0000146481
2   11   1   8   -0.2035060375
2   11   1   9   -0.0002154568
2   11   1   10   0.3708031229
2   11   1   11   0.0000010319
2   11   1   12   -0.0857599464
2   11   2   8   -0.0002150846
2   11   2   9   -0.2038594591
2   11   2   10   0.0007841486
2   11   2   11   0.6077320862
2   11   2   12   -0.0001813579
2   11   3   8   0.0314465012
2   11   3   9   0.0000664962
2   11   3   10   -0.0089971452
2   11   3   11   -0.0000097441
2   11   3   12   0.0019679596
2   11   4   8   0.0000000754
2   11   4   9   0.0330194266
2   11   4   10   -0.0000091744
2   11   4   11   -0.0090197142
2   11   4   12   0.0000002842
2   11   5   8   -0.0040899684
2   11   5   9   -0.0000086721
2   11   5   10   -0.0016785300
2   11   5   11   -0.0000003572
2   11   5   12   0.0127525010
2   11   6   13   0.0136262661
2   11   7   14   0.0136262661
2   12   1   8   -0.0000171242
2   12   1   9   0.0162191542
2   12   1   10   0.0000001067
2   12   1   11   -0.0857602876
2   12   1   12   -0.0000001544
2   12   2   8   0.0198005690
2   12   2   9   0.0000552533
2   12   2   10   0.0085832003
2   12   2   11   -0.0001813579
2   12   2   12   0.5782497752
2   12   3   8   0.0000000115
2   12   3   9   -0.0023057461
2   12   3   10   0.0000012940
2   12   3   11   0.0020370125
2   12   3   12   -0.0000060543
2   12   4   8   -0.0041066680
2   12   4   9   -0.0000086721
2   12   4   10   -0.0006350961
2   12   4   11   0.0000002716
2   12   4   12   -0.0060600559
2   12   5   8   0.0000001081
2   12   5   9   0.0135940563
2   12   5   10   0.0000151386
2   12   5   11   0.0135006239
2   12   5   12   0.0000010599
2   12   6   13   -0.0000009995
2   12   7   14   -0.0000009995
2   13   1   13   -0.0000002164
2   13   1   14   -0.0000000000
2   13   2   13   0.5795594583
2   13   3   13   -0.0000063589
2   13   3   14   -0.0000000000
2   13   4   13   -0.0064726261
2   13   4   14   -0.0000000000
2   13   5   13   0.0000026216
2   13   6   8   0.0000000528
2   13   6   9   0.0144164438
2   13   6   10   0.0000153667
2   13   6   11   0.0144031791
2   13   6   12   -0.0000011043
2   13   7   8   -0.0000000000
2   13   7   10   -0.0000000000
2   14   1   13   -0.0000000000
2   14   1   14   -0.0000002165
2   14   2   14   0.5795594583
2   14   3   13   -0.0000000000
2   14   3   14   -0.0000063589
2   14   4   14   -0.0064726261
2   14   5   14   0.0000026216
2   14   6   8   -0.0000000000
2   14   6   10   -0.0000000000
2   14   7   8   0.0000000528
2   14   7   9   0.0144164438
2   14   7   10   0.0000153667
2   14   7   11   0.0144031791
2   14   7   12   -0.0000011043
3   8   1   8   -0.1964664800
3   8   1   9   0.0002083853
3   8   1   10   0.0305571645
3   8   1   11   -0.0000665100
3   8   1   12   -0.0022981330
3   8   2   8   0.0002086708
3   8   2   9   -0.1967630069
3   8   2   10   -0.0000000953
3   8   2   11   0.0314465012
3   8   2   12   0.0000000115
3   8   3   8   0.5977206669
3   8   3   9   -0.0000010818
3   8   3   10   -0.0080190062
3   8   3   11   0.0000095729
3   8   3   12   0.0039378520
3   8   4   8   -0.0007842150
3   8   4   9   0.3708031229
3   8   4   10   0.0000093171
3   8   4   11   -0.0088564388
3   8   4   12   0.0000017527
3   8   5   8   0.0085941449
3   8   5   9   0.0000001067
3   8   5   10   0.0011638511
3   8   5   11   0.0000007425
3   8   5   12   0.0136495549
3   8   6   13   0.0138808236
3   8   7   14   0.0138808236
3   9   1   8   0.0002083807
3   9   1   9   -0.1964891552
3   9   1   10   -0.0000000953
3   9   1   11   0.0314469778
3   9   1   12   0.0000000115
3   9   2   8   -0.1967586923
3   9   2   9   -0.0006235679
3   9   2   10   0.0305579934
3   9   2   11   0.0000664962
3   9   2   12   -0.0023057461
3   9   3   8   -0.0000010818
3   9   3   9   0.5977084447
3   9   3   10   -0.0000084394
3   9   3   11   -0.0090391832
3   9   3   12   0.0000041685
3   9   4   8   0.3708153558
3   9   4   9   0.0007841486
3   9   4   10   -0.0087964457
3   9   4   11   -0.0000093764
3   9   4   12   -0.0016496935
3   9   5   8   0.0000001067
3   9   5   9   0.0085832003
3   9   5   10   0.0000012295
3   9   5   11   -0.0006993311
3   9   5   12   0.0000144077
3   9   6   13   0.0000146481
3   9   6   14   0.0000000000
3   9   7   13   0.0000000000
3   9   7   14   0.0000146481
3   10   1   8   0.0286345954
3   10   1   9   -0.0000000744
3   10   1   10   -0.0080190062
3   10   1   11   0.0000095290
3   10   1   12   0.0012251139
3   10   2   8   -0.0000000744
3   10   2   9   0.0286208867
3   10   2   10   -0.0000084394
3   10   2   11   -0.0089971452
3   10   2   12   0.0000012940
3   10   3   8   -0.0080190062
3   10   3   9   -0.0000084394
3   10   3   10   0.4550681210
3   10   3   11   -0.0000006428
3   10   3   12   0.0249754911
3   10   4   8   0.0000095290
3   10   4   9   -0.0089971452
3   10   4   10   -0.0000006428
3   10   4   11   0.2190715402
3   10   4   12   0.0000001124
3   10   5   8   0.0012251139
3   10   5   9   0.0000012940
3   10   5   10   0.0249754911
3   10   5   11   0.0000001124
3   10   5   12   0.0682153005
3   10   6   13   0.0609408573
3   10   6   14   -0.0000000000
3   10   7   13   -0.0000000000
3   10   7   14   0.0609408573
3   11   1   8   -0.0000624053
3   11   1   9   0.0295001630
3   11   1   10   0.0000093171
3   11   1   11   -0.0092041776
3   11   1   12   -0.0000021525
3   11   2   8   0.0295116583
3   11   2   9   0.0000623920
3   11   2   10   -0.0087964457
3   11   2   11   -0.0000097441
3   11   2   12   0.0020370125
3   11   3   8   0.0000095729
3   11   3   9   -0.0090391832
3   11   3   10   -0.0000006428
3   11   3   11   0.4483216380
3   11   3   12   0.0000002100
3   11   4   8   -0.0086650081
3   11   4   9   -0.0000091744
3   11   4   10   0.2209597160
3   11   4   11   0.0000006097
3   11   4   12   -0.0603099103
3   11   5   8   0.0000006745
3   11   5   9   -0.0006350961
3   11   5   10   0.0000001126
3   11   5   11   0.0008918518
3   11   5   12   -0.0000000148
3   11   6   13   -0.0000000306
3   11   7   14   -0.0000000306
3   12   1   8   -0.0022977476
3   12   1   9   0.0000000114
3   12   1   10   0.0011638511
3   12   1   11   -0.0000020795
3   12   1   12   -0.0057370208
3   12   2   8   0.0000000114
3   12   2   9   -0.0023051727
3   12   2   10   0.0000012295
3   12   2   11   0.0019679596
3   12   2   12   -0.0000060543
3   12   3   8   0.0039378520
3   12   3   9   0.0000041685
3   12   3   10   0.0249754911
3   12   3   11   0.0000002100
3   12   3   12   0.4414630837
3   12   4   8   0.0000017831
3   12   4   9   -0.0016785300
3   12   4   10   0.0000001126
3   12   4   11   -0.0605972080
3   12   4   12   -0.0000000847
3   12   5   8   0.0143434102
3   12   5   9   0.0000151386
3   12   5   10   0.0698520769
3   12   5   11   -0.0000000177
3   12   5   12   0.0182351743
3   12   6   13   -0.0013003337
3   12   7   14   -0.0013003337
3   13   1   13   -0.0060264755
3   13   2   13   -0.0000063589
3   13   2   14   -0.0000000000
3   13   3   13   0.4352721803
3   13   3   14   0.0000000000
3   13   4   13   -0.0000001283
3   13   5   13   0.0173892768
3   13   6   8   0.0145620988
3   13   6   9   0.0000153667
3   13   6   10   0.0628443132
3   13   6   11   -0.0000000295
3   13   6   12   -0.0005583667
3   13   7   9   -0.0000000000
3   13   7   10   0.0000000000
3   13   7   11   0.0000000000
3   14   1   14   -0.0060264755
3   14   2   13   -0.0000000000
3   14   2   14   -0.0000063589
3   14   3   13   0.0000000000
3   14   3   14   0.4352721804
3   14   4   14   -0.0000001283
3   14   5   14   0.0173892768
3   14   6   9   -0.0000000000
3   14   6   10   0.0000000000
3   14   6   11   0.0000000000
3   14   7   8   0.0145620988
3   14   7   9   0.0000153667
3   14   7   10   0.0628443133
3   14   7   11   -0.0000000295
3   14   7   12   -0.0005583667
4   8   1   8   0.0006456500
4   8   1   9   -0.2035036816
4   8   1   10   -0.0000665100
4   8   1   11   0.0330079929
4   8   1   12   0.0000086620
4   8   2   8   -0.2038552530
4   8   2   9   -0.0002154543
4   8   2   10   0.0314469778
4   8   2   11   0.0000000754
4   8   2   12   -0.0041066680
4   8   3   8   -0.0007842150
4   8   3   9   0.3708153558
4   8   3   10   0.0000095290
4   8   3   11   -0.0086650081
4   8   3   12   0.0000017831
4   8   4   8   0.6077112514
4   8   4   9   0.0000010319
4   8   4   10   -0.0092041776
4   8   4   11   0.0000094994
4   8   4   12   -0.0003354584
4   8   5   8   0.0001813705
4   8   5   9   -0.0857602876
4   8   5   10   -0.0000020795
4   8   5   11   0.0002660128
4   8   5   12   -0.0000134709
4   8   6   13   -0.0000143980
4   8   6   14   0.0000000000
4   8   7   13   0.0000000000
4   8   7   14   -0.0000143980
4   9   1   8   -0.2035060375
4   9   1   9   -0.0002150846
4   9   1   10   0.0314465012
4   9   1   11   0.0000000754
4   9   1   12   -0.0040899684
4   9   2   8   -0.0002154568
4   9   2   9   -0.2038594591
4   9   2   10   0.0000664962
4   9   2   11   0.0330194266
4   9   2   12   -0.0000086721
4   9   3   8   0.3708031229
4   9   3   9   0.0007841486
4   9   3   10   -0.0089971452
4   9   3   11   -0.0000091744
4   9   3   12   -0.0016785300
4   9   4   8   0.0000010319
4   9   4   9   0.6077320862
4   9   4   10   -0.0000097441
4   9   4   11   -0.0090197142
4   9   4   12   -0.0000003572
4   9   5   8   -0.0857599464
4   9   5   9   -0.0001813579
4   9   5   10   0.0019679596
4   9   5   11   0.0000002842
4   9   5   12   0.0127525010
4   9   6   13   0.0136262661
4   9   7   14   0.0136262661
4   10   1   8   -0.0000624053
4   10   1   9   0.0295116583
4   10   1   10   0.0000095729
4   10   1   11   -0.0086650081
4   10   1   12   0.0000006745
4   10   2   8   0.0295001630
4   10   2   9   0.0000623920
4   10   2   10   -0.0090391832
4   10   2   11   -0.0000091744
4   10   2   12   -0.0006350961
4   10   3   8   0.0000093171
4   10   3   9   -0.0087964457
4   10   3   10   -0.0000006428
4   10   3   11   0.2209597160
4   10   3   12   0.0000001126
4   10   4   8   -0.0092041776
4   10   4   9   -0.0000097441
4   10   4   10   0.4483216380
4   10   4   11   0.0000006097
4   10   4   12   0.0008918518
4   10   5   8   -0.0000021525
4   10   5   9   0.0020370125
4   10   5   10   0.0000002100
4   10   5   11   -0.0603099103
4   10   5   12   -0.0000000148
4   10   6   13   -0.0000000306
4   10   7   14   -0.0000000306
4   11   1   8   0.0308818853
4   11   1   9   0.0000000592
4   11   1   10   -0.0088564388
4   11   1   11   0.0000094994
4   11   1   12   0.0002539727
4   11   2   8   0.0000000592
4   11   2   9   0.0309032742
4   11   2   10   -0.0000093764
4   11   2   11   -0.0090197142
4   11   2   12   0.0000002716
4   11   3   8   -0.0088564388
4   11   3   9   -0.0000093764
4   11   3   10   0.2190715402
4   11   3   11   0.0000006097
4   11   3   12   -0.0605972080
4   11   4   8   0.0000094994
4   11   4   9   -0.0090197142
4   11   4   10   0.0000006097
4   11   4   11   0.4552952392
4   11   4   12   -0.0000001671
4   11   5   8   0.0002539727
4   11   5   9   0.0000002716
4   11   5   10   -0.0605972080
4   11   5   11   -0.0000001671
4   11   5   12   0.0650643176
4   11   6   13   0.0559282311
4   11   6   14   -0.0000000000
4   11   7   13   -0.0000000000
4   11   7   14   0.0559282311
4   12   1   8   0.0000081313
4   12   1   9   -0.0038394460
4   12   1   10   0.0000007425
4   12   1   11   0.0002660128
4   12   1   12   0.0000064030
4   12   2   8   -0.0038550229
4   12   2   9   -0.0000081409
4   12   2   10   -0.0006993311
4   12   2   11   0.0000002842
4   12   2   12   -0.0060600559
4   12   3   8   0.0000017527
4   12   3   9   -0.0016496935
4   12   3   10   0.0000001124
4   12   3   11   -0.0603099103
4   12   3   12   -0.0000000847
4   12   4   8   -0.0003354584
4   12   4   9   -0.0000003572
4   12   4   10   0.0008918518
4   12   4   11   -0.0000001671
4   12   4   12   0.4366355747
4   12   5   8   -0.0000142628
4   12   5   9   0.0135006239
4   12   5   10   -0.0000000177
4   12   5   11   0.0662801506
4   12   5   12   0.0000000441
4   12   6   13   -0.0000000011
4   12   7   14   -0.0000000011
4   13   1   13   0.0000068395
4   13   1   14   -0.0000000000
4   13   2   13   -0.0064726261
4   13   3   13   -0.0000001283
4   13   4   13   0.4317358027
4   13   4   14   0.0000000000
4   13   5   13   0.0000000544
4   13   6   8   -0.0000152191
4   13   6   9   0.0144031791
4   13   6   10   -0.0000000295
4   13   6   11   0.0555870772
4   13   6   12   0.0000000021
4   13   7   8   -0.0000000000
4   13   7   10   0.0000000000
4   13   7   11   0.0000000000
4   14   1   13   -0.0000000000
4   14   1   14   0.0000068395
4   14   2   13   -0.0000000000
4   14   2   14   -0.0064726261
4   14   3   14   -0.0000001283
4   14   4   13   0.0000000000
4   14   4   14   0.4317358027
4   14   5   14   0.0000000544
4   14   6   8   -0.0000000000
4   14   6   10   0.0000000000
4   14   6   11   0.0000000000
4   14   7   8   -0.0000152191
4   14   7   9   0.0144031791
4   14   7   10   -0.0000000295
4   14   7   11   0.0555870772
4   14   7   12   0.0000000021
5   8   1   8   0.0198095647
5   8   1   9   -0.0000171251
5   8   1   10   -0.0022981330
5   8   1   11   0.0000086620
5   8   1   12   0.0137036390
5   8   2   8   -0.0000133390
5   8   2   9   0.0162199591
5   8   2   10   0.0000000115
5   8   2   11   -0.0040899684
5   8   2   12   0.0000001081
5   8   3   8   0.0085941449
5   8   3   9   0.0000001067
5   8   3   10   0.0012251139
5   8   3   11   0.0000006745
5   8   3   12   0.0143434102
5   8   4   8   0.0001813705
5   8   4   9   -0.0857599464
5   8   4   10   -0.0000021525
5   8   4   11   0.0002539727
5   8   4   12   -0.0000142628
5   8   5   8   0.5782508535
5   8   5   9   -0.0000001544
5   8   5   10   -0.0057370208
5   8   5   11   0.0000064030
5   8   5   12   0.0010035372
5   8   6   13   -0.0009449305
5   8   7   14   -0.0009449305
5   9   1   8   -0.0000171242
5   9   1   9   0.0198005690
5   9   1   10   0.0000000115
5   9   1   11   -0.0041066680
5   9   1   12   0.0000001081
5   9   2   8   0.0162191542
5   9   2   9   0.0000552533
5   9   2   10   -0.0023057461
5   9   2   11   -0.0000086721
5   9   2   12   0.0135940563
5   9   3   8   0.0000001067
5   9   3   9   0.0085832003
5   9   3   10   0.0000012940
5   9   3   11   -0.0006350961
5   9   3   12   0.0000151386
5   9   4   8   -0.0857602876
5   9   4   9   -0.0001813579
5   9   4   10   0.0020370125
5   9   4   11   0.0000002716
5   9   4   12   0.0135006239
5   9   5   8   -0.0000001544
5   9   5   9   0.5782497752
5   9   5   10   -0.0000060543
5   9   5   11   -0.0060600559
5   9   5   12   0.0000010599
5   9   6   13   -0.0000009995
5   9   7   14   -0.0000009995
5   10   1   8   -0.0022977476
5   10   1   9   0.0000000114
5   10   1   10   0.0039378520
5   10   1   11   0.0000017831
5   10   1   12   0.0143434102
5   10   2   8   0.0000000114
5   10   2   9   -0.0023051727
5   10   2   10   0.0000041685
5   10   2   11   -0.0016785300
5   10   2   12   0.0000151386
5   10   3   8   0.0011638511
5   10   3   9   0.0000012295
5   10   3   10   0.0249754911
5   10   3   11   0.0000001126
5   10   3   12   0.0698520769
5   10   4   8   -0.0000020795
5   10   4   9   0.0019679596
5   10   4   10   0.0000002100
5   10   4   11   -0.0605972080
5   10   4   12   -0.0000000177
5   10   5   8   -0.0057370208
5   10   5   9   -0.0000060543
5   10   5   10   0.4414630837
5   10   5   11   -0.0000000847
5   10   5   12   0.0182351743
5   10   6   13   -0.0013003337
5   10   7   14   -0.0013003337
5   11   1   8   0.0000081313
5   11   1   9   -0.0038550229
5   11   1   10   0.0000017527
5   11   1   11   -0.0003354584
5   11   1   12   -0.0000142628
5   11   2   8   -0.0038394460
5   11   2   9   -0.0000081409
5   11   2   10   -0.0016496935
5   11   2   11   -0.0000003572
5   11   2   12   0.0135006239
5   11   3   8   0.0000007425
5   11   3   9   -0.0006993311
5   11   3   10   0.0000001124
5   11   3   11   0.0008918518
5   11   3   12   -0.0000000177
5   11   4   8   0.0002660128
5   11   4   9   0.0000002842
5   11   4   10   -0.0603099103
5   11   4   11   -0.0000001671
5   11   4   12   0.0662801506
5   11   5   8   0.0000064030
5   11   5   9   -0.0060600559
5   11   5   10   -0.0000000847
5   11   5   11   0.4366355747
5   11   5   12   0.0000000441
5   11   6   13   -0.0000000011
5   11   7   14   -0.0000000011
5   12   1   8   0.0111470084
5   12   1   9   0.0000001195
5   12   1   10   0.0136495549
5   12   1   11   -0.0000134709
5   12   1   12   0.0010035372
5   12   2   8   0.0000001195
5   12   2   9   0.0110305207
5   12   2   10   0.0000144077
5   12   2   11   0.0127525010
5   12   2   12   0.0000010599
5   12   3   8   0.0136495549
5   12   3   9   0.0000144077
5   12   3   10   0.0682153005
5   12   3   11   -0.0000000148
5   12   3   12   0.0182351743
5   12   4   8   -0.0000134709
5   12   4   9   0.0127525010
5   12   4   10   -0.0000000148
5   12   4   11   0.0650643176
5   12   4   12   0.0000000441
5   12   5   8   0.0010035372
5   12   5   9   0.0000010599
5   12   5   10   0.0182351743
5   12   5   11   0.0000000441
5   12   5   12   0.4467125746
5   12   6   13   0.0132658655
5   12   7   14   0.0132658655
5   13   1   13   0.0024789460
5   13   2   13   0.0000026216
5   13   3   13   0.0173892768
5   13   4   13   0.0000000544
5   13   5   13   0.4157593034
5   13   5   14   0.0000000000
5   13   6   8   -0.0010438987
5   13   6   9   -0.0000011043
5   13   6   10   -0.0005583667
5   13   6   11   0.0000000021
5   13   6   12   0.0113015242
5   14   1   14   0.0024789460
5   14   2   14   0.0000026216
5   14   3   14   0.0173892768
5   14   4   14   0.0000000544
5   14   5   13   0.0000000000
5   14   5   14   0.4157593034
5   14   7   8   -0.0010438987
5   14   7   9   -0.0000011043
5   14   7   10   -0.0005583667
5   14   7   11   0.0000000021
5   14   7   12   0.0113015242
6   8   1   13   0.0144758480
6   8   2   13   0.0000000528
6   8   2   14   -0.0000000000
6   8   3   13   0.0145620988
6   8   4   13   -0.0000152191
6   8   4   14   -0.0000000000
6   8   5   13   -0.0010438987
6   8   6   8   0.5795606213
6   8   6   9   -0.0000002164
6   8   6   10   -0.0060264755
6   8   6   11   0.0000068395
6   8   6   12   0.0024789460
6   8   7   9   -0.0000000000
6   8   7   11   -0.0000000000
6   9   1   13   0.0000000528
6   9   1   14   -0.0000000000
6   9   2   13   0.0144164438
6   9   3   13   0.0000153667
6   9   3   14   -0.0000000000
6   9   4   13   0.0144031791
6   9   5   13   -0.0000011043
6   9   6   8   -0.0000002164
6   9   6   9   0.5795594583
6   9   6   10   -0.0000063589
6   9   6   11   -0.0064726261
6   9   6   12   0.0000026216
6   9   7   8   -0.0000000000
6   9   7   10   -0.0000000000
6   9   7   11   -0.0000000000
6   10   1   13   0.0145620988
6   10   2   13   0.0000153667
6   10   2   14   -0.0000000000
6   10   3   13   0.0628443132
6   10   3   14   0.0000000000
6   10   4   13   -0.0000000295
6   10   4   14   0.0000000000
6   10   5   13   -0.0005583667
6   10   6   8   -0.0060264755
6   10   6   9   -0.0000063589
6   10   6   10   0.4352721803
6   10   6   11   -0.0000001283
6   10   6   12   0.0173892768
6   10   7   9   -0.0000000000
6   10   7   10   0.0000000000
6   11   1   13   -0.0000152191
6   11   1   14   -0.0000000000
6   11   2   13   0.0144031791
6   11   3   13   -0.0000000295
6   11   3   14   0.0000000000
6   11   4   13   0.0555870772
6   11   4   14   0.0000000000
6   11   5   13   0.0000000021
6   11   6   8   0.0000068395
6   11   6   9   -0.0064726261
6   11   6   10   -0.0000001283
6   11   6   11   0.4317358027
6   11   6   12   0.0000000544
6   11   7   8   -0.0000000000
6   11   7   11   0.0000000000
6   12   1   13   -0.0010438987
6   12   2   13   -0.0000011043
6   12   3   13   -0.0005583667
6   12   4   13   0.0000000021
6   12   5   13   0.0113015242
6   12   6   8   0.0024789460
6   12   6   9   0.0000026216
6   12   6   10   0.0173892768
6   12   6   11   0.0000000544
6   12   6   12   0.4157593034
6   12   7   12   0.0000000000
6   13   1   8   0.0118016537
6   13   1   9   0.0000000615
6   13   1   10   0.0138808236
6   13   1   11   -0.0000143980
6   13   1   12   -0.0009449305
6   13   2   8   0.0000000615
6   13   2   9   0.0117355354
6   13   2   10   0.0000146481
6   13   2   11   0.0136262661
6   13   2   12   -0.0000009995
6   13   3   8   0.0138808236
6   13   3   9   0.0000146481
6   13   3   10   0.0609408573
6   13   3   11   -0.0000000306
6   13   3   12   -0.0013003337
6   13   4   8   -0.0000143980
6   13   4   9   0.0136262661
6   13   4   10   -0.0000000306
6   13   4   11   0.0559282311
6   13   4   12   -0.0000000011
6   13   5   8   -0.0009449305
6   13   5   9   -0.0000009995
6   13   5   10   -0.0013003337
6   13   5   11   -0.0000000011
6   13   5   12   0.0132658655
6   13   6   13   0.4339124866
6   13   6   14   -0.0000000005
6   13   7   13   -0.0000000005
6   13   7   14   0.0127777200
6   14   1   9   -0.0000000000
6   14   1   11   0.0000000000
6   14   2   8   -0.0000000000
6   14   2   10   0.0000000000
6   14   3   9   0.0000000000
6   14   3   10   -0.0000000000
6   14   4   8   0.0000000000
6   14   4   11   -0.0000000000
6   14   6   13   -0.0000000005
6   14   6   14   0.4116373491
6   14   7   13   0.0094974143
6   14   7   14   0.0000000005
7   8   1   14   0.0144758480
7   8   2   13   -0.0000000000
7   8   2   14   0.0000000528
7   8   3   14   0.0145620988
7   8   4   13   -0.0000000000
7   8   4   14   -0.0000152191
7   8   5   14   -0.0010438987
7   8   6   9   -0.0000000000
7   8   6   11   -0.0000000000
7   8   7   8   0.5795606213
7   8   7   9   -0.0000002165
7   8   7   10   -0.0060264755
7   8   7   11   0.0000068395
7   8   7   12   0.0024789460
7   9   1   13   -0.0000000000
7   9   1   14   0.0000000528
7   9   2   14   0.0144164438
7   9   3   13   -0.0000000000
7   9   3   14   0.0000153667
7   9   4   14   0.0144031791
7   9   5   14   -0.0000011043
7   9   6   8   -0.0000000000
7   9   6   10   -0.0000000000
7   9   7   8   -0.0000002165
7   9   7   9   0.5795594583
7   9   7   10   -0.0000063589
7   9   7   11   -0.0064726261
7   9   7   12   0.0000026216
7   10   1   14   0.0145620988
7   10   2   13   -0.0000000000
7   10   2   14   0.0000153667
7   10   3   13   0.0000000000
7   10   3   14   0.0628443133
7   10   4   13   0.0000000000
7   10   4   14   -0.0000000295
7   10   5   14   -0.0005583667
7   10   6   9   -0.0000000000
7   10   6   10   0.0000000000
7   10   7   8   -0.0060264755
7   10   7   9   -0.0000063589
7   10   7   10   0.4352721804
7   10   7   11   -0.0000001283
7   10   7   12   0.0173892768
7   11   1   13   -0.0000000000
7   11   1   14   -0.0000152191
7   11   2   14   0.0144031791
7   11   3   13   0.0000000000
7   11   3   14   -0.0000000295
7   11   4   13   0.0000000000
7   11   4   14   0.0555870772
7   11   5   14   0.0000000021
7   11   6   8   -0.0000000000
7   11   6   11   0.0000000000
7   11   7   8   0.0000068395
7   11   7   9   -0.0064726261
7   11   7   10   -0.0000001283
7   11   7   11   0.4317358027
7   11   7   12   0.0000000544
7   12   1   14   -0.0010438987
7   12   2   14   -0.0000011043
7   12   3   14   -0.0005583667
7   12   4   14   0.0000000021
7   12   5   14   0.0113015242
7   12   6   12   0.0000000000
7   12   7   8   0.0024789460
7   12   7   9   0.0000026216
7   12   7   10   0.0173892768
7   12   7   11   0.0000000544
7   12   7   12   0.4157593034
7   13   1   9   -0.0000000000
7   13   1   11   0.0000000000
7   13   2   8   -0.0000000000
7   13   2   10   0.0000000000
7   13   3   9   0.0000000000
7   13   3   10   -0.0000000000
7   13   4   8   0.0000000000
7   13   4   11   -0.0000000000
7   13   6   13   -0.0000000005
7   13   6   14   0.0094974143
7   13   7   13   0.4116373491
7   13   7   14   0.0000000005
7   14   1   8   0.0118016537
7   14   1   9   0.0000000615
7   14   1   10   0.0138808236
7   14   1   11   -0.0000143980
7   14   1   12   -0.0009449305
7   14   2   8   0.0000000615
7   14   2   9   0.0117355354
7   14   2   10   0.0000146481
7   14   2   11   0.0136262661
7   14   2   12   -0.0000009995
7   14   3   8   0.0138808236
7   14   3   9   0.0000146481
7   14   3   10   0.0609408573
7   14   3   11   -0.0000000306
7   14   3   12   -0.0013003337
7   14   4   8   -0.0000143980
7   14   4   9   0.0136262661
7   14   4   10   -0.0000000306
7   14   4   11   0.0559282311
7   14   4   12   -0.0000000011
7   14   5   8   -0.0009449305
7   14   5   9   -0.0000009995
7   14   5   10   -0.0013003337
7   14   5   11   -0.0000000011
7   14   5   12   0.0132658655
7   14   6   13   0.0127777200
7   14   6   14   0.0000000005
7   14   7   13   0.0000000005
7   14   7   14   0.4339124865

End IJKL Block
Begin ABCD Block
1   4   1   4   0.4330452415
1   4   1   5   -0.0000000010
1   4   2   4   -0.0000000010
1   4   2   5   0.0164787128
1   4   3   6   0.0181399673
1   5   1   4   -0.0000000010
1   5   1   5   0.4012956697
1   5   2   4   0.0152708590
1   5   2   5   0.0000000010
1   6   1   6   0.4144027772
1   6   3   4   0.0172690508
2   4   1   4   -0.0000000010
2   4   1   5   0.0152708590
2   4   2   4   0.4012956697
2   4   2   5   0.0000000010
2   5   1   4   0.0164787128
2   5   1   5   0.0000000010
2   5   2   4   0.0000000010
2   5   2   5   0.4330452415
2   5   3   6   0.0181399673
2   6   2   6   0.4144027772
2   6   3   5   0.0172690508
3   4   1   6   0.0172690508
3   4   3   4   0.4144027772
3   5   2   6   0.0172690508
3   5   3   5   0.4144027772
3   6   1   4   0.0181399673
3   6   2   5   0.0181399673
3   6   3   6   0.4643220759

End ABCD Block
Begin AIJB Block
1   8   1   4   0.0127790685
1   8   2   4   -0.0000000358
1   8   3   4   0.0127102933
1   8   4   4   -0.0000142844
1   8   5   4   -0.0014518593
1   8   6   6   -0.0018630459
1   8   7   6   0.0011023636
1   9   1   4   -0.0000000358
1   9   2   4   0.0128179540
1   9   3   4   0.0000134260
1   9   4   4   0.0135321419
1   9   5   4   -0.0000015364
1   9   6   6   -0.0000019698
1   9   7   6   0.0000011655
1   10   1   4   0.0127102933
1   10   2   4   0.0000134260
1   10   3   4   0.0572516913
1   10   4   4   0.0000000159
1   10   5   4   -0.0077613111
1   10   6   6   0.0194690121
1   10   7   6   -0.0115198083
1   11   1   4   -0.0000142844
1   11   2   4   0.0135321419
1   11   3   4   0.0000000159
1   11   4   4   0.0668114735
1   11   5   4   -0.0000000187
1   11   6   6   0.0000000253
1   11   7   6   -0.0000000150
1   12   1   4   -0.0014518593
1   12   2   4   -0.0000015364
1   12   3   4   -0.0077613111
1   12   4   4   -0.0000000187
1   12   5   4   0.0229268018
1   12   6   6   0.1421256519
1   12   7   6   -0.0840957031
1   13   1   6   0.0022970050
1   13   2   6   0.0000024283
1   13   3   6   0.0087133937
1   13   4   6   0.0000000110
1   13   5   6   0.0144115232
1   13   6   4   0.1676460297
1   13   6   5   -0.0851571545
1   13   7   4   -0.0851571535
1   13   7   5   0.0316826874
1   14   1   6   -0.0013591371
1   14   2   6   -0.0000014368
1   14   3   6   -0.0051557123
1   14   4   6   -0.0000000065
1   14   5   6   -0.0085272937
1   14   6   4   -0.0851571535
1   14   6   5   -0.1252147780
1   14   7   4   0.0741139355
1   14   7   5   0.0851571545
2   8   1   5   0.0127790685
2   8   2   5   -0.0000000358
2   8   3   5   0.0127102933
2   8   4   5   -0.0000142844
2   8   5   5   -0.0014518593
2   8   6   6   0.0011023636
2   8   7   6   0.0018630459
2   9   1   5   -0.0000000358
2   9   2   5   0.0128179540
2   9   3   5   0.0000134260
2   9   4   5   0.0135321419
2   9   5   5   -0.0000015364
2   9   6   6   0.0000011655
2   9   7   6   0.0000019698
2   10   1   5   0.0127102933
2   10   2   5   0.0000134260
2   10   3   5   0.0572516913
2   10   4   5   0.0000000159
2   10   5   5   -0.0077613111
2   10   6   6   -0.0115198083
2   10   7   6   -0.0194690121
2   11   1   5   -0.0000142844
2   11   2   5   0.0135321419
2   11   3   5   0.0000000159
2   11   4   5   0.0668114735
2   11   5   5   -0.0000000187
2   11   6   6   -0.0000000150
2   11   7   6   -0.0000000253
2   12   1   5   -0.0014518593
2   12   2   5   -0.0000015364
2   12   3   5   -0.0077613111
2   12   4   5   -0.0000000187
2   12   5   5   0.0229268018
2   12   6   6   -0.0840957031
2   12   7   6   -0.1421256519
2   13   1   6   -0.0013591371
2   13   2   6   -0.0000014368
2   13   3   6   -0.0051557123
2   13   4   6   -0.0000000065
2   13   5   6   -0.0085272937
2   13   6   4   -0.0851571545
2   13   6   5   0.0741139355
2   13   7   4   -0.1252147780
2   13   7   5   0.0851571535
2   14   1   6   -0.0022970050
2   14   2   6   -0.0000024283
2   14   3   6   -0.0087133937
2   14   4   6   -0.0000000110
2   14   5   6   -0.0144115232
2   14   6   4   0.0316826874
2   14   6   5   0.0851571535
2   14   7   4   0.0851571545
2   14   7   5   0.1676460297
3   8   1   6   0.0152395597
3   8   2   6   -0.0000001002
3   8   3   6   0.0129591007
3   8   4   6   -0.0000147644
3   8   5   6   -0.0012151031
3   8   6   4   0.0022970050
3   8   6   5   -0.0013591371
3   8   7   4   -0.0013591371
3   8   7   5   -0.0022970050
3   9   1   6   -0.0000001002
3   9   2   6   0.0153366208
3   9   3   6   0.0000136863
3   9   4   6   0.0139843177
3   9   5   6   -0.0000012866
3   9   6   4   0.0000024283
3   9   6   5   -0.0000014368
3   9   7   4   -0.0000014368
3   9   7   5   -0.0000024283
3   10   1   6   0.0129591007
3   10   2   6   0.0000136863
3   10   3   6   0.0607756256
3   10   4   6   0.0000000131
3   10   5   6   0.0208029096
3   10   6   4   0.0087133937
3   10   6   5   -0.0051557123
3   10   7   4   -0.0051557123
3   10   7   5   -0.0087133937
3   11   1   6   -0.0000147644
3   11   2   6   0.0139843177
3   11   3   6   0.0000000131
3   11   4   6   0.0650084365
3   11   5   6   0.0000000181
3   11   6   4   0.0000000110
3   11   6   5   -0.0000000065
3   11   7   4   -0.0000000065
3   11   7   5   -0.0000000110
3   12   1   6   -0.0012151031
3   12   2   6   -0.0000012866
3   12   3   6   0.0208029096
3   12   4   6   0.0000000181
3   12   5   6   0.1938970794
3   12   6   4   0.0144115232
3   12   6   5   -0.0085272937
3   12   7   4   -0.0085272937
3   12   7   5   -0.0144115232
3   13   1   4   -0.0018630459
3   13   1   5   0.0011023636
3   13   2   4   -0.0000019698
3   13   2   5   0.0000011655
3   13   3   4   0.0194690121
3   13   3   5   -0.0115198083
3   13   4   4   0.0000000253
3   13   4   5   -0.0000000150
3   13   5   4   0.1421256519
3   13   5   5   -0.0840957031
3   13   6   6   0.0240667641
3   14   1   4   0.0011023636
3   14   1   5   0.0018630459
3   14   2   4   0.0000011655
3   14   2   5   0.0000019698
3   14   3   4   -0.0115198083
3   14   3   5   -0.0194690121
3   14   4   4   -0.0000000150
3   14   4   5   -0.0000000253
3   14   5   4   -0.0840957031
3   14   5   5   -0.1421256519
3   14   7   6   0.0240667641

1   8   8   1   -0.5601530190
1   8   9   1   -0.0000001604
1   8   10   1   0.0049600523
1   8   11   1   -0.0000055708
1   8   12   1   -0.0014473733
1   8   13   3   -0.0024597185
1   8   14   3   0.0014554147
1   9   8   1   -0.0000001604
1   9   9   1   -0.5601537920
1   9   10   1   0.0000052390
1   9   11   1   0.0052769541
1   9   12   1   -0.0000015302
1   9   13   3   -0.0000026001
1   9   14   3   0.0000015385
1   10   8   1   0.0049600523
1   10   9   1   0.0000052390
1   10   10   1   -0.4342186401
1   10   11   1   -0.0000000958
1   10   12   1   -0.0086187496
1   10   13   3   -0.0103348945
1   10   14   3   0.0061151538
1   11   8   1   -0.0000055708
1   11   9   1   0.0052769541
1   11   10   1   -0.0000000958
1   11   11   1   -0.4371805278
1   11   12   1   0.0000000182
1   11   13   3   -0.0000000128
1   11   14   3   0.0000000076
1   12   8   1   -0.0014473733
1   12   9   1   -0.0000015302
1   12   10   1   -0.0086187496
1   12   11   1   0.0000000182
1   12   12   1   -0.4190416756
1   12   13   3   -0.0147847373
1   12   14   3   0.0087481244
1   13   8   3   -0.0024067003
1   13   9   3   -0.0000025442
1   13   10   3   -0.0106993095
1   13   11   3   -0.0000000140
1   13   12   3   -0.0167845051
1   13   13   1   -0.4446398358
1   13   13   2   0.0167846960
1   13   14   1   0.0167846950
1   13   14   2   0.0104243705
1   14   8   3   0.0014240438
1   14   9   3   0.0000015054
1   14   10   3   0.0063307780
1   14   11   3   0.0000000083
1   14   12   3   0.0099313863
1   14   13   1   0.0167846950
1   14   13   2   0.0080110453
1   14   14   1   -0.4262044165
1   14   14   2   -0.0167846960
2   8   8   2   -0.5601530190
2   8   9   2   -0.0000001604
2   8   10   2   0.0049600523
2   8   11   2   -0.0000055708
2   8   12   2   -0.0014473733
2   8   13   3   0.0014554147
2   8   14   3   0.0024597185
2   9   8   2   -0.0000001604
2   9   9   2   -0.5601537920
2   9   10   2   0.0000052390
2   9   11   2   0.0052769541
2   9   12   2   -0.0000015302
2   9   13   3   0.0000015385
2   9   14   3   0.0000026001
2   10   8   2   0.0049600523
2   10   9   2   0.0000052390
2   10   10   2   -0.4342186401
2   10   11   2   -0.0000000958
2   10   12   2   -0.0086187496
2   10   13   3   0.0061151538
2   10   14   3   0.0103348945
2   11   8   2   -0.0000055708
2   11   9   2   0.0052769541
2   11   10   2   -0.0000000958
2   11   11   2   -0.4371805279
2   11   12   2   0.0000000182
2   11   13   3   0.0000000076
2   11   14   3   0.0000000128
2   12   8   2   -0.0014473733
2   12   9   2   -0.0000015302
2   12   10   2   -0.0086187496
2   12   11   2   0.0000000182
2   12   12   2   -0.4190416756
2   12   13   3   0.0087481244
2   12   14   3   0.0147847373
2   13   8   3   0.0014240438
2   13   9   3   0.0000015054
2   13   10   3   0.0063307780
2   13   11   3   0.0000000083
2   13   12   3   0.0099313863
2   13   13   1   0.0167846960
2   13   13   2   -0.4262044165
2   13   14   1   0.0080110453
2   13   14   2   -0.0167846950
2   14   8   3   0.0024067003
2   14   9   3   0.0000025442
2   14   10   3   0.0106993095
2   14   11   3   0.0000000140
2   14   12   3   0.0167845051
2   14   13   1   0.0104243705
2   14   13   2   -0.0167846950
2   14   14   1   -0.0167846960
2   14   14   2   -0.4446398358
3   8   8   3   -0.5898015968
3   8   9   3   -0.0000000991
3   8   10   3   0.0055085968
3   8   11   3   -0.0000068673
3   8   12   3   -0.0063535723
3   8   13   1   -0.0024067003
3   8   13   2   0.0014240438
3   8   14   1   0.0014240438
3   8   14   2   0.0024067003
3   9   8   3   -0.0000000991
3   9   9   3   -0.5897991557
3   9   10   3   0.0000058169
3   9   11   3   0.0065034830
3   9   12   3   -0.0000067167
3   9   13   1   -0.0000025442
3   9   13   2   0.0000015054
3   9   14   1   0.0000015054
3   9   14   2   0.0000025442
3   10   8   3   0.0055085968
3   10   9   3   0.0000058169
3   10   10   3   -0.4526790663
3   10   11   3   -0.0000000677
3   10   12   3   -0.0287574246
3   10   13   1   -0.0106993095
3   10   13   2   0.0063307780
3   10   14   1   0.0063307780
3   10   14   2   0.0106993095
3   11   8   3   -0.0000068673
3   11   9   3   0.0065034830
3   11   10   3   -0.0000000677
3   11   11   3   -0.4479775385
3   11   12   3   -0.0000000198
3   11   13   1   -0.0000000140
3   11   13   2   0.0000000083
3   11   14   1   0.0000000083
3   11   14   2   0.0000000140
3   12   8   3   -0.0063535723
3   12   9   3   -0.0000067167
3   12   10   3   -0.0287574246
3   12   11   3   -0.0000000198
3   12   12   3   -0.4684129694
3   12   13   1   -0.0167845051
3   12   13   2   0.0099313863
3   12   14   1   0.0099313863
3   12   14   2   0.0167845051
3   13   8   1   -0.0024597185
3   13   8   2   0.0014554147
3   13   9   1   -0.0000026001
3   13   9   2   0.0000015385
3   13   10   1   -0.0103348945
3   13   10   2   0.0061151538
3   13   11   1   -0.0000000128
3   13   11   2   0.0000000076
3   13   12   1   -0.0147847373
3   13   12   2   0.0087481244
3   13   13   3   -0.4305662975
3   14   8   1   0.0014554147
3   14   8   2   0.0024597185
3   14   9   1   0.0000015385
3   14   9   2   0.0000026001
3   14   10   1   0.0061151538
3   14   10   2   0.0103348945
3   14   11   1   0.0000000076
3   14   11   2   0.0000000128
3   14   12   1   0.0087481244
3   14   12   2   0.0147847373
3   14   14   3   -0.4305662975

End AIJB Block
Begin IJKA Block
1   8   1   6   0.0001322378
1   8   2   6   -0.0427819673
1   8   3   6   -0.0000149326
1   8   4   6   0.0055073864
1   8   5   6   -0.0000262314
1   8   6   4   -0.0000235484
1   8   6   5   0.0000139336
1   8   7   4   0.0000139336
1   8   7   5   0.0000235484
1   9   1   6   -0.0394854054
1   9   2   6   -0.0000452113
1   9   3   6   0.0070633674
1   9   4   6   0.0000000216
1   9   5   6   0.0124537661
1   9   6   4   0.0111556898
1   9   6   5   -0.0066008181
1   9   7   4   -0.0066008181
1   9   7   5   -0.0111556898
1   10   1   6   -0.0001151621
1   10   2   6   0.0544277012
1   10   3   6   0.0000012457
1   10   4   6   -0.0029821212
1   10   5   6   -0.0000138193
1   10   6   4   -0.0000120856
1   10   6   5   0.0000071510
1   10   7   4   0.0000071510
1   10   7   5   0.0000120856
1   11   1   6   0.0424103595
1   11   2   6   0.0000000872
1   11   3   6   -0.0007284254
1   11   4   6   0.0000028701
1   11   5   6   0.0140948969
1   11   6   4   0.0122489828
1   11   6   5   -0.0072477192
1   11   7   4   -0.0072477192
1   11   7   5   -0.0122489828
1   12   1   6   -0.0006336682
1   12   2   6   0.2996347679
1   12   3   6   0.0000036387
1   12   4   6   -0.0033815567
1   12   5   6   0.0000005412
1   12   6   4   0.0000013263
1   12   6   5   -0.0000007848
1   12   7   4   -0.0000007848
1   12   7   5   -0.0000013263
1   13   1   4   -0.0005797617
1   13   1   5   0.0003430448
1   13   2   4   0.2741470890
1   13   2   5   -0.1622127455
1   13   3   4   0.0000033879
1   13   3   5   -0.0000020046
1   13   4   4   -0.0030057093
1   13   4   5   0.0017784772
1   13   5   4   0.0000013288
1   13   5   5   -0.0000007863
1   13   6   6   -0.0000027924
1   14   1   4   0.0003430448
1   14   1   5   0.0005797617
1   14   2   4   -0.1622127455
1   14   2   5   -0.2741470890
1   14   3   4   -0.0000020046
1   14   3   5   -0.0000033879
1   14   4   4   0.0017784772
1   14   4   5   0.0030057093
1   14   5   4   -0.0000007863
1   14   5   5   -0.0000013288
1   14   7   6   -0.0000027924
2   8   1   6   -0.0427843244
2   8   2   6   -0.0000486991
2   8   3   6   0.0070492682
2   8   4   6   0.0000000216
2   8   5   6   0.0123515934
2   8   6   4   0.0111132031
2   8   6   5   -0.0065756788
2   8   7   4   -0.0065756788
2   8   7   5   -0.0111132031
2   9   1   6   -0.0000452138
2   9   2   6   -0.0395020070
2   9   3   6   0.0000149127
2   9   4   6   0.0054951437
2   9   5   6   0.0000262265
2   9   6   4   0.0000235455
2   9   6   5   -0.0000139319
2   9   7   4   -0.0000139319
2   9   7   5   -0.0000235455
2   10   1   6   0.0544263564
2   10   2   6   0.0001150409
2   10   3   6   -0.0011732267
2   10   4   6   -0.0000031509
2   10   5   6   0.0130484942
2   10   6   4   0.0114118112
2   10   6   5   -0.0067523650
2   10   7   4   -0.0067523650
2   10   7   5   -0.0114118112
2   11   1   6   0.0000000872
2   11   2   6   0.0423973426
2   11   3   6   -0.0000007681
2   11   4   6   -0.0027191101
2   11   5   6   0.0000149208
2   11   6   4   0.0000129670
2   11   6   5   -0.0000076726
2   11   7   4   -0.0000076726
2   11   7   5   -0.0000129670
2   12   1   6   0.2996268249
2   12   2   6   0.0006336412
2   12   3   6   -0.0034374986
2   12   4   6   -0.0000035815
2   12   5   6   -0.0005127217
2   12   6   4   -0.0012548051
2   12   6   5   0.0007424678
2   12   7   4   0.0007424678
2   12   7   5   0.0012548051
2   13   1   4   0.2741402552
2   13   1   5   -0.1622087019
2   13   2   4   0.0005797482
2   13   2   5   -0.0003430368
2   13   3   4   -0.0032006800
2   13   3   5   0.0018938413
2   13   4   4   -0.0000031838
2   13   4   5   0.0000018839
2   13   5   4   -0.0012556177
2   13   5   5   0.0007429486
2   13   6   6   0.0026387548
2   14   1   4   -0.1622087019
2   14   1   5   -0.2741402552
2   14   2   4   -0.0003430368
2   14   2   5   -0.0005797481
2   14   3   4   0.0018938413
2   14   3   5   0.0032006800
2   14   4   4   0.0000018839
2   14   4   5   0.0000031838
2   14   5   4   0.0007429486
2   14   5   5   0.0012556177
2   14   7   6   0.0026387548
3   8   1   6   -0.0000155592
3   8   2   6   0.0073457221
3   8   3   6   -0.0000017178
3   8   4   6   -0.0041016979
3   8   5   6   -0.0000161610
3   8   6   4   -0.0000129509
3   8   6   5   0.0000076631
3   8   7   4   0.0000076631
3   8   7   5   0.0000129509
3   9   1   6   0.0073589421
3   9   2   6   0.0000155380
3   9   3   6   0.0016363709
3   9   4   6   -0.0000043291
3   9   5   6   0.0152618456
3   9   6   4   0.0122299127
3   9   6   5   -0.0072364355
3   9   7   4   -0.0072364355
3   9   7   5   -0.0122299127
3   10   1   6   0.0000011299
3   10   2   6   -0.0010646668
3   10   3   6   -0.0000001111
3   10   4   6   0.0221062463
3   10   5   6   -0.0000001615
3   10   6   4   -0.0000001499
3   10   6   5   0.0000000887
3   10   7   4   0.0000000887
3   10   7   5   0.0000001499
3   11   1   6   -0.0006046882
3   11   2   6   -0.0000006378
3   11   3   6   0.0340586884
3   11   4   6   0.0000000605
3   11   5   6   0.0625293250
3   11   6   4   0.0534029354
3   11   6   5   -0.0315984999
3   11   7   4   -0.0315984999
3   11   7   5   -0.0534029354
3   12   1   6   0.0000037763
3   12   2   6   -0.0035682885
3   12   3   6   -0.0000005559
3   12   4   6   0.1867239275
3   12   5   6   0.0000000621
3   12   6   4   0.0000000078
3   12   6   5   -0.0000000046
3   12   7   4   -0.0000000046
3   12   7   5   -0.0000000078
3   13   1   4   0.0000036434
3   13   1   5   -0.0000021558
3   13   2   4   -0.0034428032
3   13   2   5   0.0020371055
3   13   3   4   -0.0000005100
3   13   3   5   0.0000003018
3   13   4   4   0.1713553663
3   13   4   5   -0.1013909158
3   13   5   4   0.0000000583
3   13   5   5   -0.0000000345
3   13   6   6   -0.0000000160
3   14   1   4   -0.0000021558
3   14   1   5   -0.0000036434
3   14   2   4   0.0020371055
3   14   2   5   0.0034428032
3   14   3   4   0.0000003018
3   14   3   5   0.0000005100
3   14   4   4   -0.1013909158
3   14   4   5   -0.1713553663
3   14   5   4   -0.0000000345
3   14   5   5   -0.0000000583
3   14   7   6   -0.0000000160
4   8   1   6   0.0057569036
4   8   2   6   0.0000000198
4   8   3   6   -0.0041759996
4   8   4   6   0.0000035621
4   8   5   6   0.0146950952
4   8   6   4   0.0121549152
4   8   6   5   -0.0071920595
4   8   7   4   -0.0071920595
4   8   7   5   -0.0121549152
4   9   1   6   0.0000000199
4   9   2   6   0.0057463923
4   9   3   6   -0.0000044077
4   9   4   6   -0.0033787349
4   9   5   6   0.0000155585
4   9   6   4   0.0000128684
4   9   6   5   -0.0000076142
4   9   7   4   -0.0000076142
4   9   7   5   -0.0000128684
4   10   1   6   -0.0027824302
4   10   2   6   -0.0000029405
4   10   3   6   0.0215606020
4   10   4   6   0.0000000476
4   10   5   6   0.0465138807
4   10   6   4   0.0484555448
4   10   6   5   -0.0286711305
4   10   7   4   -0.0286711305
4   10   7   5   -0.0484555448
4   11   1   6   0.0000026860
4   11   2   6   -0.0025449003
4   11   3   6   0.0000000592
4   11   4   6   0.0129475906
4   11   5   6   0.0000001542
4   11   6   4   0.0000001415
4   11   6   5   -0.0000000837
4   11   7   4   -0.0000000837
4   11   7   5   -0.0000001415
4   12   1   6   -0.0035663793
4   12   2   6   -0.0000037780
4   12   3   6   0.1870530204
4   12   4   6   0.0000005286
4   12   5   6   -0.0529719378
4   12   6   4   -0.0064229801
4   12   6   5   0.0038004753
4   12   7   4   0.0038004753
4   12   7   5   0.0064229801
4   13   1   4   -0.0033593415
4   13   1   5   0.0019877213
4   13   2   4   -0.0000035592
4   13   2   5   0.0000021060
4   13   3   4   0.1710644665
4   13   3   5   -0.1012187905
4   13   4   4   0.0000004798
4   13   4   5   -0.0000002839
4   13   5   4   -0.0455287103
4   13   5   5   0.0269393234
4   13   6   6   0.0059959412
4   14   1   4   0.0019877213
4   14   1   5   0.0033593415
4   14   2   4   0.0000021060
4   14   2   5   0.0000035593
4   14   3   4   -0.1012187905
4   14   3   5   -0.1710644665
4   14   4   4   -0.0000002839
4   14   4   5   -0.0000004798
4   14   5   4   0.0269393234
4   14   5   5   0.0455287103
4   14   7   6   0.0059959412
5   8   1   6   -0.0000296483
5   8   2   6   0.0139701979
5   8   3   6   -0.0000170306
5   8   4   6   0.0155516121
5   8   5   6   0.0000013047
5   8   6   4   0.0000010010
5   8   6   5   -0.0000005923
5   8   7   4   -0.0000005923
5   8   7   5   -0.0000010010
5   9   1   6   0.0140631685
5   9   2   6   0.0000296362
5   9   3   6   0.0160818906
5   9   4   6   0.0000164640
5   9   5   6   -0.0012338892
5   9   6   4   -0.0009473760
5   9   6   5   0.0005605621
5   9   7   4   0.0005605621
5   9   7   5   0.0009473760
5   10   1   6   -0.0000134603
5   10   2   6   0.0127074567
5   10   3   6   -0.0000001628
5   10   4   6   0.0465705485
5   10   5   6   -0.0000000318
5   10   6   4   0.0000000042
5   10   6   5   -0.0000000025
5   10   7   4   -0.0000000025
5   10   7   5   -0.0000000042
5   11   1   6   0.0135043727
5   11   2   6   0.0000142936
5   11   3   6   0.0624317114
5   11   4   6   0.0000001530
5   11   5   6   0.0176047066
5   11   6   4   -0.0039234317
5   11   6   5   0.0023214933
5   11   7   4   0.0023214933
5   11   7   5   0.0039234317
5   12   1   6   0.0000001608
5   12   2   6   -0.0001524892
5   12   3   6   0.0000000620
5   12   4   6   -0.0535931541
5   12   5   6   -0.0000000662
5   12   6   4   -0.0000000053
5   12   6   5   0.0000000032
5   12   7   4   0.0000000032
5   12   7   5   0.0000000053
5   13   1   4   0.0000010386
5   13   1   5   -0.0000006145
5   13   2   4   -0.0009809075
5   13   2   5   0.0005804026
5   13   3   4   0.0000000576
5   13   3   5   -0.0000000341
5   13   4   4   -0.0452018905
5   13   4   5   0.0267459442
5   13   5   4   -0.0000000638
5   13   5   5   0.0000000377
5   13   6   6   -0.0000000075
5   14   1   4   -0.0000006145
5   14   1   5   -0.0000010386
5   14   2   4   0.0005804026
5   14   2   5   0.0009809075
5   14   3   4   -0.0000000341
5   14   3   5   -0.0000000576
5   14   4   4   0.0267459442
5   14   4   5   0.0452018905
5   14   5   4   0.0000000377
5   14   5   5   0.0000000638
5   14   7   6   -0.0000000075
6   8   1   4   -0.0000271859
6   8   1   5   0.0000160859
6   8   2   4   0.0128357753
6   8   2   5   -0.0075949242
6   8   3   4   -0.0000139768
6   8   3   5   0.0000082701
6   8   4   4   0.0131261312
6   8   4   5   -0.0077667277
6   8   5   4   0.0000012753
6   8   5   5   -0.0000007546
6   8   6   6   -0.0000009026
6   9   1   4   0.0128709531
6   9   1   5   -0.0076157388
6   9   2   4   0.0000271783
6   9   2   5   -0.0000160814
6   9   3   4   0.0131979061
6   9   3   5   -0.0078091968
6   9   4   4   0.0000138959
6   9   4   5   -0.0000082222
6   9   5   4   -0.0012066834
6   9   5   5   0.0007139942
6   9   6   6   0.0008553134
6   10   1   4   -0.0000120547
6   10   1   5   0.0000071328
6   10   2   4   0.0113810076
6   10   2   5   -0.0067341386
6   10   3   4   -0.0000001517
6   10   3   5   0.0000000898
6   10   4   4   0.0485403248
6   10   4   5   -0.0287212948
6   10   5   4   0.0000000094
6   10   5   5   -0.0000000056
6   10   6   6   -0.0000000527
6   11   1   4   0.0119912751
6   11   1   5   -0.0070952337
6   11   2   4   0.0000126924
6   11   2   5   -0.0000075101
6   11   3   4   0.0528519996
6   11   3   5   -0.0312725114
6   11   4   4   0.0000001376
6   11   4   5   -0.0000000814
6   11   5   4   -0.0056311067
6   11   5   5   0.0033319240
6   11   6   6   0.0275857601
6   12   1   4   0.0000010428
6   12   1   5   -0.0000006170
6   12   2   4   -0.0009864148
6   12   2   5   0.0005836613
6   12   3   4   0.0000000107
6   12   3   5   -0.0000000063
6   12   4   4   -0.0075016367
6   12   4   5   0.0044387160
6   12   5   4   -0.0000000045
6   12   5   5   0.0000000026
6   12   6   6   -0.0000001056
6   13   1   6   -0.0000025424
6   13   2   6   0.0024023793
6   13   3   6   -0.0000000175
6   13   4   6   0.0063246622
6   13   5   6   -0.0000000079
6   13   6   4   -0.0000001226
6   13   6   5   0.0000000726
6   13   7   4   0.0000000064
6   13   7   5   0.0000000110
6   14   6   4   0.0000000592
6   14   6   5   0.0000001002
6   14   7   4   -0.0000000120
6   14   7   5   0.0000000070
7   8   1   4   0.0000160859
7   8   1   5   0.0000271859
7   8   2   4   -0.0075949242
7   8   2   5   -0.0128357753
7   8   3   4   0.0000082701
7   8   3   5   0.0000139768
7   8   4   4   -0.0077667277
7   8   4   5   -0.0131261312
7   8   5   4   -0.0000007546
7   8   5   5   -0.0000012753
7   8   7   6   -0.0000009026
7   9   1   4   -0.0076157388
7   9   1   5   -0.0128709531
7   9   2   4   -0.0000160814
7   9   2   5   -0.0000271783
7   9   3   4   -0.0078091968
7   9   3   5   -0.0131979060
7   9   4   4   -0.0000082222
7   9   4   5   -0.0000138959
7   9   5   4   0.0007139942
7   9   5   5   0.0012066834
7   9   7   6   0.0008553134
7   10   1   4   0.0000071328
7   10   1   5   0.0000120547
7   10   2   4   -0.0067341386
7   10   2   5   -0.0113810075
7   10   3   4   0.0000000898
7   10   3   5   0.0000001517
7   10   4   4   -0.0287212948
7   10   4   5   -0.0485403249
7   10   5   4   -0.0000000056
7   10   5   5   -0.0000000094
7   10   7   6   -0.0000000527
7   11   1   4   -0.0070952337
7   11   1   5   -0.0119912751
7   11   2   4   -0.0000075101
7   11   2   5   -0.0000126924
7   11   3   4   -0.0312725114
7   11   3   5   -0.0528519996
7   11   4   4   -0.0000000814
7   11   4   5   -0.0000001376
7   11   5   4   0.0033319240
7   11   5   5   0.0056311067
7   11   7   6   0.0275857601
7   12   1   4   -0.0000006170
7   12   1   5   -0.0000010428
7   12   2   4   0.0005836613
7   12   2   5   0.0009864148
7   12   3   4   -0.0000000063
7   12   3   5   -0.0000000107
7   12   4   4   0.0044387160
7   12   4   5   0.0075016367
7   12   5   4   0.0000000026
7   12   5   5   0.0000000045
7   12   7   6   -0.0000001056
7   13   6   4   0.0000000070
7   13   6   5   0.0000000120
7   13   7   4   -0.0000001002
7   13   7   5   0.0000000592
7   14   1   6   -0.0000025424
7   14   2   6   0.0024023793
7   14   3   6   -0.0000000175
7   14   4   6   0.0063246622
7   14   5   6   -0.0000000079
7   14   6   4   -0.0000000110
7   14   6   5   0.0000000064
7   14   7   4   0.0000000726
7   14   7   5   0.0000001226

End IJKA Block
Begin IABC Block
1   4   1   6   -0.0000027417
1   4   3   4   -0.0000002071
1   5   2   6   -0.0000027417
1   5   3   5   -0.0000002071
1   6   1   4   -0.0000026503
1   6   2   5   -0.0000026503
1   6   3   6   -0.0000049566
2   4   1   6   0.0025935612
2   4   3   4   0.0001952001
2   5   2   6   0.0025935612
2   5   3   5   0.0001952001
2   6   1   4   0.0025071780
2   6   2   5   0.0025071780
2   6   3   6   0.0046876496
3   4   1   6   -0.0000000105
3   4   3   4   -0.0000000221
3   5   2   6   -0.0000000105
3   5   3   5   -0.0000000221
3   6   1   4   -0.0000000061
3   6   2   5   -0.0000000061
3   6   3   6   -0.0000000398
4   4   1   6   0.0089439372
4   4   3   4   0.0245310843
4   5   2   6   0.0089439372
4   5   3   5   0.0245310843
4   6   1   4   0.0070000918
4   6   2   5   0.0070000918
4   6   3   6   0.0346642210
5   4   1   6   0.0000000003
5   4   2   6   -0.0000000000
5   4   3   4   0.0000000748
5   5   1   6   -0.0000000000
5   5   2   6   0.0000000003
5   5   3   5   0.0000000748
5   6   1   4   0.0000000076
5   6   2   5   0.0000000076
5   6   3   6   0.0000000374
6   4   1   4   0.0000000860
6   4   1   5   -0.0000000020
6   4   2   4   -0.0000000441
6   4   2   5   0.0000000080
6   4   3   6   0.0000000006
6   5   1   4   -0.0000000047
6   5   1   5   0.0000000747
6   5   2   4   0.0000000034
6   5   2   5   -0.0000000509
6   5   3   6   -0.0000000003
6   6   1   6   0.0000000423
6   6   2   6   -0.0000000250
6   6   3   4   -0.0000000058
6   6   3   5   0.0000000035
7   4   1   4   -0.0000000509
7   4   1   5   -0.0000000034
7   4   2   4   -0.0000000747
7   4   2   5   -0.0000000046
7   4   3   6   -0.0000000003
7   5   1   4   -0.0000000080
7   5   1   5   -0.0000000441
7   5   2   4   -0.0000000020
7   5   2   5   -0.0000000860
7   5   3   6   -0.0000000006
7   6   1   6   -0.0000000250
7   6   2   6   -0.0000000422
7   6   3   4   0.0000000035
7   6   3   5   0.0000000058

End IABC Block
