Begin IJ Block
1   1   -25.8352657849
1   2   0.0000002319
1   3   0.4806979094
1   4   -0.0001025654
1   5   -0.0383165242
2   2   -25.8353459280
2   3   0.0001003546
2   4   0.4911317279
2   5   -0.0000080171
3   3   -6.7359699626
3   4   0.0000001508
3   5   -0.1717389508
4   4   -6.7404524684
4   5   -0.0000000685
5   5   -6.2494723916
6   6   -6.2260154011
6   7   0.0000000003
7   7   -6.2260153998

End IJ Block
Begin IA Block
1   3   -0.0000104289
2   3   0.0498445854
3   3   0.0000001165
4   3   -0.3262061351
5   3   0.0000000843
6   1   0.0000000822
6   2   -0.0000000336
7   1   -0.0000000336
7   2   -0.0000000822

End IA Block
Begin AB Block
1   1   -6.0475781601
1   2   0.0000000000
2   2   -6.0475781600
3   3   -6.2262560534

End AB Block
Begin IJAB Block
1   8   1   4   0.0132758028
1   8   2   5   0.0132758028
1   8   3   6   0.0151074614
1   9   1   4   -0.0000000051
1   9   2   5   -0.0000000051
1   9   3   6   -0.0000000133
1   10   1   4   0.0137803997
1   10   2   5   0.0137803997
1   10   3   6   0.0144522749
1   11   1   4   -0.0000030084
1   11   2   5   -0.0000030084
1   11   3   6   -0.0000031753
1   12   1   4   -0.0010431276
1   12   1   5   -0.0000000000
1   12   2   4   -0.0000000000
1   12   2   5   -0.0010431277
1   12   3   6   -0.0005331048
1   13   1   6   0.0021532950
1   13   2   6   -0.0008796239
1   13   3   4   -0.0014530301
1   13   3   5   0.0005935648
1   14   1   6   -0.0008796239
1   14   2   6   -0.0021532950
1   14   3   4   0.0005935648
1   14   3   5   0.0014530301
2   8   1   4   -0.0000000051
2   8   2   5   -0.0000000051
2   8   3   6   -0.0000000133
2   9   1   4   0.0133048736
2   9   2   5   0.0133048736
2   9   3   6   0.0151742691
2   10   1   4   0.0000028782
2   10   2   5   0.0000028782
2   10   3   6   0.0000030180
2   11   1   4   0.0144122002
2   11   1   5   0.0000000000
2   11   2   5   0.0144122002
2   11   3   6   0.0152090240
2   12   1   4   -0.0000002184
2   12   1   5   0.0000000000
2   12   2   4   0.0000000000
2   12   2   5   -0.0000002184
2   12   3   6   -0.0000001119
2   13   1   6   0.0000004502
2   13   2   6   -0.0000001839
2   13   3   4   -0.0000003040
2   13   3   5   0.0000001242
2   14   1   6   -0.0000001839
2   14   2   6   -0.0000004502
2   14   3   4   0.0000001242
2   14   3   5   0.0000003040
3   8   1   4   0.0137803997
3   8   2   5   0.0137803997
3   8   3   6   0.0144522749
3   9   1   4   0.0000028782
3   9   2   5   0.0000028782
3   9   3   6   0.0000030180
3   10   1   4   0.0593559442
3   10   1   5   0.0000000000
3   10   2   4   0.0000000000
3   10   2   5   0.0593559444
3   10   3   6   0.0637093056
3   11   1   4   0.0000000032
3   11   1   5   0.0000000000
3   11   2   4   0.0000000000
3   11   2   5   0.0000000033
3   11   3   6   0.0000000036
3   12   1   4   -0.0048477474
3   12   1   5   -0.0000000000
3   12   2   4   -0.0000000000
3   12   2   5   -0.0048477475
3   12   3   6   0.0165777587
3   13   1   6   0.0091250849
3   13   2   6   -0.0037276095
3   13   3   4   0.0139565075
3   13   3   5   -0.0057012522
3   14   1   6   -0.0037276095
3   14   2   6   -0.0091250849
3   14   3   4   -0.0057012522
3   14   3   5   -0.0139565074
4   8   1   4   -0.0000030084
4   8   2   5   -0.0000030084
4   8   3   6   -0.0000031753
4   9   1   4   0.0144122002
4   9   2   4   0.0000000000
4   9   2   5   0.0144122002
4   9   3   6   0.0152090240
4   10   1   4   0.0000000032
4   10   1   5   0.0000000000
4   10   2   4   0.0000000000
4   10   2   5   0.0000000033
4   10   3   6   0.0000000036
4   11   1   4   0.0644275371
4   11   1   5   0.0000000000
4   11   2   4   0.0000000000
4   11   2   5   0.0644275374
4   11   3   6   0.0666785420
4   12   1   4   -0.0000000023
4   12   1   5   0.0000000000
4   12   2   4   0.0000000000
4   12   2   5   -0.0000000021
4   12   3   6   0.0000000039
4   13   1   6   0.0000000021
4   13   2   6   -0.0000000009
4   13   3   4   0.0000000037
4   13   3   5   -0.0000000016
4   14   1   6   -0.0000000009
4   14   2   6   -0.0000000021
4   14   3   4   -0.0000000015
4   14   3   5   -0.0000000039
5   8   1   4   -0.0010431276
5   8   1   5   -0.0000000000
5   8   2   4   -0.0000000000
5   8   2   5   -0.0010431277
5   8   3   6   -0.0005331048
5   9   1   4   -0.0000002184
5   9   1   5   0.0000000000
5   9   2   4   0.0000000000
5   9   2   5   -0.0000002184
5   9   3   6   -0.0000001119
5   10   1   4   -0.0048477474
5   10   1   5   -0.0000000000
5   10   2   4   -0.0000000000
5   10   2   5   -0.0048477475
5   10   3   6   0.0165777587
5   11   1   4   -0.0000000023
5   11   1   5   0.0000000000
5   11   2   4   0.0000000000
5   11   2   5   -0.0000000021
5   11   3   6   0.0000000039
5   12   1   4   0.0225439961
5   12   1   5   0.0000000000
5   12   2   4   0.0000000000
5   12   2   5   0.0225439962
5   12   3   6   0.2211858308
5   13   1   6   0.0209165923
5   13   2   6   -0.0085444562
5   13   3   4   0.1705904763
5   13   3   5   -0.0696864403
5   14   1   6   -0.0085444562
5   14   2   6   -0.0209165923
5   14   3   4   -0.0696864403
5   14   3   5   -0.1705904764
6   8   1   6   -0.0014530301
6   8   2   6   0.0005935648
6   8   3   4   0.0021532950
6   8   3   5   -0.0008796239
6   9   1   6   -0.0000003040
6   9   2   6   0.0000001242
6   9   3   4   0.0000004502
6   9   3   5   -0.0000001839
6   10   1   6   0.0139565075
6   10   2   6   -0.0057012522
6   10   3   4   0.0091250849
6   10   3   5   -0.0037276095
6   11   1   6   0.0000000037
6   11   2   6   -0.0000000016
6   11   3   4   0.0000000021
6   11   3   5   -0.0000000009
6   12   1   6   0.1705904763
6   12   2   6   -0.0696864403
6   12   3   4   0.0209165923
6   12   3   5   -0.0085444562
6   13   1   4   0.2101122262
6   13   1   5   -0.0759941887
6   13   2   4   -0.0759941887
6   13   2   5   0.0551242935
6   13   3   6   0.0247924091
6   14   1   4   -0.0759941871
6   14   1   5   -0.1613723659
6   14   2   4   0.0063844197
6   14   2   5   0.0759941871
6   14   3   6   0.0000000000
7   8   1   6   0.0005935648
7   8   2   6   0.0014530301
7   8   3   4   -0.0008796239
7   8   3   5   -0.0021532950
7   9   1   6   0.0000001242
7   9   2   6   0.0000003040
7   9   3   4   -0.0000001839
7   9   3   5   -0.0000004502
7   10   1   6   -0.0057012522
7   10   2   6   -0.0139565074
7   10   3   4   -0.0037276095
7   10   3   5   -0.0091250849
7   11   1   6   -0.0000000015
7   11   2   6   -0.0000000039
7   11   3   4   -0.0000000009
7   11   3   5   -0.0000000021
7   12   1   6   -0.0696864403
7   12   2   6   -0.1705904764
7   12   3   4   -0.0085444562
7   12   3   5   -0.0209165923
7   13   1   4   -0.0759941871
7   13   1   5   0.0063844197
7   13   2   4   -0.1613723659
7   13   2   5   0.0759941871
7   13   3   6   0.0000000000
7   14   1   4   0.0551242936
7   14   1   5   0.0759941887
7   14   2   4   0.0759941887
7   14   2   5   0.2101122263
7   14   3   6   0.0247924091

End IJAB Block
Begin IJKL Block
1   8   1   8   2.1613679520
1   8   1   9   -0.0008189959
1   8   1   10   -0.1986049012
1   8   1   11   0.0001275302
1   8   1   12   0.0117453849
1   8   2   8   -0.0008189959
1   8   2   9   1.9578905510
1   8   2   10   0.0000416467
1   8   2   11   -0.2032998618
1   8   2   12   -0.0000018579
1   8   3   8   -0.1986049012
1   8   3   9   0.0000416467
1   8   3   10   0.0288751776
1   8   3   11   -0.0000123328
1   8   3   12   -0.0013283822
1   8   4   8   0.0001275302
1   8   4   9   -0.2032998618
1   8   4   10   -0.0000123328
1   8   4   11   0.0303274013
1   8   4   12   0.0000009903
1   8   5   8   0.0117453849
1   8   5   9   -0.0000018579
1   8   5   10   -0.0013283822
1   8   5   11   0.0000009903
1   8   5   12   0.0117832167
1   8   6   13   0.0124829377
1   8   6   14   -0.0000000000
1   8   7   13   -0.0000000000
1   8   7   14   0.0124829377
1   9   1   8   -0.0008189959
1   9   1   9   2.1614013808
1   9   1   10   0.0000416787
1   9   1   11   -0.2034787929
1   9   1   12   -0.0000012644
1   9   2   8   1.9578921462
1   9   2   9   0.0008189812
1   9   2   10   -0.1987613181
1   9   2   11   -0.0000425881
1   9   2   12   0.0088974682
1   9   3   8   0.0000416483
1   9   3   9   -0.1986162842
1   9   3   10   -0.0000000173
1   9   3   11   0.0294738970
1   9   3   12   0.0000000012
1   9   4   8   -0.2032933274
1   9   4   9   -0.0000425493
1   9   4   10   0.0294855733
1   9   4   11   0.0000000152
1   9   4   12   -0.0023646365
1   9   5   8   -0.0000018584
1   9   5   9   0.0117381547
1   9   5   10   0.0000000012
1   9   5   11   -0.0023733403
1   9   5   12   0.0000000166
1   9   6   13   0.0000000080
1   9   7   14   0.0000000080
1   10   1   8   -0.1986049012
1   10   1   9   0.0000416787
1   10   1   10   0.5851435097
1   10   1   11   -0.0001613536
1   10   1   12   0.0069505659
1   10   2   8   0.0000416483
1   10   2   9   -0.1987689992
1   10   2   10   -0.0000002709
1   10   2   11   0.3857081336
1   10   2   12   0.0000000207
1   10   3   8   0.0311381324
1   10   3   9   -0.0000000226
1   10   3   10   -0.0082440264
1   10   3   11   0.0000018327
1   10   3   12   0.0006786869
1   10   4   8   -0.0000132456
1   10   4   9   0.0316595306
1   10   4   10   0.0000018674
1   10   4   11   -0.0089451708
1   10   4   12   0.0000001082
1   10   5   8   -0.0013608433
1   10   5   9   0.0000000016
1   10   5   10   0.0025215823
1   10   5   11   0.0000003393
1   10   5   12   0.0138657227
1   10   6   13   0.0141778049
1   10   6   14   -0.0000000000
1   10   7   13   -0.0000000000
1   10   7   14   0.0141778049
1   11   1   8   0.0001275302
1   11   1   9   -0.2034787929
1   11   1   10   -0.0001613536
1   11   1   11   0.5937095598
1   11   1   12   0.0000249883
1   11   2   8   -0.2032933274
1   11   2   9   -0.0000425867
1   11   2   10   0.3857247160
1   11   2   11   0.0000002608
1   11   2   12   -0.0597365635
1   11   3   8   -0.0000132456
1   11   3   9   0.0316642354
1   11   3   10   0.0000018866
1   11   3   11   -0.0090498914
1   11   3   12   -0.0000002512
1   11   4   8   0.0327496894
1   11   4   9   0.0000000198
1   11   4   10   -0.0086920134
1   11   4   11   0.0000018429
1   11   4   12   0.0000798782
1   11   5   8   0.0000010199
1   11   5   9   -0.0024452014
1   11   5   10   0.0000003256
1   11   5   11   -0.0001493840
1   11   5   12   -0.0000027556
1   11   6   13   -0.0000029270
1   11   7   14   -0.0000029270
1   12   1   8   0.0117453849
1   12   1   9   -0.0000012644
1   12   1   10   0.0069505659
1   12   1   11   0.0000249883
1   12   1   12   0.5671045277
1   12   2   8   -0.0000018584
1   12   2   9   0.0088999642
1   12   2   10   0.0000000207
1   12   2   11   -0.0597347056
1   12   2   12   -0.0000000254
1   12   3   8   -0.0013608433
1   12   3   9   0.0000000015
1   12   3   10   0.0006956449
1   12   3   11   -0.0000002539
1   12   3   12   -0.0058170713
1   12   4   8   0.0000010199
1   12   4   9   -0.0024343159
1   12   4   10   0.0000000887
1   12   4   11   0.0001096552
1   12   4   12   0.0000012550
1   12   5   8   0.0139662359
1   12   5   9   0.0000000147
1   12   5   10   0.0145951201
1   12   5   11   -0.0000029277
1   12   5   12   0.0008971505
1   12   6   13   -0.0005782741
1   12   6   14   -0.0000000000
1   12   7   13   -0.0000000000
1   12   7   14   -0.0005782741
1   13   1   13   0.5734326852
1   13   1   14   -0.0000000000
1   13   2   13   -0.0000000441
1   13   2   14   -0.0000000000
1   13   3   13   -0.0062177049
1   13   3   14   0.0000000000
1   13   4   13   0.0000013446
1   13   5   13   0.0017623034
1   13   6   8   0.0148768266
1   13   6   9   0.0000000062
1   13   6   10   0.0149874884
1   13   6   11   -0.0000031230
1   13   6   12   -0.0007019008
1   13   7   8   -0.0000000000
1   13   7   10   -0.0000000000
1   13   7   12   -0.0000000000
1   14   1   13   -0.0000000000
1   14   1   14   0.5734326850
1   14   2   13   -0.0000000000
1   14   2   14   -0.0000000441
1   14   3   13   0.0000000000
1   14   3   14   -0.0062177048
1   14   4   14   0.0000013446
1   14   5   14   0.0017623034
1   14   6   8   -0.0000000000
1   14   6   10   -0.0000000000
1   14   6   12   -0.0000000000
1   14   7   8   0.0148768266
1   14   7   9   0.0000000062
1   14   7   10   0.0149874884
1   14   7   11   -0.0000031230
1   14   7   12   -0.0007019008
2   8   1   8   -0.0008189959
2   8   1   9   1.9578921462
2   8   1   10   0.0000416483
2   8   1   11   -0.2032933274
2   8   1   12   -0.0000018584
2   8   2   8   2.1614013808
2   8   2   9   0.0008189812
2   8   2   10   -0.1986162842
2   8   2   11   -0.0000425493
2   8   2   12   0.0117381547
2   8   3   8   0.0000416787
2   8   3   9   -0.1987613181
2   8   3   10   -0.0000000173
2   8   3   11   0.0294855733
2   8   3   12   0.0000000012
2   8   4   8   -0.2034787929
2   8   4   9   -0.0000425881
2   8   4   10   0.0294738970
2   8   4   11   0.0000000152
2   8   4   12   -0.0023733403
2   8   5   8   -0.0000012644
2   8   5   9   0.0088974682
2   8   5   10   0.0000000012
2   8   5   11   -0.0023646365
2   8   5   12   0.0000000166
2   8   6   13   0.0000000080
2   8   7   14   0.0000000080
2   9   1   8   1.9578905510
2   9   1   9   0.0008189812
2   9   1   10   -0.1987689992
2   9   1   11   -0.0000425867
2   9   1   12   0.0088999642
2   9   2   8   0.0008189812
2   9   2   9   2.1614353109
2   9   2   10   -0.0001246111
2   9   2   11   -0.2034739142
2   9   2   12   0.0000061788
2   9   3   8   -0.1987689992
2   9   3   9   -0.0001246111
2   9   3   10   0.0288557076
2   9   3   11   0.0000123300
2   9   3   12   -0.0013309546
2   9   4   8   -0.0000425867
2   9   4   9   -0.2034739142
2   9   4   10   0.0000123300
2   9   4   11   0.0303489538
2   9   4   12   -0.0000009916
2   9   5   8   0.0088999642
2   9   5   9   0.0000061788
2   9   5   10   -0.0013309546
2   9   5   11   -0.0000009916
2   9   5   12   0.0117002329
2   9   6   13   0.0124366227
2   9   6   14   -0.0000000000
2   9   7   13   -0.0000000000
2   9   7   14   0.0124366227
2   10   1   8   0.0000416467
2   10   1   9   -0.1987613181
2   10   1   10   -0.0000002709
2   10   1   11   0.3857247160
2   10   1   12   0.0000000207
2   10   2   8   -0.1986162842
2   10   2   9   -0.0001246111
2   10   2   10   0.5851301542
2   10   2   11   0.0001613377
2   10   2   12   0.0069431993
2   10   3   8   -0.0000000226
2   10   3   9   0.0311367294
2   10   3   10   -0.0000017147
2   10   3   11   -0.0087449690
2   10   3   12   0.0000001418
2   10   4   8   0.0316642354
2   10   4   9   0.0000132428
2   10   4   10   -0.0089116379
2   10   4   11   -0.0000018737
2   10   4   12   -0.0005155943
2   10   5   8   0.0000000015
2   10   5   9   -0.0013650195
2   10   5   10   0.0000005286
2   10   5   11   -0.0016165333
2   10   5   12   0.0000028944
2   10   6   13   0.0000029585
2   10   7   14   0.0000029585
2   11   1   8   -0.2032998618
2   11   1   9   -0.0000425881
2   11   1   10   0.3857081336
2   11   1   11   0.0000002608
2   11   1   12   -0.0597347056
2   11   2   8   -0.0000425493
2   11   2   9   -0.2034739142
2   11   2   10   0.0001613377
2   11   2   11   0.5937276101
2   11   2   12   -0.0000249867
2   11   3   8   0.0316595306
2   11   3   9   0.0000132428
2   11   3   10   -0.0090032862
2   11   3   11   -0.0000018957
2   11   3   12   0.0012024487
2   11   4   8   0.0000000198
2   11   4   9   0.0327563112
2   11   4   10   -0.0000018209
2   11   4   11   -0.0088547813
2   11   4   12   0.0000000171
2   11   5   8   -0.0024343159
2   11   5   9   -0.0000010212
2   11   5   10   -0.0015515964
2   11   5   11   -0.0000000322
2   11   5   12   0.0131939469
2   11   6   13   0.0140093263
2   11   7   14   0.0140093263
2   12   1   8   -0.0000018579
2   12   1   9   0.0088974682
2   12   1   10   0.0000000207
2   12   1   11   -0.0597365635
2   12   1   12   -0.0000000254
2   12   2   8   0.0117381547
2   12   2   9   0.0000061788
2   12   2   10   0.0069431993
2   12   2   11   -0.0000249867
2   12   2   12   0.5671046967
2   12   3   8   0.0000000016
2   12   3   9   -0.0013650195
2   12   3   10   0.0000001454
2   12   3   11   0.0012153623
2   12   3   12   -0.0000012140
2   12   4   8   -0.0024452014
2   12   4   9   -0.0000010212
2   12   4   10   -0.0004228187
2   12   4   11   0.0000000233
2   12   4   12   -0.0060073847
2   12   5   8   0.0000000147
2   12   5   9   0.0138899408
2   12   5   10   0.0000030464
2   12   5   11   0.0140164416
2   12   5   12   0.0000001875
2   12   6   13   -0.0000001211
2   12   6   14   0.0000000000
2   12   7   13   0.0000000000
2   12   7   14   -0.0000001211
2   13   1   13   -0.0000000441
2   13   1   14   -0.0000000000
2   13   2   13   0.5734339130
2   13   2   14   -0.0000000000
2   13   3   13   -0.0000012974
2   13   4   13   -0.0064356302
2   13   4   14   0.0000000000
2   13   5   13   0.0000003686
2   13   6   8   0.0000000062
2   13   6   9   0.0148368629
2   13   6   10   0.0000031272
2   13   6   11   0.0149461284
2   13   6   12   -0.0000001469
2   13   7   9   -0.0000000000
2   13   7   12   0.0000000000
2   14   1   13   -0.0000000000
2   14   1   14   -0.0000000441
2   14   2   13   -0.0000000000
2   14   2   14   0.5734339129
2   14   3   14   -0.0000012974
2   14   4   13   0.0000000000
2   14   4   14   -0.0064356302
2   14   5   14   0.0000003686
2   14   6   9   -0.0000000000
2   14   6   12   0.0000000000
2   14   7   8   0.0000000062
2   14   7   9   0.0148368629
2   14   7   10   0.0000031272
2   14   7   11   0.0149461284
2   14   7   12   -0.0000001469
3   8   1   8   -0.1986049012
3   8   1   9   0.0000416483
3   8   1   10   0.0311381324
3   8   1   11   -0.0000132456
3   8   1   12   -0.0013608433
3   8   2   8   0.0000416787
3   8   2   9   -0.1987689992
3   8   2   10   -0.0000000226
3   8   2   11   0.0316595306
3   8   2   12   0.0000000016
3   8   3   8   0.5851435097
3   8   3   9   -0.0000002709
3   8   3   10   -0.0082440264
3   8   3   11   0.0000018674
3   8   3   12   0.0025215823
3   8   4   8   -0.0001613536
3   8   4   9   0.3857081336
3   8   4   10   0.0000018327
3   8   4   11   -0.0089451708
3   8   4   12   0.0000003393
3   8   5   8   0.0069505659
3   8   5   9   0.0000000207
3   8   5   10   0.0006786869
3   8   5   11   0.0000001082
3   8   5   12   0.0138657227
3   8   6   13   0.0141778049
3   8   6   14   -0.0000000000
3   8   7   13   -0.0000000000
3   8   7   14   0.0141778049
3   9   1   8   0.0000416467
3   9   1   9   -0.1986162842
3   9   1   10   -0.0000000226
3   9   1   11   0.0316642354
3   9   1   12   0.0000000015
3   9   2   8   -0.1987613181
3   9   2   9   -0.0001246111
3   9   2   10   0.0311367294
3   9   2   11   0.0000132428
3   9   2   12   -0.0013650195
3   9   3   8   -0.0000002709
3   9   3   9   0.5851301542
3   9   3   10   -0.0000017147
3   9   3   11   -0.0089116379
3   9   3   12   0.0000005286
3   9   4   8   0.3857247160
3   9   4   9   0.0001613377
3   9   4   10   -0.0087449690
3   9   4   11   -0.0000018737
3   9   4   12   -0.0016165333
3   9   5   8   0.0000000207
3   9   5   9   0.0069431993
3   9   5   10   0.0000001418
3   9   5   11   -0.0005155943
3   9   5   12   0.0000028944
3   9   6   13   0.0000029585
3   9   7   14   0.0000029585
3   10   1   8   0.0288751776
3   10   1   9   -0.0000000173
3   10   1   10   -0.0082440264
3   10   1   11   0.0000018866
3   10   1   12   0.0006956449
3   10   2   8   -0.0000000173
3   10   2   9   0.0288557076
3   10   2   10   -0.0000017147
3   10   2   11   -0.0090032862
3   10   2   12   0.0000001454
3   10   3   8   -0.0082440264
3   10   3   9   -0.0000017147
3   10   3   10   0.4395733230
3   10   3   11   -0.0000001676
3   10   3   12   0.0166083295
3   10   4   8   0.0000018866
3   10   4   9   -0.0090032862
3   10   4   10   -0.0000001676
3   10   4   11   0.2344186076
3   10   4   12   0.0000000205
3   10   5   8   0.0006956449
3   10   5   9   0.0000001454
3   10   5   10   0.0166083295
3   10   5   11   0.0000000205
3   10   5   12   0.0655045540
3   10   6   13   0.0608945291
3   10   6   14   0.0000000000
3   10   7   13   0.0000000000
3   10   7   14   0.0608945292
3   11   1   8   -0.0000123328
3   11   1   9   0.0294738970
3   11   1   10   0.0000018327
3   11   1   11   -0.0090498914
3   11   1   12   -0.0000002539
3   11   2   8   0.0294855733
3   11   2   9   0.0000123300
3   11   2   10   -0.0087449690
3   11   2   11   -0.0000018957
3   11   2   12   0.0012153623
3   11   3   8   0.0000018674
3   11   3   9   -0.0089116379
3   11   3   10   -0.0000001676
3   11   3   11   0.4371010606
3   11   3   12   0.0000000368
3   11   4   8   -0.0086920134
3   11   4   9   -0.0000018209
3   11   4   10   0.2366203970
3   11   4   11   0.0000001581
3   11   4   12   -0.0446178157
3   11   5   8   0.0000000887
3   11   5   9   -0.0004228187
3   11   5   10   0.0000000203
3   11   5   11   0.0022613744
3   11   5   12   -0.0000000013
3   11   6   13   -0.0000000066
3   11   6   14   0.0000000000
3   11   7   13   0.0000000000
3   11   7   14   -0.0000000066
3   12   1   8   -0.0013283822
3   12   1   9   0.0000000012
3   12   1   10   0.0006786869
3   12   1   11   -0.0000002512
3   12   1   12   -0.0058170713
3   12   2   8   0.0000000012
3   12   2   9   -0.0013309546
3   12   2   10   0.0000001418
3   12   2   11   0.0012024487
3   12   2   12   -0.0000012140
3   12   3   8   0.0025215823
3   12   3   9   0.0000005286
3   12   3   10   0.0166083295
3   12   3   11   0.0000000368
3   12   3   12   0.4267146607
3   12   4   8   0.0000003256
3   12   4   9   -0.0015515964
3   12   4   10   0.0000000203
3   12   4   11   -0.0444113545
3   12   4   12   -0.0000000158
3   12   5   8   0.0145951201
3   12   5   9   0.0000030464
3   12   5   10   0.0662272102
3   12   5   11   -0.0000000019
3   12   5   12   0.0150023363
3   12   6   13   -0.0008595490
3   12   6   14   -0.0000000000
3   12   7   13   -0.0000000000
3   12   7   14   -0.0008595491
3   13   1   13   -0.0062177049
3   13   1   14   0.0000000000
3   13   2   13   -0.0000012974
3   13   3   13   0.4246179219
3   13   3   14   -0.0000000000
3   13   4   13   -0.0000000276
3   13   4   14   0.0000000000
3   13   5   13   0.0131834214
3   13   6   8   0.0149874884
3   13   6   9   0.0000031272
3   13   6   10   0.0620965950
3   13   6   11   -0.0000000067
3   13   6   12   -0.0000852398
3   13   7   8   -0.0000000000
3   13   7   10   -0.0000000000
3   13   7   11   0.0000000000
3   13   7   12   -0.0000000000
3   14   1   13   0.0000000000
3   14   1   14   -0.0062177048
3   14   2   14   -0.0000012974
3   14   3   13   -0.0000000000
3   14   3   14   0.4246179218
3   14   4   13   0.0000000000
3   14   4   14   -0.0000000276
3   14   5   14   0.0131834214
3   14   6   8   -0.0000000000
3   14   6   10   -0.0000000000
3   14   6   11   0.0000000000
3   14   6   12   -0.0000000000
3   14   7   8   0.0149874884
3   14   7   9   0.0000031272
3   14   7   10   0.0620965950
3   14   7   11   -0.0000000067
3   14   7   12   -0.0000852399
4   8   1   8   0.0001275302
4   8   1   9   -0.2032933274
4   8   1   10   -0.0000132456
4   8   1   11   0.0327496894
4   8   1   12   0.0000010199
4   8   2   8   -0.2034787929
4   8   2   9   -0.0000425867
4   8   2   10   0.0316642354
4   8   2   11   0.0000000198
4   8   2   12   -0.0024452014
4   8   3   8   -0.0001613536
4   8   3   9   0.3857247160
4   8   3   10   0.0000018866
4   8   3   11   -0.0086920134
4   8   3   12   0.0000003256
4   8   4   8   0.5937095598
4   8   4   9   0.0000002608
4   8   4   10   -0.0090498914
4   8   4   11   0.0000018429
4   8   4   12   -0.0001493840
4   8   5   8   0.0000249883
4   8   5   9   -0.0597365635
4   8   5   10   -0.0000002512
4   8   5   11   0.0000798782
4   8   5   12   -0.0000027556
4   8   6   13   -0.0000029270
4   8   7   14   -0.0000029270
4   9   1   8   -0.2032998618
4   9   1   9   -0.0000425493
4   9   1   10   0.0316595306
4   9   1   11   0.0000000198
4   9   1   12   -0.0024343159
4   9   2   8   -0.0000425881
4   9   2   9   -0.2034739142
4   9   2   10   0.0000132428
4   9   2   11   0.0327563112
4   9   2   12   -0.0000010212
4   9   3   8   0.3857081336
4   9   3   9   0.0001613377
4   9   3   10   -0.0090032862
4   9   3   11   -0.0000018209
4   9   3   12   -0.0015515964
4   9   4   8   0.0000002608
4   9   4   9   0.5937276101
4   9   4   10   -0.0000018957
4   9   4   11   -0.0088547813
4   9   4   12   -0.0000000322
4   9   5   8   -0.0597347056
4   9   5   9   -0.0000249867
4   9   5   10   0.0012024487
4   9   5   11   0.0000000171
4   9   5   12   0.0131939469
4   9   6   13   0.0140093263
4   9   7   14   0.0140093263
4   10   1   8   -0.0000123328
4   10   1   9   0.0294855733
4   10   1   10   0.0000018674
4   10   1   11   -0.0086920134
4   10   1   12   0.0000000887
4   10   2   8   0.0294738970
4   10   2   9   0.0000123300
4   10   2   10   -0.0089116379
4   10   2   11   -0.0000018209
4   10   2   12   -0.0004228187
4   10   3   8   0.0000018327
4   10   3   9   -0.0087449690
4   10   3   10   -0.0000001676
4   10   3   11   0.2366203970
4   10   3   12   0.0000000203
4   10   4   8   -0.0090498914
4   10   4   9   -0.0000018957
4   10   4   10   0.4371010606
4   10   4   11   0.0000001581
4   10   4   12   0.0022613744
4   10   5   8   -0.0000002539
4   10   5   9   0.0012153623
4   10   5   10   0.0000000368
4   10   5   11   -0.0446178157
4   10   5   12   -0.0000000013
4   10   6   13   -0.0000000066
4   10   6   14   0.0000000000
4   10   7   13   0.0000000000
4   10   7   14   -0.0000000066
4   11   1   8   0.0303274013
4   11   1   9   0.0000000152
4   11   1   10   -0.0089451708
4   11   1   11   0.0000018429
4   11   1   12   0.0001096552
4   11   2   8   0.0000000152
4   11   2   9   0.0303489538
4   11   2   10   -0.0000018737
4   11   2   11   -0.0088547813
4   11   2   12   0.0000000233
4   11   3   8   -0.0089451708
4   11   3   9   -0.0000018737
4   11   3   10   0.2344186076
4   11   3   11   0.0000001581
4   11   3   12   -0.0444113545
4   11   4   8   0.0000018429
4   11   4   9   -0.0088547813
4   11   4   10   0.0000001581
4   11   4   11   0.4431693125
4   11   4   12   -0.0000000304
4   11   5   8   0.0001096552
4   11   5   9   0.0000000233
4   11   5   10   -0.0444113545
4   11   5   11   -0.0000000304
4   11   5   12   0.0603644978
4   11   6   13   0.0577404880
4   11   6   14   0.0000000000
4   11   7   13   0.0000000000
4   11   7   14   0.0577404881
4   12   1   8   0.0000009903
4   12   1   9   -0.0023646365
4   12   1   10   0.0000001082
4   12   1   11   0.0000798782
4   12   1   12   0.0000012550
4   12   2   8   -0.0023733403
4   12   2   9   -0.0000009916
4   12   2   10   -0.0005155943
4   12   2   11   0.0000000171
4   12   2   12   -0.0060073847
4   12   3   8   0.0000003393
4   12   3   9   -0.0016165333
4   12   3   10   0.0000000205
4   12   3   11   -0.0446178157
4   12   3   12   -0.0000000158
4   12   4   8   -0.0001493840
4   12   4   9   -0.0000000322
4   12   4   10   0.0022613744
4   12   4   11   -0.0000000304
4   12   4   12   0.4247761972
4   12   5   8   -0.0000029277
4   12   5   9   0.0140164416
4   12   5   10   -0.0000000019
4   12   5   11   0.0603774261
4   12   5   12   0.0000000068
4   12   6   13   -0.0000000001
4   12   6   14   0.0000000000
4   12   7   13   0.0000000000
4   12   7   14   -0.0000000000
4   13   1   13   0.0000013446
4   13   2   13   -0.0064356302
4   13   2   14   0.0000000000
4   13   3   13   -0.0000000276
4   13   3   14   0.0000000000
4   13   4   13   0.4237980639
4   13   4   14   -0.0000000000
4   13   5   13   0.0000000080
4   13   5   14   0.0000000000
4   13   6   8   -0.0000031230
4   13   6   9   0.0149461284
4   13   6   10   -0.0000000067
4   13   6   11   0.0566695983
4   13   6   12   -0.0000000002
4   13   7   9   -0.0000000000
4   13   7   10   0.0000000000
4   13   7   11   -0.0000000000
4   13   7   12   0.0000000000
4   14   1   14   0.0000013446
4   14   2   13   0.0000000000
4   14   2   14   -0.0064356302
4   14   3   13   0.0000000000
4   14   3   14   -0.0000000276
4   14   4   13   -0.0000000000
4   14   4   14   0.4237980639
4   14   5   13   0.0000000000
4   14   5   14   0.0000000080
4   14   6   10   0.0000000000
4   14   6   11   -0.0000000000
4   14   6   12   0.0000000000
4   14   7   8   -0.0000031230
4   14   7   9   0.0149461284
4   14   7   10   -0.0000000067
4   14   7   11   0.0566695982
4   14   7   12   -0.0000000001
5   8   1   8   0.0117453849
5   8   1   9   -0.0000018584
5   8   1   10   -0.0013608433
5   8   1   11   0.0000010199
5   8   1   12   0.0139662359
5   8   2   8   -0.0000012644
5   8   2   9   0.0088999642
5   8   2   10   0.0000000015
5   8   2   11   -0.0024343159
5   8   2   12   0.0000000147
5   8   3   8   0.0069505659
5   8   3   9   0.0000000207
5   8   3   10   0.0006956449
5   8   3   11   0.0000000887
5   8   3   12   0.0145951201
5   8   4   8   0.0000249883
5   8   4   9   -0.0597347056
5   8   4   10   -0.0000002539
5   8   4   11   0.0001096552
5   8   4   12   -0.0000029277
5   8   5   8   0.5671045277
5   8   5   9   -0.0000000254
5   8   5   10   -0.0058170713
5   8   5   11   0.0000012550
5   8   5   12   0.0008971505
5   8   6   13   -0.0005782741
5   8   6   14   -0.0000000000
5   8   7   13   -0.0000000000
5   8   7   14   -0.0005782741
5   9   1   8   -0.0000018579
5   9   1   9   0.0117381547
5   9   1   10   0.0000000016
5   9   1   11   -0.0024452014
5   9   1   12   0.0000000147
5   9   2   8   0.0088974682
5   9   2   9   0.0000061788
5   9   2   10   -0.0013650195
5   9   2   11   -0.0000010212
5   9   2   12   0.0138899408
5   9   3   8   0.0000000207
5   9   3   9   0.0069431993
5   9   3   10   0.0000001454
5   9   3   11   -0.0004228187
5   9   3   12   0.0000030464
5   9   4   8   -0.0597365635
5   9   4   9   -0.0000249867
5   9   4   10   0.0012153623
5   9   4   11   0.0000000233
5   9   4   12   0.0140164416
5   9   5   8   -0.0000000254
5   9   5   9   0.5671046967
5   9   5   10   -0.0000012140
5   9   5   11   -0.0060073847
5   9   5   12   0.0000001875
5   9   6   13   -0.0000001211
5   9   6   14   0.0000000000
5   9   7   13   0.0000000000
5   9   7   14   -0.0000001211
5   10   1   8   -0.0013283822
5   10   1   9   0.0000000012
5   10   1   10   0.0025215823
5   10   1   11   0.0000003256
5   10   1   12   0.0145951201
5   10   2   8   0.0000000012
5   10   2   9   -0.0013309546
5   10   2   10   0.0000005286
5   10   2   11   -0.0015515964
5   10   2   12   0.0000030464
5   10   3   8   0.0006786869
5   10   3   9   0.0000001418
5   10   3   10   0.0166083295
5   10   3   11   0.0000000203
5   10   3   12   0.0662272102
5   10   4   8   -0.0000002512
5   10   4   9   0.0012024487
5   10   4   10   0.0000000368
5   10   4   11   -0.0444113545
5   10   4   12   -0.0000000019
5   10   5   8   -0.0058170713
5   10   5   9   -0.0000012140
5   10   5   10   0.4267146607
5   10   5   11   -0.0000000158
5   10   5   12   0.0150023363
5   10   6   13   -0.0008595490
5   10   6   14   -0.0000000000
5   10   7   13   -0.0000000000
5   10   7   14   -0.0008595491
5   11   1   8   0.0000009903
5   11   1   9   -0.0023733403
5   11   1   10   0.0000003393
5   11   1   11   -0.0001493840
5   11   1   12   -0.0000029277
5   11   2   8   -0.0023646365
5   11   2   9   -0.0000009916
5   11   2   10   -0.0016165333
5   11   2   11   -0.0000000322
5   11   2   12   0.0140164416
5   11   3   8   0.0000001082
5   11   3   9   -0.0005155943
5   11   3   10   0.0000000205
5   11   3   11   0.0022613744
5   11   3   12   -0.0000000019
5   11   4   8   0.0000798782
5   11   4   9   0.0000000171
5   11   4   10   -0.0446178157
5   11   4   11   -0.0000000304
5   11   4   12   0.0603774261
5   11   5   8   0.0000012550
5   11   5   9   -0.0060073847
5   11   5   10   -0.0000000158
5   11   5   11   0.4247761972
5   11   5   12   0.0000000068
5   11   6   13   -0.0000000001
5   11   6   14   0.0000000000
5   11   7   13   0.0000000000
5   11   7   14   -0.0000000000
5   12   1   8   0.0117832167
5   12   1   9   0.0000000166
5   12   1   10   0.0138657227
5   12   1   11   -0.0000027556
5   12   1   12   0.0008971505
5   12   2   8   0.0000000166
5   12   2   9   0.0117002329
5   12   2   10   0.0000028944
5   12   2   11   0.0131939469
5   12   2   12   0.0000001875
5   12   3   8   0.0138657227
5   12   3   9   0.0000028944
5   12   3   10   0.0655045540
5   12   3   11   -0.0000000013
5   12   3   12   0.0150023363
5   12   4   8   -0.0000027556
5   12   4   9   0.0131939469
5   12   4   10   -0.0000000013
5   12   4   11   0.0603644978
5   12   4   12   0.0000000068
5   12   5   8   0.0008971505
5   12   5   9   0.0000001875
5   12   5   10   0.0150023363
5   12   5   11   0.0000000068
5   12   5   12   0.4334504826
5   12   6   13   0.0139311733
5   12   6   14   0.0000000000
5   12   7   13   0.0000000000
5   12   7   14   0.0139311733
5   13   1   13   0.0017623034
5   13   2   13   0.0000003686
5   13   3   13   0.0131834214
5   13   4   13   0.0000000080
5   13   4   14   0.0000000000
5   13   5   13   0.4061493474
5   13   5   14   -0.0000000000
5   13   6   8   -0.0007019008
5   13   6   9   -0.0000001469
5   13   6   10   -0.0000852398
5   13   6   11   -0.0000000002
5   13   6   12   0.0096673388
5   13   7   8   -0.0000000000
5   13   7   9   0.0000000000
5   13   7   10   -0.0000000000
5   13   7   11   0.0000000000
5   13   7   12   0.0000000000
5   14   1   14   0.0017623034
5   14   2   14   0.0000003686
5   14   3   14   0.0131834214
5   14   4   13   0.0000000000
5   14   4   14   0.0000000080
5   14   5   13   -0.0000000000
5   14   5   14   0.4061493474
5   14   6   8   -0.0000000000
5   14   6   9   0.0000000000
5   14   6   10   -0.0000000000
5   14   6   11   0.0000000000
5   14   6   12   0.0000000000
5   14   7   8   -0.0007019008
5   14   7   9   -0.0000001469
5   14   7   10   -0.0000852399
5   14   7   11   -0.0000000001
5   14   7   12   0.0096673388
6   8   1   13   0.0148768266
6   8   1   14   -0.0000000000
6   8   2   13   0.0000000062
6   8   3   13   0.0149874884
6   8   3   14   -0.0000000000
6   8   4   13   -0.0000031230
6   8   5   13   -0.0007019008
6   8   5   14   -0.0000000000
6   8   6   8   0.5734326852
6   8   6   9   -0.0000000441
6   8   6   10   -0.0062177049
6   8   6   11   0.0000013446
6   8   6   12   0.0017623034
6   8   7   8   -0.0000000000
6   8   7   9   -0.0000000000
6   8   7   10   0.0000000000
6   9   1   13   0.0000000062
6   9   2   13   0.0148368629
6   9   2   14   -0.0000000000
6   9   3   13   0.0000031272
6   9   4   13   0.0149461284
6   9   5   13   -0.0000001469
6   9   5   14   0.0000000000
6   9   6   8   -0.0000000441
6   9   6   9   0.5734339130
6   9   6   10   -0.0000012974
6   9   6   11   -0.0064356302
6   9   6   12   0.0000003686
6   9   7   8   -0.0000000000
6   9   7   9   -0.0000000000
6   9   7   11   0.0000000000
6   10   1   13   0.0149874884
6   10   1   14   -0.0000000000
6   10   2   13   0.0000031272
6   10   3   13   0.0620965950
6   10   3   14   -0.0000000000
6   10   4   13   -0.0000000067
6   10   4   14   0.0000000000
6   10   5   13   -0.0000852398
6   10   5   14   -0.0000000000
6   10   6   8   -0.0062177049
6   10   6   9   -0.0000012974
6   10   6   10   0.4246179219
6   10   6   11   -0.0000000276
6   10   6   12   0.0131834214
6   10   7   8   0.0000000000
6   10   7   10   -0.0000000000
6   10   7   11   0.0000000000
6   11   1   13   -0.0000031230
6   11   2   13   0.0149461284
6   11   3   13   -0.0000000067
6   11   3   14   0.0000000000
6   11   4   13   0.0566695983
6   11   4   14   -0.0000000000
6   11   5   13   -0.0000000002
6   11   5   14   0.0000000000
6   11   6   8   0.0000013446
6   11   6   9   -0.0064356302
6   11   6   10   -0.0000000276
6   11   6   11   0.4237980639
6   11   6   12   0.0000000080
6   11   7   9   0.0000000000
6   11   7   10   0.0000000000
6   11   7   11   -0.0000000000
6   11   7   12   0.0000000000
6   12   1   13   -0.0007019008
6   12   1   14   -0.0000000000
6   12   2   13   -0.0000001469
6   12   2   14   0.0000000000
6   12   3   13   -0.0000852398
6   12   3   14   -0.0000000000
6   12   4   13   -0.0000000002
6   12   4   14   0.0000000000
6   12   5   13   0.0096673388
6   12   5   14   0.0000000000
6   12   6   8   0.0017623034
6   12   6   9   0.0000003686
6   12   6   10   0.0131834214
6   12   6   11   0.0000000080
6   12   6   12   0.4061493474
6   12   7   11   0.0000000000
6   12   7   12   -0.0000000000
6   13   1   8   0.0124829377
6   13   1   9   0.0000000080
6   13   1   10   0.0141778049
6   13   1   11   -0.0000029270
6   13   1   12   -0.0005782741
6   13   2   8   0.0000000080
6   13   2   9   0.0124366227
6   13   2   10   0.0000029585
6   13   2   11   0.0140093263
6   13   2   12   -0.0000001211
6   13   3   8   0.0141778049
6   13   3   9   0.0000029585
6   13   3   10   0.0608945291
6   13   3   11   -0.0000000066
6   13   3   12   -0.0008595490
6   13   4   8   -0.0000029270
6   13   4   9   0.0140093263
6   13   4   10   -0.0000000066
6   13   4   11   0.0577404880
6   13   4   12   -0.0000000001
6   13   5   8   -0.0005782741
6   13   5   9   -0.0000001211
6   13   5   10   -0.0008595490
6   13   5   11   -0.0000000001
6   13   5   12   0.0139311733
6   13   6   13   0.4262797490
6   13   6   14   0.0000000020
6   13   7   13   0.0000000021
6   13   7   14   0.0138057594
6   14   1   8   -0.0000000000
6   14   1   10   -0.0000000000
6   14   1   12   -0.0000000000
6   14   2   9   -0.0000000000
6   14   2   12   0.0000000000
6   14   3   8   -0.0000000000
6   14   3   10   0.0000000000
6   14   3   11   0.0000000000
6   14   3   12   -0.0000000000
6   14   4   10   0.0000000000
6   14   4   11   0.0000000000
6   14   4   12   0.0000000000
6   14   5   8   -0.0000000000
6   14   5   9   0.0000000000
6   14   5   10   -0.0000000000
6   14   5   11   0.0000000000
6   14   5   12   0.0000000000
6   14   6   13   0.0000000020
6   14   6   14   0.4047447375
6   14   7   13   0.0077292574
6   14   7   14   -0.0000000021
7   8   1   13   -0.0000000000
7   8   1   14   0.0148768266
7   8   2   14   0.0000000062
7   8   3   13   -0.0000000000
7   8   3   14   0.0149874884
7   8   4   14   -0.0000031230
7   8   5   13   -0.0000000000
7   8   5   14   -0.0007019008
7   8   6   8   -0.0000000000
7   8   6   9   -0.0000000000
7   8   6   10   0.0000000000
7   8   7   8   0.5734326850
7   8   7   9   -0.0000000441
7   8   7   10   -0.0062177048
7   8   7   11   0.0000013446
7   8   7   12   0.0017623034
7   9   1   14   0.0000000062
7   9   2   13   -0.0000000000
7   9   2   14   0.0148368629
7   9   3   14   0.0000031272
7   9   4   13   -0.0000000000
7   9   4   14   0.0149461284
7   9   5   13   0.0000000000
7   9   5   14   -0.0000001469
7   9   6   8   -0.0000000000
7   9   6   9   -0.0000000000
7   9   6   11   0.0000000000
7   9   7   8   -0.0000000441
7   9   7   9   0.5734339129
7   9   7   10   -0.0000012974
7   9   7   11   -0.0064356302
7   9   7   12   0.0000003686
7   10   1   13   -0.0000000000
7   10   1   14   0.0149874884
7   10   2   14   0.0000031272
7   10   3   13   -0.0000000000
7   10   3   14   0.0620965950
7   10   4   13   0.0000000000
7   10   4   14   -0.0000000067
7   10   5   13   -0.0000000000
7   10   5   14   -0.0000852399
7   10   6   8   0.0000000000
7   10   6   10   -0.0000000000
7   10   6   11   0.0000000000
7   10   7   8   -0.0062177048
7   10   7   9   -0.0000012974
7   10   7   10   0.4246179218
7   10   7   11   -0.0000000276
7   10   7   12   0.0131834214
7   11   1   14   -0.0000031230
7   11   2   14   0.0149461284
7   11   3   13   0.0000000000
7   11   3   14   -0.0000000067
7   11   4   13   -0.0000000000
7   11   4   14   0.0566695982
7   11   5   13   0.0000000000
7   11   5   14   -0.0000000001
7   11   6   9   0.0000000000
7   11   6   10   0.0000000000
7   11   6   11   -0.0000000000
7   11   6   12   0.0000000000
7   11   7   8   0.0000013446
7   11   7   9   -0.0064356302
7   11   7   10   -0.0000000276
7   11   7   11   0.4237980639
7   11   7   12   0.0000000080
7   12   1   13   -0.0000000000
7   12   1   14   -0.0007019008
7   12   2   13   0.0000000000
7   12   2   14   -0.0000001469
7   12   3   13   -0.0000000000
7   12   3   14   -0.0000852399
7   12   4   13   0.0000000000
7   12   4   14   -0.0000000001
7   12   5   13   0.0000000000
7   12   5   14   0.0096673388
7   12   6   11   0.0000000000
7   12   6   12   -0.0000000000
7   12   7   8   0.0017623034
7   12   7   9   0.0000003686
7   12   7   10   0.0131834214
7   12   7   11   0.0000000080
7   12   7   12   0.4061493474
7   13   1   8   -0.0000000000
7   13   1   10   -0.0000000000
7   13   1   12   -0.0000000000
7   13   2   9   -0.0000000000
7   13   2   12   0.0000000000
7   13   3   8   -0.0000000000
7   13   3   10   0.0000000000
7   13   3   11   0.0000000000
7   13   3   12   -0.0000000000
7   13   4   10   0.0000000000
7   13   4   11   0.0000000000
7   13   4   12   0.0000000000
7   13   5   8   -0.0000000000
7   13   5   9   0.0000000000
7   13   5   10   -0.0000000000
7   13   5   11   0.0000000000
7   13   5   12   0.0000000000
7   13   6   13   0.0000000021
7   13   6   14   0.0077292574
7   13   7   13   0.4047447375
7   13   7   14   -0.0000000020
7   14   1   8   0.0124829377
7   14   1   9   0.0000000080
7   14   1   10   0.0141778049
7   14   1   11   -0.0000029270
7   14   1   12   -0.0005782741
7   14   2   8   0.0000000080
7   14   2   9   0.0124366227
7   14   2   10   0.0000029585
7   14   2   11   0.0140093263
7   14   2   12   -0.0000001211
7   14   3   8   0.0141778049
7   14   3   9   0.0000029585
7   14   3   10   0.0608945292
7   14   3   11   -0.0000000066
7   14   3   12   -0.0008595491
7   14   4   8   -0.0000029270
7   14   4   9   0.0140093263
7   14   4   10   -0.0000000066
7   14   4   11   0.0577404881
7   14   4   12   -0.0000000000
7   14   5   8   -0.0005782741
7   14   5   9   -0.0000001211
7   14   5   10   -0.0008595491
7   14   5   11   -0.0000000000
7   14   5   12   0.0139311733
7   14   6   13   0.0138057594
7   14   6   14   -0.0000000021
7   14   7   13   -0.0000000021
7   14   7   14   0.4262797490

End IJKL Block
Begin ABCD Block
1   4   1   4   0.4230023757
1   4   1   5   0.0000000021
1   4   2   4   0.0000000021
1   4   2   5   0.0162636642
1   4   3   6   0.0174492726
1   5   1   4   0.0000000021
1   5   1   5   0.3918683225
1   5   2   4   0.0148704027
1   5   2   5   -0.0000000021
1   6   1   6   0.4039664091
1   6   2   6   -0.0000000000
1   6   3   4   0.0162874982
2   4   1   4   0.0000000021
2   4   1   5   0.0148704027
2   4   2   4   0.3918683225
2   4   2   5   -0.0000000021
2   5   1   4   0.0162636642
2   5   1   5   -0.0000000021
2   5   2   4   -0.0000000021
2   5   2   5   0.4230023756
2   5   3   6   0.0174492726
2   6   2   6   0.4039664091
2   6   3   5   0.0162874982
3   4   1   6   0.0162874982
3   4   3   4   0.4039664091
3   4   3   5   -0.0000000000
3   5   2   6   0.0162874982
3   5   3   5   0.4039664091
3   6   1   4   0.0174492726
3   6   2   5   0.0174492726
3   6   3   6   0.4512446678

End ABCD Block
Begin AIJB Block
1   8   1   4   0.0127265928
1   8   2   4   -0.0000000048
1   8   3   4   0.0128509966
1   8   4   4   -0.0000027974
1   8   5   4   -0.0008146695
1   8   6   6   -0.0015862611
1   8   7   6   0.0006479898
1   9   1   4   -0.0000000048
1   9   2   4   0.0127540863
1   9   3   4   0.0000026841
1   9   4   4   0.0134014775
1   9   5   4   -0.0000001705
1   9   6   6   -0.0000003318
1   9   7   6   0.0000001355
1   10   1   4   0.0128509966
1   10   2   4   0.0000026841
1   10   3   4   0.0597814762
1   10   4   4   0.0000000027
1   10   4   5   0.0000000000
1   10   5   4   -0.0054394549
1   10   5   5   -0.0000000000
1   10   6   6   0.0127227103
1   10   7   6   -0.0051972444
1   11   1   4   -0.0000027974
1   11   2   4   0.0134014775
1   11   3   4   0.0000000027
1   11   3   5   0.0000000000
1   11   4   4   0.0671744331
1   11   4   5   0.0000000000
1   11   5   4   -0.0000000016
1   11   5   5   0.0000000000
1   11   6   6   0.0000000035
1   11   7   6   -0.0000000014
1   12   1   4   -0.0008146695
1   12   2   4   -0.0000001705
1   12   3   4   -0.0054394549
1   12   3   5   -0.0000000000
1   12   4   4   -0.0000000016
1   12   4   5   0.0000000000
1   12   5   4   0.0245617728
1   12   6   6   0.1699864129
1   12   7   6   -0.0694396795
1   13   1   6   0.0017125166
1   13   2   6   0.0000003581
1   13   3   6   0.0063173403
1   13   4   6   0.0000000002
1   13   5   6   0.0166564378
1   13   6   4   0.2061030092
1   13   6   5   -0.0733774979
1   13   7   4   -0.0733774965
1   13   7   5   0.0109476297
1   14   1   6   -0.0006995653
1   14   2   6   -0.0000001463
1   14   3   6   -0.0025806421
1   14   4   6   -0.0000000001
1   14   5   6   -0.0068041773
1   14   6   4   -0.0733774965
1   14   6   5   -0.1605989105
1   14   7   4   0.0564517406
1   14   7   5   0.0733774979
2   8   1   5   0.0127265928
2   8   2   5   -0.0000000048
2   8   3   5   0.0128509966
2   8   4   5   -0.0000027974
2   8   5   5   -0.0008146695
2   8   6   6   0.0006479898
2   8   7   6   0.0015862611
2   9   1   5   -0.0000000048
2   9   2   5   0.0127540863
2   9   3   5   0.0000026841
2   9   4   5   0.0134014775
2   9   5   5   -0.0000001705
2   9   6   6   0.0000001355
2   9   7   6   0.0000003318
2   10   1   5   0.0128509966
2   10   2   5   0.0000026841
2   10   3   5   0.0597814762
2   10   4   4   0.0000000000
2   10   4   5   0.0000000027
2   10   5   4   -0.0000000000
2   10   5   5   -0.0054394550
2   10   6   6   -0.0051972444
2   10   7   6   -0.0127227103
2   11   1   5   -0.0000027974
2   11   2   5   0.0134014775
2   11   3   4   0.0000000000
2   11   3   5   0.0000000027
2   11   4   4   0.0000000000
2   11   4   5   0.0671744332
2   11   5   4   0.0000000000
2   11   5   5   -0.0000000015
2   11   6   6   -0.0000000014
2   11   7   6   -0.0000000035
2   12   1   5   -0.0008146695
2   12   2   5   -0.0000001705
2   12   3   4   -0.0000000000
2   12   3   5   -0.0054394550
2   12   4   4   0.0000000000
2   12   4   5   -0.0000000015
2   12   5   5   0.0245617728
2   12   6   6   -0.0694396795
2   12   7   6   -0.1699864129
2   13   1   6   -0.0006995653
2   13   2   6   -0.0000001463
2   13   3   6   -0.0025806421
2   13   4   6   -0.0000000001
2   13   5   6   -0.0068041773
2   13   6   4   -0.0733774979
2   13   6   5   0.0564517405
2   13   7   4   -0.1605989105
2   13   7   5   0.0733774965
2   14   1   6   -0.0017125166
2   14   2   6   -0.0000003581
2   14   3   6   -0.0063173403
2   14   4   6   -0.0000000002
2   14   5   6   -0.0166564378
2   14   6   4   0.0109476297
2   14   6   5   0.0733774965
2   14   7   4   0.0733774979
2   14   7   5   0.2061030092
3   8   1   6   0.0143769601
3   8   2   6   -0.0000000134
3   8   3   6   0.0133442305
3   8   4   6   -0.0000029523
3   8   5   6   -0.0008792327
3   8   6   4   0.0017125166
3   8   6   5   -0.0006995653
3   8   7   4   -0.0006995653
3   8   7   5   -0.0017125166
3   9   1   6   -0.0000000134
3   9   2   6   0.0144434576
3   9   3   6   0.0000027867
3   9   4   6   0.0141410617
3   9   5   6   -0.0000001841
3   9   6   4   0.0000003581
3   9   6   5   -0.0000001463
3   9   7   4   -0.0000001463
3   9   7   5   -0.0000003581
3   10   1   6   0.0133442305
3   10   2   6   0.0000027867
3   10   3   6   0.0615982388
3   10   4   6   0.0000000013
3   10   5   6   0.0127501302
3   10   6   4   0.0063173403
3   10   6   5   -0.0025806421
3   10   7   4   -0.0025806421
3   10   7   5   -0.0063173403
3   11   1   6   -0.0000029523
3   11   2   6   0.0141410617
3   11   3   6   0.0000000013
3   11   4   6   0.0673803726
3   11   5   6   0.0000000022
3   11   6   4   0.0000000002
3   11   6   5   -0.0000000001
3   11   7   4   -0.0000000001
3   11   7   5   -0.0000000002
3   12   1   6   -0.0008792327
3   12   2   6   -0.0000001841
3   12   3   6   0.0127501302
3   12   4   6   0.0000000022
3   12   5   6   0.2184305550
3   12   6   4   0.0166564378
3   12   6   5   -0.0068041773
3   12   7   4   -0.0068041773
3   12   7   5   -0.0166564378
3   13   1   4   -0.0015862611
3   13   1   5   0.0006479898
3   13   2   4   -0.0000003318
3   13   2   5   0.0000001355
3   13   3   4   0.0127227103
3   13   3   5   -0.0051972444
3   13   4   4   0.0000000035
3   13   4   5   -0.0000000014
3   13   5   4   0.1699864129
3   13   5   5   -0.0694396795
3   13   6   6   0.0262053217
3   13   7   6   -0.0000000000
3   14   1   4   0.0006479898
3   14   1   5   0.0015862611
3   14   2   4   0.0000001355
3   14   2   5   0.0000003318
3   14   3   4   -0.0051972444
3   14   3   5   -0.0127227103
3   14   4   4   -0.0000000014
3   14   4   5   -0.0000000035
3   14   5   4   -0.0694396795
3   14   5   5   -0.1699864129
3   14   6   6   -0.0000000000
3   14   7   6   0.0262053216

1   8   8   1   -0.5487245639
1   8   8   2   0.0000000000
1   8   9   1   -0.0000000300
1   8   10   1   0.0049655786
1   8   11   1   -0.0000010817
1   8   12   1   -0.0011892130
1   8   13   3   -0.0018772348
1   8   14   3   0.0007668529
1   9   8   1   -0.0000000300
1   9   9   1   -0.5487243948
1   9   9   2   0.0000000000
1   9   10   1   0.0000010371
1   9   11   1   0.0051820282
1   9   12   1   -0.0000002486
1   9   13   3   -0.0000003927
1   9   14   3   0.0000001604
1   10   8   1   0.0049655786
1   10   9   1   0.0000010371
1   10   10   1   -0.4235255720
1   10   10   2   -0.0000000000
1   10   11   1   -0.0000000170
1   10   11   2   0.0000000000
1   10   12   1   -0.0075885920
1   10   12   2   0.0000000000
1   10   13   3   -0.0074212461
1   10   14   3   0.0030315891
1   11   8   1   -0.0000010817
1   11   9   1   0.0051820282
1   11   10   1   -0.0000000170
1   11   10   2   0.0000000000
1   11   11   1   -0.4268248125
1   11   11   2   -0.0000000000
1   11   12   1   0.0000000016
1   11   12   2   -0.0000000000
1   11   13   3   -0.0000000038
1   11   14   3   0.0000000015
1   12   8   1   -0.0011892130
1   12   9   1   -0.0000002486
1   12   10   1   -0.0075885920
1   12   10   2   0.0000000000
1   12   11   1   0.0000000016
1   12   11   2   -0.0000000000
1   12   12   1   -0.4093704183
1   12   13   3   -0.0163857299
1   12   14   3   0.0066935928
1   13   8   3   -0.0018155087
1   13   9   3   -0.0000003798
1   13   10   3   -0.0078119847
1   13   11   3   -0.0000000030
1   13   12   3   -0.0186673403
1   13   13   1   -0.4431483959
1   13   13   2   0.0135999776
1   13   14   1   0.0135999764
1   13   14   2   0.0149870685
1   14   8   3   0.0007416378
1   14   9   3   0.0000001552
1   14   10   3   0.0031912063
1   14   11   3   0.0000000012
1   14   12   3   0.0076256337
1   14   13   1   0.0135999764
1   14   13   2   0.0127496951
1   14   14   1   -0.4154116431
1   14   14   2   -0.0135999776
2   8   8   1   0.0000000000
2   8   8   2   -0.5487245639
2   8   9   2   -0.0000000300
2   8   10   2   0.0049655786
2   8   11   2   -0.0000010817
2   8   12   2   -0.0011892130
2   8   13   3   0.0007668529
2   8   14   3   0.0018772348
2   9   8   2   -0.0000000300
2   9   9   1   0.0000000000
2   9   9   2   -0.5487243948
2   9   10   2   0.0000010371
2   9   11   2   0.0051820282
2   9   12   2   -0.0000002486
2   9   13   3   0.0000001604
2   9   14   3   0.0000003927
2   10   8   2   0.0049655786
2   10   9   2   0.0000010371
2   10   10   1   -0.0000000000
2   10   10   2   -0.4235255720
2   10   11   1   0.0000000000
2   10   11   2   -0.0000000170
2   10   12   1   0.0000000000
2   10   12   2   -0.0075885920
2   10   13   3   0.0030315891
2   10   14   3   0.0074212461
2   11   8   2   -0.0000010817
2   11   9   2   0.0051820282
2   11   10   1   0.0000000000
2   11   10   2   -0.0000000170
2   11   11   1   -0.0000000000
2   11   11   2   -0.4268248125
2   11   12   1   -0.0000000000
2   11   12   2   0.0000000016
2   11   13   3   0.0000000015
2   11   14   3   0.0000000038
2   12   8   2   -0.0011892130
2   12   9   2   -0.0000002486
2   12   10   1   0.0000000000
2   12   10   2   -0.0075885920
2   12   11   1   -0.0000000000
2   12   11   2   0.0000000016
2   12   12   2   -0.4093704183
2   12   13   3   0.0066935928
2   12   14   3   0.0163857299
2   13   8   3   0.0007416378
2   13   9   3   0.0000001552
2   13   10   3   0.0031912063
2   13   11   3   0.0000000012
2   13   12   3   0.0076256337
2   13   13   1   0.0135999776
2   13   13   2   -0.4154116432
2   13   14   1   0.0127496951
2   13   14   2   -0.0135999764
2   14   8   3   0.0018155087
2   14   9   3   0.0000003798
2   14   10   3   0.0078119847
2   14   11   3   0.0000000029
2   14   12   3   0.0186673402
2   14   13   1   0.0149870685
2   14   13   2   -0.0135999764
2   14   14   1   -0.0135999776
2   14   14   2   -0.4431483958
3   8   8   3   -0.5737543958
3   8   9   3   -0.0000000205
3   8   10   3   0.0054419666
3   8   11   3   -0.0000012402
3   8   12   3   -0.0046760583
3   8   13   1   -0.0018155087
3   8   13   2   0.0007416378
3   8   14   1   0.0007416378
3   8   14   2   0.0018155087
3   9   8   3   -0.0000000205
3   9   9   3   -0.5737524812
3   9   10   3   0.0000011364
3   9   11   3   0.0059399425
3   9   12   3   -0.0000009778
3   9   13   1   -0.0000003798
3   9   13   2   0.0000001552
3   9   14   1   0.0000001552
3   9   14   2   0.0000003798
3   10   8   3   0.0054419666
3   10   9   3   0.0000011364
3   10   10   3   -0.4389054804
3   10   11   3   -0.0000000117
3   10   12   3   -0.0212853382
3   10   13   1   -0.0078119847
3   10   13   2   0.0031912063
3   10   14   1   0.0031912063
3   10   14   2   0.0078119847
3   11   8   3   -0.0000012402
3   11   9   3   0.0059399425
3   11   10   3   -0.0000000117
3   11   11   3   -0.4384288737
3   11   12   3   -0.0000000036
3   11   13   1   -0.0000000030
3   11   13   2   0.0000000012
3   11   14   1   0.0000000012
3   11   14   2   0.0000000029
3   12   8   3   -0.0046760583
3   12   9   3   -0.0000009778
3   12   10   3   -0.0212853382
3   12   11   3   -0.0000000036
3   12   12   3   -0.4591096749
3   12   13   1   -0.0186673403
3   12   13   2   0.0076256337
3   12   14   1   0.0076256337
3   12   14   2   0.0186673402
3   13   8   1   -0.0018772348
3   13   8   2   0.0007668529
3   13   9   1   -0.0000003927
3   13   9   2   0.0000001604
3   13   10   1   -0.0074212461
3   13   10   2   0.0030315891
3   13   11   1   -0.0000000038
3   13   11   2   0.0000000015
3   13   12   1   -0.0163857299
3   13   12   2   0.0066935928
3   13   13   3   -0.4227332478
3   13   14   3   0.0000000000
3   14   8   1   0.0007668529
3   14   8   2   0.0018772348
3   14   9   1   0.0000001604
3   14   9   2   0.0000003927
3   14   10   1   0.0030315891
3   14   10   2   0.0074212461
3   14   11   1   0.0000000015
3   14   11   2   0.0000000038
3   14   12   1   0.0066935928
3   14   12   2   0.0163857299
3   14   13   3   0.0000000000
3   14   14   3   -0.4227332477

End AIJB Block
Begin IJKA Block
1   8   1   6   0.0000179214
1   8   2   6   -0.0294092842
1   8   3   6   -0.0000019640
1   8   4   6   0.0036953024
1   8   5   6   -0.0000053377
1   8   6   4   -0.0000050489
1   8   6   5   0.0000020625
1   8   7   4   0.0000020625
1   8   7   5   0.0000050489
1   9   1   6   -0.0268613673
1   9   2   6   -0.0000061480
1   9   3   6   0.0046965531
1   9   4   6   0.0000000027
1   9   5   6   0.0127948916
1   9   6   4   0.0120854540
1   9   6   5   -0.0049369243
1   9   7   4   -0.0049369243
1   9   7   5   -0.0120854540
1   10   1   6   -0.0000149308
1   10   2   6   0.0356679568
1   10   3   6   0.0000001931
1   10   4   6   -0.0020583767
1   10   5   6   -0.0000027886
1   10   6   4   -0.0000026405
1   10   6   5   0.0000010786
1   10   7   4   0.0000010786
1   10   7   5   0.0000026405
1   11   1   6   0.0315276970
1   11   2   6   0.0000000129
1   11   3   6   -0.0005850802
1   11   4   6   0.0000003806
1   11   5   6   0.0141454665
1   11   6   4   0.0132056877
1   11   6   5   -0.0053945413
1   11   7   4   -0.0053945413
1   11   7   5   -0.0132056877
1   12   1   6   -0.0001364101
1   12   2   6   0.3261094651
1   12   3   6   0.0000007461
1   12   4   6   -0.0035373883
1   12   5   6   0.0000001187
1   12   6   4   0.0000001597
1   12   6   5   -0.0000000652
1   12   7   4   -0.0000000652
1   12   7   5   -0.0000001597
1   13   1   4   -0.0001309818
1   13   1   5   0.0000535063
1   13   2   4   0.3131286163
1   13   2   5   -0.1279134632
1   13   3   4   0.0000007136
1   13   3   5   -0.0000002915
1   13   4   4   -0.0033023834
1   13   4   5   0.0013490281
1   13   5   4   0.0000002765
1   13   5   5   -0.0000001130
1   13   6   6   -0.0000003843
1   14   1   4   0.0000535063
1   14   1   5   0.0001309818
1   14   2   4   -0.1279134632
1   14   2   5   -0.3131286164
1   14   3   4   -0.0000002915
1   14   3   5   -0.0000007136
1   14   4   4   0.0013490281
1   14   4   5   0.0033023834
1   14   5   4   -0.0000001130
1   14   5   5   -0.0000002765
1   14   7   6   -0.0000003843
2   8   1   6   -0.0294108412
2   8   2   6   -0.0000066811
2   8   3   6   0.0046866112
2   8   4   6   0.0000000027
2   8   5   6   0.0127244303
2   8   6   4   0.0120536251
2   8   6   5   -0.0049239221
2   8   7   4   -0.0049239221
2   8   7   5   -0.0120536251
2   9   1   6   -0.0000061483
2   9   2   6   -0.0268707062
2   9   3   6   0.0000019610
2   9   4   6   0.0036892535
2   9   5   6   0.0000053371
2   9   6   4   0.0000050485
2   9   6   5   -0.0000020623
2   9   7   4   -0.0000020623
2   9   7   5   -0.0000050485
2   10   1   6   0.0356680359
2   10   2   6   0.0000149091
2   10   3   6   -0.0009189004
2   10   4   6   -0.0000004302
2   10   5   6   0.0133084028
2   10   6   4   0.0126015893
2   10   6   5   -0.0051477663
2   10   7   4   -0.0051477663
2   10   7   5   -0.0126015893
2   11   1   6   0.0000000129
2   11   2   6   0.0315177701
2   11   3   6   -0.0000001220
2   11   4   6   -0.0018240831
2   11   5   6   0.0000029629
2   11   6   4   0.0000027661
2   11   6   5   -0.0000011300
2   11   7   4   -0.0000011300
2   11   7   5   -0.0000027661
2   12   1   6   0.3261035376
2   12   2   6   0.0001364114
2   12   3   6   -0.0035630899
2   12   4   6   -0.0000007414
2   12   5   6   -0.0005679911
2   12   6   4   -0.0007639949
2   12   6   5   0.0003120929
2   12   7   4   0.0003120929
2   12   7   5   0.0007639949
2   13   1   4   0.3131237504
2   13   1   5   -0.1279114754
2   13   2   4   0.0001309803
2   13   2   5   -0.0000535056
2   13   3   4   -0.0034076200
2   13   3   5   0.0013920174
2   13   4   4   -0.0000006921
2   13   4   5   0.0000002827
2   13   5   4   -0.0013212906
2   13   5   5   0.0005397490
2   13   6   6   0.0018358775
2   13   7   6   0.0000000000
2   14   1   4   -0.1279114754
2   14   1   5   -0.3131237504
2   14   2   4   -0.0000535056
2   14   2   5   -0.0001309803
2   14   3   4   0.0013920174
2   14   3   5   0.0034076200
2   14   4   4   0.0000002827
2   14   4   5   0.0000006921
2   14   5   4   0.0005397490
2   14   5   5   0.0013212906
2   14   6   6   0.0000000000
2   14   7   6   0.0018358775
3   8   1   6   -0.0000020618
3   8   2   6   0.0049201081
3   8   3   6   -0.0000001973
3   8   4   6   -0.0031185761
3   8   5   6   -0.0000031612
3   8   6   4   -0.0000028020
3   8   6   5   0.0000011446
3   8   7   4   0.0000011446
3   8   7   5   0.0000028020
3   9   1   6   0.0049301894
3   9   2   6   0.0000020586
3   9   3   6   0.0009543093
3   9   4   6   -0.0000006511
3   9   5   6   0.0150890570
3   9   6   4   0.0133728422
3   9   6   5   -0.0054628241
3   9   7   4   -0.0054628241
3   9   7   5   -0.0133728422
3   10   1   6   0.0000001819
3   10   2   6   -0.0008662694
3   10   3   6   -0.0000000175
3   10   4   6   0.0132005809
3   10   5   6   -0.0000000413
3   10   6   4   -0.0000000399
3   10   6   5   0.0000000163
3   10   7   4   0.0000000163
3   10   7   5   0.0000000399
3   11   1   6   -0.0004874843
3   11   2   6   -0.0000001017
3   11   3   6   0.0247942491
3   11   4   6   0.0000000083
3   11   5   6   0.0633494548
3   11   6   4   0.0578514761
3   11   6   5   -0.0236324062
3   11   7   4   -0.0236324062
3   11   7   5   -0.0578514760
3   12   1   6   0.0000008200
3   12   2   6   -0.0039169377
3   12   3   6   -0.0000001464
3   12   4   6   0.2071192890
3   12   5   6   0.0000000131
3   12   6   4   0.0000000001
3   12   6   5   -0.0000000001
3   12   7   4   -0.0000000000
3   12   7   5   -0.0000000001
3   13   1   4   0.0000008098
3   13   1   5   -0.0000003308
3   13   2   4   -0.0038675573
3   13   2   5   0.0015799024
3   13   3   4   -0.0000001419
3   13   3   5   0.0000000580
3   13   4   4   0.1990615453
3   13   4   5   -0.0813169104
3   13   5   4   0.0000000127
3   13   5   5   -0.0000000052
3   13   6   6   -0.0000000013
3   13   7   6   -0.0000000000
3   14   1   4   -0.0000003308
3   14   1   5   -0.0000008097
3   14   2   4   0.0015799024
3   14   2   5   0.0038675573
3   14   3   4   0.0000000580
3   14   3   5   0.0000001419
3   14   4   4   -0.0813169104
3   14   4   5   -0.1990615453
3   14   5   4   -0.0000000052
3   14   5   5   -0.0000000127
3   14   6   6   -0.0000000000
3   14   7   6   -0.0000000013
4   8   1   6   0.0038878540
4   8   2   6   0.0000000024
4   8   3   6   -0.0031692220
4   8   4   6   0.0000004370
4   8   5   6   0.0145819274
4   8   6   4   0.0133278338
4   8   6   5   -0.0054444381
4   8   7   4   -0.0054444381
4   8   7   5   -0.0133278338
4   9   1   6   0.0000000024
4   9   2   6   0.0038829318
4   9   3   6   -0.0000006617
4   9   4   6   -0.0020994802
4   9   5   6   0.0000030548
4   9   6   4   0.0000027918
4   9   6   5   -0.0000011405
4   9   7   4   -0.0000011405
4   9   7   5   -0.0000027918
4   10   1   6   -0.0019536894
4   10   2   6   -0.0000004084
4   10   3   6   0.0125524772
4   10   4   6   0.0000000053
4   10   5   6   0.0526451789
4   10   6   4   0.0541203762
4   10   6   5   -0.0221082468
4   10   7   4   -0.0221082468
4   10   7   5   -0.0541203761
4   11   1   6   0.0000003623
4   11   2   6   -0.0017362450
4   11   3   6   0.0000000080
4   11   4   6   0.0112538087
4   11   5   6   0.0000000396
4   11   6   4   0.0000000382
4   11   6   5   -0.0000000156
4   11   7   4   -0.0000000156
4   11   7   5   -0.0000000383
4   12   1   6   -0.0039208772
4   12   2   6   -0.0000008220
4   12   3   6   0.2074110301
4   12   4   6   0.0000001432
4   12   5   6   -0.0399848799
4   12   6   4   -0.0042375618
4   12   6   5   0.0017310497
4   12   7   4   0.0017310497
4   12   7   5   0.0042375618
4   13   1   4   -0.0038442760
4   13   1   5   0.0015703920
4   13   2   4   -0.0000008059
4   13   2   5   0.0000003292
4   13   3   4   0.1987879257
4   13   3   5   -0.0812051364
4   13   4   4   0.0000001355
4   13   4   5   -0.0000000553
4   13   5   4   -0.0362991084
4   13   5   5   0.0148282349
4   13   6   6   0.0033214345
4   14   1   4   0.0015703920
4   14   1   5   0.0038442760
4   14   2   4   0.0000003292
4   14   2   5   0.0000008059
4   14   3   4   -0.0812051364
4   14   3   5   -0.1987879257
4   14   4   4   -0.0000000553
4   14   4   5   -0.0000001355
4   14   5   4   0.0148282349
4   14   5   5   0.0362991084
4   14   7   6   0.0033214345
5   8   1   6   -0.0000062666
5   8   2   6   0.0149459838
5   8   3   6   -0.0000034214
5   8   4   6   0.0158591119
5   8   5   6   0.0000001529
5   8   6   4   0.0000001371
5   8   6   5   -0.0000000560
5   8   7   4   -0.0000000560
5   8   7   5   -0.0000001371
5   9   1   6   0.0150102220
5   9   2   6   0.0000062641
5   9   3   6   0.0163288416
5   9   4   6   0.0000033219
5   9   5   6   -0.0007307381
5   9   6   4   -0.0006562077
5   9   6   5   0.0002680617
5   9   7   4   0.0002680617
5   9   7   5   0.0006562077
5   10   1   6   -0.0000028143
5   10   2   6   0.0134272408
5   10   3   6   -0.0000000425
5   10   4   6   0.0536360574
5   10   5   6   -0.0000000054
5   10   6   4   0.0000000006
5   10   6   5   -0.0000000002
5   10   7   4   -0.0000000002
5   10   7   5   -0.0000000006
5   11   1   6   0.0141135857
5   11   2   6   0.0000029554
5   11   3   6   0.0643093009
5   11   4   6   0.0000000396
5   11   5   6   0.0152521454
5   11   6   4   -0.0026964276
5   11   6   5   0.0011014943
5   11   7   4   0.0011014943
5   11   7   5   0.0026964277
5   12   1   6   0.0000000319
5   12   2   6   -0.0001525360
5   12   3   6   0.0000000132
5   12   4   6   -0.0403866462
5   12   5   6   -0.0000000098
5   12   6   4   -0.0000000038
5   12   6   5   0.0000000016
5   12   7   4   0.0000000016
5   12   7   5   0.0000000038
5   13   1   4   0.0000002040
5   13   1   5   -0.0000000833
5   13   2   4   -0.0009741654
5   13   2   5   0.0003979479
5   13   3   4   0.0000000124
5   13   3   5   -0.0000000050
5   13   4   4   -0.0358303807
5   13   4   5   0.0146367589
5   13   5   4   -0.0000000102
5   13   5   5   0.0000000042
5   13   6   6   -0.0000000012
5   13   7   6   0.0000000000
5   14   1   4   -0.0000000833
5   14   1   5   -0.0000002040
5   14   2   4   0.0003979479
5   14   2   5   0.0009741654
5   14   3   4   -0.0000000050
5   14   3   5   -0.0000000123
5   14   4   4   0.0146367590
5   14   4   5   0.0358303806
5   14   5   4   0.0000000042
5   14   5   5   0.0000000102
5   14   6   6   0.0000000000
5   14   7   6   -0.0000000012
6   8   1   4   -0.0000059865
6   8   1   5   0.0000024455
6   8   2   4   0.0142962610
6   8   2   5   -0.0058400420
6   8   3   4   -0.0000030752
6   8   3   5   0.0000012562
6   8   4   4   0.0146379797
6   8   4   5   -0.0059796345
6   8   5   4   0.0000002203
6   8   5   5   -0.0000000900
6   8   6   6   -0.0000001370
6   8   7   6   0.0000000000
6   9   1   4   0.0143221526
6   9   1   5   -0.0058506187
6   9   2   4   0.0000059846
6   9   2   5   -0.0000024447
6   9   3   4   0.0146758545
6   9   3   5   -0.0059951064
6   9   4   4   0.0000030660
6   9   4   5   -0.0000012525
6   9   5   4   -0.0010536511
6   9   5   5   0.0004304179
6   9   6   6   0.0006561548
6   9   7   6   0.0000000000
6   10   1   4   -0.0000026863
6   10   1   5   0.0000010974
6   10   2   4   0.0128174752
6   10   2   5   -0.0052359559
6   10   3   4   -0.0000000408
6   10   3   5   0.0000000167
6   10   4   4   0.0546265975
6   10   4   5   -0.0223150389
6   10   5   4   0.0000000019
6   10   5   5   -0.0000000008
6   10   6   6   -0.0000000089
6   10   7   6   0.0000000000
6   11   1   4   0.0132726929
6   11   1   5   -0.0054219130
6   11   2   4   0.0000027795
6   11   2   5   -0.0000011354
6   11   3   4   0.0578675430
6   11   3   5   -0.0236389696
6   11   4   4   0.0000000374
6   11   4   5   -0.0000000153
6   11   5   4   -0.0045094695
6   11   5   5   0.0018421244
6   11   6   6   0.0210521328
6   11   7   6   0.0000000000
6   12   1   4   0.0000001025
6   12   1   5   -0.0000000419
6   12   2   4   -0.0004901079
6   12   2   5   0.0002002098
6   12   3   4   0.0000000017
6   12   3   5   -0.0000000007
6   12   4   4   -0.0051069335
6   12   4   5   0.0020861892
6   12   5   4   -0.0000000003
6   12   5   5   0.0000000001
6   12   6   6   -0.0000000220
6   12   7   6   -0.0000000000
6   13   1   6   -0.0000003480
6   13   2   6   0.0016628084
6   13   3   6   -0.0000000017
6   13   4   6   0.0040771887
6   13   5   6   0.0000000025
6   13   6   4   -0.0000000256
6   13   6   5   0.0000000105
6   13   7   4   0.0000000010
6   13   7   5   0.0000000023
6   14   1   6   -0.0000000000
6   14   3   6   0.0000000000
6   14   4   6   0.0000000000
6   14   5   6   0.0000000000
6   14   6   4   0.0000000087
6   14   6   5   0.0000000212
6   14   7   4   -0.0000000021
6   14   7   5   0.0000000008
7   8   1   4   0.0000024455
7   8   1   5   0.0000059865
7   8   2   4   -0.0058400420
7   8   2   5   -0.0142962610
7   8   3   4   0.0000012562
7   8   3   5   0.0000030752
7   8   4   4   -0.0059796345
7   8   4   5   -0.0146379797
7   8   5   4   -0.0000000900
7   8   5   5   -0.0000002203
7   8   6   6   0.0000000000
7   8   7   6   -0.0000001370
7   9   1   4   -0.0058506187
7   9   1   5   -0.0143221525
7   9   2   4   -0.0000024447
7   9   2   5   -0.0000059846
7   9   3   4   -0.0059951064
7   9   3   5   -0.0146758545
7   9   4   4   -0.0000012525
7   9   4   5   -0.0000030660
7   9   5   4   0.0004304179
7   9   5   5   0.0010536511
7   9   6   6   0.0000000000
7   9   7   6   0.0006561549
7   10   1   4   0.0000010974
7   10   1   5   0.0000026863
7   10   2   4   -0.0052359559
7   10   2   5   -0.0128174752
7   10   3   4   0.0000000167
7   10   3   5   0.0000000408
7   10   4   4   -0.0223150389
7   10   4   5   -0.0546265975
7   10   5   4   -0.0000000008
7   10   5   5   -0.0000000019
7   10   6   6   0.0000000000
7   10   7   6   -0.0000000089
7   11   1   4   -0.0054219130
7   11   1   5   -0.0132726928
7   11   2   4   -0.0000011354
7   11   2   5   -0.0000027795
7   11   3   4   -0.0236389696
7   11   3   5   -0.0578675430
7   11   4   4   -0.0000000153
7   11   4   5   -0.0000000373
7   11   5   4   0.0018421244
7   11   5   5   0.0045094695
7   11   6   6   0.0000000000
7   11   7   6   0.0210521329
7   12   1   4   -0.0000000419
7   12   1   5   -0.0000001025
7   12   2   4   0.0002002098
7   12   2   5   0.0004901079
7   12   3   4   -0.0000000007
7   12   3   5   -0.0000000016
7   12   4   4   0.0020861892
7   12   4   5   0.0051069333
7   12   5   4   0.0000000001
7   12   5   5   0.0000000004
7   12   6   6   -0.0000000000
7   12   7   6   -0.0000000221
7   13   1   6   -0.0000000000
7   13   2   6   0.0000000000
7   13   3   6   0.0000000000
7   13   4   6   0.0000000000
7   13   5   6   0.0000000000
7   13   6   4   0.0000000009
7   13   6   5   0.0000000021
7   13   7   4   -0.0000000212
7   13   7   5   0.0000000087
7   14   1   6   -0.0000003480
7   14   2   6   0.0016628084
7   14   3   6   -0.0000000017
7   14   4   6   0.0040771888
7   14   5   6   0.0000000025
7   14   6   4   -0.0000000023
7   14   6   5   0.0000000009
7   14   7   4   0.0000000104
7   14   7   5   0.0000000256

End IJKA Block
Begin IABC Block
1   4   1   6   -0.0000003793
1   4   3   4   -0.0000000736
1   5   2   6   -0.0000003793
1   5   3   5   -0.0000000736
1   6   1   4   -0.0000003638
1   6   2   5   -0.0000003638
1   6   3   6   -0.0000007457
2   4   1   6   0.0018147684
2   4   3   4   0.0003512103
2   5   2   6   0.0018147684
2   5   3   5   0.0003512103
2   6   1   4   0.0017405996
2   6   2   5   0.0017405996
2   6   3   6   0.0035651989
3   4   1   6   -0.0000000017
3   4   3   4   -0.0000000055
3   4   3   5   0.0000000000
3   5   2   6   -0.0000000017
3   5   3   4   0.0000000000
3   5   3   5   -0.0000000055
3   6   1   4   -0.0000000004
3   6   1   5   -0.0000000000
3   6   2   4   -0.0000000000
3   6   2   5   -0.0000000005
3   6   3   6   -0.0000000084
4   4   1   6   0.0067263042
4   4   2   6   -0.0000000000
4   4   3   4   0.0196887316
4   5   1   6   -0.0000000000
4   5   2   6   0.0067263042
4   5   3   5   0.0196887316
4   6   1   4   0.0049657786
4   6   1   5   -0.0000000000
4   6   2   4   -0.0000000000
4   6   2   5   0.0049657785
4   6   3   6   0.0275912679
5   4   1   6   0.0000000027
5   4   2   6   0.0000000000
5   4   3   4   0.0000000156
5   4   3   5   0.0000000000
5   5   1   6   0.0000000000
5   5   2   6   0.0000000028
5   5   3   4   0.0000000000
5   5   3   5   0.0000000156
5   6   1   4   0.0000000062
5   6   1   5   0.0000000000
5   6   2   4   0.0000000000
5   6   2   5   0.0000000063
5   6   3   6   0.0000000120
6   4   1   4   0.0000000160
6   4   1   5   0.0000000001
6   4   2   4   -0.0000000061
6   4   2   5   0.0000000015
6   4   3   6   -0.0000000046
6   5   1   4   -0.0000000006
6   5   1   5   0.0000000149
6   5   2   4   -0.0000000003
6   5   2   5   -0.0000000066
6   5   3   6   0.0000000019
6   6   1   6   0.0000000111
6   6   2   6   -0.0000000046
6   6   3   4   -0.0000000031
6   6   3   5   0.0000000013
7   4   1   4   -0.0000000065
7   4   1   5   0.0000000003
7   4   2   4   -0.0000000148
7   4   2   5   -0.0000000006
7   4   3   6   0.0000000019
7   5   1   4   -0.0000000015
7   5   1   5   -0.0000000061
7   5   2   4   0.0000000001
7   5   2   5   -0.0000000160
7   5   3   6   0.0000000046
7   6   1   6   -0.0000000046
7   6   2   6   -0.0000000112
7   6   3   4   0.0000000013
7   6   3   5   0.0000000031

End IABC Block
