0   53   5   12      -0.101039538112
0   53   5   13       0.095476476109
0   53   6   12       0.095476476177
0   53   6   13      -0.194990191921
0   54   5   12       0.095476449313
0   54   6   12      -0.055328293831
0   54   6   13      -0.095476452565
0   55   6   11       0.060283520018
1   53   5   12       0.095476449256
1   53   5   13      -0.055328293869
1   53   6   13      -0.095476452578
1   54   5   12      -0.194990188223
1   54   5   13      -0.095476476389
1   54   6   12      -0.095476476455
1   54   6   13      -0.101039539434
1   55   5   11       0.060283518885
2   53   4   13       0.060283520018
2   54   4   12       0.060283518885
2   55   4   11      -0.097978670011
0   53   12   5       0.101039538112
0   53   12   6      -0.095476476177
0   53   13   5      -0.095476476109
0   53   13   6       0.194990191921
0   54   12   5      -0.095476449313
0   54   12   6       0.055328293831
0   54   13   6       0.095476452565
0   55   11   6      -0.060283520018
1   53   12   5      -0.095476449256
1   53   13   5       0.055328293869
1   53   13   6       0.095476452578
1   54   12   5       0.194990188223
1   54   12   6       0.095476476455
1   54   13   5       0.095476476389
1   54   13   6       0.101039539434
1   55   11   5      -0.060283518885
2   53   13   4      -0.060283520018
2   54   12   4      -0.060283518885
2   55   11   4       0.097978670011
53   0   5   12       0.101039538112
53   0   5   13      -0.095476476109
53   0   6   12      -0.095476476177
53   0   6   13       0.194990191921
53   1   5   12      -0.095476449256
53   1   5   13       0.055328293869
53   1   6   13       0.095476452578
53   2   4   13      -0.060283520018
54   0   5   12      -0.095476449313
54   0   6   12       0.055328293831
54   0   6   13       0.095476452565
54   1   5   12       0.194990188223
54   1   5   13       0.095476476389
54   1   6   12       0.095476476455
54   1   6   13       0.101039539434
54   2   4   12      -0.060283518885
55   0   6   11      -0.060283520018
55   1   5   11      -0.060283518885
55   2   4   11       0.097978670011
53   0   12   5      -0.101039538112
53   0   12   6       0.095476476177
53   0   13   5       0.095476476109
53   0   13   6      -0.194990191921
53   1   12   5       0.095476449256
53   1   13   5      -0.055328293869
53   1   13   6      -0.095476452578
53   2   13   4       0.060283520018
54   0   12   5       0.095476449313
54   0   12   6      -0.055328293831
54   0   13   6      -0.095476452565
54   1   12   5      -0.194990188223
54   1   12   6      -0.095476476455
54   1   13   5      -0.095476476389
54   1   13   6      -0.101039539434
54   2   12   4       0.060283518885
55   0   11   6       0.060283520018
55   1   11   5       0.060283518885
55   2   11   4      -0.097978670011

