Begin IJ Block
1   1   -25.5258488641
1   2   0.0000000000
1   3   -0.4838128536
1   4   0.0000000075
1   5   0.0146789920
2   2   -25.5258999180
2   3   -0.0000000071
2   4   -0.4870212776
2   5   -0.0000000003
3   3   -6.4266250183
3   4   0.0000000013
3   5   -0.1153494027
4   4   -6.4398435002
4   5   -0.0000000048
4   6   0.0000000000
5   5   -5.9383126093
6   6   -5.9355277032
6   7   -0.0000000031
7   7   -5.9355276990

End IJ Block
Begin IA Block
1   3   0.0000000005
2   3   -0.0216693238
3   3   -0.0000000006
4   3   -0.1971064642
5   2   -0.0000000000
5   3   0.0000000078
6   1   -0.0000000008
6   2   -0.0000000023
6   3   -0.0000000000
7   1   -0.0000000030
7   2   0.0000000008

End IA Block
Begin AB Block
1   1   -5.7391591152
1   2   0.0000000007
2   2   -5.7391591151
3   3   -5.8424239394

End AB Block
Begin IJAB Block
1   8   1   4   0.0130950431
1   8   2   5   0.0130950431
1   8   3   6   0.0138021017
1   9   1   4   0.0000000000
1   9   1   5   -0.0000000000
1   9   2   4   -0.0000000000
1   9   2   5   -0.0000000000
1   9   3   6   -0.0000000000
1   10   1   4   -0.0134078034
1   10   1   5   0.0000000000
1   10   2   4   0.0000000000
1   10   2   5   -0.0134078034
1   10   3   6   -0.0138247136
1   11   1   4   0.0000000002
1   11   1   5   0.0000000000
1   11   2   4   0.0000000000
1   11   2   5   0.0000000002
1   11   3   6   0.0000000002
1   12   1   4   0.0003345437
1   12   1   5   -0.0000000000
1   12   2   4   -0.0000000000
1   12   2   5   0.0003345437
1   12   3   6   0.0001812191
1   13   1   6   -0.0003083955
1   13   2   6   -0.0010847464
1   13   3   4   0.0002471899
1   13   3   5   0.0008694625
1   14   1   6   -0.0010847464
1   14   2   6   0.0003083955
1   14   3   4   0.0008694625
1   14   3   5   -0.0002471899
2   8   1   4   0.0000000000
2   8   1   5   -0.0000000000
2   8   2   4   -0.0000000000
2   8   2   5   -0.0000000000
2   8   3   6   -0.0000000000
2   9   1   4   0.0131088182
2   9   2   5   0.0131088182
2   9   3   6   0.0138333008
2   10   1   4   -0.0000000002
2   10   1   5   0.0000000000
2   10   2   4   0.0000000000
2   10   2   5   -0.0000000002
2   10   3   6   -0.0000000002
2   11   1   4   -0.0136600056
2   11   1   5   -0.0000000000
2   11   2   4   -0.0000000000
2   11   2   5   -0.0136600056
2   11   3   6   -0.0142073891
2   12   1   4   -0.0000000000
2   12   1   5   0.0000000000
2   12   2   4   0.0000000000
2   12   2   5   -0.0000000000
2   12   3   6   0.0000000000
2   13   2   6   0.0000000000
2   13   3   4   0.0000000000
2   13   3   5   0.0000000000
2   14   1   6   0.0000000000
2   14   3   4   0.0000000000
2   14   3   5   -0.0000000000
3   8   1   4   -0.0134078034
3   8   1   5   0.0000000000
3   8   2   4   0.0000000000
3   8   2   5   -0.0134078034
3   8   3   6   -0.0138247136
3   9   1   4   -0.0000000002
3   9   1   5   0.0000000000
3   9   2   4   0.0000000000
3   9   2   5   -0.0000000002
3   9   3   6   -0.0000000002
3   10   1   4   0.0582062016
3   10   1   5   -0.0000000001
3   10   2   4   -0.0000000001
3   10   2   5   0.0582062015
3   10   3   6   0.0602770482
3   11   1   4   0.0000000004
3   11   1   5   -0.0000000001
3   11   2   4   -0.0000000001
3   11   2   5   0.0000000002
3   11   3   6   -0.0000000004
3   12   1   4   -0.0016166962
3   12   1   5   -0.0000000000
3   12   2   4   -0.0000000000
3   12   2   5   -0.0016166962
3   12   3   6   0.0077739289
3   13   1   6   0.0013958964
3   13   2   6   0.0049099077
3   13   3   4   0.0014852804
3   13   3   5   0.0052243055
3   14   1   6   0.0049099077
3   14   2   6   -0.0013958965
3   14   3   4   0.0052243055
3   14   3   5   -0.0014852804
4   8   1   4   0.0000000002
4   8   1   5   0.0000000000
4   8   2   4   0.0000000000
4   8   2   5   0.0000000002
4   8   3   6   0.0000000002
4   9   1   4   -0.0136600056
4   9   1   5   -0.0000000000
4   9   2   4   -0.0000000000
4   9   2   5   -0.0136600056
4   9   3   6   -0.0142073891
4   10   1   4   0.0000000004
4   10   1   5   -0.0000000001
4   10   2   4   -0.0000000001
4   10   2   5   0.0000000002
4   10   3   6   -0.0000000004
4   11   1   4   0.0603452015
4   11   1   5   -0.0000000000
4   11   2   4   -0.0000000000
4   11   2   5   0.0603452015
4   11   3   6   0.0629840167
4   12   1   4   0.0000000001
4   12   2   5   0.0000000001
4   12   3   6   -0.0000000011
4   13   1   6   -0.0000000002
4   13   2   6   -0.0000000005
4   13   3   4   -0.0000000001
4   13   3   5   -0.0000000003
4   14   1   6   -0.0000000004
4   14   2   6   0.0000000001
4   14   3   4   -0.0000000002
4   14   3   5   0.0000000001
5   8   1   4   0.0003345437
5   8   1   5   -0.0000000000
5   8   2   4   -0.0000000000
5   8   2   5   0.0003345437
5   8   3   6   0.0001812191
5   9   1   4   -0.0000000000
5   9   1   5   0.0000000000
5   9   2   4   0.0000000000
5   9   2   5   -0.0000000000
5   9   3   6   0.0000000000
5   10   1   4   -0.0016166962
5   10   1   5   -0.0000000000
5   10   2   4   -0.0000000000
5   10   2   5   -0.0016166962
5   10   3   6   0.0077739289
5   11   1   4   0.0000000001
5   11   2   5   0.0000000001
5   11   3   6   -0.0000000011
5   12   1   4   0.0232786652
5   12   1   5   0.0000000000
5   12   2   4   0.0000000000
5   12   2   5   0.0232786652
5   12   3   6   0.2507833903
5   13   1   6   0.0069369088
5   13   2   6   0.0243997908
5   13   3   4   0.0559445044
5   13   3   5   0.1967784570
5   14   1   6   0.0243997907
5   14   2   6   -0.0069369086
5   14   3   4   0.1967784568
5   14   3   5   -0.0559445037
6   8   1   6   0.0002471899
6   8   2   6   0.0008694625
6   8   3   4   -0.0003083955
6   8   3   5   -0.0010847464
6   9   1   6   0.0000000000
6   9   2   6   0.0000000000
6   9   3   5   0.0000000000
6   10   1   6   0.0014852804
6   10   2   6   0.0052243055
6   10   3   4   0.0013958964
6   10   3   5   0.0049099077
6   11   1   6   -0.0000000001
6   11   2   6   -0.0000000003
6   11   3   4   -0.0000000002
6   11   3   5   -0.0000000005
6   12   1   6   0.0559445044
6   12   2   6   0.1967784570
6   12   3   4   0.0069369088
6   12   3   5   0.0243997908
6   13   1   4   0.0413065417
6   13   1   5   0.0612466745
6   13   2   4   0.0612466745
6   13   2   5   0.2393222278
6   13   3   6   0.0243048121
6   14   1   4   0.0612466733
6   14   1   5   0.0086403718
6   14   2   4   0.1893753176
6   14   2   5   -0.0612466729
6   14   3   6   0.0000000001
7   8   1   6   0.0008694625
7   8   2   6   -0.0002471899
7   8   3   4   -0.0010847464
7   8   3   5   0.0003083955
7   9   1   6   0.0000000000
7   9   2   6   -0.0000000000
7   9   3   4   0.0000000000
7   10   1   6   0.0052243055
7   10   2   6   -0.0014852804
7   10   3   4   0.0049099077
7   10   3   5   -0.0013958965
7   11   1   6   -0.0000000002
7   11   2   6   0.0000000001
7   11   3   4   -0.0000000004
7   11   3   5   0.0000000001
7   12   1   6   0.1967784568
7   12   2   6   -0.0559445037
7   12   3   4   0.0243997907
7   12   3   5   -0.0069369086
7   13   1   4   0.0612466733
7   13   1   5   0.1893753176
7   13   2   4   0.0086403718
7   13   2   5   -0.0612466729
7   13   3   6   0.0000000001
7   14   1   4   0.2393222276
7   14   1   5   -0.0612466741
7   14   2   4   -0.0612466741
7   14   2   5   0.0413065414
7   14   3   6   0.0243048120

End IJAB Block
Begin IJKL Block
1   8   1   8   2.1332864527
1   8   1   9   -0.0000000601
1   8   1   10   0.1989844557
1   8   1   11   -0.0000000092
1   8   1   12   -0.0031988913
1   8   2   8   -0.0000000601
1   8   2   9   1.9730013450
1   8   2   10   -0.0000000032
1   8   2   11   0.2006025548
1   8   2   12   0.0000000002
1   8   3   8   0.1989844557
1   8   3   9   -0.0000000032
1   8   3   10   0.0292732743
1   8   3   11   -0.0000000009
1   8   3   12   -0.0002775334
1   8   4   8   -0.0000000092
1   8   4   9   0.2006025548
1   8   4   10   -0.0000000009
1   8   4   11   0.0297558170
1   8   4   12   0.0000000001
1   8   5   8   -0.0031988913
1   8   5   9   0.0000000002
1   8   5   10   -0.0002775334
1   8   5   11   0.0000000001
1   8   5   12   0.0120911340
1   8   6   13   0.0123183915
1   8   6   14   0.0000000000
1   8   7   13   0.0000000000
1   8   7   14   0.0123183915
1   9   1   8   -0.0000000601
1   9   1   9   2.1333119649
1   9   1   10   -0.0000000032
1   9   1   11   0.2006294014
1   9   1   12   0.0000000002
1   9   2   8   1.9730053342
1   9   2   9   0.0000000601
1   9   2   10   0.1990641124
1   9   2   11   0.0000000030
1   9   2   12   -0.0013898019
1   9   3   8   -0.0000000032
1   9   3   9   0.1989931714
1   9   3   10   -0.0000000000
1   9   3   11   0.0295044152
1   9   3   12   0.0000000000
1   9   4   8   0.2005905401
1   9   4   9   0.0000000030
1   9   4   10   0.0295172858
1   9   4   11   -0.0000000000
1   9   4   12   -0.0007701587
1   9   5   8   0.0000000002
1   9   5   9   -0.0031940026
1   9   5   10   0.0000000000
1   9   5   11   -0.0007736644
1   9   5   12   -0.0000000002
1   9   6   13   0.0000000001
1   9   7   14   0.0000000000
1   10   1   8   0.1989844557
1   10   1   9   -0.0000000032
1   10   1   10   0.5654198644
1   10   1   11   -0.0000000126
1   10   1   12   0.0062526927
1   10   2   8   -0.0000000032
1   10   2   9   0.1990765712
1   10   2   10   -0.0000000003
1   10   2   11   0.4073897138
1   10   2   12   0.0000000001
1   10   3   8   0.0313566899
1   10   3   9   -0.0000000000
1   10   3   10   0.0083582322
1   10   3   11   -0.0000000001
1   10   3   12   -0.0001903671
1   10   4   8   -0.0000000010
1   10   4   9   0.0313507037
1   10   4   10   -0.0000000002
1   10   4   11   0.0089379741
1   10   4   12   -0.0000000000
1   10   5   8   -0.0002981824
1   10   5   9   0.0000000000
1   10   5   10   -0.0010900437
1   10   5   11   -0.0000000000
1   10   5   12   -0.0140532746
1   10   6   13   -0.0141151771
1   10   6   14   -0.0000000000
1   10   7   13   -0.0000000000
1   10   7   14   -0.0141151771
1   11   1   8   -0.0000000092
1   11   1   9   0.2006294014
1   11   1   10   -0.0000000126
1   11   1   11   0.5690931472
1   11   1   12   0.0000000015
1   11   2   8   0.2005905401
1   11   2   9   0.0000000030
1   11   2   10   0.4074126203
1   11   2   11   -0.0000000000
1   11   2   12   -0.0284630497
1   11   3   8   -0.0000000010
1   11   3   9   0.0313606298
1   11   3   10   -0.0000000002
1   11   3   11   0.0087999831
1   11   3   12   0.0000000000
1   11   4   8   0.0319152840
1   11   4   9   -0.0000000000
1   11   4   10   0.0085697837
1   11   4   11   -0.0000000001
1   11   4   12   0.0000972996
1   11   5   8   0.0000000001
1   11   5   9   -0.0007190625
1   11   5   10   -0.0000000000
1   11   5   11   -0.0000105224
1   11   5   12   0.0000000004
1   11   6   13   0.0000000001
1   11   6   14   -0.0000000000
1   11   7   13   -0.0000000000
1   11   7   14   0.0000000002
1   12   1   8   -0.0031988913
1   12   1   9   0.0000000002
1   12   1   10   0.0062526927
1   12   1   11   0.0000000015
1   12   1   12   0.5506265818
1   12   2   8   0.0000000002
1   12   2   9   -0.0013916667
1   12   2   10   0.0000000001
1   12   2   11   -0.0284612440
1   12   2   12   -0.0000000048
1   12   2   13   -0.0000000000
1   12   3   8   -0.0002981824
1   12   3   9   0.0000000000
1   12   3   10   -0.0001683479
1   12   3   11   0.0000000000
1   12   3   12   0.0061143875
1   12   4   8   0.0000000001
1   12   4   9   -0.0007136058
1   12   4   10   -0.0000000000
1   12   4   11   0.0000309419
1   12   4   12   -0.0000000001
1   12   5   8   0.0146476497
1   12   5   9   -0.0000000004
1   12   5   10   -0.0149368942
1   12   5   11   0.0000000006
1   12   5   12   -0.0007151550
1   12   6   13   0.0001340732
1   12   6   14   0.0000000000
1   12   7   13   0.0000000000
1   12   7   14   0.0001340732
1   13   1   13   0.5546910080
1   13   1   14   0.0000000004
1   13   2   12   -0.0000000000
1   13   2   13   0.0000000027
1   13   2   14   0.0000000001
1   13   3   13   0.0063441561
1   13   3   14   0.0000000000
1   13   4   13   -0.0000000000
1   13   4   14   0.0000000000
1   13   5   13   -0.0009342782
1   13   5   14   -0.0000000000
1   13   6   8   0.0150870257
1   13   6   9   0.0000000002
1   13   6   10   -0.0151442481
1   13   6   11   0.0000000001
1   13   6   12   0.0002333999
1   13   7   8   0.0000000000
1   13   7   9   -0.0000000000
1   13   7   10   -0.0000000000
1   13   7   11   0.0000000000
1   13   7   12   0.0000000000
1   14   1   13   0.0000000004
1   14   1   14   0.5546910074
1   14   2   13   0.0000000001
1   14   2   14   0.0000000015
1   14   3   13   0.0000000000
1   14   3   14   0.0063441560
1   14   4   13   0.0000000000
1   14   4   14   -0.0000000001
1   14   5   13   -0.0000000000
1   14   5   14   -0.0009342782
1   14   6   8   0.0000000000
1   14   6   9   -0.0000000000
1   14   6   10   -0.0000000000
1   14   6   11   0.0000000000
1   14   6   12   0.0000000000
1   14   7   8   0.0150870257
1   14   7   9   0.0000000002
1   14   7   10   -0.0151442481
1   14   7   11   0.0000000001
1   14   7   12   0.0002333999
2   8   1   8   -0.0000000601
2   8   1   9   1.9730053342
2   8   1   10   -0.0000000032
2   8   1   11   0.2005905401
2   8   1   12   0.0000000002
2   8   2   8   2.1333119649
2   8   2   9   0.0000000601
2   8   2   10   0.1989931714
2   8   2   11   0.0000000030
2   8   2   12   -0.0031940026
2   8   3   8   -0.0000000032
2   8   3   9   0.1990641124
2   8   3   10   -0.0000000000
2   8   3   11   0.0295172858
2   8   3   12   0.0000000000
2   8   4   8   0.2006294014
2   8   4   9   0.0000000030
2   8   4   10   0.0295044152
2   8   4   11   -0.0000000000
2   8   4   12   -0.0007736644
2   8   5   8   0.0000000002
2   8   5   9   -0.0013898019
2   8   5   10   0.0000000000
2   8   5   11   -0.0007701587
2   8   5   12   -0.0000000002
2   8   6   13   0.0000000001
2   8   7   14   0.0000000000
2   9   1   8   1.9730013450
2   9   1   9   0.0000000601
2   9   1   10   0.1990765712
2   9   1   11   0.0000000030
2   9   1   12   -0.0013916667
2   9   2   8   0.0000000601
2   9   2   9   2.1333331712
2   9   2   10   0.0000000090
2   9   2   11   0.2006272156
2   9   2   12   0.0000000001
2   9   3   8   0.1990765712
2   9   3   9   0.0000000090
2   9   3   10   0.0292509044
2   9   3   11   0.0000000009
2   9   3   12   -0.0002774278
2   9   4   8   0.0000000030
2   9   4   9   0.2006272156
2   9   4   10   0.0000000009
2   9   4   11   0.0297804171
2   9   4   12   0.0000000000
2   9   5   8   -0.0013916667
2   9   5   9   0.0000000001
2   9   5   10   -0.0002774278
2   9   5   11   0.0000000000
2   9   5   12   0.0120488043
2   9   6   13   0.0122956128
2   9   6   14   0.0000000000
2   9   7   13   0.0000000000
2   9   7   14   0.0122956128
2   10   1   8   -0.0000000032
2   10   1   9   0.1990641124
2   10   1   10   -0.0000000003
2   10   1   11   0.4074126203
2   10   1   12   0.0000000001
2   10   2   8   0.1989931714
2   10   2   9   0.0000000090
2   10   2   10   0.5654076132
2   10   2   11   0.0000000123
2   10   2   12   0.0062482606
2   10   3   8   -0.0000000000
2   10   3   9   0.0313576677
2   10   3   10   0.0000000001
2   10   3   11   0.0086081566
2   10   3   12   0.0000000000
2   10   4   8   0.0313606298
2   10   4   9   0.0000000009
2   10   4   10   0.0087494518
2   10   4   11   0.0000000001
2   10   4   12   0.0003634152
2   10   5   8   0.0000000000
2   10   5   9   -0.0002998325
2   10   5   10   0.0000000000
2   10   5   11   0.0012913879
2   10   5   12   -0.0000000000
2   10   6   13   -0.0000000003
2   10   6   14   -0.0000000000
2   10   7   13   -0.0000000000
2   10   7   14   -0.0000000002
2   11   1   8   0.2006025548
2   11   1   9   0.0000000030
2   11   1   10   0.4073897138
2   11   1   11   -0.0000000000
2   11   1   12   -0.0284612440
2   11   2   8   0.0000000030
2   11   2   9   0.2006272156
2   11   2   10   0.0000000123
2   11   2   11   0.5691082479
2   11   2   12   -0.0000000003
2   11   3   8   0.0313507037
2   11   3   9   0.0000000009
2   11   3   10   0.0089661416
2   11   3   11   0.0000000001
2   11   3   12   -0.0004395853
2   11   4   8   -0.0000000000
2   11   4   9   0.0319177582
2   11   4   10   0.0000000001
2   11   4   11   0.0085316484
2   11   4   12   0.0000000000
2   11   5   8   -0.0007136058
2   11   5   9   0.0000000000
2   11   5   10   0.0011616317
2   11   5   11   0.0000000000
2   11   5   12   -0.0136786535
2   11   6   13   -0.0139956808
2   11   6   14   -0.0000000000
2   11   7   13   -0.0000000000
2   11   7   14   -0.0139956807
2   12   1   8   0.0000000002
2   12   1   9   -0.0013898019
2   12   1   10   0.0000000001
2   12   1   11   -0.0284630497
2   12   1   12   -0.0000000048
2   12   1   13   -0.0000000000
2   12   2   8   -0.0031940026
2   12   2   9   0.0000000001
2   12   2   10   0.0062482606
2   12   2   11   -0.0000000003
2   12   2   12   0.5506265728
2   12   3   8   0.0000000000
2   12   3   9   -0.0002998325
2   12   3   10   0.0000000000
2   12   3   11   -0.0004034757
2   12   3   12   0.0000000000
2   12   4   8   -0.0007190625
2   12   4   9   0.0000000000
2   12   4   10   0.0002696510
2   12   4   11   0.0000000000
2   12   4   12   0.0061716334
2   12   5   8   -0.0000000004
2   12   5   9   0.0146089883
2   12   5   10   0.0000000001
2   12   5   11   -0.0146323735
2   12   5   12   -0.0000000000
2   12   6   13   -0.0000000000
2   12   6   14   0.0000000000
2   12   7   13   0.0000000000
2   12   7   14   -0.0000000000
2   13   1   12   -0.0000000000
2   13   1   13   0.0000000027
2   13   1   14   0.0000000001
2   13   2   13   0.5546911465
2   13   2   14   0.0000000004
2   13   3   13   0.0000000001
2   13   3   14   0.0000000000
2   13   4   13   0.0063966333
2   13   4   14   0.0000000000
2   13   5   13   -0.0000000000
2   13   5   14   -0.0000000000
2   13   6   8   0.0000000002
2   13   6   9   0.0150670967
2   13   6   10   -0.0000000004
2   13   6   11   -0.0150983099
2   13   7   8   -0.0000000000
2   13   7   9   0.0000000000
2   13   7   10   0.0000000000
2   13   7   11   -0.0000000000
2   14   1   13   0.0000000001
2   14   1   14   0.0000000015
2   14   2   13   0.0000000004
2   14   2   14   0.5546911459
2   14   3   13   0.0000000000
2   14   3   14   0.0000000001
2   14   4   13   0.0000000000
2   14   4   14   0.0063966333
2   14   5   13   -0.0000000000
2   14   5   14   -0.0000000000
2   14   6   8   -0.0000000000
2   14   6   9   0.0000000000
2   14   6   10   0.0000000000
2   14   6   11   -0.0000000000
2   14   7   8   0.0000000002
2   14   7   9   0.0150670966
2   14   7   10   -0.0000000004
2   14   7   11   -0.0150983099
3   8   1   8   0.1989844557
3   8   1   9   -0.0000000032
3   8   1   10   0.0313566899
3   8   1   11   -0.0000000010
3   8   1   12   -0.0002981824
3   8   2   8   -0.0000000032
3   8   2   9   0.1990765712
3   8   2   10   -0.0000000000
3   8   2   11   0.0313507037
3   8   2   12   0.0000000000
3   8   3   8   0.5654198644
3   8   3   9   -0.0000000003
3   8   3   10   0.0083582322
3   8   3   11   -0.0000000002
3   8   3   12   -0.0010900437
3   8   4   8   -0.0000000126
3   8   4   9   0.4073897138
3   8   4   10   -0.0000000001
3   8   4   11   0.0089379741
3   8   4   12   -0.0000000000
3   8   5   8   0.0062526927
3   8   5   9   0.0000000001
3   8   5   10   -0.0001903671
3   8   5   11   -0.0000000000
3   8   5   12   -0.0140532746
3   8   6   13   -0.0141151771
3   8   6   14   -0.0000000000
3   8   7   13   -0.0000000000
3   8   7   14   -0.0141151771
3   9   1   8   -0.0000000032
3   9   1   9   0.1989931714
3   9   1   10   -0.0000000000
3   9   1   11   0.0313606298
3   9   1   12   0.0000000000
3   9   2   8   0.1990641124
3   9   2   9   0.0000000090
3   9   2   10   0.0313576677
3   9   2   11   0.0000000009
3   9   2   12   -0.0002998325
3   9   3   8   -0.0000000003
3   9   3   9   0.5654076132
3   9   3   10   0.0000000001
3   9   3   11   0.0087494518
3   9   3   12   0.0000000000
3   9   4   8   0.4074126203
3   9   4   9   0.0000000123
3   9   4   10   0.0086081566
3   9   4   11   0.0000000001
3   9   4   12   0.0012913879
3   9   5   8   0.0000000001
3   9   5   9   0.0062482606
3   9   5   10   0.0000000000
3   9   5   11   0.0003634152
3   9   5   12   -0.0000000000
3   9   6   13   -0.0000000003
3   9   6   14   -0.0000000000
3   9   7   13   -0.0000000000
3   9   7   14   -0.0000000002
3   10   1   8   0.0292732743
3   10   1   9   -0.0000000000
3   10   1   10   0.0083582322
3   10   1   11   -0.0000000002
3   10   1   12   -0.0001683479
3   10   2   8   -0.0000000000
3   10   2   9   0.0292509044
3   10   2   10   0.0000000001
3   10   2   11   0.0089661416
3   10   2   12   0.0000000000
3   10   3   8   0.0083582322
3   10   3   9   0.0000000001
3   10   3   10   0.4173714734
3   10   3   11   -0.0000000002
3   10   3   12   0.0089313033
3   10   4   8   -0.0000000002
3   10   4   9   0.0089661416
3   10   4   10   -0.0000000002
3   10   4   11   0.2555162726
3   10   4   12   0.0000000000
3   10   5   8   -0.0001683479
3   10   5   9   0.0000000000
3   10   5   10   0.0089313033
3   10   5   11   0.0000000000
3   10   5   12   0.0608760631
3   10   6   13   0.0589334988
3   10   6   14   0.0000000001
3   10   7   13   0.0000000001
3   10   7   14   0.0589334988
3   11   1   8   -0.0000000009
3   11   1   9   0.0295044152
3   11   1   10   -0.0000000001
3   11   1   11   0.0087999831
3   11   1   12   0.0000000000
3   11   2   8   0.0295172858
3   11   2   9   0.0000000009
3   11   2   10   0.0086081566
3   11   2   11   0.0000000001
3   11   2   12   -0.0004034757
3   11   3   8   -0.0000000002
3   11   3   9   0.0087494518
3   11   3   10   -0.0000000002
3   11   3   11   0.4158769420
3   11   3   12   0.0000000002
3   11   4   8   0.0085697837
3   11   4   9   0.0000000001
3   11   4   10   0.2583951087
3   11   4   11   -0.0000000000
3   11   4   12   -0.0233540266
3   11   5   8   -0.0000000000
3   11   5   9   0.0002696510
3   11   5   10   0.0000000000
3   11   5   11   0.0037592963
3   11   5   12   -0.0000000009
3   11   6   13   0.0000000005
3   11   6   14   0.0000000000
3   11   7   13   0.0000000000
3   11   7   14   0.0000000003
3   12   1   8   -0.0002775334
3   12   1   9   0.0000000000
3   12   1   10   -0.0001903671
3   12   1   11   0.0000000000
3   12   1   12   0.0061143875
3   12   2   8   0.0000000000
3   12   2   9   -0.0002774278
3   12   2   10   0.0000000000
3   12   2   11   -0.0004395853
3   12   2   12   0.0000000000
3   12   3   8   -0.0010900437
3   12   3   9   0.0000000000
3   12   3   10   0.0089313033
3   12   3   11   0.0000000002
3   12   3   12   0.4035893872
3   12   4   8   -0.0000000000
3   12   4   9   0.0011616317
3   12   4   10   0.0000000000
3   12   4   11   -0.0227966880
3   12   4   12   -0.0000000030
3   12   4   13   -0.0000000000
3   12   5   8   -0.0149368942
3   12   5   9   0.0000000001
3   12   5   10   0.0610838997
3   12   5   11   -0.0000000012
3   12   5   12   0.0103226680
3   12   6   13   -0.0000600822
3   12   6   14   -0.0000000000
3   12   7   13   -0.0000000000
3   12   7   14   -0.0000600822
3   13   1   13   0.0063441561
3   13   1   14   0.0000000000
3   13   2   13   0.0000000001
3   13   2   14   0.0000000000
3   13   3   13   0.4033858256
3   13   3   14   0.0000000003
3   13   4   12   -0.0000000000
3   13   4   13   0.0000000017
3   13   4   14   0.0000000001
3   13   5   13   0.0088650431
3   13   5   14   -0.0000000001
3   13   6   8   -0.0151442481
3   13   6   9   -0.0000000004
3   13   6   10   0.0598013579
3   13   6   11   0.0000000007
3   13   6   12   0.0005760962
3   13   7   8   -0.0000000000
3   13   7   9   0.0000000000
3   13   7   10   -0.0000000000
3   13   7   11   0.0000000000
3   13   7   12   0.0000000000
3   14   1   13   0.0000000000
3   14   1   14   0.0063441560
3   14   2   13   0.0000000000
3   14   2   14   0.0000000001
3   14   3   13   0.0000000003
3   14   3   14   0.4033858251
3   14   4   13   0.0000000001
3   14   4   14   0.0000000008
3   14   5   13   -0.0000000001
3   14   5   14   0.0088650431
3   14   6   8   -0.0000000000
3   14   6   9   0.0000000000
3   14   6   10   -0.0000000000
3   14   6   11   0.0000000000
3   14   6   12   0.0000000000
3   14   7   8   -0.0151442481
3   14   7   9   -0.0000000004
3   14   7   10   0.0598013580
3   14   7   11   0.0000000005
3   14   7   12   0.0005760962
4   8   1   8   -0.0000000092
4   8   1   9   0.2005905401
4   8   1   10   -0.0000000010
4   8   1   11   0.0319152840
4   8   1   12   0.0000000001
4   8   2   8   0.2006294014
4   8   2   9   0.0000000030
4   8   2   10   0.0313606298
4   8   2   11   -0.0000000000
4   8   2   12   -0.0007190625
4   8   3   8   -0.0000000126
4   8   3   9   0.4074126203
4   8   3   10   -0.0000000002
4   8   3   11   0.0085697837
4   8   3   12   -0.0000000000
4   8   4   8   0.5690931472
4   8   4   9   -0.0000000000
4   8   4   10   0.0087999831
4   8   4   11   -0.0000000001
4   8   4   12   -0.0000105224
4   8   5   8   0.0000000015
4   8   5   9   -0.0284630497
4   8   5   10   0.0000000000
4   8   5   11   0.0000972996
4   8   5   12   0.0000000004
4   8   6   13   0.0000000001
4   8   6   14   -0.0000000000
4   8   7   13   -0.0000000000
4   8   7   14   0.0000000002
4   9   1   8   0.2006025548
4   9   1   9   0.0000000030
4   9   1   10   0.0313507037
4   9   1   11   -0.0000000000
4   9   1   12   -0.0007136058
4   9   2   8   0.0000000030
4   9   2   9   0.2006272156
4   9   2   10   0.0000000009
4   9   2   11   0.0319177582
4   9   2   12   0.0000000000
4   9   3   8   0.4073897138
4   9   3   9   0.0000000123
4   9   3   10   0.0089661416
4   9   3   11   0.0000000001
4   9   3   12   0.0011616317
4   9   4   8   -0.0000000000
4   9   4   9   0.5691082479
4   9   4   10   0.0000000001
4   9   4   11   0.0085316484
4   9   4   12   0.0000000000
4   9   5   8   -0.0284612440
4   9   5   9   -0.0000000003
4   9   5   10   -0.0004395853
4   9   5   11   0.0000000000
4   9   5   12   -0.0136786535
4   9   6   13   -0.0139956808
4   9   6   14   -0.0000000000
4   9   7   13   -0.0000000000
4   9   7   14   -0.0139956807
4   10   1   8   -0.0000000009
4   10   1   9   0.0295172858
4   10   1   10   -0.0000000002
4   10   1   11   0.0085697837
4   10   1   12   -0.0000000000
4   10   2   8   0.0295044152
4   10   2   9   0.0000000009
4   10   2   10   0.0087494518
4   10   2   11   0.0000000001
4   10   2   12   0.0002696510
4   10   3   8   -0.0000000001
4   10   3   9   0.0086081566
4   10   3   10   -0.0000000002
4   10   3   11   0.2583951087
4   10   3   12   0.0000000000
4   10   4   8   0.0087999831
4   10   4   9   0.0000000001
4   10   4   10   0.4158769420
4   10   4   11   -0.0000000000
4   10   4   12   0.0037592963
4   10   5   8   0.0000000000
4   10   5   9   -0.0004034757
4   10   5   10   0.0000000002
4   10   5   11   -0.0233540266
4   10   5   12   -0.0000000009
4   10   6   13   0.0000000005
4   10   6   14   0.0000000000
4   10   7   13   0.0000000000
4   10   7   14   0.0000000003
4   11   1   8   0.0297558170
4   11   1   9   -0.0000000000
4   11   1   10   0.0089379741
4   11   1   11   -0.0000000001
4   11   1   12   0.0000309419
4   11   2   8   -0.0000000000
4   11   2   9   0.0297804171
4   11   2   10   0.0000000001
4   11   2   11   0.0085316484
4   11   2   12   0.0000000000
4   11   3   8   0.0089379741
4   11   3   9   0.0000000001
4   11   3   10   0.2555162726
4   11   3   11   -0.0000000000
4   11   3   12   -0.0227966880
4   11   4   8   -0.0000000001
4   11   4   9   0.0085316484
4   11   4   10   -0.0000000000
4   11   4   11   0.4200421634
4   11   4   12   0.0000000004
4   11   5   8   0.0000309419
4   11   5   9   0.0000000000
4   11   5   10   -0.0227966880
4   11   5   11   0.0000000004
4   11   5   12   0.0570898658
4   11   6   13   0.0572877184
4   11   6   14   0.0000000001
4   11   7   13   0.0000000001
4   11   7   14   0.0572877183
4   12   1   8   0.0000000001
4   12   1   9   -0.0007701587
4   12   1   10   -0.0000000000
4   12   1   11   0.0000972996
4   12   1   12   -0.0000000001
4   12   2   8   -0.0007736644
4   12   2   9   0.0000000000
4   12   2   10   0.0003634152
4   12   2   11   0.0000000000
4   12   2   12   0.0061716334
4   12   3   8   -0.0000000000
4   12   3   9   0.0012913879
4   12   3   10   0.0000000000
4   12   3   11   -0.0233540266
4   12   3   12   -0.0000000030
4   12   3   13   -0.0000000000
4   12   4   8   -0.0000105224
4   12   4   9   0.0000000000
4   12   4   10   0.0037592963
4   12   4   11   0.0000000004
4   12   4   12   0.4033787719
4   12   5   8   0.0000000006
4   12   5   9   -0.0146323735
4   12   5   10   -0.0000000012
4   12   5   11   0.0565503927
4   12   5   12   0.0000000009
4   12   6   13   -0.0000000003
4   12   6   14   -0.0000000000
4   12   7   13   -0.0000000000
4   12   7   14   -0.0000000002
4   13   1   13   -0.0000000000
4   13   1   14   0.0000000000
4   13   2   13   0.0063966333
4   13   2   14   0.0000000000
4   13   3   12   -0.0000000000
4   13   3   13   0.0000000017
4   13   3   14   0.0000000001
4   13   4   13   0.4033630210
4   13   4   14   0.0000000003
4   13   5   13   0.0000000003
4   13   5   14   0.0000000000
4   13   6   8   0.0000000001
4   13   6   9   -0.0150983099
4   13   6   10   0.0000000007
4   13   6   11   0.0567717486
4   13   6   12   0.0000000001
4   13   7   8   0.0000000000
4   13   7   9   -0.0000000000
4   13   7   10   0.0000000000
4   13   7   11   -0.0000000000
4   13   7   12   -0.0000000000
4   14   1   13   0.0000000000
4   14   1   14   -0.0000000001
4   14   2   13   0.0000000000
4   14   2   14   0.0063966333
4   14   3   13   0.0000000001
4   14   3   14   0.0000000008
4   14   4   13   0.0000000003
4   14   4   14   0.4033630205
4   14   5   13   0.0000000000
4   14   5   14   0.0000000003
4   14   6   8   0.0000000000
4   14   6   9   -0.0000000000
4   14   6   10   0.0000000000
4   14   6   11   -0.0000000000
4   14   6   12   -0.0000000000
4   14   7   8   0.0000000001
4   14   7   9   -0.0150983099
4   14   7   10   0.0000000005
4   14   7   11   0.0567717486
4   14   7   12   0.0000000002
5   8   1   8   -0.0031988913
5   8   1   9   0.0000000002
5   8   1   10   -0.0002981824
5   8   1   11   0.0000000001
5   8   1   12   0.0146476497
5   8   2   8   0.0000000002
5   8   2   9   -0.0013916667
5   8   2   10   0.0000000000
5   8   2   11   -0.0007136058
5   8   2   12   -0.0000000004
5   8   3   8   0.0062526927
5   8   3   9   0.0000000001
5   8   3   10   -0.0001683479
5   8   3   11   -0.0000000000
5   8   3   12   -0.0149368942
5   8   4   8   0.0000000015
5   8   4   9   -0.0284612440
5   8   4   10   0.0000000000
5   8   4   11   0.0000309419
5   8   4   12   0.0000000006
5   8   5   8   0.5506265818
5   8   5   9   -0.0000000048
5   8   5   10   0.0061143875
5   8   5   11   -0.0000000001
5   8   5   12   -0.0007151550
5   8   6   9   -0.0000000000
5   8   6   13   0.0001340732
5   8   6   14   0.0000000000
5   8   7   13   0.0000000000
5   8   7   14   0.0001340732
5   9   1   8   0.0000000002
5   9   1   9   -0.0031940026
5   9   1   10   0.0000000000
5   9   1   11   -0.0007190625
5   9   1   12   -0.0000000004
5   9   2   8   -0.0013898019
5   9   2   9   0.0000000001
5   9   2   10   -0.0002998325
5   9   2   11   0.0000000000
5   9   2   12   0.0146089883
5   9   3   8   0.0000000001
5   9   3   9   0.0062482606
5   9   3   10   0.0000000000
5   9   3   11   0.0002696510
5   9   3   12   0.0000000001
5   9   4   8   -0.0284630497
5   9   4   9   -0.0000000003
5   9   4   10   -0.0004034757
5   9   4   11   0.0000000000
5   9   4   12   -0.0146323735
5   9   5   8   -0.0000000048
5   9   5   9   0.5506265728
5   9   5   10   0.0000000000
5   9   5   11   0.0061716334
5   9   5   12   -0.0000000000
5   9   6   8   -0.0000000000
5   9   6   13   -0.0000000000
5   9   6   14   0.0000000000
5   9   7   13   0.0000000000
5   9   7   14   -0.0000000000
5   10   1   8   -0.0002775334
5   10   1   9   0.0000000000
5   10   1   10   -0.0010900437
5   10   1   11   -0.0000000000
5   10   1   12   -0.0149368942
5   10   2   8   0.0000000000
5   10   2   9   -0.0002774278
5   10   2   10   0.0000000000
5   10   2   11   0.0011616317
5   10   2   12   0.0000000001
5   10   3   8   -0.0001903671
5   10   3   9   0.0000000000
5   10   3   10   0.0089313033
5   10   3   11   0.0000000000
5   10   3   12   0.0610838997
5   10   4   8   0.0000000000
5   10   4   9   -0.0004395853
5   10   4   10   0.0000000002
5   10   4   11   -0.0227966880
5   10   4   12   -0.0000000012
5   10   5   8   0.0061143875
5   10   5   9   0.0000000000
5   10   5   10   0.4035893872
5   10   5   11   -0.0000000030
5   10   5   12   0.0103226680
5   10   6   11   -0.0000000000
5   10   6   13   -0.0000600822
5   10   6   14   -0.0000000000
5   10   7   13   -0.0000000000
5   10   7   14   -0.0000600822
5   11   1   8   0.0000000001
5   11   1   9   -0.0007736644
5   11   1   10   -0.0000000000
5   11   1   11   -0.0000105224
5   11   1   12   0.0000000006
5   11   2   8   -0.0007701587
5   11   2   9   0.0000000000
5   11   2   10   0.0012913879
5   11   2   11   0.0000000000
5   11   2   12   -0.0146323735
5   11   3   8   -0.0000000000
5   11   3   9   0.0003634152
5   11   3   10   0.0000000000
5   11   3   11   0.0037592963
5   11   3   12   -0.0000000012
5   11   4   8   0.0000972996
5   11   4   9   0.0000000000
5   11   4   10   -0.0233540266
5   11   4   11   0.0000000004
5   11   4   12   0.0565503927
5   11   5   8   -0.0000000001
5   11   5   9   0.0061716334
5   11   5   10   -0.0000000030
5   11   5   11   0.4033787719
5   11   5   12   0.0000000009
5   11   6   10   -0.0000000000
5   11   6   13   -0.0000000003
5   11   6   14   -0.0000000000
5   11   7   13   -0.0000000000
5   11   7   14   -0.0000000002
5   12   1   8   0.0120911340
5   12   1   9   -0.0000000002
5   12   1   10   -0.0140532746
5   12   1   11   0.0000000004
5   12   1   12   -0.0007151550
5   12   2   8   -0.0000000002
5   12   2   9   0.0120488043
5   12   2   10   -0.0000000000
5   12   2   11   -0.0136786535
5   12   2   12   -0.0000000000
5   12   3   8   -0.0140532746
5   12   3   9   -0.0000000000
5   12   3   10   0.0608760631
5   12   3   11   -0.0000000009
5   12   3   12   0.0103226680
5   12   4   8   0.0000000004
5   12   4   9   -0.0136786535
5   12   4   10   -0.0000000009
5   12   4   11   0.0570898658
5   12   4   12   0.0000000009
5   12   5   8   -0.0007151550
5   12   5   9   -0.0000000000
5   12   5   10   0.0103226680
5   12   5   11   0.0000000009
5   12   5   12   0.4052195929
5   12   6   13   0.0136043616
5   12   6   14   0.0000000001
5   12   7   13   0.0000000001
5   12   7   14   0.0136043615
5   13   1   13   -0.0009342782
5   13   1   14   -0.0000000000
5   13   2   13   -0.0000000000
5   13   2   14   -0.0000000000
5   13   3   13   0.0088650431
5   13   3   14   -0.0000000001
5   13   4   13   0.0000000003
5   13   4   14   0.0000000000
5   13   5   13   0.3842754022
5   13   5   14   0.0000000003
5   13   6   8   0.0002333999
5   13   6   10   0.0005760962
5   13   6   11   0.0000000001
5   13   6   12   0.0044749720
5   13   7   8   0.0000000000
5   13   7   10   0.0000000000
5   13   7   11   -0.0000000000
5   13   7   12   0.0000000002
5   14   1   13   -0.0000000000
5   14   1   14   -0.0009342782
5   14   2   13   -0.0000000000
5   14   2   14   -0.0000000000
5   14   3   13   -0.0000000001
5   14   3   14   0.0088650431
5   14   4   13   0.0000000000
5   14   4   14   0.0000000003
5   14   5   13   0.0000000003
5   14   5   14   0.3842754018
5   14   6   8   0.0000000000
5   14   6   10   0.0000000000
5   14   6   11   -0.0000000000
5   14   6   12   0.0000000002
5   14   7   8   0.0002333999
5   14   7   10   0.0005760962
5   14   7   11   0.0000000002
5   14   7   12   0.0044749718
6   8   1   13   0.0150870257
6   8   1   14   0.0000000000
6   8   2   13   0.0000000002
6   8   2   14   -0.0000000000
6   8   3   13   -0.0151442481
6   8   3   14   -0.0000000000
6   8   4   13   0.0000000001
6   8   4   14   0.0000000000
6   8   5   9   -0.0000000000
6   8   5   13   0.0002333999
6   8   5   14   0.0000000000
6   8   6   8   0.5546910080
6   8   6   9   0.0000000027
6   8   6   10   0.0063441561
6   8   6   11   -0.0000000000
6   8   6   12   -0.0009342782
6   8   7   8   0.0000000004
6   8   7   9   0.0000000001
6   8   7   10   0.0000000000
6   8   7   11   0.0000000000
6   8   7   12   -0.0000000000
6   9   1   13   0.0000000002
6   9   1   14   -0.0000000000
6   9   2   13   0.0150670967
6   9   2   14   0.0000000000
6   9   3   13   -0.0000000004
6   9   3   14   0.0000000000
6   9   4   13   -0.0150983099
6   9   4   14   -0.0000000000
6   9   5   8   -0.0000000000
6   9   6   8   0.0000000027
6   9   6   9   0.5546911465
6   9   6   10   0.0000000001
6   9   6   11   0.0063966333
6   9   6   12   -0.0000000000
6   9   7   8   0.0000000001
6   9   7   9   0.0000000004
6   9   7   10   0.0000000000
6   9   7   11   0.0000000000
6   9   7   12   -0.0000000000
6   10   1   13   -0.0151442481
6   10   1   14   -0.0000000000
6   10   2   13   -0.0000000004
6   10   2   14   0.0000000000
6   10   3   13   0.0598013579
6   10   3   14   -0.0000000000
6   10   4   13   0.0000000007
6   10   4   14   0.0000000000
6   10   5   11   -0.0000000000
6   10   5   13   0.0005760962
6   10   5   14   0.0000000000
6   10   6   8   0.0063441561
6   10   6   9   0.0000000001
6   10   6   10   0.4033858256
6   10   6   11   0.0000000017
6   10   6   12   0.0088650431
6   10   7   8   0.0000000000
6   10   7   9   0.0000000000
6   10   7   10   0.0000000003
6   10   7   11   0.0000000001
6   10   7   12   -0.0000000001
6   11   1   13   0.0000000001
6   11   1   14   0.0000000000
6   11   2   13   -0.0150983099
6   11   2   14   -0.0000000000
6   11   3   13   0.0000000007
6   11   3   14   0.0000000000
6   11   4   13   0.0567717486
6   11   4   14   -0.0000000000
6   11   5   10   -0.0000000000
6   11   5   13   0.0000000001
6   11   5   14   -0.0000000000
6   11   6   8   -0.0000000000
6   11   6   9   0.0063966333
6   11   6   10   0.0000000017
6   11   6   11   0.4033630210
6   11   6   12   0.0000000003
6   11   7   8   0.0000000000
6   11   7   9   0.0000000000
6   11   7   10   0.0000000001
6   11   7   11   0.0000000003
6   11   7   12   0.0000000000
6   12   1   13   0.0002333999
6   12   1   14   0.0000000000
6   12   3   13   0.0005760962
6   12   3   14   0.0000000000
6   12   4   13   0.0000000001
6   12   4   14   -0.0000000000
6   12   5   13   0.0044749720
6   12   5   14   0.0000000002
6   12   6   8   -0.0009342782
6   12   6   9   -0.0000000000
6   12   6   10   0.0088650431
6   12   6   11   0.0000000003
6   12   6   12   0.3842754022
6   12   7   8   -0.0000000000
6   12   7   9   -0.0000000000
6   12   7   10   -0.0000000001
6   12   7   11   0.0000000000
6   12   7   12   0.0000000003
6   13   1   8   0.0123183915
6   13   1   9   0.0000000001
6   13   1   10   -0.0141151771
6   13   1   11   0.0000000001
6   13   1   12   0.0001340732
6   13   2   8   0.0000000001
6   13   2   9   0.0122956128
6   13   2   10   -0.0000000003
6   13   2   11   -0.0139956808
6   13   2   12   -0.0000000000
6   13   3   8   -0.0141151771
6   13   3   9   -0.0000000003
6   13   3   10   0.0589334988
6   13   3   11   0.0000000005
6   13   3   12   -0.0000600822
6   13   4   8   0.0000000001
6   13   4   9   -0.0139956808
6   13   4   10   0.0000000005
6   13   4   11   0.0572877184
6   13   4   12   -0.0000000003
6   13   5   8   0.0001340732
6   13   5   9   -0.0000000000
6   13   5   10   -0.0000600822
6   13   5   11   -0.0000000003
6   13   5   12   0.0136043616
6   13   6   13   0.3996410187
6   13   6   14   0.0000000010
6   13   7   13   0.0000000010
6   13   7   14   0.0134164809
6   14   1   8   0.0000000000
6   14   1   10   -0.0000000000
6   14   1   11   -0.0000000000
6   14   1   12   0.0000000000
6   14   2   9   0.0000000000
6   14   2   10   -0.0000000000
6   14   2   11   -0.0000000000
6   14   2   12   0.0000000000
6   14   3   8   -0.0000000000
6   14   3   9   -0.0000000000
6   14   3   10   0.0000000001
6   14   3   11   0.0000000000
6   14   3   12   -0.0000000000
6   14   4   8   -0.0000000000
6   14   4   9   -0.0000000000
6   14   4   10   0.0000000000
6   14   4   11   0.0000000001
6   14   4   12   -0.0000000000
6   14   5   8   0.0000000000
6   14   5   9   0.0000000000
6   14   5   10   -0.0000000000
6   14   5   11   -0.0000000000
6   14   5   12   0.0000000001
6   14   6   13   0.0000000010
6   14   6   14   0.3834484254
6   14   7   13   0.0027761134
6   14   7   14   -0.0000000006
7   8   1   13   0.0000000000
7   8   1   14   0.0150870257
7   8   2   13   -0.0000000000
7   8   2   14   0.0000000002
7   8   3   13   -0.0000000000
7   8   3   14   -0.0151442481
7   8   4   13   0.0000000000
7   8   4   14   0.0000000001
7   8   5   13   0.0000000000
7   8   5   14   0.0002333999
7   8   6   8   0.0000000004
7   8   6   9   0.0000000001
7   8   6   10   0.0000000000
7   8   6   11   0.0000000000
7   8   6   12   -0.0000000000
7   8   7   8   0.5546910074
7   8   7   9   0.0000000015
7   8   7   10   0.0063441560
7   8   7   11   -0.0000000001
7   8   7   12   -0.0009342782
7   9   1   13   -0.0000000000
7   9   1   14   0.0000000002
7   9   2   13   0.0000000000
7   9   2   14   0.0150670966
7   9   3   13   0.0000000000
7   9   3   14   -0.0000000004
7   9   4   13   -0.0000000000
7   9   4   14   -0.0150983099
7   9   6   8   0.0000000001
7   9   6   9   0.0000000004
7   9   6   10   0.0000000000
7   9   6   11   0.0000000000
7   9   6   12   -0.0000000000
7   9   7   8   0.0000000015
7   9   7   9   0.5546911459
7   9   7   10   0.0000000001
7   9   7   11   0.0063966333
7   9   7   12   -0.0000000000
7   10   1   13   -0.0000000000
7   10   1   14   -0.0151442481
7   10   2   13   0.0000000000
7   10   2   14   -0.0000000004
7   10   3   13   -0.0000000000
7   10   3   14   0.0598013580
7   10   4   13   0.0000000000
7   10   4   14   0.0000000005
7   10   5   13   0.0000000000
7   10   5   14   0.0005760962
7   10   6   8   0.0000000000
7   10   6   9   0.0000000000
7   10   6   10   0.0000000003
7   10   6   11   0.0000000001
7   10   6   12   -0.0000000001
7   10   7   8   0.0063441560
7   10   7   9   0.0000000001
7   10   7   10   0.4033858251
7   10   7   11   0.0000000008
7   10   7   12   0.0088650431
7   11   1   13   0.0000000000
7   11   1   14   0.0000000001
7   11   2   13   -0.0000000000
7   11   2   14   -0.0150983099
7   11   3   13   0.0000000000
7   11   3   14   0.0000000005
7   11   4   13   -0.0000000000
7   11   4   14   0.0567717486
7   11   5   13   -0.0000000000
7   11   5   14   0.0000000002
7   11   6   8   0.0000000000
7   11   6   9   0.0000000000
7   11   6   10   0.0000000001
7   11   6   11   0.0000000003
7   11   6   12   0.0000000000
7   11   7   8   -0.0000000001
7   11   7   9   0.0063966333
7   11   7   10   0.0000000008
7   11   7   11   0.4033630205
7   11   7   12   0.0000000003
7   12   1   13   0.0000000000
7   12   1   14   0.0002333999
7   12   3   13   0.0000000000
7   12   3   14   0.0005760962
7   12   4   13   -0.0000000000
7   12   4   14   0.0000000002
7   12   5   13   0.0000000002
7   12   5   14   0.0044749718
7   12   6   8   -0.0000000000
7   12   6   9   -0.0000000000
7   12   6   10   -0.0000000001
7   12   6   11   0.0000000000
7   12   6   12   0.0000000003
7   12   7   8   -0.0009342782
7   12   7   9   -0.0000000000
7   12   7   10   0.0088650431
7   12   7   11   0.0000000003
7   12   7   12   0.3842754018
7   13   1   8   0.0000000000
7   13   1   10   -0.0000000000
7   13   1   11   -0.0000000000
7   13   1   12   0.0000000000
7   13   2   9   0.0000000000
7   13   2   10   -0.0000000000
7   13   2   11   -0.0000000000
7   13   2   12   0.0000000000
7   13   3   8   -0.0000000000
7   13   3   9   -0.0000000000
7   13   3   10   0.0000000001
7   13   3   11   0.0000000000
7   13   3   12   -0.0000000000
7   13   4   8   -0.0000000000
7   13   4   9   -0.0000000000
7   13   4   10   0.0000000000
7   13   4   11   0.0000000001
7   13   4   12   -0.0000000000
7   13   5   8   0.0000000000
7   13   5   9   0.0000000000
7   13   5   10   -0.0000000000
7   13   5   11   -0.0000000000
7   13   5   12   0.0000000001
7   13   6   13   0.0000000010
7   13   6   14   0.0027761134
7   13   7   13   0.3834484254
7   13   7   14   -0.0000000006
7   14   1   8   0.0123183915
7   14   1   9   0.0000000000
7   14   1   10   -0.0141151771
7   14   1   11   0.0000000002
7   14   1   12   0.0001340732
7   14   2   8   0.0000000000
7   14   2   9   0.0122956128
7   14   2   10   -0.0000000002
7   14   2   11   -0.0139956807
7   14   2   12   -0.0000000000
7   14   3   8   -0.0141151771
7   14   3   9   -0.0000000002
7   14   3   10   0.0589334988
7   14   3   11   0.0000000003
7   14   3   12   -0.0000600822
7   14   4   8   0.0000000002
7   14   4   9   -0.0139956807
7   14   4   10   0.0000000003
7   14   4   11   0.0572877183
7   14   4   12   -0.0000000002
7   14   5   8   0.0001340732
7   14   5   9   -0.0000000000
7   14   5   10   -0.0000600822
7   14   5   11   -0.0000000002
7   14   5   12   0.0136043615
7   14   6   13   0.0134164809
7   14   6   14   -0.0000000006
7   14   7   13   -0.0000000006
7   14   7   14   0.3996410183

End IJKL Block
Begin ABCD Block
1   4   1   4   0.3962637340
1   4   1   5   -0.0000000001
1   4   2   4   -0.0000000001
1   4   2   5   0.0154273203
1   4   3   6   0.0159789631
1   5   1   4   -0.0000000001
1   5   1   5   0.3677296141
1   5   2   4   0.0131068027
1   5   2   5   0.0000000001
1   5   3   6   -0.0000000000
1   6   1   6   0.3748134538
1   6   2   6   -0.0000000003
1   6   3   4   0.0138062724
1   6   3   5   0.0000000000
2   4   1   4   -0.0000000001
2   4   1   5   0.0131068027
2   4   2   4   0.3677296141
2   4   2   5   0.0000000001
2   4   3   6   -0.0000000000
2   5   1   4   0.0154273203
2   5   1   5   0.0000000001
2   5   2   4   0.0000000001
2   5   2   5   0.3962637340
2   5   3   6   0.0159789631
2   6   1   6   -0.0000000003
2   6   2   6   0.3748134537
2   6   3   4   0.0000000000
2   6   3   5   0.0138062724
3   4   1   6   0.0138062724
3   4   2   6   0.0000000000
3   4   3   4   0.3748134538
3   4   3   5   -0.0000000003
3   5   1   6   0.0000000000
3   5   2   6   0.0138062724
3   5   3   4   -0.0000000003
3   5   3   5   0.3748134537
3   6   1   4   0.0159789631
3   6   1   5   -0.0000000000
3   6   2   4   -0.0000000000
3   6   2   5   0.0159789631
3   6   3   6   0.4125145550

End ABCD Block
Begin AIJB Block
1   8   1   4   0.0123662490
1   8   1   5   0.0000000000
1   8   2   4   0.0000000000
1   8   2   5   -0.0000000000
1   8   3   4   -0.0125602200
1   8   3   5   0.0000000000
1   8   4   4   0.0000000002
1   8   4   5   0.0000000000
1   8   5   4   0.0002009890
1   8   6   6   0.0002718380
1   8   7   6   0.0009561593
1   9   1   4   0.0000000000
1   9   1   5   -0.0000000000
1   9   2   4   0.0123797227
1   9   2   5   0.0000000000
1   9   3   4   -0.0000000002
1   9   3   5   0.0000000000
1   9   4   4   -0.0127884207
1   9   5   4   -0.0000000000
1   9   6   6   0.0000000000
1   9   7   6   0.0000000000
1   10   1   4   -0.0125602200
1   10   1   5   0.0000000000
1   10   2   4   -0.0000000002
1   10   2   5   0.0000000000
1   10   3   4   0.0613799421
1   10   3   5   0.0000000000
1   10   4   4   0.0000000003
1   10   4   5   -0.0000000001
1   10   5   4   -0.0025174510
1   10   5   5   -0.0000000000
1   10   6   6   0.0011568372
1   10   7   6   0.0040690440
1   11   1   4   0.0000000002
1   11   1   5   0.0000000000
1   11   2   4   -0.0127884207
1   11   3   4   0.0000000003
1   11   3   5   -0.0000000001
1   11   4   4   0.0650396736
1   11   4   5   0.0000000001
1   11   5   4   -0.0000000004
1   11   5   5   -0.0000000000
1   11   6   6   0.0000000000
1   11   7   6   0.0000000001
1   12   1   4   0.0002009890
1   12   2   4   -0.0000000000
1   12   3   4   -0.0025174510
1   12   3   5   -0.0000000000
1   12   4   4   -0.0000000004
1   12   4   5   -0.0000000000
1   12   5   4   0.0284987295
1   12   5   5   -0.0000000001
1   12   6   6   0.0555089210
1   12   7   6   0.1952463423
1   13   1   6   -0.0002366722
1   13   3   6   0.0008370141
1   13   4   6   0.0000000001
1   13   5   6   0.0051361667
1   13   6   4   0.0471341724
1   13   6   5   0.0589483607
1   13   7   4   0.0589483596
1   13   7   5   0.1882471702
1   14   1   6   -0.0008324678
1   14   3   6   0.0029441023
1   14   4   6   0.0000000005
1   14   5   6   0.0180658847
1   14   6   4   0.0589483596
1   14   6   5   0.0023378760
1   14   7   4   0.2377192153
1   14   7   5   -0.0589483604
2   8   1   4   0.0000000000
2   8   1   5   0.0123662490
2   8   2   4   -0.0000000000
2   8   2   5   -0.0000000000
2   8   3   4   0.0000000000
2   8   3   5   -0.0125602200
2   8   4   4   0.0000000000
2   8   4   5   0.0000000002
2   8   5   5   0.0002009890
2   8   6   6   0.0009561593
2   8   7   6   -0.0002718380
2   9   1   4   -0.0000000000
2   9   1   5   -0.0000000000
2   9   2   4   0.0000000000
2   9   2   5   0.0123797227
2   9   3   4   0.0000000000
2   9   3   5   -0.0000000002
2   9   4   5   -0.0127884207
2   9   5   5   -0.0000000000
2   9   6   6   0.0000000000
2   9   7   6   -0.0000000000
2   10   1   4   0.0000000000
2   10   1   5   -0.0125602200
2   10   2   4   0.0000000000
2   10   2   5   -0.0000000002
2   10   3   4   0.0000000000
2   10   3   5   0.0613799421
2   10   4   4   -0.0000000001
2   10   4   5   0.0000000001
2   10   5   4   -0.0000000000
2   10   5   5   -0.0025174510
2   10   6   6   0.0040690440
2   10   7   6   -0.0011568373
2   11   1   4   0.0000000000
2   11   1   5   0.0000000002
2   11   2   5   -0.0127884207
2   11   3   4   -0.0000000001
2   11   3   5   0.0000000001
2   11   4   4   0.0000000001
2   11   4   5   0.0650396736
2   11   5   4   -0.0000000000
2   11   5   5   -0.0000000004
2   11   6   6   0.0000000001
2   11   7   6   -0.0000000000
2   12   1   5   0.0002009890
2   12   2   5   -0.0000000000
2   12   3   4   -0.0000000000
2   12   3   5   -0.0025174510
2   12   4   4   -0.0000000000
2   12   4   5   -0.0000000004
2   12   5   4   -0.0000000001
2   12   5   5   0.0284987295
2   12   6   6   0.1952463424
2   12   7   6   -0.0555089207
2   13   1   6   -0.0008324678
2   13   3   6   0.0029441023
2   13   4   6   0.0000000005
2   13   5   6   0.0180658847
2   13   6   4   0.0589483607
2   13   6   5   0.2377192156
2   13   7   4   0.0023378760
2   13   7   5   -0.0589483592
2   14   1   6   0.0002366722
2   14   3   6   -0.0008370141
2   14   4   6   -0.0000000001
2   14   5   6   -0.0051361667
2   14   6   4   0.1882471702
2   14   6   5   -0.0589483592
2   14   7   4   -0.0589483604
2   14   7   5   0.0471341721
3   8   1   6   0.0129850543
3   8   2   6   0.0000000000
3   8   3   6   -0.0128817747
3   8   4   6   0.0000000002
3   8   5   6   0.0004152918
3   8   6   4   -0.0002366722
3   8   6   5   -0.0008324678
3   8   7   4   -0.0008324678
3   8   7   5   0.0002366722
3   9   1   6   0.0000000000
3   9   2   6   0.0130160785
3   9   3   6   -0.0000000002
3   9   4   6   -0.0132780884
3   9   5   6   -0.0000000000
3   10   1   6   -0.0128817747
3   10   2   6   -0.0000000002
3   10   3   6   0.0619848495
3   10   4   6   0.0000000001
3   10   5   6   0.0039978991
3   10   6   4   0.0008370141
3   10   6   5   0.0029441023
3   10   7   4   0.0029441023
3   10   7   5   -0.0008370141
3   11   1   6   0.0000000002
3   11   2   6   -0.0132780884
3   11   3   6   0.0000000001
3   11   4   6   0.0664061073
3   11   5   6   -0.0000000001
3   11   6   4   0.0000000001
3   11   6   5   0.0000000005
3   11   7   4   0.0000000005
3   11   7   5   -0.0000000001
3   12   1   6   0.0004152918
3   12   2   6   -0.0000000000
3   12   3   6   0.0039978991
3   12   4   6   -0.0000000001
3   12   5   6   0.2475408296
3   12   6   4   0.0051361667
3   12   6   5   0.0180658847
3   12   7   4   0.0180658847
3   12   7   5   -0.0051361667
3   13   1   4   0.0002718380
3   13   1   5   0.0009561593
3   13   2   4   0.0000000000
3   13   2   5   0.0000000000
3   13   3   4   0.0011568372
3   13   3   5   0.0040690440
3   13   4   4   0.0000000000
3   13   4   5   0.0000000001
3   13   5   4   0.0555089210
3   13   5   5   0.1952463424
3   13   6   6   0.0299737336
3   13   7   6   -0.0000000000
3   14   1   4   0.0009561593
3   14   1   5   -0.0002718380
3   14   2   4   0.0000000000
3   14   2   5   -0.0000000000
3   14   3   4   0.0040690440
3   14   3   5   -0.0011568373
3   14   4   4   0.0000000001
3   14   4   5   -0.0000000000
3   14   5   4   0.1952463423
3   14   5   5   -0.0555089207
3   14   7   6   0.0299737336

1   8   8   1   -0.5234458188
1   8   8   2   0.0000000000
1   8   9   1   -0.0000000007
1   8   9   2   0.0000000005
1   8   10   1   -0.0049634910
1   8   10   2   0.0000000000
1   8   11   1   0.0000000001
1   8   11   2   0.0000000000
1   8   12   1   0.0007421257
1   8   12   2   -0.0000000000
1   8   13   3   0.0002680549
1   8   14   3   0.0009428527
1   9   8   1   -0.0000000007
1   9   8   2   0.0000000005
1   9   9   1   -0.5234456156
1   9   9   2   0.0000000000
1   9   10   1   -0.0000000001
1   9   10   2   0.0000000000
1   9   11   1   -0.0050448034
1   9   11   2   0.0000000000
1   9   12   1   -0.0000000000
1   9   12   2   0.0000000000
1   9   13   3   -0.0000000000
1   9   14   3   -0.0000000000
1   10   8   1   -0.0049634910
1   10   8   2   0.0000000000
1   10   9   1   -0.0000000001
1   10   9   2   0.0000000000
1   10   10   1   -0.4018863167
1   10   10   2   0.0000000002
1   10   11   1   -0.0000000005
1   10   11   2   0.0000000003
1   10   12   1   -0.0058769995
1   10   12   2   -0.0000000001
1   10   13   3   -0.0009377085
1   10   14   3   -0.0032982835
1   11   8   1   0.0000000001
1   11   8   2   0.0000000000
1   11   9   1   -0.0050448034
1   11   9   2   0.0000000000
1   11   10   1   -0.0000000005
1   11   10   2   0.0000000003
1   11   11   1   -0.4037412332
1   11   11   2   0.0000000002
1   11   12   1   -0.0000000001
1   11   12   2   -0.0000000000
1   11   13   3   0.0000000001
1   11   14   3   0.0000000002
1   12   8   1   0.0007421257
1   12   8   2   -0.0000000000
1   12   9   1   -0.0000000000
1   12   9   2   0.0000000000
1   12   10   1   -0.0058769995
1   12   10   2   -0.0000000001
1   12   11   1   -0.0000000001
1   12   11   2   -0.0000000000
1   12   12   1   -0.3900389872
1   12   12   2   -0.0000000000
1   12   13   3   -0.0053398234
1   12   14   3   -0.0187822241
1   13   8   3   0.0002534843
1   13   9   3   -0.0000000000
1   13   10   3   -0.0010342610
1   13   11   3   -0.0000000000
1   13   12   3   -0.0056180194
1   13   13   1   -0.3941711150
1   13   13   2   -0.0107128550
1   13   14   1   -0.0107128539
1   13   14   2   -0.0170294423
1   14   8   3   0.0008916024
1   14   9   3   -0.0000000001
1   14   10   3   -0.0036378961
1   14   11   3   -0.0000000002
1   14   12   3   -0.0197607468
1   14   13   1   -0.0107128539
1   14   13   2   -0.0176061255
1   14   14   1   -0.4288066793
1   14   14   2   0.0107128549
2   8   8   1   0.0000000000
2   8   8   2   -0.5234458188
2   8   9   1   0.0000000005
2   8   9   2   0.0000000003
2   8   9   3   -0.0000000000
2   8   10   1   0.0000000000
2   8   10   2   -0.0049634909
2   8   11   1   0.0000000000
2   8   11   2   0.0000000001
2   8   12   1   -0.0000000000
2   8   12   2   0.0007421257
2   8   13   3   0.0009428527
2   8   14   3   -0.0002680549
2   9   8   1   0.0000000005
2   9   8   2   0.0000000003
2   9   8   3   -0.0000000000
2   9   9   1   0.0000000000
2   9   9   2   -0.5234456156
2   9   10   1   0.0000000000
2   9   10   2   -0.0000000001
2   9   11   1   0.0000000000
2   9   11   2   -0.0050448034
2   9   12   1   0.0000000000
2   9   12   2   -0.0000000000
2   9   13   3   -0.0000000000
2   9   14   3   0.0000000000
2   10   8   1   0.0000000000
2   10   8   2   -0.0049634909
2   10   9   1   0.0000000000
2   10   9   2   -0.0000000001
2   10   10   1   0.0000000002
2   10   10   2   -0.4018863167
2   10   11   1   0.0000000003
2   10   11   2   0.0000000002
2   10   11   3   -0.0000000000
2   10   12   1   -0.0000000001
2   10   12   2   -0.0058769995
2   10   13   3   -0.0032982835
2   10   14   3   0.0009377085
2   11   8   1   0.0000000000
2   11   8   2   0.0000000001
2   11   9   1   0.0000000000
2   11   9   2   -0.0050448034
2   11   10   1   0.0000000003
2   11   10   2   0.0000000002
2   11   10   3   -0.0000000000
2   11   11   1   0.0000000002
2   11   11   2   -0.4037412332
2   11   12   1   -0.0000000000
2   11   12   2   -0.0000000002
2   11   13   3   0.0000000002
2   11   14   3   -0.0000000000
2   12   8   1   -0.0000000000
2   12   8   2   0.0007421257
2   12   9   1   0.0000000000
2   12   9   2   -0.0000000000
2   12   10   1   -0.0000000001
2   12   10   2   -0.0058769995
2   12   11   1   -0.0000000000
2   12   11   2   -0.0000000002
2   12   12   1   -0.0000000000
2   12   12   2   -0.3900389873
2   12   13   3   -0.0187822241
2   12   14   3   0.0053398234
2   13   8   3   0.0008916024
2   13   9   3   -0.0000000001
2   13   10   3   -0.0036378961
2   13   11   3   -0.0000000002
2   13   12   3   -0.0197607468
2   13   13   1   -0.0107128550
2   13   13   2   -0.4288066795
2   13   14   1   -0.0176061255
2   13   14   2   0.0107128535
2   14   8   3   -0.0002534843
2   14   9   3   0.0000000000
2   14   10   3   0.0010342611
2   14   11   3   0.0000000001
2   14   12   3   0.0056180194
2   14   13   1   -0.0170294423
2   14   13   2   0.0107128535
2   14   14   1   0.0107128549
2   14   14   2   -0.3941711148
3   8   8   3   -0.5363431125
3   8   9   2   -0.0000000000
3   8   9   3   0.0000000000
3   8   10   3   -0.0051740022
3   8   11   3   0.0000000001
3   8   12   3   0.0024855688
3   8   13   1   0.0002534843
3   8   13   2   0.0008916024
3   8   14   1   0.0008916024
3   8   14   2   -0.0002534843
3   9   8   2   -0.0000000000
3   9   8   3   0.0000000000
3   9   9   3   -0.5363427148
3   9   10   3   -0.0000000001
3   9   11   3   -0.0053065735
3   9   12   3   0.0000000000
3   9   13   1   -0.0000000000
3   9   13   2   -0.0000000001
3   9   14   1   -0.0000000001
3   9   14   2   0.0000000000
3   10   8   3   -0.0051740022
3   10   9   3   -0.0000000001
3   10   10   3   -0.4102513838
3   10   11   2   -0.0000000000
3   10   11   3   -0.0000000000
3   10   12   3   -0.0121697098
3   10   13   1   -0.0010342610
3   10   13   2   -0.0036378961
3   10   14   1   -0.0036378961
3   10   14   2   0.0010342611
3   11   8   3   0.0000000001
3   11   9   3   -0.0053065735
3   11   10   2   -0.0000000000
3   11   10   3   -0.0000000000
3   11   11   3   -0.4111917202
3   11   12   3   -0.0000000000
3   11   13   1   -0.0000000000
3   11   13   2   -0.0000000002
3   11   14   1   -0.0000000002
3   11   14   2   0.0000000001
3   12   8   3   0.0024855688
3   12   9   3   0.0000000000
3   12   10   3   -0.0121697098
3   12   11   3   -0.0000000000
3   12   12   3   -0.4367377301
3   12   13   1   -0.0056180194
3   12   13   2   -0.0197607468
3   12   14   1   -0.0197607468
3   12   14   2   0.0056180194
3   13   8   1   0.0002680549
3   13   8   2   0.0009428527
3   13   9   1   -0.0000000000
3   13   9   2   -0.0000000000
3   13   10   1   -0.0009377085
3   13   10   2   -0.0032982835
3   13   11   1   0.0000000001
3   13   11   2   0.0000000002
3   13   12   1   -0.0053398234
3   13   12   2   -0.0187822241
3   13   13   3   -0.3983501334
3   13   14   3   -0.0000000004
3   14   8   1   0.0009428527
3   14   8   2   -0.0002680549
3   14   9   1   -0.0000000000
3   14   9   2   0.0000000000
3   14   10   1   -0.0032982835
3   14   10   2   0.0009377085
3   14   11   1   0.0000000002
3   14   11   2   -0.0000000000
3   14   12   1   -0.0187822241
3   14   12   2   0.0053398234
3   14   13   3   -0.0000000004
3   14   14   3   -0.3983501328

End AIJB Block
Begin IJKA Block
1   8   1   6   -0.0000000007
1   8   2   6   0.0141172508
1   8   3   6   -0.0000000001
1   8   4   6   0.0016979858
1   8   5   6   -0.0000000004
1   8   6   4   -0.0000000001
1   8   6   5   -0.0000000004
1   8   7   4   -0.0000000004
1   8   7   5   0.0000000001
1   9   1   6   0.0125973647
1   9   2   6   0.0000000002
1   9   3   6   0.0021577375
1   9   5   6   0.0128955705
1   9   6   4   0.0035563870
1   9   6   5   0.0125091885
1   9   7   4   0.0125091885
1   9   7   5   -0.0035563870
1   10   1   6   -0.0000000006
1   10   2   6   0.0152525842
1   10   3   6   -0.0000000000
1   10   4   6   0.0010368470
1   10   5   6   0.0000000003
1   10   6   4   0.0000000000
1   10   6   5   0.0000000002
1   10   7   4   0.0000000002
1   10   7   5   -0.0000000001
1   11   1   6   0.0174675805
1   11   2   6   -0.0000000001
1   11   3   6   0.0003288133
1   11   4   6   -0.0000000000
1   11   5   6   -0.0139279803
1   11   6   4   -0.0038241199
1   11   6   5   -0.0134509086
1   11   7   4   -0.0134509086
1   11   7   5   0.0038241199
1   12   1   6   -0.0000000120
1   12   2   6   0.3531564096
1   12   3   6   -0.0000000001
1   12   4   6   0.0035796146
1   12   5   6   0.0000000000
1   12   6   4   -0.0000000000
1   12   6   5   -0.0000000000
1   12   7   4   -0.0000000000
1   12   7   5   0.0000000000
1   13   1   4   -0.0000000029
1   13   1   5   -0.0000000101
1   13   2   4   0.0972744246
1   13   2   5   0.3421517704
1   13   3   4   0.0000000000
1   13   3   5   -0.0000000001
1   13   4   4   0.0009569385
1   13   4   5   0.0033659226
1   13   5   5   0.0000000000
1   13   6   6   0.0000000000
1   14   1   4   -0.0000000100
1   14   1   5   0.0000000028
1   14   2   4   0.3421517701
1   14   2   5   -0.0972744239
1   14   3   4   -0.0000000001
1   14   3   5   0.0000000000
1   14   4   4   0.0033659226
1   14   4   5   -0.0009569384
1   14   5   4   0.0000000000
1   14   5   5   -0.0000000000
1   14   7   6   0.0000000000
2   8   1   6   0.0141180498
2   8   2   6   0.0000000002
2   8   3   6   0.0021524342
2   8   5   6   0.0128614728
2   8   6   4   0.0035518055
2   8   6   5   0.0124930734
2   8   7   4   0.0124930734
2   8   7   5   -0.0035518054
2   9   1   6   0.0000000002
2   9   2   6   0.0126037218
2   9   3   6   0.0000000001
2   9   4   6   0.0016962174
2   9   5   6   0.0000000004
2   9   6   4   0.0000000001
2   9   6   5   0.0000000004
2   9   7   4   0.0000000004
2   9   7   5   -0.0000000001
2   10   1   6   0.0152526202
2   10   2   6   0.0000000003
2   10   3   6   0.0005474757
2   10   4   6   -0.0000000000
2   10   5   6   -0.0134895735
2   10   6   4   -0.0037486169
2   10   6   5   -0.0131853354
2   10   7   4   -0.0131853354
2   10   7   5   0.0037486169
2   11   1   6   -0.0000000001
2   11   2   6   0.0174614853
2   11   3   6   0.0000000000
2   11   4   6   0.0008505922
2   11   5   6   -0.0000000001
2   11   6   4   -0.0000000001
2   11   6   5   -0.0000000002
2   11   7   4   -0.0000000002
2   11   7   5   0.0000000001
2   12   1   6   0.3531533042
2   12   2   6   0.0000000095
2   12   3   6   0.0035898067
2   12   4   6   0.0000000000
2   12   5   6   0.0004794413
2   12   6   4   0.0000532450
2   12   6   5   0.0001872832
2   12   7   4   0.0001872832
2   12   7   5   -0.0000532450
2   13   1   4   0.0972737227
2   13   1   5   0.3421493013
2   13   2   4   0.0000000031
2   13   2   5   0.0000000108
2   13   3   4   0.0009665826
2   13   3   5   0.0033998447
2   13   4   4   0.0000000000
2   13   4   5   0.0000000000
2   13   5   4   0.0003011469
2   13   5   5   0.0010592500
2   13   6   6   -0.0008702260
2   13   7   6   0.0000000000
2   14   1   4   0.3421493011
2   14   1   5   -0.0972737219
2   14   2   4   0.0000000108
2   14   2   5   -0.0000000031
2   14   3   4   0.0033998446
2   14   3   5   -0.0009665825
2   14   4   4   0.0000000000
2   14   4   5   0.0000000000
2   14   5   4   0.0010592500
2   14   5   5   -0.0003011469
2   14   6   6   0.0000000000
2   14   7   6   -0.0008702260
3   8   1   6   -0.0000000001
3   8   2   6   0.0022515784
3   8   3   6   0.0000000000
3   8   4   6   0.0017620122
3   8   5   6   0.0000000003
3   8   6   4   0.0000000000
3   8   6   5   0.0000000002
3   8   7   4   0.0000000002
3   8   7   5   -0.0000000001
3   9   1   6   0.0022570494
3   9   2   6   0.0000000001
3   9   3   6   -0.0003713428
3   9   4   6   0.0000000000
3   9   5   6   -0.0143980691
3   9   6   4   -0.0038886128
3   9   6   5   -0.0136777550
3   9   7   4   -0.0136777550
3   9   7   5   0.0038886128
3   10   1   6   -0.0000000000
3   10   2   6   0.0005442194
3   10   3   6   -0.0000000001
3   10   4   6   0.0040112424
3   10   5   6   -0.0000000001
3   10   6   4   -0.0000000001
3   10   6   5   -0.0000000001
3   10   7   4   -0.0000000001
3   10   7   5   -0.0000000000
3   11   1   6   0.0002991982
3   11   2   6   -0.0000000000
3   11   3   6   0.0135403663
3   11   4   6   -0.0000000001
3   11   5   6   0.0616523139
3   11   6   4   0.0166934836
3   11   6   5   0.0587174377
3   11   7   4   0.0587174377
3   11   7   5   -0.0166934835
3   12   1   6   -0.0000000001
3   12   2   6   0.0041320786
3   12   3   6   -0.0000000008
3   12   4   6   0.2300720341
3   12   5   6   -0.0000000002
3   12   6   4   0.0000000001
3   12   6   5   0.0000000002
3   12   7   4   0.0000000002
3   12   7   5   -0.0000000001
3   13   1   4   0.0000000000
3   13   1   5   -0.0000000001
3   13   2   4   0.0011293619
3   13   2   5   0.0039724027
3   13   3   4   0.0000000001
3   13   3   5   0.0000000002
3   13   4   4   0.0635044003
3   13   4   5   0.2233695352
3   13   5   4   -0.0000000000
3   13   5   5   -0.0000000002
3   13   6   6   -0.0000000002
3   13   7   6   -0.0000000000
3   14   1   4   -0.0000000001
3   14   1   5   0.0000000001
3   14   2   4   0.0039724027
3   14   2   5   -0.0011293619
3   14   3   4   0.0000000002
3   14   3   5   0.0000000000
3   14   4   4   0.2233695351
3   14   4   5   -0.0635044000
3   14   5   4   -0.0000000002
3   14   5   5   0.0000000001
3   14   6   6   -0.0000000000
3   14   7   6   -0.0000000002
4   8   1   6   0.0017871676
4   8   2   6   -0.0000000000
4   8   3   6   0.0017713267
4   8   4   6   -0.0000000000
4   8   5   6   -0.0140855867
4   8   6   4   -0.0038706639
4   8   6   5   -0.0136146219
4   8   7   4   -0.0136146219
4   8   7   5   0.0038706639
4   9   1   6   -0.0000000000
4   9   2   6   0.0017858760
4   9   3   6   0.0000000000
4   9   4   6   0.0007959441
4   9   5   6   -0.0000000002
4   9   6   4   -0.0000000001
4   9   6   5   -0.0000000002
4   9   7   4   -0.0000000002
4   9   7   5   0.0000000001
4   10   1   6   0.0010061474
4   10   2   6   0.0000000000
4   10   3   6   0.0035488977
4   10   4   6   -0.0000000000
4   10   5   6   0.0567262043
4   10   6   4   0.0161388628
4   10   6   5   0.0567666218
4   10   7   4   0.0567666217
4   10   7   5   -0.0161388627
4   11   1   6   -0.0000000000
4   11   2   6   0.0008226149
4   11   3   6   -0.0000000001
4   11   4   6   0.0081212752
4   11   5   6   -0.0000000001
4   11   6   4   -0.0000000001
4   11   6   5   -0.0000000000
4   11   7   4   -0.0000000000
4   11   7   5   -0.0000000000
4   12   1   6   0.0041367330
4   12   2   6   0.0000000000
4   12   3   6   0.2302443156
4   12   4   6   -0.0000000007
4   12   5   6   -0.0208766954
4   12   6   4   -0.0004038489
4   12   6   5   -0.0014204928
4   12   7   4   -0.0014204928
4   12   7   5   0.0004038489
4   13   1   4   0.0011304342
4   13   1   5   0.0039761741
4   13   2   4   0.0000000001
4   13   2   5   0.0000000001
4   13   3   4   0.0634726844
4   13   3   5   0.2232579782
4   13   4   4   0.0000000002
4   13   4   5   0.0000000005
4   13   5   4   -0.0055411620
4   13   5   5   -0.0194904097
4   13   6   6   0.0008826888
4   13   7   6   -0.0000000000
4   14   1   4   0.0039761741
4   14   1   5   -0.0011304341
4   14   2   4   0.0000000000
4   14   2   5   0.0000000000
4   14   3   4   0.2232579781
4   14   3   5   -0.0634726841
4   14   4   4   0.0000000004
4   14   4   5   -0.0000000001
4   14   5   4   -0.0194904097
4   14   5   5   0.0055411620
4   14   6   6   -0.0000000000
4   14   7   6   0.0008826888
5   8   1   6   -0.0000000005
5   8   2   6   0.0156319526
5   8   3   6   0.0000000003
5   8   4   6   -0.0157551049
5   8   5   6   -0.0000000000
5   8   6   5   -0.0000000000
5   8   7   4   -0.0000000000
5   8   7   5   0.0000000000
5   9   1   6   0.0156625222
5   9   2   6   0.0000000004
5   9   3   6   -0.0160432370
5   9   4   6   -0.0000000002
5   9   5   6   0.0001774370
5   9   6   4   0.0000588758
5   9   6   5   0.0002070890
5   9   7   4   0.0002070890
5   9   7   5   -0.0000588758
5   10   1   6   0.0000000003
5   10   2   6   -0.0138133598
5   10   3   6   -0.0000000001
5   10   4   6   0.0585874890
5   10   5   6   -0.0000000003
5   10   6   4   -0.0000000001
5   10   6   5   -0.0000000002
5   10   7   4   -0.0000000002
5   10   7   5   0.0000000000
5   11   1   6   -0.0141870205
5   11   2   6   -0.0000000002
5   11   3   6   0.0635543477
5   11   4   6   -0.0000000001
5   11   5   6   0.0102358243
5   11   6   4   -0.0002772829
5   11   6   5   -0.0009753112
5   11   7   4   -0.0009753112
5   11   7   5   0.0002772829
5   12   1   6   -0.0000000000
5   12   2   6   0.0001557298
5   12   3   6   0.0000000003
5   12   4   6   -0.0212199636
5   12   5   6   -0.0000000035
5   12   6   4   0.0000000003
5   12   6   5   0.0000000009
5   12   6   6   -0.0000000000
5   12   7   4   0.0000000009
5   12   7   5   -0.0000000002
5   13   1   4   -0.0000000000
5   13   1   5   -0.0000000000
5   13   2   4   0.0002182179
5   13   2   5   0.0007675567
5   13   3   4   0.0000000001
5   13   3   5   0.0000000001
5   13   4   4   -0.0054545018
5   13   4   5   -0.0191855923
5   13   5   4   -0.0000000008
5   13   5   5   -0.0000000029
5   13   6   5   -0.0000000000
5   13   6   6   0.0000000003
5   13   7   6   -0.0000000000
5   14   1   4   -0.0000000000
5   14   1   5   -0.0000000000
5   14   2   4   0.0007675567
5   14   2   5   -0.0002182179
5   14   3   4   0.0000000001
5   14   3   5   -0.0000000000
5   14   4   4   -0.0191855923
5   14   4   5   0.0054545018
5   14   5   4   -0.0000000029
5   14   5   5   0.0000000009
5   14   6   4   -0.0000000000
5   14   6   6   -0.0000000000
5   14   7   6   0.0000000003
6   8   1   4   -0.0000000001
6   8   1   5   -0.0000000004
6   8   2   4   0.0043114593
6   8   2   5   0.0151650697
6   8   3   4   0.0000000001
6   8   3   5   0.0000000002
6   8   4   4   -0.0043216757
6   8   4   5   -0.0152010047
6   8   5   4   0.0000000000
6   8   5   5   0.0000000000
6   8   6   6   0.0000000000
6   9   1   4   0.0043150396
6   9   1   5   0.0151776630
6   9   2   4   0.0000000001
6   9   2   5   0.0000000005
6   9   3   4   -0.0043391335
6   9   3   5   -0.0152624106
6   9   4   4   -0.0000000001
6   9   4   5   -0.0000000003
6   9   5   4   0.0001677233
6   9   5   5   0.0005899476
6   9   6   6   -0.0004285534
6   9   7   6   -0.0000000000
6   10   1   4   0.0000000001
6   10   1   5   0.0000000002
6   10   2   4   -0.0038223679
6   10   2   5   -0.0134447460
6   10   3   4   0.0000000001
6   10   3   5   0.0000000001
6   10   4   4   0.0164852469
6   10   4   5   0.0579849890
6   10   5   4   -0.0000000001
6   10   5   5   -0.0000000004
6   10   6   6   -0.0000000000
6   10   7   6   0.0000000000
6   11   1   4   -0.0038769060
6   11   1   5   -0.0136365776
6   11   2   4   -0.0000000000
6   11   2   5   -0.0000000002
6   11   3   4   0.0169944896
6   11   3   5   0.0597761925
6   11   4   4   0.0000000001
6   11   4   5   0.0000000003
6   11   5   4   -0.0006610781
6   11   5   5   -0.0023252674
6   11   6   6   0.0122875413
6   11   7   6   -0.0000000000
6   12   1   4   -0.0000000000
6   12   1   5   -0.0000000000
6   12   2   4   -0.0000021322
6   12   2   5   -0.0000074998
6   12   3   4   0.0000000000
6   12   3   5   -0.0000000000
6   12   4   4   -0.0005649154
6   12   4   5   -0.0019870263
6   12   5   4   -0.0000000002
6   12   5   5   -0.0000000005
6   12   5   6   -0.0000000000
6   12   6   6   0.0000000015
6   12   7   6   0.0000000000
6   13   1   6   0.0000000000
6   13   2   6   -0.0007529943
6   13   3   6   0.0000000003
6   13   4   6   0.0016211429
6   13   5   5   -0.0000000000
6   13   5   6   -0.0000000016
6   13   6   4   0.0000000006
6   13   6   5   0.0000000019
6   13   7   4   0.0000000000
6   13   7   5   0.0000000001
6   14   2   6   0.0000000000
6   14   3   6   -0.0000000000
6   14   4   6   0.0000000000
6   14   5   4   -0.0000000000
6   14   5   6   0.0000000000
6   14   6   4   0.0000000016
6   14   6   5   -0.0000000004
6   14   7   4   0.0000000002
6   14   7   5   0.0000000001
7   8   1   4   -0.0000000004
7   8   1   5   0.0000000001
7   8   2   4   0.0151650697
7   8   2   5   -0.0043114593
7   8   3   4   0.0000000002
7   8   3   5   -0.0000000000
7   8   4   4   -0.0152010047
7   8   4   5   0.0043216757
7   8   5   4   0.0000000000
7   8   5   5   -0.0000000000
7   8   7   6   0.0000000000
7   9   1   4   0.0151776630
7   9   1   5   -0.0043150396
7   9   2   4   0.0000000005
7   9   2   5   -0.0000000002
7   9   3   4   -0.0152624106
7   9   3   5   0.0043391335
7   9   4   4   -0.0000000003
7   9   4   5   0.0000000001
7   9   5   4   0.0005899476
7   9   5   5   -0.0001677233
7   9   6   6   -0.0000000000
7   9   7   6   -0.0004285534
7   10   1   4   0.0000000002
7   10   1   5   -0.0000000000
7   10   2   4   -0.0134447460
7   10   2   5   0.0038223678
7   10   3   4   0.0000000001
7   10   3   5   -0.0000000000
7   10   4   4   0.0579849890
7   10   4   5   -0.0164852469
7   10   5   4   -0.0000000004
7   10   5   5   0.0000000002
7   10   6   6   0.0000000000
7   10   7   6   -0.0000000001
7   11   1   4   -0.0136365776
7   11   1   5   0.0038769059
7   11   2   4   -0.0000000003
7   11   2   5   0.0000000001
7   11   3   4   0.0597761925
7   11   3   5   -0.0169944896
7   11   4   4   0.0000000003
7   11   4   5   -0.0000000001
7   11   5   4   -0.0023252674
7   11   5   5   0.0006610781
7   11   6   6   -0.0000000000
7   11   7   6   0.0122875413
7   12   1   4   -0.0000000000
7   12   1   5   0.0000000000
7   12   2   4   -0.0000074998
7   12   2   5   0.0000021322
7   12   3   4   -0.0000000000
7   12   3   5   0.0000000000
7   12   4   4   -0.0019870264
7   12   4   5   0.0005649156
7   12   5   4   -0.0000000006
7   12   5   5   0.0000000001
7   12   6   6   0.0000000000
7   12   7   6   0.0000000008
7   13   2   6   0.0000000000
7   13   3   6   -0.0000000000
7   13   4   6   0.0000000000
7   13   5   6   0.0000000000
7   13   6   4   0.0000000002
7   13   6   5   0.0000000001
7   13   7   4   0.0000000003
7   13   7   5   0.0000000009
7   14   1   6   0.0000000000
7   14   2   6   -0.0007529943
7   14   3   6   0.0000000003
7   14   4   6   0.0016211429
7   14   5   6   -0.0000000017
7   14   6   4   0.0000000001
7   14   6   5   -0.0000000001
7   14   7   4   0.0000000008
7   14   7   5   -0.0000000002

End IJKA Block
Begin IABC Block
1   4   1   6   0.0000000001
1   4   2   6   0.0000000000
1   4   3   4   0.0000000000
1   5   1   6   0.0000000000
1   5   2   6   0.0000000001
1   5   3   5   0.0000000000
1   6   1   4   0.0000000001
1   6   1   5   0.0000000000
1   6   2   4   0.0000000000
1   6   2   5   0.0000000001
1   6   3   6   0.0000000001
2   4   1   6   -0.0008458670
2   4   3   4   -0.0003471632
2   4   3   5   0.0000000000
2   5   2   6   -0.0008458670
2   5   3   4   0.0000000000
2   5   3   5   -0.0003471632
2   6   1   4   -0.0007986547
2   6   2   5   -0.0007986547
2   6   3   6   -0.0018904450
3   4   1   6   0.0000000003
3   4   2   6   -0.0000000000
3   4   3   4   0.0000000000
3   4   3   5   -0.0000000000
3   5   1   6   -0.0000000000
3   5   2   6   0.0000000003
3   5   3   4   -0.0000000000
3   5   3   5   0.0000000000
3   6   1   4   0.0000000003
3   6   1   5   -0.0000000000
3   6   2   4   -0.0000000000
3   6   2   5   0.0000000003
3   6   3   6   -0.0000000001
4   4   1   6   0.0034605378
4   4   2   6   0.0000000000
4   4   3   4   0.0122202349
4   4   3   5   -0.0000000001
4   5   1   6   0.0000000000
4   5   2   6   0.0034605378
4   5   3   4   -0.0000000001
4   5   3   5   0.0122202349
4   6   1   4   0.0022942582
4   6   1   5   0.0000000000
4   6   2   4   0.0000000000
4   6   2   5   0.0022942582
4   6   3   6   0.0165891858
5   4   1   6   -0.0000000006
5   4   2   6   -0.0000000000
5   4   3   4   0.0000000001
5   4   3   5   -0.0000000003
5   5   1   6   -0.0000000000
5   5   2   6   -0.0000000007
5   5   3   4   -0.0000000003
5   5   3   5   -0.0000000005
5   5   3   6   0.0000000000
5   6   1   4   -0.0000000011
5   6   1   5   -0.0000000000
5   6   2   4   -0.0000000000
5   6   2   5   -0.0000000012
5   6   3   5   0.0000000000
5   6   3   6   -0.0000000021
6   4   1   4   0.0000000004
6   4   1   5   0.0000000004
6   4   2   4   0.0000000009
6   4   2   5   -0.0000000003
6   4   3   6   0.0000000005
6   5   1   4   -0.0000000000
6   5   1   5   0.0000000000
6   5   2   4   -0.0000000002
6   5   2   5   0.0000000008
6   5   2   6   0.0000000000
6   5   3   6   0.0000000018
6   6   1   6   0.0000000000
6   6   2   5   0.0000000000
6   6   2   6   0.0000000000
6   6   3   4   0.0000000001
6   6   3   5   0.0000000003
7   4   1   4   0.0000000016
7   4   1   5   -0.0000000005
7   4   2   4   -0.0000000003
7   4   2   5   0.0000000001
7   4   3   6   0.0000000018
7   5   1   4   -0.0000000003
7   5   1   5   0.0000000004
7   5   1   6   0.0000000000
7   5   2   4   0.0000000005
7   5   2   5   -0.0000000003
7   5   3   6   -0.0000000005
7   6   1   5   0.0000000000
7   6   1   6   0.0000000001
7   6   2   6   -0.0000000000
7   6   3   4   0.0000000003
7   6   3   5   -0.0000000001

End IABC Block
