Begin IJ Block
1   1   -25.6023728569
1   2   -0.0000000001
1   3   -0.4835141443
1   4   -0.0000000737
1   5   0.0195463145
2   2   -25.6023945209
2   3   0.0000000729
2   4   -0.4880813212
2   5   -0.0000000030
3   3   -6.5005302625
3   4   -0.0000000001
3   5   -0.1264423087
4   4   -6.5153219444
4   5   0.0000000000
4   6   0.0000000000
5   5   -6.0192793901
6   6   -6.0148965474
6   7   0.0000000000
7   7   -6.0148965473

End IJ Block
Begin IA Block
1   3   0.0000000039
2   3   0.0259634712
3   2   -0.0000000000
3   3   0.0000000001
4   3   0.2227942520
5   1   0.0000000000
5   2   -0.0000000000
5   3   0.0000000000
6   1   0.0000000000
6   2   -0.0000000005
6   3   0.0000000000
7   1   -0.0000000004
7   2   0.0000000000

End IA Block
Begin AB Block
1   1   -5.8223963923
1   2   -0.0000000000
2   2   -5.8223963923
3   3   -5.9451197564

End AB Block
Begin IJAB Block
1   8   1   4   0.0129990367
1   8   2   5   0.0129990367
1   8   3   6   0.0139104681
1   9   1   4   -0.0000000000
1   9   1   5   -0.0000000000
1   9   2   4   -0.0000000000
1   9   2   5   0.0000000000
1   9   3   6   0.0000000000
1   10   1   4   -0.0136584204
1   10   2   5   -0.0136584204
1   10   3   6   -0.0141701766
1   11   1   4   -0.0000000021
1   11   1   5   -0.0000000000
1   11   2   4   -0.0000000000
1   11   2   5   -0.0000000021
1   11   3   6   -0.0000000022
1   12   1   4   0.0004671782
1   12   2   5   0.0004671782
1   12   3   6   0.0002875215
1   13   1   6   -0.0004820047
1   13   2   6   0.0012455507
1   13   3   4   0.0003805963
1   13   3   5   -0.0009835007
1   14   1   6   -0.0012455507
1   14   2   6   -0.0004820047
1   14   3   4   0.0009835007
1   14   3   5   0.0003805963
2   8   1   4   -0.0000000000
2   8   1   5   -0.0000000000
2   8   2   4   -0.0000000000
2   8   2   5   0.0000000000
2   8   3   6   0.0000000000
2   9   1   4   0.0130164103
2   9   2   5   0.0130164103
2   9   3   6   0.0139489136
2   10   1   4   0.0000000021
2   10   1   5   0.0000000000
2   10   2   4   0.0000000000
2   10   2   5   0.0000000020
2   10   3   6   0.0000000021
2   11   1   4   -0.0139854195
2   11   2   5   -0.0139854195
2   11   3   6   -0.0146468564
2   12   1   4   -0.0000000000
2   12   1   5   0.0000000000
2   12   2   4   0.0000000000
2   12   2   5   -0.0000000001
2   12   3   6   -0.0000000000
2   13   1   6   0.0000000001
2   13   2   6   -0.0000000002
2   13   3   4   -0.0000000001
2   13   3   5   0.0000000002
2   14   1   6   0.0000000002
2   14   2   6   0.0000000001
2   14   3   4   -0.0000000001
2   14   3   5   -0.0000000001
3   8   1   4   -0.0136584204
3   8   2   5   -0.0136584204
3   8   3   6   -0.0141701766
3   9   1   4   0.0000000021
3   9   1   5   0.0000000000
3   9   2   4   0.0000000000
3   9   2   5   0.0000000020
3   9   3   6   0.0000000021
3   10   1   4   0.0593311581
3   10   2   5   0.0593311581
3   10   3   6   0.0618742858
3   11   1   4   -0.0000000002
3   11   1   5   -0.0000000001
3   11   2   4   -0.0000000001
3   11   2   5   0.0000000002
3   11   2   6   -0.0000000000
3   11   3   5   -0.0000000000
3   11   3   6   -0.0000000000
3   12   1   4   -0.0022228398
3   12   2   5   -0.0022228398
3   12   3   6   0.0090549052
3   13   1   6   0.0021116600
3   13   2   6   -0.0054567505
3   13   3   4   0.0025321117
3   13   3   5   -0.0065432419
3   14   1   6   0.0054567505
3   14   2   6   0.0021116600
3   14   3   4   0.0065432419
3   14   3   5   0.0025321117
4   8   1   4   -0.0000000021
4   8   1   5   -0.0000000000
4   8   2   4   -0.0000000000
4   8   2   5   -0.0000000021
4   8   3   6   -0.0000000022
4   9   1   4   -0.0139854195
4   9   2   5   -0.0139854195
4   9   3   6   -0.0146468564
4   10   1   4   -0.0000000002
4   10   1   5   -0.0000000001
4   10   2   4   -0.0000000001
4   10   2   5   0.0000000002
4   10   2   6   -0.0000000000
4   10   3   5   -0.0000000000
4   10   3   6   -0.0000000000
4   11   1   4   0.0620214017
4   11   2   5   0.0620214017
4   11   3   6   0.0649181227
4   12   1   4   0.0000000001
4   12   1   5   0.0000000001
4   12   2   4   0.0000000001
4   12   2   5   -0.0000000001
4   13   1   6   0.0000000001
4   13   2   6   -0.0000000005
4   13   3   4   0.0000000000
4   13   3   5   -0.0000000000
4   14   1   6   -0.0000000005
4   14   2   6   -0.0000000001
4   14   3   4   -0.0000000000
4   14   3   5   -0.0000000000
5   8   1   4   0.0004671782
5   8   2   5   0.0004671782
5   8   3   6   0.0002875215
5   9   1   4   -0.0000000000
5   9   1   5   0.0000000000
5   9   2   4   0.0000000000
5   9   2   5   -0.0000000001
5   9   3   6   -0.0000000000
5   10   1   4   -0.0022228398
5   10   2   5   -0.0022228398
5   10   3   6   0.0090549052
5   11   1   4   0.0000000001
5   11   1   5   0.0000000001
5   11   2   4   0.0000000001
5   11   2   5   -0.0000000001
5   12   1   4   0.0232847934
5   12   2   5   0.0232847934
5   12   3   6   0.2473796773
5   13   1   6   0.0088554963
5   13   2   6   -0.0228835300
5   13   3   4   0.0733415978
5   13   3   5   -0.1895223706
5   14   1   6   0.0228835300
5   14   2   6   0.0088554963
5   14   3   4   0.1895223706
5   14   3   5   0.0733415978
6   8   1   6   0.0003805963
6   8   2   6   -0.0009835007
6   8   3   4   -0.0004820047
6   8   3   5   0.0012455507
6   9   1   6   -0.0000000001
6   9   2   6   0.0000000002
6   9   3   4   0.0000000001
6   9   3   5   -0.0000000002
6   10   1   6   0.0025321117
6   10   2   6   -0.0065432419
6   10   3   4   0.0021116600
6   10   3   5   -0.0054567505
6   11   1   6   0.0000000000
6   11   2   6   -0.0000000000
6   11   3   4   0.0000000001
6   11   3   5   -0.0000000005
6   12   1   6   0.0733415978
6   12   2   6   -0.1895223706
6   12   3   4   0.0088554963
6   12   3   5   -0.0228835300
6   13   1   4   0.0543533663
6   13   1   5   -0.0781019275
6   13   2   4   -0.0781019275
6   13   2   5   0.2259529460
6   13   3   6   0.0246373864
6   14   1   4   0.0781019310
6   14   1   5   0.0047439713
6   14   2   4   -0.1763435631
6   14   2   5   -0.0781019310
6   14   3   6   -0.0000000000
7   8   1   6   0.0009835007
7   8   2   6   0.0003805963
7   8   3   4   -0.0012455507
7   8   3   5   -0.0004820047
7   9   1   6   -0.0000000001
7   9   2   6   -0.0000000001
7   9   3   4   0.0000000002
7   9   3   5   0.0000000001
7   10   1   6   0.0065432419
7   10   2   6   0.0025321117
7   10   3   4   0.0054567505
7   10   3   5   0.0021116600
7   11   1   6   -0.0000000000
7   11   2   6   -0.0000000000
7   11   3   4   -0.0000000005
7   11   3   5   -0.0000000001
7   12   1   6   0.1895223705
7   12   2   6   0.0733415978
7   12   3   4   0.0228835300
7   12   3   5   0.0088554963
7   13   1   4   0.0781019310
7   13   1   5   -0.1763435631
7   13   2   4   0.0047439713
7   13   2   5   -0.0781019310
7   13   3   6   0.0000000000
7   14   1   4   0.2259529460
7   14   1   5   0.0781019275
7   14   2   4   0.0781019275
7   14   2   5   0.0543533663
7   14   3   6   0.0246373864

End IJAB Block
Begin IJKL Block
1   8   1   8   2.1448865765
1   8   1   9   0.0000005971
1   8   1   10   0.1997282931
1   8   1   11   0.0000000916
1   8   1   12   -0.0049298698
1   8   2   8   0.0000005971
1   8   2   9   1.9742178090
1   8   2   10   0.0000000303
1   8   2   11   0.2019375963
1   8   2   12   -0.0000000004
1   8   3   8   0.1997282931
1   8   3   9   0.0000000303
1   8   3   10   0.0291615686
1   8   3   11   0.0000000089
1   8   3   12   -0.0004890064
1   8   4   8   0.0000000916
1   8   4   9   0.2019375963
1   8   4   10   0.0000000089
1   8   4   11   0.0298215627
1   8   4   12   -0.0000000003
1   8   5   8   -0.0049298698
1   8   5   9   -0.0000000004
1   8   5   10   -0.0004890064
1   8   5   11   -0.0000000003
1   8   5   12   0.0122682374
1   8   6   13   0.0126120083
1   8   6   14   -0.0000000000
1   8   7   13   0.0000000000
1   8   7   14   0.0126120083
1   9   1   8   0.0000005971
1   9   1   9   2.1448969144
1   9   1   10   0.0000000303
1   9   1   11   0.2019925625
1   9   1   12   -0.0000000001
1   9   2   8   1.9742223267
1   9   2   9   -0.0000005971
1   9   2   10   0.1998114931
1   9   2   11   -0.0000000306
1   9   2   12   -0.0028904182
1   9   3   8   0.0000000303
1   9   3   9   0.1997336822
1   9   3   10   0.0000000000
1   9   3   11   0.0294581930
1   9   4   8   0.2019265748
1   9   4   9   -0.0000000306
1   9   4   10   0.0294704779
1   9   4   11   -0.0000000000
1   9   4   12   -0.0010910351
1   9   5   8   -0.0000000004
1   9   5   9   -0.0049265578
1   9   5   11   -0.0010951597
1   9   5   12   -0.0000000000
1   9   6   13   0.0000000001
1   9   7   14   -0.0000000001
1   10   1   8   0.1997282931
1   10   1   9   0.0000000303
1   10   1   10   0.5703747041
1   10   1   11   0.0000001217
1   10   1   12   0.0063694484
1   10   2   8   0.0000000303
1   10   2   9   0.1998230478
1   10   2   10   0.0000000003
1   10   2   11   0.4024792831
1   10   2   12   -0.0000000000
1   10   3   8   0.0315021916
1   10   3   9   0.0000000000
1   10   3   10   0.0083789271
1   10   3   11   0.0000000013
1   10   3   12   -0.0002915638
1   10   4   8   0.0000000096
1   10   4   9   0.0316053285
1   10   4   10   0.0000000013
1   10   4   11   0.0089665328
1   10   4   12   0.0000000001
1   10   5   8   -0.0005104873
1   10   5   10   -0.0013856958
1   10   5   11   0.0000000002
1   10   5   12   -0.0141082698
1   10   6   13   -0.0142305308
1   10   6   14   0.0000000000
1   10   7   13   -0.0000000000
1   10   7   14   -0.0142305308
1   11   1   8   0.0000000916
1   11   1   9   0.2019925625
1   11   1   10   0.0000001217
1   11   1   11   0.5752104151
1   11   1   12   -0.0000000105
1   11   2   8   0.2019265748
1   11   2   9   -0.0000000306
1   11   2   10   0.4025010860
1   11   2   11   -0.0000000003
1   11   2   12   -0.0347223982
1   11   3   8   0.0000000096
1   11   3   9   0.0316142029
1   11   3   10   0.0000000014
1   11   3   11   0.0088816812
1   11   3   12   -0.0000000001
1   11   4   8   0.0322536511
1   11   4   9   -0.0000000000
1   11   4   10   0.0086395062
1   11   4   11   0.0000000013
1   11   4   12   0.0000632882
1   11   5   8   -0.0000000003
1   11   5   9   -0.0010623927
1   11   5   10   0.0000000002
1   11   5   11   -0.0000029434
1   11   5   12   -0.0000000021
1   11   6   13   -0.0000000022
1   11   6   14   0.0000000000
1   11   7   13   0.0000000000
1   11   7   14   -0.0000000020
1   12   1   8   -0.0049298698
1   12   1   9   -0.0000000001
1   12   1   10   0.0063694484
1   12   1   11   -0.0000000105
1   12   1   12   0.5554092615
1   12   2   8   -0.0000000004
1   12   2   9   -0.0028926344
1   12   2   10   -0.0000000000
1   12   2   11   -0.0347203570
1   12   2   12   0.0000000000
1   12   2   13   -0.0000000000
1   12   3   8   -0.0005104873
1   12   3   10   -0.0002806474
1   12   3   11   -0.0000000001
1   12   3   12   0.0060356231
1   12   4   8   -0.0000000003
1   12   4   9   -0.0010561540
1   12   4   10   0.0000000000
1   12   4   11   0.0000085121
1   12   4   12   0.0000000009
1   12   5   8   0.0144815835
1   12   5   9   -0.0000000000
1   12   5   10   -0.0149189549
1   12   5   11   -0.0000000022
1   12   5   12   -0.0007582742
1   12   6   13   0.0002263283
1   12   7   14   0.0002263283
1   13   1   13   0.5604709651
1   13   2   12   -0.0000000000
1   13   2   13   0.0000000039
1   13   2   14   -0.0000000003
1   13   3   13   0.0063213909
1   13   4   13   0.0000000010
1   13   4   14   -0.0000000000
1   13   5   13   -0.0011076593
1   13   6   8   0.0150520569
1   13   6   9   0.0000000003
1   13   6   10   -0.0151919194
1   13   6   11   -0.0000000026
1   13   6   12   0.0003342989
1   13   7   9   -0.0000000000
1   13   7   11   0.0000000000
1   14   1   14   0.5604709651
1   14   2   13   -0.0000000003
1   14   2   14   -0.0000000039
1   14   3   14   0.0063213909
1   14   4   13   -0.0000000000
1   14   4   14   0.0000000009
1   14   5   14   -0.0011076593
1   14   6   9   -0.0000000000
1   14   6   11   0.0000000000
1   14   7   8   0.0150520569
1   14   7   9   -0.0000000003
1   14   7   10   -0.0151919194
1   14   7   11   -0.0000000020
1   14   7   12   0.0003342989
2   8   1   8   0.0000005971
2   8   1   9   1.9742223267
2   8   1   10   0.0000000303
2   8   1   11   0.2019265748
2   8   1   12   -0.0000000004
2   8   2   8   2.1448969144
2   8   2   9   -0.0000005971
2   8   2   10   0.1997336822
2   8   2   11   -0.0000000306
2   8   2   12   -0.0049265578
2   8   3   8   0.0000000303
2   8   3   9   0.1998114931
2   8   3   10   0.0000000000
2   8   3   11   0.0294704779
2   8   4   8   0.2019925625
2   8   4   9   -0.0000000306
2   8   4   10   0.0294581930
2   8   4   11   -0.0000000000
2   8   4   12   -0.0010951597
2   8   5   8   -0.0000000001
2   8   5   9   -0.0028904182
2   8   5   11   -0.0010910351
2   8   5   12   -0.0000000000
2   8   6   13   0.0000000001
2   8   7   14   -0.0000000001
2   9   1   8   1.9742178090
2   9   1   9   -0.0000005971
2   9   1   10   0.1998230478
2   9   1   11   -0.0000000306
2   9   1   12   -0.0028926344
2   9   2   8   -0.0000005971
2   9   2   9   2.1449009643
2   9   2   10   -0.0000000906
2   9   2   11   0.2019864846
2   9   2   12   0.0000000016
2   9   3   8   0.1998230478
2   9   3   9   -0.0000000906
2   9   3   10   0.0291385860
2   9   3   11   -0.0000000089
2   9   3   12   -0.0004897827
2   9   4   8   -0.0000000306
2   9   4   9   0.2019864846
2   9   4   10   -0.0000000089
2   9   4   11   0.0298446324
2   9   4   12   0.0000000003
2   9   5   8   -0.0028926344
2   9   5   9   0.0000000016
2   9   5   10   -0.0004897827
2   9   5   11   0.0000000003
2   9   5   12   0.0122173596
2   9   6   13   0.0125847499
2   9   6   14   -0.0000000000
2   9   7   13   0.0000000000
2   9   7   14   0.0125847499
2   10   1   8   0.0000000303
2   10   1   9   0.1998114931
2   10   1   10   0.0000000003
2   10   1   11   0.4025010860
2   10   1   12   -0.0000000000
2   10   2   8   0.1997336822
2   10   2   9   -0.0000000906
2   10   2   10   0.5703618730
2   10   2   11   -0.0000001217
2   10   2   12   0.0063656790
2   10   3   8   0.0000000000
2   10   3   9   0.0315011843
2   10   3   10   -0.0000000013
2   10   3   11   0.0086694598
2   10   3   12   0.0000000000
2   10   4   8   0.0316142029
2   10   4   9   -0.0000000096
2   10   4   10   0.0088116345
2   10   4   11   -0.0000000014
2   10   4   12   0.0003821970
2   10   5   9   -0.0005131025
2   10   5   10   0.0000000002
2   10   5   11   0.0013651098
2   10   5   12   0.0000000021
2   10   6   13   0.0000000020
2   10   6   14   0.0000000000
2   10   7   13   0.0000000000
2   10   7   14   0.0000000023
2   11   1   8   0.2019375963
2   11   1   9   -0.0000000306
2   11   1   10   0.4024792831
2   11   1   11   -0.0000000003
2   11   1   12   -0.0347203570
2   11   2   8   -0.0000000306
2   11   2   9   0.2019864846
2   11   2   10   -0.0000001217
2   11   2   11   0.5752253243
2   11   2   12   0.0000000105
2   11   3   8   0.0316053285
2   11   3   9   -0.0000000096
2   11   3   10   0.0089977057
2   11   3   11   -0.0000000013
2   11   3   12   -0.0005846715
2   11   4   8   -0.0000000000
2   11   4   9   0.0322564660
2   11   4   10   -0.0000000013
2   11   4   11   0.0086398022
2   11   4   12   -0.0000000000
2   11   5   8   -0.0010561540
2   11   5   9   0.0000000003
2   11   5   10   0.0012549753
2   11   5   12   -0.0136711557
2   11   6   13   -0.0141015403
2   11   6   14   0.0000000000
2   11   7   13   -0.0000000000
2   11   7   14   -0.0141015403
2   12   1   8   -0.0000000004
2   12   1   9   -0.0028904182
2   12   1   10   -0.0000000000
2   12   1   11   -0.0347223982
2   12   1   12   0.0000000000
2   12   1   13   -0.0000000000
2   12   2   8   -0.0049265578
2   12   2   9   0.0000000016
2   12   2   10   0.0063656790
2   12   2   11   0.0000000105
2   12   2   12   0.5554094430
2   12   3   9   -0.0005131025
2   12   3   10   0.0000000000
2   12   3   11   -0.0005619333
2   12   3   12   -0.0000000009
2   12   4   8   -0.0010623927
2   12   4   9   0.0000000003
2   12   4   10   0.0002919675
2   12   4   11   -0.0000000000
2   12   4   12   0.0061151052
2   12   5   8   -0.0000000000
2   12   5   9   0.0144352483
2   12   5   10   0.0000000022
2   12   5   11   -0.0145616198
2   12   5   12   0.0000000001
2   12   6   13   -0.0000000001
2   12   6   14   0.0000000000
2   12   7   13   0.0000000000
2   12   7   14   0.0000000001
2   13   1   12   -0.0000000000
2   13   1   13   0.0000000039
2   13   1   14   -0.0000000003
2   13   2   13   0.5604718904
2   13   3   13   -0.0000000009
2   13   3   14   -0.0000000000
2   13   4   13   0.0064004850
2   13   5   13   0.0000000002
2   13   5   14   0.0000000000
2   13   6   8   0.0000000003
2   13   6   9   0.0150285603
2   13   6   10   0.0000000020
2   13   6   11   -0.0151539650
2   13   6   12   -0.0000000001
2   13   7   8   -0.0000000000
2   13   7   10   0.0000000000
2   14   1   13   -0.0000000003
2   14   1   14   -0.0000000039
2   14   2   14   0.5604718904
2   14   3   13   -0.0000000000
2   14   3   14   -0.0000000010
2   14   4   14   0.0064004850
2   14   5   13   0.0000000000
2   14   5   14   0.0000000002
2   14   6   8   -0.0000000000
2   14   6   10   0.0000000000
2   14   7   8   -0.0000000003
2   14   7   9   0.0150285603
2   14   7   10   0.0000000026
2   14   7   11   -0.0151539650
2   14   7   12   -0.0000000000
3   8   1   8   0.1997282931
3   8   1   9   0.0000000303
3   8   1   10   0.0315021916
3   8   1   11   0.0000000096
3   8   1   12   -0.0005104873
3   8   2   8   0.0000000303
3   8   2   9   0.1998230478
3   8   2   10   0.0000000000
3   8   2   11   0.0316053285
3   8   3   8   0.5703747041
3   8   3   9   0.0000000003
3   8   3   10   0.0083789271
3   8   3   11   0.0000000013
3   8   3   12   -0.0013856958
3   8   4   8   0.0000001217
3   8   4   9   0.4024792831
3   8   4   10   0.0000000013
3   8   4   11   0.0089665328
3   8   4   12   0.0000000002
3   8   5   8   0.0063694484
3   8   5   9   -0.0000000000
3   8   5   10   -0.0002915638
3   8   5   11   0.0000000001
3   8   5   12   -0.0141082698
3   8   6   13   -0.0142305308
3   8   6   14   0.0000000000
3   8   7   14   -0.0142305308
3   9   1   8   0.0000000303
3   9   1   9   0.1997336822
3   9   1   10   0.0000000000
3   9   1   11   0.0316142029
3   9   2   8   0.1998114931
3   9   2   9   -0.0000000906
3   9   2   10   0.0315011843
3   9   2   11   -0.0000000096
3   9   2   12   -0.0005131025
3   9   3   8   0.0000000003
3   9   3   9   0.5703618730
3   9   3   10   -0.0000000013
3   9   3   11   0.0088116345
3   9   3   12   0.0000000002
3   9   4   8   0.4025010860
3   9   4   9   -0.0000001217
3   9   4   10   0.0086694598
3   9   4   11   -0.0000000014
3   9   4   12   0.0013651098
3   9   5   8   -0.0000000000
3   9   5   9   0.0063656790
3   9   5   10   0.0000000000
3   9   5   11   0.0003821970
3   9   5   12   0.0000000021
3   9   6   13   0.0000000020
3   9   6   14   0.0000000000
3   9   7   13   0.0000000000
3   9   7   14   0.0000000023
3   10   1   8   0.0291615686
3   10   1   9   0.0000000000
3   10   1   10   0.0083789271
3   10   1   11   0.0000000014
3   10   1   12   -0.0002806474
3   10   2   8   0.0000000000
3   10   2   9   0.0291385860
3   10   2   10   -0.0000000013
3   10   2   11   0.0089977057
3   10   2   12   0.0000000000
3   10   3   8   0.0083789271
3   10   3   9   -0.0000000013
3   10   3   10   0.4229728406
3   10   3   11   0.0000000002
3   10   3   12   0.0103662653
3   10   4   8   0.0000000014
3   10   4   9   0.0089977057
3   10   4   10   0.0000000002
3   10   4   11   0.2510874071
3   10   4   12   -0.0000000000
3   10   5   8   -0.0002806474
3   10   5   9   0.0000000000
3   10   5   10   0.0103662653
3   10   5   11   -0.0000000000
3   10   5   12   0.0624771024
3   10   6   13   0.0600688433
3   10   6   14   -0.0000000000
3   10   7   13   0.0000000000
3   10   7   14   0.0600688433
3   11   1   8   0.0000000089
3   11   1   9   0.0294581930
3   11   1   10   0.0000000013
3   11   1   11   0.0088816812
3   11   1   12   -0.0000000001
3   11   2   8   0.0294704779
3   11   2   9   -0.0000000089
3   11   2   10   0.0086694598
3   11   2   11   -0.0000000013
3   11   2   12   -0.0005619333
3   11   3   8   0.0000000013
3   11   3   9   0.0088116345
3   11   3   10   0.0000000002
3   11   3   11   0.4215941698
3   11   3   12   -0.0000000000
3   11   4   8   0.0086395062
3   11   4   9   -0.0000000013
3   11   4   10   0.2537007165
3   11   4   11   -0.0000000002
3   11   4   12   -0.0278014652
3   11   5   8   0.0000000000
3   11   5   9   0.0002919675
3   11   5   10   -0.0000000000
3   11   5   11   0.0035407935
3   11   5   12   0.0000000000
3   11   5   13   -0.0000000000
3   11   6   12   -0.0000000000
3   11   6   13   0.0000000007
3   11   6   14   -0.0000000001
3   11   7   13   -0.0000000001
3   11   7   14   -0.0000000007
3   12   1   8   -0.0004890064
3   12   1   10   -0.0002915638
3   12   1   11   -0.0000000001
3   12   1   12   0.0060356231
3   12   2   9   -0.0004897827
3   12   2   10   0.0000000000
3   12   2   11   -0.0005846715
3   12   2   12   -0.0000000009
3   12   3   8   -0.0013856958
3   12   3   9   0.0000000002
3   12   3   10   0.0103662653
3   12   3   11   -0.0000000000
3   12   3   12   0.4099850474
3   12   4   8   0.0000000002
3   12   4   9   0.0012549753
3   12   4   10   -0.0000000000
3   12   4   11   -0.0273462586
3   12   4   12   0.0000000000
3   12   4   13   -0.0000000000
3   12   5   8   -0.0149189549
3   12   5   9   0.0000000022
3   12   5   10   0.0624408436
3   12   5   11   0.0000000000
3   12   5   12   0.0111635364
3   12   6   11   -0.0000000000
3   12   6   13   -0.0002429523
3   12   7   14   -0.0002429523
3   13   1   13   0.0063213909
3   13   2   13   -0.0000000009
3   13   2   14   -0.0000000000
3   13   3   13   0.4096114094
3   13   4   12   -0.0000000000
3   13   4   13   0.0000000022
3   13   4   14   -0.0000000001
3   13   5   11   -0.0000000000
3   13   5   13   0.0096538970
3   13   6   8   -0.0151919194
3   13   6   9   0.0000000020
3   13   6   10   0.0606960729
3   13   6   11   0.0000000012
3   13   6   12   0.0003246598
3   13   7   9   0.0000000000
3   13   7   11   -0.0000000001
3   14   1   14   0.0063213909
3   14   2   13   -0.0000000000
3   14   2   14   -0.0000000010
3   14   3   14   0.4096114094
3   14   4   13   -0.0000000001
3   14   4   14   -0.0000000021
3   14   5   14   0.0096538970
3   14   6   9   0.0000000000
3   14   6   11   -0.0000000001
3   14   7   8   -0.0151919194
3   14   7   9   0.0000000026
3   14   7   10   0.0606960729
3   14   7   11   -0.0000000012
3   14   7   12   0.0003246598
4   8   1   8   0.0000000916
4   8   1   9   0.2019265748
4   8   1   10   0.0000000096
4   8   1   11   0.0322536511
4   8   1   12   -0.0000000003
4   8   2   8   0.2019925625
4   8   2   9   -0.0000000306
4   8   2   10   0.0316142029
4   8   2   11   -0.0000000000
4   8   2   12   -0.0010623927
4   8   3   8   0.0000001217
4   8   3   9   0.4025010860
4   8   3   10   0.0000000014
4   8   3   11   0.0086395062
4   8   3   12   0.0000000002
4   8   4   8   0.5752104151
4   8   4   9   -0.0000000003
4   8   4   10   0.0088816812
4   8   4   11   0.0000000013
4   8   4   12   -0.0000029434
4   8   5   8   -0.0000000105
4   8   5   9   -0.0347223982
4   8   5   10   -0.0000000001
4   8   5   11   0.0000632882
4   8   5   12   -0.0000000021
4   8   6   13   -0.0000000022
4   8   6   14   0.0000000000
4   8   7   13   0.0000000000
4   8   7   14   -0.0000000020
4   9   1   8   0.2019375963
4   9   1   9   -0.0000000306
4   9   1   10   0.0316053285
4   9   1   11   -0.0000000000
4   9   1   12   -0.0010561540
4   9   2   8   -0.0000000306
4   9   2   9   0.2019864846
4   9   2   10   -0.0000000096
4   9   2   11   0.0322564660
4   9   2   12   0.0000000003
4   9   3   8   0.4024792831
4   9   3   9   -0.0000001217
4   9   3   10   0.0089977057
4   9   3   11   -0.0000000013
4   9   3   12   0.0012549753
4   9   4   8   -0.0000000003
4   9   4   9   0.5752253243
4   9   4   10   -0.0000000013
4   9   4   11   0.0086398022
4   9   5   8   -0.0347203570
4   9   5   9   0.0000000105
4   9   5   10   -0.0005846715
4   9   5   11   -0.0000000000
4   9   5   12   -0.0136711557
4   9   6   13   -0.0141015403
4   9   6   14   0.0000000000
4   9   7   14   -0.0141015403
4   10   1   8   0.0000000089
4   10   1   9   0.0294704779
4   10   1   10   0.0000000013
4   10   1   11   0.0086395062
4   10   1   12   0.0000000000
4   10   2   8   0.0294581930
4   10   2   9   -0.0000000089
4   10   2   10   0.0088116345
4   10   2   11   -0.0000000013
4   10   2   12   0.0002919675
4   10   3   8   0.0000000013
4   10   3   9   0.0086694598
4   10   3   10   0.0000000002
4   10   3   11   0.2537007165
4   10   3   12   -0.0000000000
4   10   4   8   0.0088816812
4   10   4   9   -0.0000000013
4   10   4   10   0.4215941698
4   10   4   11   -0.0000000002
4   10   4   12   0.0035407935
4   10   5   8   -0.0000000001
4   10   5   9   -0.0005619333
4   10   5   10   -0.0000000000
4   10   5   11   -0.0278014652
4   10   5   12   0.0000000000
4   10   5   13   -0.0000000000
4   10   6   12   -0.0000000000
4   10   6   13   0.0000000007
4   10   6   14   -0.0000000001
4   10   7   13   -0.0000000001
4   10   7   14   -0.0000000007
4   11   1   8   0.0298215627
4   11   1   9   -0.0000000000
4   11   1   10   0.0089665328
4   11   1   11   0.0000000013
4   11   1   12   0.0000085121
4   11   2   8   -0.0000000000
4   11   2   9   0.0298446324
4   11   2   10   -0.0000000014
4   11   2   11   0.0086398022
4   11   2   12   -0.0000000000
4   11   3   8   0.0089665328
4   11   3   9   -0.0000000014
4   11   3   10   0.2510874071
4   11   3   11   -0.0000000002
4   11   3   12   -0.0273462586
4   11   4   8   0.0000000013
4   11   4   9   0.0086398022
4   11   4   10   -0.0000000002
4   11   4   11   0.4261085439
4   11   4   12   0.0000000000
4   11   5   8   0.0000085121
4   11   5   9   -0.0000000000
4   11   5   10   -0.0273462586
4   11   5   11   0.0000000000
4   11   5   12   0.0581332384
4   11   6   13   0.0581370125
4   11   6   14   -0.0000000000
4   11   7   13   0.0000000000
4   11   7   14   0.0581370125
4   12   1   8   -0.0000000003
4   12   1   9   -0.0010910351
4   12   1   10   0.0000000001
4   12   1   11   0.0000632882
4   12   1   12   0.0000000009
4   12   2   8   -0.0010951597
4   12   2   9   0.0000000003
4   12   2   10   0.0003821970
4   12   2   11   -0.0000000000
4   12   2   12   0.0061151052
4   12   3   8   0.0000000002
4   12   3   9   0.0013651098
4   12   3   10   -0.0000000000
4   12   3   11   -0.0278014652
4   12   3   12   0.0000000000
4   12   3   13   -0.0000000000
4   12   4   8   -0.0000029434
4   12   4   10   0.0035407935
4   12   4   11   0.0000000000
4   12   4   12   0.4096554713
4   12   5   8   -0.0000000022
4   12   5   9   -0.0145616198
4   12   5   10   0.0000000000
4   12   5   11   0.0573178774
4   12   5   12   -0.0000000000
4   12   6   10   -0.0000000000
4   12   6   13   -0.0000000003
4   12   6   14   0.0000000000
4   12   7   13   0.0000000000
4   12   7   14   0.0000000003
4   13   1   13   0.0000000010
4   13   1   14   -0.0000000000
4   13   2   13   0.0064004850
4   13   3   12   -0.0000000000
4   13   3   13   0.0000000022
4   13   3   14   -0.0000000001
4   13   4   13   0.4096394189
4   13   5   10   -0.0000000000
4   13   5   13   0.0000000001
4   13   5   14   -0.0000000000
4   13   6   8   -0.0000000026
4   13   6   9   -0.0151539650
4   13   6   10   0.0000000012
4   13   6   11   0.0571697658
4   13   6   12   0.0000000006
4   13   7   8   0.0000000000
4   13   7   10   -0.0000000001
4   13   7   12   -0.0000000001
4   14   1   13   -0.0000000000
4   14   1   14   0.0000000009
4   14   2   14   0.0064004850
4   14   3   13   -0.0000000001
4   14   3   14   -0.0000000021
4   14   4   14   0.4096394189
4   14   5   13   -0.0000000000
4   14   5   14   -0.0000000001
4   14   6   8   0.0000000000
4   14   6   10   -0.0000000001
4   14   6   12   -0.0000000001
4   14   7   8   -0.0000000020
4   14   7   9   -0.0151539650
4   14   7   10   -0.0000000012
4   14   7   11   0.0571697658
4   14   7   12   -0.0000000006
5   8   1   8   -0.0049298698
5   8   1   9   -0.0000000004
5   8   1   10   -0.0005104873
5   8   1   11   -0.0000000003
5   8   1   12   0.0144815835
5   8   2   8   -0.0000000001
5   8   2   9   -0.0028926344
5   8   2   11   -0.0010561540
5   8   2   12   -0.0000000000
5   8   3   8   0.0063694484
5   8   3   9   -0.0000000000
5   8   3   10   -0.0002806474
5   8   3   11   0.0000000000
5   8   3   12   -0.0149189549
5   8   4   8   -0.0000000105
5   8   4   9   -0.0347203570
5   8   4   10   -0.0000000001
5   8   4   11   0.0000085121
5   8   4   12   -0.0000000022
5   8   5   8   0.5554092615
5   8   5   9   0.0000000000
5   8   5   10   0.0060356231
5   8   5   11   0.0000000009
5   8   5   12   -0.0007582742
5   8   6   9   -0.0000000000
5   8   6   13   0.0002263283
5   8   7   14   0.0002263283
5   9   1   8   -0.0000000004
5   9   1   9   -0.0049265578
5   9   1   11   -0.0010623927
5   9   1   12   -0.0000000000
5   9   2   8   -0.0028904182
5   9   2   9   0.0000000016
5   9   2   10   -0.0005131025
5   9   2   11   0.0000000003
5   9   2   12   0.0144352483
5   9   3   8   -0.0000000000
5   9   3   9   0.0063656790
5   9   3   10   0.0000000000
5   9   3   11   0.0002919675
5   9   3   12   0.0000000022
5   9   4   8   -0.0347223982
5   9   4   9   0.0000000105
5   9   4   10   -0.0005619333
5   9   4   11   -0.0000000000
5   9   4   12   -0.0145616198
5   9   5   8   0.0000000000
5   9   5   9   0.5554094430
5   9   5   10   -0.0000000009
5   9   5   11   0.0061151052
5   9   5   12   0.0000000001
5   9   6   8   -0.0000000000
5   9   6   13   -0.0000000001
5   9   6   14   0.0000000000
5   9   7   13   0.0000000000
5   9   7   14   0.0000000001
5   10   1   8   -0.0004890064
5   10   1   10   -0.0013856958
5   10   1   11   0.0000000002
5   10   1   12   -0.0149189549
5   10   2   9   -0.0004897827
5   10   2   10   0.0000000002
5   10   2   11   0.0012549753
5   10   2   12   0.0000000022
5   10   3   8   -0.0002915638
5   10   3   9   0.0000000000
5   10   3   10   0.0103662653
5   10   3   11   -0.0000000000
5   10   3   12   0.0624408436
5   10   4   8   -0.0000000001
5   10   4   9   -0.0005846715
5   10   4   10   -0.0000000000
5   10   4   11   -0.0273462586
5   10   4   12   0.0000000000
5   10   4   13   -0.0000000000
5   10   5   8   0.0060356231
5   10   5   9   -0.0000000009
5   10   5   10   0.4099850474
5   10   5   11   0.0000000000
5   10   5   12   0.0111635364
5   10   6   11   -0.0000000000
5   10   6   13   -0.0002429523
5   10   7   14   -0.0002429523
5   11   1   8   -0.0000000003
5   11   1   9   -0.0010951597
5   11   1   10   0.0000000002
5   11   1   11   -0.0000029434
5   11   1   12   -0.0000000022
5   11   2   8   -0.0010910351
5   11   2   9   0.0000000003
5   11   2   10   0.0013651098
5   11   2   12   -0.0145616198
5   11   3   8   0.0000000001
5   11   3   9   0.0003821970
5   11   3   10   -0.0000000000
5   11   3   11   0.0035407935
5   11   3   12   0.0000000000
5   11   3   13   -0.0000000000
5   11   4   8   0.0000632882
5   11   4   9   -0.0000000000
5   11   4   10   -0.0278014652
5   11   4   11   0.0000000000
5   11   4   12   0.0573178774
5   11   5   8   0.0000000009
5   11   5   9   0.0061151052
5   11   5   10   0.0000000000
5   11   5   11   0.4096554713
5   11   5   12   -0.0000000000
5   11   6   10   -0.0000000000
5   11   6   13   -0.0000000003
5   11   6   14   0.0000000000
5   11   7   13   0.0000000000
5   11   7   14   0.0000000003
5   12   1   8   0.0122682374
5   12   1   9   -0.0000000000
5   12   1   10   -0.0141082698
5   12   1   11   -0.0000000021
5   12   1   12   -0.0007582742
5   12   2   8   -0.0000000000
5   12   2   9   0.0122173596
5   12   2   10   0.0000000021
5   12   2   11   -0.0136711557
5   12   2   12   0.0000000001
5   12   3   8   -0.0141082698
5   12   3   9   0.0000000021
5   12   3   10   0.0624771024
5   12   3   11   0.0000000000
5   12   3   12   0.0111635364
5   12   4   8   -0.0000000021
5   12   4   9   -0.0136711557
5   12   4   10   0.0000000000
5   12   4   11   0.0581332384
5   12   4   12   -0.0000000000
5   12   5   8   -0.0007582742
5   12   5   9   0.0000000001
5   12   5   10   0.0111635364
5   12   5   11   -0.0000000000
5   12   5   12   0.4150604591
5   12   6   13   0.0140309984
5   12   6   14   -0.0000000000
5   12   7   13   0.0000000000
5   12   7   14   0.0140309984
5   13   1   13   -0.0011076593
5   13   2   13   0.0000000002
5   13   2   14   0.0000000000
5   13   3   11   -0.0000000000
5   13   3   13   0.0096538970
5   13   4   10   -0.0000000000
5   13   4   13   0.0000000001
5   13   4   14   -0.0000000000
5   13   5   13   0.3914585016
5   13   6   8   0.0003342989
5   13   6   9   -0.0000000001
5   13   6   10   0.0003246598
5   13   6   11   0.0000000006
5   13   6   12   0.0065775159
5   13   7   11   -0.0000000001
5   14   1   14   -0.0011076593
5   14   2   13   0.0000000000
5   14   2   14   0.0000000002
5   14   3   14   0.0096538970
5   14   4   13   -0.0000000000
5   14   4   14   -0.0000000001
5   14   5   14   0.3914585016
5   14   6   11   -0.0000000001
5   14   7   8   0.0003342989
5   14   7   9   -0.0000000000
5   14   7   10   0.0003246598
5   14   7   11   -0.0000000006
5   14   7   12   0.0065775159
6   8   1   13   0.0150520569
6   8   2   13   0.0000000003
6   8   2   14   -0.0000000000
6   8   3   13   -0.0151919194
6   8   4   13   -0.0000000026
6   8   4   14   0.0000000000
6   8   5   9   -0.0000000000
6   8   5   13   0.0003342989
6   8   6   8   0.5604709651
6   8   6   9   0.0000000039
6   8   6   10   0.0063213909
6   8   6   11   0.0000000010
6   8   6   12   -0.0011076593
6   8   7   9   -0.0000000003
6   8   7   11   -0.0000000000
6   9   1   13   0.0000000003
6   9   1   14   -0.0000000000
6   9   2   13   0.0150285603
6   9   3   13   0.0000000020
6   9   3   14   0.0000000000
6   9   4   13   -0.0151539650
6   9   5   8   -0.0000000000
6   9   5   13   -0.0000000001
6   9   6   8   0.0000000039
6   9   6   9   0.5604718904
6   9   6   10   -0.0000000009
6   9   6   11   0.0064004850
6   9   6   12   0.0000000002
6   9   7   8   -0.0000000003
6   9   7   10   -0.0000000000
6   9   7   12   0.0000000000
6   10   1   13   -0.0151919194
6   10   2   13   0.0000000020
6   10   2   14   0.0000000000
6   10   3   13   0.0606960729
6   10   4   12   -0.0000000000
6   10   4   13   0.0000000012
6   10   4   14   -0.0000000001
6   10   5   11   -0.0000000000
6   10   5   13   0.0003246598
6   10   6   8   0.0063213909
6   10   6   9   -0.0000000009
6   10   6   10   0.4096114094
6   10   6   11   0.0000000022
6   10   6   12   0.0096538970
6   10   7   9   -0.0000000000
6   10   7   11   -0.0000000001
6   11   1   13   -0.0000000026
6   11   1   14   0.0000000000
6   11   2   13   -0.0151539650
6   11   3   12   -0.0000000000
6   11   3   13   0.0000000012
6   11   3   14   -0.0000000001
6   11   4   13   0.0571697658
6   11   5   10   -0.0000000000
6   11   5   13   0.0000000006
6   11   5   14   -0.0000000001
6   11   6   8   0.0000000010
6   11   6   9   0.0064004850
6   11   6   10   0.0000000022
6   11   6   11   0.4096394189
6   11   6   12   0.0000000001
6   11   7   8   -0.0000000000
6   11   7   10   -0.0000000001
6   11   7   12   -0.0000000000
6   12   1   13   0.0003342989
6   12   2   13   -0.0000000001
6   12   3   11   -0.0000000000
6   12   3   13   0.0003246598
6   12   4   10   -0.0000000000
6   12   4   13   0.0000000006
6   12   4   14   -0.0000000001
6   12   5   13   0.0065775159
6   12   6   8   -0.0011076593
6   12   6   9   0.0000000002
6   12   6   10   0.0096538970
6   12   6   11   0.0000000001
6   12   6   12   0.3914585016
6   12   7   9   0.0000000000
6   12   7   11   -0.0000000000
6   13   1   8   0.0126120083
6   13   1   9   0.0000000001
6   13   1   10   -0.0142305308
6   13   1   11   -0.0000000022
6   13   1   12   0.0002263283
6   13   2   8   0.0000000001
6   13   2   9   0.0125847499
6   13   2   10   0.0000000020
6   13   2   11   -0.0141015403
6   13   2   12   -0.0000000001
6   13   3   8   -0.0142305308
6   13   3   9   0.0000000020
6   13   3   10   0.0600688433
6   13   3   11   0.0000000007
6   13   3   12   -0.0002429523
6   13   4   8   -0.0000000022
6   13   4   9   -0.0141015403
6   13   4   10   0.0000000007
6   13   4   11   0.0581370125
6   13   4   12   -0.0000000003
6   13   5   8   0.0002263283
6   13   5   9   -0.0000000001
6   13   5   10   -0.0002429523
6   13   5   11   -0.0000000003
6   13   5   12   0.0140309984
6   13   6   13   0.4093129537
6   13   6   14   0.0000000005
6   13   7   13   0.0000000006
6   13   7   14   0.0138757195
6   14   1   8   -0.0000000000
6   14   1   10   0.0000000000
6   14   1   11   0.0000000000
6   14   2   9   -0.0000000000
6   14   2   10   0.0000000000
6   14   2   11   0.0000000000
6   14   2   12   0.0000000000
6   14   3   8   0.0000000000
6   14   3   9   0.0000000000
6   14   3   10   -0.0000000000
6   14   3   11   -0.0000000001
6   14   4   8   0.0000000000
6   14   4   9   0.0000000000
6   14   4   10   -0.0000000001
6   14   4   11   -0.0000000000
6   14   4   12   0.0000000000
6   14   5   9   0.0000000000
6   14   5   11   0.0000000000
6   14   5   12   -0.0000000000
6   14   6   13   0.0000000005
6   14   6   14   0.3906669721
6   14   7   13   0.0047702721
6   14   7   14   -0.0000000006
7   8   1   14   0.0150520569
7   8   2   13   -0.0000000000
7   8   2   14   -0.0000000003
7   8   3   14   -0.0151919194
7   8   4   13   0.0000000000
7   8   4   14   -0.0000000020
7   8   5   14   0.0003342989
7   8   6   9   -0.0000000003
7   8   6   11   -0.0000000000
7   8   7   8   0.5604709651
7   8   7   9   -0.0000000039
7   8   7   10   0.0063213909
7   8   7   11   0.0000000009
7   8   7   12   -0.0011076593
7   9   1   13   -0.0000000000
7   9   1   14   -0.0000000003
7   9   2   14   0.0150285603
7   9   3   13   0.0000000000
7   9   3   14   0.0000000026
7   9   4   14   -0.0151539650
7   9   5   14   -0.0000000000
7   9   6   8   -0.0000000003
7   9   6   10   -0.0000000000
7   9   6   12   0.0000000000
7   9   7   8   -0.0000000039
7   9   7   9   0.5604718904
7   9   7   10   -0.0000000010
7   9   7   11   0.0064004850
7   9   7   12   0.0000000002
7   10   1   14   -0.0151919194
7   10   2   13   0.0000000000
7   10   2   14   0.0000000026
7   10   3   14   0.0606960729
7   10   4   13   -0.0000000001
7   10   4   14   -0.0000000012
7   10   5   14   0.0003246598
7   10   6   9   -0.0000000000
7   10   6   11   -0.0000000001
7   10   7   8   0.0063213909
7   10   7   9   -0.0000000010
7   10   7   10   0.4096114094
7   10   7   11   -0.0000000021
7   10   7   12   0.0096538970
7   11   1   13   0.0000000000
7   11   1   14   -0.0000000020
7   11   2   14   -0.0151539650
7   11   3   13   -0.0000000001
7   11   3   14   -0.0000000012
7   11   4   14   0.0571697658
7   11   5   13   -0.0000000001
7   11   5   14   -0.0000000006
7   11   6   8   -0.0000000000
7   11   6   10   -0.0000000001
7   11   6   12   -0.0000000000
7   11   7   8   0.0000000009
7   11   7   9   0.0064004850
7   11   7   10   -0.0000000021
7   11   7   11   0.4096394189
7   11   7   12   -0.0000000001
7   12   1   14   0.0003342989
7   12   2   14   -0.0000000000
7   12   3   14   0.0003246598
7   12   4   13   -0.0000000001
7   12   4   14   -0.0000000006
7   12   5   14   0.0065775159
7   12   6   9   0.0000000000
7   12   6   11   -0.0000000000
7   12   7   8   -0.0011076593
7   12   7   9   0.0000000002
7   12   7   10   0.0096538970
7   12   7   11   -0.0000000001
7   12   7   12   0.3914585016
7   13   1   8   0.0000000000
7   13   1   10   -0.0000000000
7   13   1   11   0.0000000000
7   13   2   9   0.0000000000
7   13   2   10   0.0000000000
7   13   2   11   -0.0000000000
7   13   2   12   0.0000000000
7   13   3   9   0.0000000000
7   13   3   10   0.0000000000
7   13   3   11   -0.0000000001
7   13   4   8   0.0000000000
7   13   4   10   -0.0000000001
7   13   4   11   0.0000000000
7   13   4   12   0.0000000000
7   13   5   9   0.0000000000
7   13   5   11   0.0000000000
7   13   5   12   0.0000000000
7   13   6   13   0.0000000006
7   13   6   14   0.0047702721
7   13   7   13   0.3906669721
7   13   7   14   -0.0000000005
7   14   1   8   0.0126120083
7   14   1   9   -0.0000000001
7   14   1   10   -0.0142305308
7   14   1   11   -0.0000000020
7   14   1   12   0.0002263283
7   14   2   8   -0.0000000001
7   14   2   9   0.0125847499
7   14   2   10   0.0000000023
7   14   2   11   -0.0141015403
7   14   2   12   0.0000000001
7   14   3   8   -0.0142305308
7   14   3   9   0.0000000023
7   14   3   10   0.0600688433
7   14   3   11   -0.0000000007
7   14   3   12   -0.0002429523
7   14   4   8   -0.0000000020
7   14   4   9   -0.0141015403
7   14   4   10   -0.0000000007
7   14   4   11   0.0581370125
7   14   4   12   0.0000000003
7   14   5   8   0.0002263283
7   14   5   9   0.0000000001
7   14   5   10   -0.0002429523
7   14   5   11   0.0000000003
7   14   5   12   0.0140309984
7   14   6   13   0.0138757195
7   14   6   14   -0.0000000006
7   14   7   13   -0.0000000005
7   14   7   14   0.4093129537

End IJKL Block
Begin ABCD Block
1   4   1   4   0.4049745667
1   4   1   5   -0.0000000037
1   4   2   4   -0.0000000037
1   4   2   5   0.0157764213
1   4   3   6   0.0164808559
1   5   1   4   -0.0000000037
1   5   1   5   0.3751244578
1   5   2   4   0.0140736923
1   5   2   5   0.0000000037
1   6   1   6   0.3834894517
1   6   3   4   0.0149187119
1   6   3   5   -0.0000000000
2   4   1   4   -0.0000000037
2   4   1   5   0.0140736923
2   4   2   4   0.3751244578
2   4   2   5   0.0000000037
2   5   1   4   0.0157764213
2   5   1   5   0.0000000037
2   5   2   4   0.0000000037
2   5   2   5   0.4049745667
2   5   3   6   0.0164808559
2   6   2   6   0.3834894517
2   6   3   5   0.0149187119
3   4   1   6   0.0149187119
3   4   3   4   0.3834894517
3   5   1   6   -0.0000000000
3   5   2   6   0.0149187119
3   5   3   5   0.3834894517
3   6   1   4   0.0164808559
3   6   2   5   0.0164808559
3   6   3   6   0.4240838300

End ABCD Block
Begin AIJB Block
1   8   1   4   0.0124995443
1   8   2   4   -0.0000000000
1   8   2   5   -0.0000000000
1   8   3   4   -0.0127637539
1   8   4   4   -0.0000000020
1   8   4   5   -0.0000000000
1   8   5   4   0.0003159885
1   8   6   6   0.0004156732
1   8   7   6   0.0010741431
1   9   1   4   -0.0000000000
1   9   1   5   -0.0000000000
1   9   2   4   0.0125162139
1   9   3   4   0.0000000020
1   9   3   5   0.0000000000
1   9   4   4   -0.0130585460
1   9   5   4   -0.0000000000
1   9   5   5   0.0000000000
1   9   6   6   -0.0000000001
1   9   7   6   -0.0000000002
1   10   1   4   -0.0127637539
1   10   2   4   0.0000000020
1   10   2   5   0.0000000000
1   10   3   4   0.0615463549
1   10   4   4   -0.0000000001
1   10   4   5   -0.0000000000
1   10   5   4   -0.0030315568
1   10   6   6   0.0021318672
1   10   7   6   0.0055089682
1   11   1   4   -0.0000000020
1   11   1   5   -0.0000000000
1   11   2   4   -0.0130585460
1   11   3   4   -0.0000000001
1   11   3   5   -0.0000000000
1   11   4   4   0.0660382653
1   11   5   4   0.0000000011
1   11   5   5   0.0000000008
1   11   6   6   -0.0000000000
1   11   7   6   0.0000000001
1   12   1   4   0.0003159885
1   12   2   4   -0.0000000000
1   12   2   5   0.0000000000
1   12   3   4   -0.0030315568
1   12   4   4   0.0000000011
1   12   4   5   0.0000000008
1   12   5   4   0.0268358506
1   12   5   5   0.0000000000
1   12   6   6   0.0726556170
1   12   7   6   0.1877497241
1   13   1   6   -0.0003754598
1   13   2   6   0.0000000001
1   13   3   6   0.0013399003
1   13   4   6   0.0000000004
1   13   5   6   0.0067572306
1   13   6   4   0.0579965216
1   13   6   5   -0.0752052999
1   13   7   4   0.0752053031
1   13   7   5   -0.1751912527
1   14   1   6   -0.0009702274
1   14   2   6   0.0000000001
1   14   3   6   0.0034624427
1   14   4   6   -0.0000000015
1   14   5   6   0.0174613916
1   14   6   4   0.0752053031
1   14   6   5   0.0099559103
1   14   7   4   0.2232318529
1   14   7   5   0.0752052999
2   8   1   5   0.0124995443
2   8   2   4   -0.0000000000
2   8   2   5   0.0000000000
2   8   3   5   -0.0127637539
2   8   4   4   -0.0000000000
2   8   4   5   -0.0000000020
2   8   5   5   0.0003159885
2   8   6   6   -0.0010741431
2   8   7   6   0.0004156732
2   9   1   4   -0.0000000000
2   9   1   5   0.0000000000
2   9   2   5   0.0125162139
2   9   3   4   0.0000000000
2   9   3   5   0.0000000019
2   9   4   5   -0.0130585460
2   9   5   4   0.0000000000
2   9   5   5   -0.0000000001
2   9   6   6   0.0000000002
2   9   7   6   -0.0000000001
2   10   1   5   -0.0127637539
2   10   2   4   0.0000000000
2   10   2   5   0.0000000019
2   10   3   5   0.0615463549
2   10   4   4   -0.0000000000
2   10   4   5   0.0000000001
2   10   4   6   -0.0000000000
2   10   5   5   -0.0030315568
2   10   6   6   -0.0055089682
2   10   7   6   0.0021318672
2   11   1   4   -0.0000000000
2   11   1   5   -0.0000000020
2   11   2   5   -0.0130585460
2   11   3   4   -0.0000000000
2   11   3   5   0.0000000001
2   11   3   6   -0.0000000000
2   11   4   5   0.0660382653
2   11   5   4   0.0000000008
2   11   5   5   -0.0000000011
2   11   6   6   0.0000000001
2   11   7   6   0.0000000000
2   12   1   5   0.0003159885
2   12   2   4   0.0000000000
2   12   2   5   -0.0000000001
2   12   3   5   -0.0030315568
2   12   4   4   0.0000000008
2   12   4   5   -0.0000000011
2   12   5   5   0.0268358506
2   12   6   6   -0.1877497241
2   12   7   6   0.0726556170
2   13   1   6   0.0009702274
2   13   2   6   -0.0000000002
2   13   3   6   -0.0034624427
2   13   4   6   -0.0000000015
2   13   5   6   -0.0174613916
2   13   6   4   -0.0752052999
2   13   6   5   0.2232318529
2   13   7   4   0.0099559103
2   13   7   5   -0.0752053031
2   14   1   6   -0.0003754598
2   14   2   6   0.0000000001
2   14   3   6   0.0013399003
2   14   4   6   -0.0000000004
2   14   5   6   0.0067572306
2   14   6   4   -0.1751912527
2   14   6   5   -0.0752053031
2   14   7   4   0.0752052999
2   14   7   5   0.0579965216
3   8   1   6   0.0133131071
3   8   2   6   0.0000000000
3   8   3   6   -0.0131555167
3   8   4   6   -0.0000000021
3   8   5   6   0.0005421410
3   8   6   4   -0.0003754598
3   8   6   5   0.0009702274
3   8   7   4   -0.0009702274
3   8   7   5   -0.0003754598
3   9   1   6   0.0000000000
3   9   2   6   0.0133509821
3   9   3   6   0.0000000020
3   9   4   6   -0.0136474556
3   9   5   6   -0.0000000001
3   9   6   4   0.0000000001
3   9   6   5   -0.0000000002
3   9   7   4   0.0000000001
3   9   7   5   0.0000000001
3   10   1   6   -0.0131555167
3   10   2   6   0.0000000020
3   10   3   6   0.0623095121
3   10   4   5   -0.0000000000
3   10   4   6   -0.0000000000
3   10   5   6   0.0055188775
3   10   6   4   0.0013399003
3   10   6   5   -0.0034624427
3   10   7   4   0.0034624427
3   10   7   5   0.0013399003
3   11   1   6   -0.0000000021
3   11   2   6   -0.0136474556
3   11   3   5   -0.0000000000
3   11   3   6   -0.0000000000
3   11   4   6   0.0673334816
3   11   6   4   0.0000000004
3   11   6   5   -0.0000000015
3   11   7   4   -0.0000000015
3   11   7   5   -0.0000000004
3   12   1   6   0.0005421410
3   12   2   6   -0.0000000001
3   12   3   6   0.0055188775
3   12   5   6   0.2431038483
3   12   6   4   0.0067572306
3   12   6   5   -0.0174613916
3   12   7   4   0.0174613916
3   12   7   5   0.0067572306
3   13   1   4   0.0004156732
3   13   1   5   -0.0010741431
3   13   2   4   -0.0000000001
3   13   2   5   0.0000000002
3   13   3   4   0.0021318672
3   13   3   5   -0.0055089682
3   13   4   4   -0.0000000000
3   13   4   5   0.0000000001
3   13   5   4   0.0726556170
3   13   5   5   -0.1877497241
3   13   6   6   0.0284755164
3   14   1   4   0.0010741431
3   14   1   5   0.0004156732
3   14   2   4   -0.0000000002
3   14   2   5   -0.0000000001
3   14   3   4   0.0055089682
3   14   3   5   0.0021318672
3   14   4   4   0.0000000001
3   14   4   5   0.0000000000
3   14   5   4   0.1877497241
3   14   5   5   0.0726556170
3   14   7   6   0.0284755164

1   8   8   1   -0.5304200969
1   8   9   1   0.0000000009
1   8   9   2   0.0000000005
1   8   9   3   -0.0000000000
1   8   10   1   -0.0049290239
1   8   11   1   -0.0000000007
1   8   11   2   0.0000000000
1   8   12   1   0.0008652685
1   8   13   3   0.0004232487
1   8   14   3   0.0010937189
1   9   8   1   0.0000000009
1   9   8   2   0.0000000005
1   9   8   3   -0.0000000000
1   9   9   1   -0.5304199444
1   9   10   1   0.0000000008
1   9   10   2   0.0000000000
1   9   11   1   -0.0050356911
1   9   12   1   -0.0000000001
1   9   12   2   0.0000000000
1   9   13   3   -0.0000000001
1   9   14   3   -0.0000000000
1   10   8   1   -0.0049290239
1   10   9   1   0.0000000008
1   10   9   2   0.0000000000
1   10   10   1   -0.4078908286
1   10   11   1   0.0000000006
1   10   11   2   0.0000000003
1   10   11   3   -0.0000000000
1   10   12   1   -0.0064761289
1   10   13   3   -0.0015682979
1   10   14   3   -0.0040526461
1   11   8   1   -0.0000000007
1   11   8   2   0.0000000000
1   11   9   1   -0.0050356911
1   11   10   1   0.0000000006
1   11   10   2   0.0000000003
1   11   10   3   -0.0000000000
1   11   11   1   -0.4101136692
1   11   12   1   -0.0000000002
1   11   12   2   -0.0000000001
1   11   13   3   0.0000000004
1   11   14   3   -0.0000000014
1   12   8   1   0.0008652685
1   12   9   1   -0.0000000001
1   12   9   2   0.0000000000
1   12   10   1   -0.0064761289
1   12   11   1   -0.0000000002
1   12   11   2   -0.0000000001
1   12   12   1   -0.3953551969
1   12   13   3   -0.0067586443
1   12   14   3   -0.0174650447
1   13   8   3   0.0004023048
1   13   9   3   -0.0000000001
1   13   10   3   -0.0016780281
1   13   11   3   0.0000000001
1   13   12   3   -0.0073914700
1   13   13   1   -0.4017066873
1   13   13   2   0.0134249037
1   13   14   1   -0.0134249067
1   13   14   2   0.0140772007
1   14   8   3   0.0010395977
1   14   9   3   0.0000000000
1   14   10   3   -0.0043362003
1   14   11   3   -0.0000000004
1   14   12   3   -0.0191003325
1   14   13   1   -0.0134249067
1   14   13   2   0.0154189794
1   14   14   1   -0.4312028572
1   14   14   2   -0.0134249037
2   8   8   2   -0.5304200969
2   8   9   1   0.0000000005
2   8   9   2   -0.0000000009
2   8   9   3   0.0000000000
2   8   10   2   -0.0049290239
2   8   11   1   0.0000000000
2   8   11   2   -0.0000000008
2   8   12   2   0.0008652685
2   8   13   3   -0.0010937189
2   8   14   3   0.0004232487
2   9   8   1   0.0000000005
2   9   8   2   -0.0000000009
2   9   8   3   0.0000000000
2   9   9   2   -0.5304199444
2   9   10   1   0.0000000000
2   9   10   2   0.0000000007
2   9   11   2   -0.0050356911
2   9   12   1   0.0000000000
2   9   12   2   -0.0000000001
2   9   13   3   0.0000000003
2   9   14   3   -0.0000000000
2   10   8   2   -0.0049290239
2   10   9   1   0.0000000000
2   10   9   2   0.0000000007
2   10   10   2   -0.4078908286
2   10   11   1   0.0000000003
2   10   11   2   -0.0000000006
2   10   11   3   0.0000000000
2   10   12   2   -0.0064761289
2   10   13   3   0.0040526461
2   10   14   3   -0.0015682979
2   11   8   1   0.0000000000
2   11   8   2   -0.0000000008
2   11   9   2   -0.0050356911
2   11   10   1   0.0000000003
2   11   10   2   -0.0000000006
2   11   10   3   0.0000000000
2   11   11   2   -0.4101136692
2   11   12   1   -0.0000000001
2   11   12   2   0.0000000002
2   11   13   3   -0.0000000014
2   11   14   3   -0.0000000004
2   12   8   2   0.0008652685
2   12   9   1   0.0000000000
2   12   9   2   -0.0000000001
2   12   10   2   -0.0064761289
2   12   11   1   -0.0000000001
2   12   11   2   0.0000000002
2   12   12   2   -0.3953551969
2   12   13   3   0.0174650447
2   12   14   3   -0.0067586443
2   13   8   3   -0.0010395977
2   13   9   3   0.0000000004
2   13   10   3   0.0043362003
2   13   11   3   -0.0000000004
2   13   12   3   0.0191003325
2   13   13   1   0.0134249037
2   13   13   2   -0.4312028572
2   13   14   1   0.0154189794
2   13   14   2   0.0134249067
2   14   8   3   0.0004023048
2   14   9   3   -0.0000000000
2   14   10   3   -0.0016780281
2   14   11   3   -0.0000000001
2   14   12   3   -0.0073914700
2   14   13   1   0.0140772007
2   14   13   2   0.0134249067
2   14   14   1   -0.0134249037
2   14   14   2   -0.4017066873
3   8   8   3   -0.5461234182
3   8   9   1   -0.0000000000
3   8   9   2   0.0000000000
3   8   9   3   0.0000000000
3   8   10   3   -0.0051999555
3   8   11   3   -0.0000000008
3   8   12   3   0.0029168231
3   8   13   1   0.0004023048
3   8   13   2   -0.0010395977
3   8   14   1   0.0010395977
3   8   14   2   0.0004023048
3   9   8   1   -0.0000000000
3   9   8   2   0.0000000000
3   9   8   3   0.0000000000
3   9   9   3   -0.5461225895
3   9   10   3   0.0000000008
3   9   11   3   -0.0053846571
3   9   12   3   -0.0000000004
3   9   13   1   -0.0000000001
3   9   13   2   0.0000000004
3   9   14   1   0.0000000000
3   9   14   2   -0.0000000000
3   10   8   3   -0.0051999555
3   10   9   3   0.0000000008
3   10   10   3   -0.4178891220
3   10   11   1   -0.0000000000
3   10   11   2   0.0000000000
3   10   11   3   0.0000000000
3   10   12   3   -0.0141378205
3   10   13   1   -0.0016780281
3   10   13   2   0.0043362003
3   10   14   1   -0.0043362003
3   10   14   2   -0.0016780281
3   11   8   3   -0.0000000008
3   11   9   3   -0.0053846571
3   11   10   1   -0.0000000000
3   11   10   2   0.0000000000
3   11   10   3   0.0000000000
3   11   11   3   -0.4187930720
3   11   12   3   0.0000000000
3   11   13   1   0.0000000001
3   11   13   2   -0.0000000004
3   11   14   1   -0.0000000004
3   11   14   2   -0.0000000001
3   12   8   3   0.0029168231
3   12   9   3   -0.0000000004
3   12   10   3   -0.0141378205
3   12   11   3   0.0000000000
3   12   12   3   -0.4425808101
3   12   13   1   -0.0073914700
3   12   13   2   0.0191003325
3   12   14   1   -0.0191003325
3   12   14   2   -0.0073914700
3   13   8   1   0.0004232487
3   13   8   2   -0.0010937189
3   13   9   1   -0.0000000001
3   13   9   2   0.0000000003
3   13   10   1   -0.0015682979
3   13   10   2   0.0040526461
3   13   11   1   0.0000000004
3   13   11   2   -0.0000000014
3   13   12   1   -0.0067586443
3   13   12   2   0.0174650447
3   13   13   3   -0.4051698105
3   14   8   1   0.0010937189
3   14   8   2   0.0004232487
3   14   9   1   -0.0000000000
3   14   9   2   -0.0000000000
3   14   10   1   -0.0040526461
3   14   10   2   -0.0015682979
3   14   11   1   -0.0000000014
3   14   11   2   -0.0000000004
3   14   12   1   -0.0174650447
3   14   12   2   -0.0067586443
3   14   14   3   -0.4051698105

End AIJB Block
Begin IJKA Block
1   8   1   6   -0.0000000073
1   8   2   6   -0.0166866602
1   8   3   6   -0.0000000008
1   8   4   6   -0.0020157805
1   8   5   6   -0.0000000039
1   8   6   4   -0.0000000014
1   8   6   5   0.0000000037
1   8   7   4   -0.0000000036
1   8   7   5   -0.0000000014
1   9   1   6   -0.0149349327
1   9   2   6   0.0000000025
1   9   3   6   -0.0025741272
1   9   4   6   0.0000000000
1   9   5   6   -0.0128946978
1   9   6   4   -0.0047024479
1   9   6   5   0.0121516180
1   9   7   4   -0.0121516180
1   9   7   5   -0.0047024479
1   10   1   6   -0.0000000057
1   10   2   6   -0.0187735937
1   10   3   6   -0.0000000001
1   10   4   6   -0.0012084927
1   10   5   6   0.0000000020
1   10   6   4   0.0000000008
1   10   6   5   -0.0000000020
1   10   7   4   0.0000000019
1   10   7   5   0.0000000007
1   11   1   6   -0.0200397741
1   11   2   6   0.0000000000
1   11   3   6   -0.0003561141
1   11   4   6   -0.0000000002
1   11   5   6   0.0140388586
1   11   6   4   0.0050942292
1   11   6   5   -0.0131640218
1   11   7   4   0.0131640218
1   11   7   5   0.0050942292
1   12   1   6   -0.0000001061
1   12   2   6   -0.3506640948
1   12   3   6   -0.0000000006
1   12   4   6   -0.0036365501
1   12   5   6   -0.0000000001
1   12   6   4   -0.0000000000
1   12   6   5   0.0000000000
1   12   7   4   -0.0000000001
1   12   7   5   -0.0000000000
1   13   1   4   -0.0000000388
1   13   1   5   0.0000001005
1   13   2   4   -0.1281016583
1   13   2   5   0.3310281023
1   13   3   4   -0.0000000002
1   13   3   5   0.0000000005
1   13   4   4   -0.0012873740
1   13   4   5   0.0033267093
1   13   5   4   -0.0000000001
1   13   5   5   0.0000000002
1   13   6   6   0.0000000002
1   14   1   4   -0.0000000997
1   14   1   5   -0.0000000386
1   14   2   4   -0.3310281023
1   14   2   5   -0.1281016583
1   14   3   4   -0.0000000005
1   14   3   5   -0.0000000002
1   14   4   4   -0.0033267093
1   14   4   5   -0.0012873740
1   14   5   4   -0.0000000001
1   14   5   5   -0.0000000001
1   14   7   6   0.0000000002
2   8   1   6   -0.0166876647
2   8   2   6   0.0000000028
2   8   3   6   -0.0025681184
2   8   4   6   0.0000000000
2   8   5   6   -0.0128532802
2   8   6   4   -0.0046950844
2   8   6   5   0.0121325899
2   8   7   4   -0.0121325899
2   8   7   5   -0.0046950844
2   9   1   6   0.0000000025
2   9   2   6   -0.0149393076
2   9   3   6   0.0000000008
2   9   4   6   -0.0020129481
2   9   5   6   0.0000000039
2   9   6   4   0.0000000014
2   9   6   5   -0.0000000036
2   9   7   4   0.0000000037
2   9   7   5   0.0000000014
2   10   1   6   -0.0187736575
2   10   2   6   0.0000000057
2   10   3   6   -0.0006040333
2   10   4   6   0.0000000002
2   10   5   6   0.0135045312
2   10   6   4   0.0049670832
2   10   6   5   -0.0128354632
2   10   7   4   0.0128354632
2   10   7   5   0.0049670832
2   11   1   6   0.0000000000
2   11   2   6   -0.0200340644
2   11   3   6   0.0000000001
2   11   4   6   -0.0010049971
2   11   5   6   -0.0000000021
2   11   6   4   -0.0000000008
2   11   6   5   0.0000000020
2   11   7   4   -0.0000000020
2   11   7   5   -0.0000000008
2   12   1   6   -0.3506604373
2   12   2   6   0.0000001061
2   12   3   6   -0.0036498840
2   12   4   6   0.0000000006
2   12   5   6   -0.0005425947
2   12   6   4   -0.0001144156
2   12   6   5   0.0002956620
2   12   7   4   -0.0002956620
2   12   7   5   -0.0001144156
2   13   1   4   -0.1281005736
2   13   1   5   0.3310252992
2   13   2   4   0.0000000386
2   13   2   5   -0.0000000997
2   13   3   4   -0.0013045053
2   13   3   5   0.0033709782
2   13   4   4   0.0000000002
2   13   4   5   -0.0000000005
2   13   5   4   -0.0004298651
2   13   5   5   0.0011108165
2   13   6   6   0.0010401331
2   14   1   4   -0.3310252992
2   14   1   5   -0.1281005736
2   14   2   4   0.0000001005
2   14   2   5   0.0000000388
2   14   3   4   -0.0033709782
2   14   3   5   -0.0013045053
2   14   4   4   0.0000000005
2   14   4   5   0.0000000002
2   14   5   4   -0.0011108165
2   14   5   5   -0.0004298651
2   14   7   6   0.0010401331
3   8   1   6   -0.0000000008
3   8   2   6   -0.0026956313
3   8   3   6   0.0000000001
3   8   4   6   -0.0020183830
3   8   5   6   0.0000000022
3   8   6   4   0.0000000008
3   8   6   5   -0.0000000021
3   8   7   4   0.0000000019
3   8   7   5   0.0000000008
3   9   1   6   -0.0027018556
3   9   2   6   0.0000000008
3   9   3   6   0.0005062191
3   9   4   6   0.0000000003
3   9   5   6   0.0146684892
3   9   6   4   0.0052021542
3   9   6   5   -0.0134429113
3   9   7   4   0.0134429113
3   9   7   5   0.0052021542
3   10   1   6   -0.0000000001
3   10   2   6   -0.0005982354
3   10   3   6   -0.0000000000
3   10   4   6   -0.0055197037
3   10   5   6   -0.0000000000
3   10   6   4   -0.0000000001
3   10   6   5   0.0000000003
3   10   7   4   0.0000000002
3   10   7   5   0.0000000001
3   11   1   6   -0.0003146439
3   11   2   6   0.0000000000
3   11   3   6   -0.0157287523
3   11   4   6   0.0000000000
3   11   5   6   -0.0626612397
3   11   6   4   -0.0223656249
3   11   6   5   0.0577951173
3   11   7   4   -0.0577951173
3   11   7   5   -0.0223656249
3   12   1   6   -0.0000000006
3   12   2   6   -0.0041942390
3   12   3   6   -0.0000000002
3   12   4   6   -0.2269339714
3   12   5   6   0.0000000000
3   12   6   4   -0.0000000003
3   12   6   5   0.0000000010
3   12   7   4   0.0000000010
3   12   7   5   0.0000000003
3   13   1   4   -0.0000000002
3   13   1   5   0.0000000006
3   13   2   4   -0.0015270919
3   13   2   5   0.0039461654
3   13   3   4   -0.0000000001
3   13   3   5   0.0000000003
3   13   4   4   -0.0830597084
3   13   4   5   0.2146349860
3   13   5   4   0.0000000001
3   13   5   5   -0.0000000004
3   13   6   6   0.0000000006
3   13   7   6   -0.0000000001
3   14   1   4   -0.0000000006
3   14   1   5   -0.0000000002
3   14   2   4   -0.0039461654
3   14   2   5   -0.0015270919
3   14   3   4   0.0000000000
3   14   3   5   -0.0000000000
3   14   4   4   -0.2146349860
3   14   4   5   -0.0830597084
3   14   5   4   -0.0000000004
3   14   5   5   -0.0000000001
3   14   6   6   -0.0000000001
3   14   7   6   -0.0000000006
4   8   1   6   -0.0021260754
4   8   2   6   0.0000000000
4   8   3   6   -0.0020366586
4   8   4   6   -0.0000000001
4   8   5   6   0.0143087977
4   8   6   4   0.0051802734
4   8   6   5   -0.0133863689
4   8   7   4   0.0133863689
4   8   7   5   0.0051802734
4   9   1   6   0.0000000000
4   9   2   6   -0.0021237531
4   9   3   6   0.0000000003
4   9   4   6   -0.0009892193
4   9   5   6   -0.0000000022
4   9   6   4   -0.0000000008
4   9   6   5   0.0000000020
4   9   7   4   -0.0000000021
4   9   7   5   -0.0000000008
4   10   1   6   -0.0011728711
4   10   2   6   0.0000000002
4   10   3   6   -0.0050029051
4   10   5   6   -0.0565976998
4   10   6   4   -0.0214825858
4   10   6   5   0.0555132517
4   10   7   4   -0.0555132517
4   10   7   5   -0.0214825858
4   11   1   6   -0.0000000001
4   11   2   6   -0.0009716714
4   11   3   6   0.0000000000
4   11   4   6   -0.0088368244
4   11   5   6   0.0000000000
4   11   6   4   0.0000000000
4   11   6   5   -0.0000000001
4   11   7   4   -0.0000000000
4   12   1   6   -0.0041956382
4   12   2   6   0.0000000006
4   12   3   6   -0.2271472411
4   12   4   6   0.0000000002
4   12   5   6   0.0250537880
4   12   6   4   0.0007625742
4   12   6   5   -0.0019705717
4   12   7   4   0.0019705717
4   12   7   5   0.0007625742
4   13   1   4   -0.0015270597
4   13   1   5   0.0039460821
4   13   2   4   0.0000000002
4   13   2   5   -0.0000000006
4   13   3   4   -0.0830081119
4   13   3   5   0.2145016553
4   13   4   4   -0.0000000000
4   13   4   5   0.0000000001
4   13   5   4   0.0087659676
4   13   5   5   -0.0226521785
4   13   6   6   -0.0013089598
4   14   1   4   -0.0039460821
4   14   1   5   -0.0015270597
4   14   2   4   0.0000000006
4   14   2   5   0.0000000002
4   14   3   4   -0.2145016553
4   14   3   5   -0.0830081119
4   14   4   4   0.0000000004
4   14   4   5   0.0000000001
4   14   5   4   0.0226521785
4   14   5   5   0.0087659676
4   14   7   6   -0.0013089598
5   8   1   6   -0.0000000047
5   8   2   6   -0.0155012618
5   8   3   6   0.0000000025
5   8   4   6   0.0159112475
5   8   5   6   -0.0000000000
5   8   6   4   -0.0000000000
5   8   6   5   -0.0000000000
5   8   7   4   -0.0000000001
5   8   7   5   -0.0000000000
5   9   1   6   -0.0155387285
5   9   2   6   0.0000000047
5   9   3   6   0.0162437538
5   9   4   6   -0.0000000024
5   9   5   6   -0.0002761478
5   9   6   4   -0.0001160704
5   9   6   5   0.0002999381
5   9   7   4   -0.0002999381
5   9   7   5   -0.0001160704
5   10   1   6   0.0000000021
5   10   2   6   0.0138939483
5   10   3   6   -0.0000000000
5   10   4   6   -0.0580868326
5   10   5   6   -0.0000000000
5   10   6   4   -0.0000000000
5   10   6   5   0.0000000001
5   10   7   4   0.0000000001
5   10   7   5   0.0000000000
5   11   1   6   0.0143536557
5   11   2   6   -0.0000000022
5   11   3   6   -0.0641880698
5   11   4   6   0.0000000000
5   11   5   6   -0.0114498254
5   11   6   4   0.0005184371
5   11   6   5   -0.0013396959
5   11   7   4   0.0013396959
5   11   7   5   0.0005184371
5   12   1   6   -0.0000000000
5   12   2   6   -0.0001979292
5   12   3   6   0.0000000000
5   12   4   6   0.0254750341
5   12   5   6   -0.0000000000
5   12   6   4   -0.0000000008
5   12   6   5   0.0000000029
5   12   6   6   0.0000000000
5   12   7   4   0.0000000029
5   12   7   5   0.0000000008
5   13   1   4   -0.0000000001
5   13   1   5   0.0000000002
5   13   2   4   -0.0003136027
5   13   2   5   0.0008103822
5   13   3   4   0.0000000000
5   13   3   5   -0.0000000001
5   13   4   4   0.0086378481
5   13   4   5   -0.0223211042
5   13   5   4   0.0000000005
5   13   5   5   -0.0000000019
5   13   5   6   0.0000000000
5   13   6   4   0.0000000000
5   13   6   5   -0.0000000000
5   13   6   6   -0.0000000005
5   13   7   6   0.0000000000
5   14   1   4   -0.0000000001
5   14   1   5   -0.0000000000
5   14   2   4   -0.0008103822
5   14   2   5   -0.0003136027
5   14   3   4   -0.0000000001
5   14   3   5   -0.0000000000
5   14   4   4   0.0223211042
5   14   4   5   0.0086378481
5   14   5   4   -0.0000000019
5   14   5   5   -0.0000000005
5   14   6   4   0.0000000000
5   14   6   5   0.0000000000
5   14   6   6   0.0000000000
5   14   7   6   0.0000000005
6   8   1   4   -0.0000000017
6   8   1   5   0.0000000045
6   8   2   4   -0.0056637193
6   8   2   5   0.0146356439
6   8   3   4   0.0000000009
6   8   3   5   -0.0000000024
6   8   4   4   0.0057580014
6   8   4   5   -0.0148792788
6   8   5   4   -0.0000000000
6   8   5   5   0.0000000001
6   8   6   6   0.0000000001
6   8   7   6   -0.0000000000
6   9   1   4   -0.0056695709
6   9   1   5   0.0146507650
6   9   2   4   0.0000000017
6   9   2   5   -0.0000000044
6   9   3   4   0.0057786230
6   9   3   5   -0.0149325670
6   9   4   4   -0.0000000009
6   9   4   5   0.0000000022
6   9   5   4   -0.0002660463
6   9   5   5   0.0006874914
6   9   6   6   0.0004895381
6   10   1   4   0.0000000008
6   10   1   5   -0.0000000020
6   10   2   4   0.0050937683
6   10   2   5   -0.0131628309
6   10   3   4   -0.0000000001
6   10   3   5   0.0000000003
6   10   4   4   -0.0217889163
6   10   4   5   0.0563048418
6   10   5   4   0.0000000000
6   10   5   5   -0.0000000001
6   10   6   6   -0.0000000002
6   10   7   6   0.0000000000
6   11   1   4   0.0051896629
6   11   1   5   -0.0134106324
6   11   2   4   -0.0000000008
6   11   2   5   0.0000000020
6   11   3   4   -0.0225845261
6   11   3   5   0.0583607809
6   11   4   4   -0.0000000000
6   11   4   5   0.0000000000
6   11   5   4   0.0010565976
6   11   5   5   -0.0027303589
6   11   6   6   -0.0140643514
6   12   1   4   -0.0000000000
6   12   1   5   0.0000000000
6   12   2   4   -0.0000357737
6   12   2   5   0.0000924429
6   12   3   4   -0.0000000001
6   12   3   5   0.0000000003
6   12   4   4   0.0009736712
6   12   4   5   -0.0025160684
6   12   5   4   0.0000000001
6   12   5   5   -0.0000000003
6   12   5   6   0.0000000000
6   12   6   5   -0.0000000000
6   12   6   6   -0.0000000033
6   12   7   6   0.0000000003
6   13   1   6   0.0000000001
6   13   2   6   0.0009228678
6   13   3   6   0.0000000005
6   13   4   6   -0.0020986611
6   13   5   4   0.0000000000
6   13   5   5   -0.0000000000
6   13   5   6   0.0000000035
6   13   6   4   -0.0000000006
6   13   6   5   0.0000000015
6   13   6   6   0.0000000000
6   13   7   4   0.0000000002
6   13   7   5   -0.0000000000
6   14   1   6   0.0000000000
6   14   3   6   -0.0000000001
6   14   5   4   0.0000000000
6   14   5   5   0.0000000000
6   14   5   6   -0.0000000004
6   14   6   4   -0.0000000016
6   14   6   5   -0.0000000006
6   14   7   4   0.0000000001
6   14   7   5   -0.0000000003
7   8   1   4   -0.0000000044
7   8   1   5   -0.0000000017
7   8   2   4   -0.0146356439
7   8   2   5   -0.0056637193
7   8   3   4   0.0000000022
7   8   3   5   0.0000000009
7   8   4   4   0.0148792788
7   8   4   5   0.0057580014
7   8   5   4   -0.0000000001
7   8   5   5   -0.0000000000
7   8   6   6   -0.0000000000
7   8   7   6   0.0000000000
7   9   1   4   -0.0146507650
7   9   1   5   -0.0056695709
7   9   2   4   0.0000000045
7   9   2   5   0.0000000017
7   9   3   4   0.0149325670
7   9   3   5   0.0057786230
7   9   4   4   -0.0000000023
7   9   4   5   -0.0000000009
7   9   5   4   -0.0006874914
7   9   5   5   -0.0002660463
7   9   7   6   0.0004895381
7   10   1   4   0.0000000019
7   10   1   5   0.0000000008
7   10   2   4   0.0131628309
7   10   2   5   0.0050937683
7   10   3   4   0.0000000002
7   10   3   5   0.0000000001
7   10   4   4   -0.0563048418
7   10   4   5   -0.0217889163
7   10   5   4   -0.0000000000
7   10   5   5   -0.0000000000
7   10   6   6   0.0000000000
7   10   7   6   0.0000000002
7   11   1   4   0.0134106324
7   11   1   5   0.0051896629
7   11   2   4   -0.0000000021
7   11   2   5   -0.0000000008
7   11   3   4   -0.0583607809
7   11   3   5   -0.0225845261
7   11   4   4   0.0000000001
7   11   4   5   0.0000000000
7   11   5   4   0.0027303589
7   11   5   5   0.0010565976
7   11   7   6   -0.0140643514
7   12   1   4   -0.0000000000
7   12   1   5   -0.0000000000
7   12   2   4   -0.0000924429
7   12   2   5   -0.0000357737
7   12   3   4   0.0000000003
7   12   3   5   0.0000000001
7   12   4   4   0.0025160684
7   12   4   5   0.0009736712
7   12   5   4   -0.0000000003
7   12   5   5   -0.0000000001
7   12   6   6   0.0000000003
7   12   7   6   0.0000000033
7   13   1   6   0.0000000000
7   13   3   6   -0.0000000001
7   13   5   6   -0.0000000004
7   13   6   4   -0.0000000002
7   13   6   5   -0.0000000001
7   13   7   4   0.0000000006
7   13   7   5   -0.0000000016
7   14   1   6   0.0000000002
7   14   2   6   0.0009228678
7   14   3   6   -0.0000000005
7   14   4   6   -0.0020986611
7   14   5   6   -0.0000000035
7   14   6   4   0.0000000000
7   14   6   5   0.0000000001
7   14   7   4   0.0000000015
7   14   7   5   0.0000000006

End IJKA Block
Begin IABC Block
1   4   1   6   0.0000000003
1   4   2   6   0.0000000001
1   4   3   4   0.0000000001
1   4   3   5   0.0000000000
1   5   1   6   0.0000000001
1   5   2   6   0.0000000000
1   5   3   4   0.0000000000
1   5   3   5   0.0000000001
1   6   1   4   0.0000000003
1   6   1   5   0.0000000001
1   6   2   4   0.0000000001
1   6   2   5   0.0000000000
1   6   3   6   0.0000000003
2   4   1   6   0.0010267518
2   4   3   4   0.0003927321
2   5   2   6   0.0010267518
2   5   3   5   0.0003927321
2   6   1   4   0.0009757822
2   6   2   5   0.0009757822
2   6   3   6   0.0022413713
3   4   1   6   -0.0000000002
3   4   2   6   -0.0000000001
3   4   3   4   0.0000000001
3   4   3   5   0.0000000001
3   5   1   6   -0.0000000001
3   5   2   6   0.0000000002
3   5   3   4   0.0000000001
3   5   3   5   -0.0000000001
3   6   1   4   -0.0000000005
3   6   1   5   -0.0000000004
3   6   2   4   -0.0000000004
3   6   2   5   0.0000000005
3   6   3   6   -0.0000000000
4   4   1   6   -0.0041105187
4   4   3   4   -0.0137927808
4   5   2   6   -0.0041105187
4   5   3   5   -0.0137927808
4   6   1   4   -0.0028424506
4   6   2   5   -0.0028424506
4   6   3   6   -0.0187643166
5   4   1   6   -0.0000000016
5   4   2   6   -0.0000000012
5   4   3   4   0.0000000013
5   4   3   5   0.0000000008
5   4   3   6   -0.0000000000
5   5   1   6   -0.0000000012
5   5   2   6   0.0000000016
5   5   3   4   0.0000000008
5   5   3   5   -0.0000000013
5   5   3   6   0.0000000000
5   6   1   4   -0.0000000033
5   6   1   5   -0.0000000024
5   6   2   4   -0.0000000024
5   6   2   5   0.0000000033
5   6   2   6   0.0000000000
5   6   3   4   -0.0000000000
5   6   3   5   0.0000000000
5   6   3   6   0.0000000000
6   4   1   4   0.0000000004
6   4   1   5   -0.0000000002
6   4   1   6   -0.0000000000
6   4   2   4   -0.0000000002
6   4   2   5   -0.0000000010
6   4   2   6   0.0000000000
6   4   3   6   -0.0000000012
6   5   1   4   0.0000000004
6   5   1   5   -0.0000000009
6   5   1   6   0.0000000000
6   5   2   4   -0.0000000009
6   5   2   5   0.0000000023
6   5   2   6   -0.0000000000
6   5   3   5   -0.0000000000
6   5   3   6   0.0000000045
6   6   1   5   0.0000000000
6   6   1   6   0.0000000000
6   6   2   4   0.0000000000
6   6   2   5   -0.0000000000
6   6   2   6   -0.0000000001
6   6   3   4   -0.0000000006
6   6   3   5   0.0000000024
7   4   1   4   0.0000000023
7   4   1   5   0.0000000008
7   4   1   6   -0.0000000000
7   4   2   4   0.0000000009
7   4   2   5   0.0000000004
7   4   3   6   0.0000000045
7   5   1   4   0.0000000010
7   5   1   5   -0.0000000002
7   5   1   6   0.0000000000
7   5   2   4   -0.0000000001
7   5   2   5   -0.0000000004
7   5   2   6   0.0000000000
7   5   3   6   0.0000000012
7   6   1   4   -0.0000000000
7   6   1   5   0.0000000000
7   6   1   6   -0.0000000001
7   6   2   5   0.0000000000
7   6   2   6   -0.0000000000
7   6   3   4   0.0000000024
7   6   3   5   0.0000000006

End IABC Block
