Begin IJ Block
1   1   -26.8956796957
1   2   0.0000000006
1   3   0.4610029223
1   4   0.0000000042
1   5   0.1727281245
2   2   -26.8963422819
2   3   -0.0000000024
2   4   -0.4977091728
2   5   -0.0000000029
3   3   -8.2737307066
3   4   -0.0000000000
3   5   0.6476570130
4   4   -7.3830802688
4   5   -0.0000000084
5   5   -7.3475296932
6   6   -7.1585138366
6   7   -0.0000000005
7   7   -7.1585138319

End IJ Block
Begin IA Block
1   3   0.0000000004
2   3   -0.1943390929
3   3   -0.0000000058
4   3   -0.7868675118
5   3   0.0000000132
6   1   0.0000000076
6   2   0.0000000027
7   1   -0.0000000027
7   2   0.0000000076

End IA Block
Begin AB Block
1   1   -6.6706731458
1   2   -0.0000000010
2   2   -6.6706731443
3   3   -4.9345110230

End AB Block
Begin IJAB Block
1   8   1   4   0.0137303453
1   8   2   5   0.0137303453
1   8   3   6   0.0136948670
1   9   1   4   -0.0000000001
1   9   1   5   -0.0000000000
1   9   2   4   -0.0000000000
1   9   2   5   -0.0000000000
1   9   3   6   -0.0000000005
1   10   1   4   0.0120436900
1   10   1   5   0.0000000000
1   10   2   4   0.0000000000
1   10   2   5   0.0120436900
1   10   3   6   0.0030036049
1   11   1   4   0.0000000001
1   11   1   5   0.0000000000
1   11   2   4   0.0000000000
1   11   2   5   0.0000000001
1   11   3   6   0.0000000002
1   12   1   4   0.0048706694
1   12   1   5   0.0000000000
1   12   2   4   0.0000000000
1   12   2   5   0.0048706694
1   12   3   6   -0.0000740645
1   13   1   6   -0.0062868513
1   13   2   6   -0.0022046730
1   13   3   4   0.0021590831
1   13   3   5   0.0007571473
1   14   1   6   0.0022046730
1   14   2   6   -0.0062868513
1   14   3   4   -0.0007571472
1   14   3   5   0.0021590830
2   8   1   4   -0.0000000001
2   8   1   5   -0.0000000000
2   8   2   4   -0.0000000000
2   8   2   5   -0.0000000000
2   8   3   6   -0.0000000005
2   9   1   4   0.0138760147
2   9   2   5   0.0138760147
2   9   3   6   0.0137947727
2   10   1   4   -0.0000000000
2   10   1   5   0.0000000000
2   10   2   4   0.0000000000
2   10   2   5   -0.0000000000
2   10   3   6   -0.0000000003
2   11   1   4   -0.0145938495
2   11   1   5   -0.0000000000
2   11   2   4   -0.0000000000
2   11   2   5   -0.0145938495
2   11   3   6   -0.0030294358
2   12   1   4   -0.0000000001
2   12   1   5   -0.0000000000
2   12   2   4   -0.0000000000
2   12   2   5   -0.0000000001
2   12   3   6   0.0000000000
2   13   1   6   0.0000000003
2   13   2   6   0.0000000001
2   13   3   4   0.0000000000
2   13   3   5   0.0000000000
2   14   1   6   -0.0000000001
2   14   2   6   0.0000000002
2   14   3   4   -0.0000000000
2   14   3   5   0.0000000001
3   8   1   4   0.0120436900
3   8   1   5   0.0000000000
3   8   2   4   0.0000000000
3   8   2   5   0.0120436900
3   8   3   6   0.0030036049
3   9   1   4   -0.0000000000
3   9   1   5   0.0000000000
3   9   2   4   0.0000000000
3   9   2   5   -0.0000000000
3   9   3   6   -0.0000000003
3   10   1   4   0.0464202118
3   10   1   5   0.0000000001
3   10   2   4   0.0000000001
3   10   2   5   0.0464202117
3   10   3   6   0.0530413926
3   11   1   4   0.0000000002
3   11   1   5   0.0000000000
3   11   2   4   0.0000000000
3   11   2   5   0.0000000002
3   11   3   6   0.0000000004
3   12   1   4   0.0182474064
3   12   1   5   -0.0000000000
3   12   2   4   -0.0000000000
3   12   2   5   0.0182474065
3   12   3   6   -0.0299630202
3   13   1   6   -0.0243640518
3   13   2   6   -0.0085439856
3   13   3   4   -0.0523816662
3   13   3   5   -0.0183692026
3   14   1   6   0.0085439860
3   14   2   6   -0.0243640524
3   14   3   4   0.0183692036
3   14   3   5   -0.0523816679
4   8   1   4   0.0000000001
4   8   1   5   0.0000000000
4   8   2   4   0.0000000000
4   8   2   5   0.0000000001
4   8   3   6   0.0000000002
4   9   1   4   -0.0145938495
4   9   1   5   -0.0000000000
4   9   2   4   -0.0000000000
4   9   2   5   -0.0145938495
4   9   3   6   -0.0030294358
4   10   1   4   0.0000000002
4   10   1   5   0.0000000000
4   10   2   4   0.0000000000
4   10   2   5   0.0000000002
4   10   3   6   0.0000000004
4   11   1   4   0.0699454927
4   11   1   5   -0.0000000000
4   11   2   4   -0.0000000000
4   11   2   5   0.0699454927
4   11   3   6   0.0322910476
4   12   1   4   0.0000000008
4   12   1   5   0.0000000001
4   12   2   4   0.0000000001
4   12   2   5   0.0000000007
4   12   3   6   0.0000000020
4   13   1   6   -0.0000000032
4   13   2   6   -0.0000000012
4   13   3   4   0.0000000009
4   13   3   5   0.0000000003
4   14   1   6   0.0000000009
4   14   2   6   -0.0000000028
4   14   3   4   -0.0000000005
4   14   3   5   0.0000000012
5   8   1   4   0.0048706694
5   8   1   5   0.0000000000
5   8   2   4   0.0000000000
5   8   2   5   0.0048706694
5   8   3   6   -0.0000740645
5   9   1   4   -0.0000000001
5   9   1   5   -0.0000000000
5   9   2   4   -0.0000000000
5   9   2   5   -0.0000000001
5   9   3   6   0.0000000000
5   10   1   4   0.0182474064
5   10   1   5   -0.0000000000
5   10   2   4   -0.0000000000
5   10   2   5   0.0182474065
5   10   3   6   -0.0299630202
5   11   1   4   0.0000000008
5   11   1   5   0.0000000001
5   11   2   4   0.0000000001
5   11   2   5   0.0000000007
5   11   3   6   0.0000000020
5   12   1   4   0.0307834174
5   12   1   5   -0.0000000000
5   12   2   4   -0.0000000000
5   12   2   5   0.0307834174
5   12   3   6   0.0565189915
5   13   1   6   0.0026866814
5   13   2   6   0.0009421654
5   13   3   4   0.0571641837
5   13   3   5   0.0200463360
5   14   1   6   -0.0009421657
5   14   2   6   0.0026866819
5   14   3   4   -0.0200463362
5   14   3   5   0.0571641841
6   8   1   6   0.0021590831
6   8   2   6   0.0007571473
6   8   3   4   -0.0062868513
6   8   3   5   -0.0022046730
6   9   1   6   0.0000000000
6   9   2   6   0.0000000000
6   9   3   4   0.0000000003
6   9   3   5   0.0000000001
6   10   1   6   -0.0523816662
6   10   2   6   -0.0183692026
6   10   3   4   -0.0243640518
6   10   3   5   -0.0085439856
6   11   1   6   0.0000000009
6   11   2   6   0.0000000003
6   11   3   4   -0.0000000032
6   11   3   5   -0.0000000012
6   12   1   6   0.0571641837
6   12   2   6   0.0200463360
6   12   3   4   0.0026866814
6   12   3   5   0.0009421654
6   13   1   4   0.1347282557
6   13   1   5   0.0403461451
6   13   2   4   0.0403461451
6   13   2   5   0.0338256709
6   13   3   6   0.0187223092
6   14   1   4   -0.0403461444
6   14   1   5   0.0986170653
6   14   2   4   0.0022855189
6   14   2   5   0.0403461444
6   14   3   6   0.0000000010
7   8   1   6   -0.0007571472
7   8   2   6   0.0021590830
7   8   3   4   0.0022046730
7   8   3   5   -0.0062868513
7   9   1   6   -0.0000000000
7   9   2   6   0.0000000001
7   9   3   4   -0.0000000001
7   9   3   5   0.0000000002
7   10   1   6   0.0183692036
7   10   2   6   -0.0523816679
7   10   3   4   0.0085439860
7   10   3   5   -0.0243640524
7   11   1   6   -0.0000000005
7   11   2   6   0.0000000012
7   11   3   4   0.0000000009
7   11   3   5   -0.0000000028
7   12   1   6   -0.0200463362
7   12   2   6   0.0571641841
7   12   3   4   -0.0009421657
7   12   3   5   0.0026866819
7   13   1   4   -0.0403461444
7   13   1   5   0.0022855189
7   13   2   4   0.0986170653
7   13   2   5   0.0403461444
7   13   3   6   0.0000000010
7   14   1   4   0.0338256708
7   14   1   5   -0.0403461449
7   14   2   4   -0.0403461449
7   14   2   5   0.1347282554
7   14   3   6   0.0187223005

End IJAB Block
Begin IJKL Block
1   8   1   8   2.2292263638
1   8   1   9   -0.0000000019
1   8   1   10   -0.1888733688
1   8   1   11   -0.0000000006
1   8   1   12   -0.0566987768
1   8   2   8   -0.0000000019
1   8   2   9   1.8766891618
1   8   2   10   0.0000000001
1   8   2   11   0.1970670470
1   8   2   12   0.0000000005
1   8   3   8   -0.1888733688
1   8   3   9   0.0000000001
1   8   3   10   0.0272241008
1   8   3   11   -0.0000000002
1   8   3   12   0.0047357859
1   8   4   8   -0.0000000006
1   8   4   9   0.1970670470
1   8   4   10   -0.0000000002
1   8   4   11   0.0299943995
1   8   4   12   0.0000000001
1   8   5   8   -0.0566987768
1   8   5   9   0.0000000005
1   8   5   10   0.0047357859
1   8   5   11   0.0000000001
1   8   5   12   0.0127465270
1   8   6   13   0.0100682853
1   8   6   14   0.0000000000
1   8   7   13   0.0000000000
1   8   7   14   0.0100682853
1   9   1   8   -0.0000000019
1   9   1   9   2.2295328043
1   9   1   10   0.0000000001
1   9   1   11   0.1995955953
1   9   1   12   0.0000000005
1   9   2   8   1.8766893548
1   9   2   9   0.0000000027
1   9   2   10   -0.1917196868
1   9   2   11   -0.0000000001
1   9   2   12   -0.0481004385
1   9   3   8   0.0000000001
1   9   3   9   -0.1889221026
1   9   3   10   0.0000000002
1   9   3   11   -0.0269574381
1   9   3   12   0.0000000001
1   9   4   8   0.1970620897
1   9   4   9   -0.0000000001
1   9   4   10   -0.0270067287
1   9   4   11   0.0000000001
1   9   4   12   -0.0107734679
1   9   5   8   0.0000000005
1   9   5   9   -0.0566990589
1   9   5   10   -0.0000000000
1   9   5   11   -0.0109007155
1   9   5   12   -0.0000000000
1   9   6   13   -0.0000000003
1   9   6   14   -0.0000000000
1   9   7   13   -0.0000000000
1   9   7   14   -0.0000000002
1   10   1   8   -0.1888733688
1   10   1   9   0.0000000001
1   10   1   10   0.6891752561
1   10   1   11   0.0000000007
1   10   1   12   -0.0515006188
1   10   2   8   0.0000000001
1   10   2   9   -0.1917332065
1   10   2   10   -0.0000000002
1   10   2   11   -0.2695192618
1   10   2   12   -0.0000000006
1   10   3   8   0.0294166087
1   10   3   9   0.0000000002
1   10   3   10   -0.0039385506
1   10   3   11   -0.0000000001
1   10   3   12   -0.0046519957
1   10   4   8   -0.0000000002
1   10   4   9   -0.0286707010
1   10   4   10   -0.0000000009
1   10   4   11   -0.0068975184
1   10   4   12   0.0000000008
1   10   5   8   0.0041345287
1   10   5   9   -0.0000000000
1   10   5   10   -0.0160065479
1   10   5   11   -0.0000000001
1   10   5   12   0.0146192110
1   10   6   13   0.0134700310
1   10   6   14   0.0000000000
1   10   7   13   0.0000000000
1   10   7   14   0.0134700310
1   11   1   8   -0.0000000006
1   11   1   9   0.1995955953
1   11   1   10   0.0000000007
1   11   1   11   0.6464972982
1   11   1   12   0.0000000011
1   11   2   8   0.1970620897
1   11   2   9   -0.0000000001
1   11   2   10   -0.2695354095
1   11   2   11   -0.0000000006
1   11   2   12   -0.2057131228
1   11   3   8   -0.0000000002
1   11   3   9   -0.0286375433
1   11   3   10   -0.0000000002
1   11   3   11   -0.0103400609
1   11   3   12   -0.0000000002
1   11   4   8   0.0323324699
1   11   4   9   0.0000000002
1   11   4   10   -0.0066562601
1   11   4   11   0.0000000001
1   11   4   12   -0.0000009015
1   11   5   8   0.0000000001
1   11   5   9   -0.0121115302
1   11   5   10   -0.0000000001
1   11   5   11   0.0026698713
1   11   5   12   0.0000000006
1   11   6   13   0.0000000001
1   11   6   14   -0.0000000000
1   11   7   13   -0.0000000000
1   11   7   14   0.0000000001
1   12   1   8   -0.0566987768
1   12   1   9   0.0000000005
1   12   1   10   -0.0515006188
1   12   1   11   0.0000000011
1   12   1   12   0.6537548194
1   12   2   8   0.0000000005
1   12   2   9   -0.0480973603
1   12   2   10   -0.0000000006
1   12   2   11   -0.2057172291
1   12   2   12   0.0000000006
1   12   3   8   0.0041345287
1   12   3   9   0.0000000000
1   12   3   10   -0.0050215407
1   12   3   11   -0.0000000002
1   12   3   12   -0.0068830907
1   12   4   8   0.0000000001
1   12   4   9   -0.0119883057
1   12   4   10   0.0000000008
1   12   4   11   0.0001477960
1   12   4   12   0.0000000000
1   12   5   8   0.0161642053
1   12   5   9   -0.0000000000
1   12   5   10   0.0154027816
1   12   5   11   0.0000000007
1   12   5   12   0.0000080463
1   12   6   13   0.0025399096
1   12   6   14   0.0000000000
1   12   7   13   0.0000000000
1   12   7   14   0.0025399096
1   13   1   13   0.6232787756
1   13   1   14   0.0000000001
1   13   2   13   -0.0000000009
1   13   2   14   0.0000000000
1   13   3   13   -0.0039327608
1   13   3   14   -0.0000000000
1   13   4   13   -0.0000000003
1   13   4   14   -0.0000000000
1   13   5   13   -0.0066724773
1   13   5   14   -0.0000000000
1   13   6   8   0.0129978790
1   13   6   9   -0.0000000001
1   13   6   10   0.0141751197
1   13   6   11   0.0000000001
1   13   6   12   0.0027985855
1   13   7   8   0.0000000000
1   13   7   10   0.0000000000
1   14   1   13   0.0000000001
1   14   1   14   0.6232787750
1   14   2   13   0.0000000000
1   14   2   14   -0.0000000010
1   14   3   13   -0.0000000000
1   14   3   14   -0.0039327607
1   14   4   13   -0.0000000000
1   14   4   14   -0.0000000003
1   14   5   13   -0.0000000000
1   14   5   14   -0.0066724772
1   14   6   8   0.0000000000
1   14   6   10   0.0000000000
1   14   7   8   0.0129978790
1   14   7   9   -0.0000000001
1   14   7   10   0.0141751197
1   14   7   11   0.0000000001
1   14   7   12   0.0027985855
2   8   1   8   -0.0000000019
2   8   1   9   1.8766893548
2   8   1   10   0.0000000001
2   8   1   11   0.1970620897
2   8   1   12   0.0000000005
2   8   2   8   2.2295328043
2   8   2   9   0.0000000027
2   8   2   10   -0.1889221026
2   8   2   11   -0.0000000001
2   8   2   12   -0.0566990589
2   8   3   8   0.0000000001
2   8   3   9   -0.1917196868
2   8   3   10   0.0000000002
2   8   3   11   -0.0270067287
2   8   3   12   -0.0000000000
2   8   4   8   0.1995955953
2   8   4   9   -0.0000000001
2   8   4   10   -0.0269574381
2   8   4   11   0.0000000001
2   8   4   12   -0.0109007155
2   8   5   8   0.0000000005
2   8   5   9   -0.0481004385
2   8   5   10   0.0000000001
2   8   5   11   -0.0107734679
2   8   5   12   -0.0000000000
2   8   6   13   -0.0000000003
2   8   6   14   -0.0000000000
2   8   7   13   -0.0000000000
2   8   7   14   -0.0000000002
2   9   1   8   1.8766891618
2   9   1   9   0.0000000027
2   9   1   10   -0.1917332065
2   9   1   11   -0.0000000001
2   9   1   12   -0.0480973603
2   9   2   8   0.0000000027
2   9   2   9   2.2298412029
2   9   2   10   -0.0000000004
2   9   2   11   0.1996359247
2   9   2   12   0.0000000004
2   9   3   8   -0.1917332065
2   9   3   9   -0.0000000004
2   9   3   10   0.0271749763
2   9   3   11   -0.0000000002
2   9   3   12   0.0048814590
2   9   4   8   -0.0000000001
2   9   4   9   0.1996359247
2   9   4   10   -0.0000000002
2   9   4   11   0.0300447041
2   9   4   12   -0.0000000000
2   9   5   8   -0.0480973603
2   9   5   9   0.0000000004
2   9   5   10   0.0048814590
2   9   5   11   -0.0000000000
2   9   5   12   0.0122961255
2   9   6   13   0.0098449603
2   9   6   14   0.0000000000
2   9   7   13   0.0000000000
2   9   7   14   0.0098449602
2   10   1   8   0.0000000001
2   10   1   9   -0.1917196868
2   10   1   10   -0.0000000002
2   10   1   11   -0.2695354095
2   10   1   12   -0.0000000006
2   10   2   8   -0.1889221026
2   10   2   9   -0.0000000004
2   10   2   10   0.6891628614
2   10   2   11   0.0000000000
2   10   2   12   -0.0514732719
2   10   3   8   0.0000000002
2   10   3   9   0.0294003212
2   10   3   10   0.0000000004
2   10   3   11   0.0085113965
2   10   3   12   -0.0000000002
2   10   4   8   -0.0286375433
2   10   4   9   -0.0000000002
2   10   4   10   0.0122959430
2   10   4   11   0.0000000002
2   10   4   12   -0.0037945232
2   10   5   8   0.0000000000
2   10   5   9   0.0042678191
2   10   5   10   0.0000000009
2   10   5   11   -0.0012874896
2   10   5   12   -0.0000000010
2   10   6   13   -0.0000000000
2   10   6   14   0.0000000000
2   10   7   13   0.0000000000
2   10   7   14   -0.0000000001
2   11   1   8   0.1970670470
2   11   1   9   -0.0000000001
2   11   1   10   -0.2695192618
2   11   1   11   -0.0000000006
2   11   1   12   -0.2057172291
2   11   2   8   -0.0000000001
2   11   2   9   0.1996359247
2   11   2   10   0.0000000000
2   11   2   11   0.6465225605
2   11   2   12   0.0000000006
2   11   3   8   -0.0286707010
2   11   3   9   -0.0000000002
2   11   3   10   0.0089537072
2   11   3   11   0.0000000002
2   11   3   12   0.0079874885
2   11   4   8   0.0000000002
2   11   4   9   0.0323781303
2   11   4   10   0.0000000002
2   11   4   11   0.0076671065
2   11   4   12   -0.0000000002
2   11   5   8   -0.0119883057
2   11   5   9   -0.0000000000
2   11   5   10   -0.0016967764
2   11   5   11   -0.0000000005
2   11   5   12   -0.0133022124
2   11   6   13   -0.0114419060
2   11   6   14   -0.0000000000
2   11   7   13   -0.0000000000
2   11   7   14   -0.0114419060
2   12   1   8   0.0000000005
2   12   1   9   -0.0481004385
2   12   1   10   -0.0000000006
2   12   1   11   -0.2057131228
2   12   1   12   0.0000000006
2   12   2   8   -0.0566990589
2   12   2   9   0.0000000004
2   12   2   10   -0.0514732719
2   12   2   11   0.0000000006
2   12   2   12   0.6537506443
2   12   3   8   -0.0000000000
2   12   3   9   0.0042678191
2   12   3   10   -0.0000000001
2   12   3   11   0.0083413710
2   12   3   12   0.0000000002
2   12   4   8   -0.0121115302
2   12   4   9   -0.0000000000
2   12   4   10   -0.0038294581
2   12   4   11   -0.0000000002
2   12   4   12   0.0064601697
2   12   5   8   -0.0000000000
2   12   5   9   0.0157348209
2   12   5   10   -0.0000000011
2   12   5   11   -0.0139032362
2   12   5   12   -0.0000000003
2   12   6   13   -0.0000000000
2   12   6   14   0.0000000000
2   12   7   13   0.0000000000
2   12   7   14   -0.0000000001
2   13   1   13   -0.0000000009
2   13   1   14   0.0000000000
2   13   2   13   0.6232661823
2   13   2   14   0.0000000001
2   13   3   13   0.0000000002
2   13   3   14   -0.0000000000
2   13   4   13   0.0071549611
2   13   4   14   0.0000000000
2   13   5   13   0.0000000002
2   13   5   14   0.0000000000
2   13   6   8   -0.0000000001
2   13   6   9   0.0127839428
2   13   6   10   -0.0000000001
2   13   6   11   -0.0121331424
2   13   6   12   -0.0000000001
2   13   7   9   0.0000000000
2   13   7   10   -0.0000000000
2   13   7   11   -0.0000000000
2   14   1   13   0.0000000000
2   14   1   14   -0.0000000010
2   14   2   13   0.0000000001
2   14   2   14   0.6232661817
2   14   3   13   -0.0000000000
2   14   3   14   0.0000000002
2   14   4   13   0.0000000000
2   14   4   14   0.0071549610
2   14   5   13   0.0000000000
2   14   5   14   0.0000000002
2   14   6   9   0.0000000000
2   14   6   10   -0.0000000000
2   14   6   11   -0.0000000000
2   14   7   8   -0.0000000001
2   14   7   9   0.0127839428
2   14   7   10   -0.0000000001
2   14   7   11   -0.0121331424
2   14   7   12   -0.0000000001
3   8   1   8   -0.1888733688
3   8   1   9   0.0000000001
3   8   1   10   0.0294166087
3   8   1   11   -0.0000000002
3   8   1   12   0.0041345287
3   8   2   8   0.0000000001
3   8   2   9   -0.1917332065
3   8   2   10   0.0000000002
3   8   2   11   -0.0286707010
3   8   2   12   -0.0000000000
3   8   3   8   0.6891752561
3   8   3   9   -0.0000000002
3   8   3   10   -0.0039385506
3   8   3   11   -0.0000000009
3   8   3   12   -0.0160065479
3   8   4   8   0.0000000007
3   8   4   9   -0.2695192618
3   8   4   10   -0.0000000001
3   8   4   11   -0.0068975184
3   8   4   12   -0.0000000001
3   8   5   8   -0.0515006188
3   8   5   9   -0.0000000006
3   8   5   10   -0.0046519957
3   8   5   11   0.0000000008
3   8   5   12   0.0146192110
3   8   6   13   0.0134700310
3   8   6   14   0.0000000000
3   8   7   13   0.0000000000
3   8   7   14   0.0134700310
3   9   1   8   0.0000000001
3   9   1   9   -0.1889221026
3   9   1   10   0.0000000002
3   9   1   11   -0.0286375433
3   9   1   12   0.0000000000
3   9   2   8   -0.1917196868
3   9   2   9   -0.0000000004
3   9   2   10   0.0294003212
3   9   2   11   -0.0000000002
3   9   2   12   0.0042678191
3   9   3   8   -0.0000000002
3   9   3   9   0.6891628614
3   9   3   10   0.0000000004
3   9   3   11   0.0122959430
3   9   3   12   0.0000000009
3   9   4   8   -0.2695354095
3   9   4   9   0.0000000000
3   9   4   10   0.0085113965
3   9   4   11   0.0000000002
3   9   4   12   -0.0012874896
3   9   5   8   -0.0000000006
3   9   5   9   -0.0514732719
3   9   5   10   -0.0000000002
3   9   5   11   -0.0037945232
3   9   5   12   -0.0000000010
3   9   6   13   -0.0000000000
3   9   6   14   0.0000000000
3   9   7   13   0.0000000000
3   9   7   14   -0.0000000001
3   10   1   8   0.0272241008
3   10   1   9   0.0000000002
3   10   1   10   -0.0039385506
3   10   1   11   -0.0000000002
3   10   1   12   -0.0050215407
3   10   2   8   0.0000000002
3   10   2   9   0.0271749763
3   10   2   10   0.0000000004
3   10   2   11   0.0089537072
3   10   2   12   -0.0000000001
3   10   3   8   -0.0039385506
3   10   3   9   0.0000000004
3   10   3   10   0.5996306467
3   10   3   11   -0.0000000008
3   10   3   12   -0.0940914783
3   10   4   8   -0.0000000002
3   10   4   9   0.0089537072
3   10   4   10   -0.0000000008
3   10   4   11   0.1211422872
3   10   4   12   0.0000000010
3   10   5   8   -0.0050215407
3   10   5   9   -0.0000000001
3   10   5   10   -0.0940914783
3   10   5   11   0.0000000010
3   10   5   12   0.0706861019
3   10   6   13   0.0708988484
3   10   6   14   0.0000000000
3   10   7   13   0.0000000000
3   10   7   14   0.0708988480
3   11   1   8   -0.0000000002
3   11   1   9   -0.0269574381
3   11   1   10   -0.0000000001
3   11   1   11   -0.0103400609
3   11   1   12   -0.0000000002
3   11   2   8   -0.0270067287
3   11   2   9   -0.0000000002
3   11   2   10   0.0085113965
3   11   2   11   0.0000000002
3   11   2   12   0.0083413710
3   11   3   8   -0.0000000009
3   11   3   9   0.0122959430
3   11   3   10   -0.0000000008
3   11   3   11   0.4866193202
3   11   3   12   0.0000000004
3   11   4   8   -0.0066562601
3   11   4   9   0.0000000002
3   11   4   10   0.1243680366
3   11   4   11   0.0000000003
3   11   4   12   0.1060032821
3   11   5   8   0.0000000008
3   11   5   9   -0.0038294581
3   11   5   10   0.0000000011
3   11   5   11   -0.0013616195
3   11   5   12   0.0000000006
3   11   6   13   0.0000000009
3   11   6   14   -0.0000000000
3   11   7   13   -0.0000000000
3   11   7   14   0.0000000010
3   12   1   8   0.0047357859
3   12   1   9   0.0000000001
3   12   1   10   -0.0046519957
3   12   1   11   -0.0000000002
3   12   1   12   -0.0068830907
3   12   2   8   -0.0000000000
3   12   2   9   0.0048814590
3   12   2   10   -0.0000000002
3   12   2   11   0.0079874885
3   12   2   12   0.0000000002
3   12   3   8   -0.0160065479
3   12   3   9   0.0000000009
3   12   3   10   -0.0940914783
3   12   3   11   0.0000000004
3   12   3   12   0.5131257853
3   12   4   8   -0.0000000001
3   12   4   9   -0.0016967764
3   12   4   10   0.0000000011
3   12   4   11   0.1082582803
3   12   4   12   -0.0000000002
3   12   5   8   0.0154027816
3   12   5   9   -0.0000000011
3   12   5   10   0.0751664646
3   12   5   11   0.0000000009
3   12   5   12   -0.0238180633
3   12   6   13   0.0048853008
3   12   6   14   -0.0000000000
3   12   7   13   -0.0000000000
3   12   7   14   0.0048853011
3   13   1   13   -0.0039327608
3   13   1   14   -0.0000000000
3   13   2   13   0.0000000002
3   13   2   14   -0.0000000000
3   13   3   13   0.5186272767
3   13   3   14   0.0000000001
3   13   4   13   0.0000000004
3   13   4   14   -0.0000000000
3   13   5   13   -0.0451765000
3   13   5   14   -0.0000000000
3   13   6   8   0.0141751197
3   13   6   9   -0.0000000001
3   13   6   10   0.0744988787
3   13   6   11   0.0000000005
3   13   6   12   0.0052553004
3   13   7   8   0.0000000000
3   13   7   9   -0.0000000000
3   13   7   10   0.0000000000
3   13   7   11   -0.0000000000
3   13   7   12   -0.0000000000
3   14   1   13   -0.0000000000
3   14   1   14   -0.0039327607
3   14   2   13   -0.0000000000
3   14   2   14   0.0000000002
3   14   3   13   0.0000000001
3   14   3   14   0.5186272762
3   14   4   13   -0.0000000000
3   14   4   14   0.0000000007
3   14   5   13   -0.0000000000
3   14   5   14   -0.0451764999
3   14   6   8   0.0000000000
3   14   6   9   -0.0000000000
3   14   6   10   0.0000000000
3   14   6   11   -0.0000000000
3   14   6   12   -0.0000000000
3   14   7   8   0.0141751197
3   14   7   9   -0.0000000001
3   14   7   10   0.0744988786
3   14   7   11   0.0000000008
3   14   7   12   0.0052553005
4   8   1   8   -0.0000000006
4   8   1   9   0.1970620897
4   8   1   10   -0.0000000002
4   8   1   11   0.0323324699
4   8   1   12   0.0000000001
4   8   2   8   0.1995955953
4   8   2   9   -0.0000000001
4   8   2   10   -0.0286375433
4   8   2   11   0.0000000002
4   8   2   12   -0.0121115302
4   8   3   8   0.0000000007
4   8   3   9   -0.2695354095
4   8   3   10   -0.0000000002
4   8   3   11   -0.0066562601
4   8   3   12   -0.0000000001
4   8   4   8   0.6464972982
4   8   4   9   -0.0000000006
4   8   4   10   -0.0103400609
4   8   4   11   0.0000000001
4   8   4   12   0.0026698713
4   8   5   8   0.0000000011
4   8   5   9   -0.2057131228
4   8   5   10   -0.0000000002
4   8   5   11   -0.0000009015
4   8   5   12   0.0000000006
4   8   6   13   0.0000000001
4   8   6   14   -0.0000000000
4   8   7   13   -0.0000000000
4   8   7   14   0.0000000001
4   9   1   8   0.1970670470
4   9   1   9   -0.0000000001
4   9   1   10   -0.0286707010
4   9   1   11   0.0000000002
4   9   1   12   -0.0119883057
4   9   2   8   -0.0000000001
4   9   2   9   0.1996359247
4   9   2   10   -0.0000000002
4   9   2   11   0.0323781303
4   9   2   12   -0.0000000000
4   9   3   8   -0.2695192618
4   9   3   9   0.0000000000
4   9   3   10   0.0089537072
4   9   3   11   0.0000000002
4   9   3   12   -0.0016967764
4   9   4   8   -0.0000000006
4   9   4   9   0.6465225605
4   9   4   10   0.0000000002
4   9   4   11   0.0076671065
4   9   4   12   -0.0000000005
4   9   5   8   -0.2057172291
4   9   5   9   0.0000000006
4   9   5   10   0.0079874885
4   9   5   11   -0.0000000002
4   9   5   12   -0.0133022124
4   9   6   13   -0.0114419060
4   9   6   14   -0.0000000000
4   9   7   13   -0.0000000000
4   9   7   14   -0.0114419060
4   10   1   8   -0.0000000002
4   10   1   9   -0.0270067287
4   10   1   10   -0.0000000009
4   10   1   11   -0.0066562601
4   10   1   12   0.0000000008
4   10   2   8   -0.0269574381
4   10   2   9   -0.0000000002
4   10   2   10   0.0122959430
4   10   2   11   0.0000000002
4   10   2   12   -0.0038294581
4   10   3   8   -0.0000000001
4   10   3   9   0.0085113965
4   10   3   10   -0.0000000008
4   10   3   11   0.1243680366
4   10   3   12   0.0000000011
4   10   4   8   -0.0103400609
4   10   4   9   0.0000000002
4   10   4   10   0.4866193202
4   10   4   11   0.0000000003
4   10   4   12   -0.0013616195
4   10   5   8   -0.0000000002
4   10   5   9   0.0083413710
4   10   5   10   0.0000000004
4   10   5   11   0.1060032821
4   10   5   12   0.0000000006
4   10   6   13   0.0000000009
4   10   6   14   -0.0000000000
4   10   7   13   -0.0000000000
4   10   7   14   0.0000000010
4   11   1   8   0.0299943995
4   11   1   9   0.0000000001
4   11   1   10   -0.0068975184
4   11   1   11   0.0000000001
4   11   1   12   0.0001477960
4   11   2   8   0.0000000001
4   11   2   9   0.0300447041
4   11   2   10   0.0000000002
4   11   2   11   0.0076671065
4   11   2   12   -0.0000000002
4   11   3   8   -0.0068975184
4   11   3   9   0.0000000002
4   11   3   10   0.1211422872
4   11   3   11   0.0000000003
4   11   3   12   0.1082582803
4   11   4   8   0.0000000001
4   11   4   9   0.0076671065
4   11   4   10   0.0000000003
4   11   4   11   0.4947405542
4   11   4   12   0.0000000014
4   11   5   8   0.0001477960
4   11   5   9   -0.0000000002
4   11   5   10   0.1082582803
4   11   5   11   0.0000000014
4   11   5   12   0.1344991050
4   11   6   13   0.0448514425
4   11   6   14   0.0000000000
4   11   7   13   0.0000000000
4   11   7   14   0.0448514424
4   12   1   8   0.0000000001
4   12   1   9   -0.0107734679
4   12   1   10   0.0000000008
4   12   1   11   -0.0000009015
4   12   1   12   0.0000000000
4   12   2   8   -0.0109007155
4   12   2   9   -0.0000000000
4   12   2   10   -0.0037945232
4   12   2   11   -0.0000000002
4   12   2   12   0.0064601697
4   12   3   8   -0.0000000001
4   12   3   9   -0.0012874896
4   12   3   10   0.0000000010
4   12   3   11   0.1060032821
4   12   3   12   -0.0000000002
4   12   4   8   0.0026698713
4   12   4   9   -0.0000000005
4   12   4   10   -0.0013616195
4   12   4   11   0.0000000014
4   12   4   12   0.4922251859
4   12   5   8   0.0000000007
4   12   5   9   -0.0139032362
4   12   5   10   0.0000000009
4   12   5   11   0.1365808254
4   12   5   12   0.0000000010
4   12   6   13   0.0000000000
4   12   6   14   -0.0000000000
4   12   7   13   -0.0000000000
4   12   7   14   0.0000000001
4   13   1   13   -0.0000000003
4   13   1   14   -0.0000000000
4   13   2   13   0.0071549611
4   13   2   14   0.0000000000
4   13   3   13   0.0000000004
4   13   3   14   -0.0000000000
4   13   4   13   0.4614943734
4   13   4   14   0.0000000000
4   13   5   13   0.0000000004
4   13   5   14   -0.0000000001
4   13   6   8   0.0000000001
4   13   6   9   -0.0121331424
4   13   6   10   0.0000000005
4   13   6   11   0.0474573108
4   13   6   12   -0.0000000006
4   13   7   9   -0.0000000000
4   13   7   10   -0.0000000000
4   13   7   11   -0.0000000000
4   13   7   12   -0.0000000000
4   14   1   13   -0.0000000000
4   14   1   14   -0.0000000003
4   14   2   13   0.0000000000
4   14   2   14   0.0071549610
4   14   3   13   -0.0000000000
4   14   3   14   0.0000000007
4   14   4   13   0.0000000000
4   14   4   14   0.4614943733
4   14   5   13   -0.0000000001
4   14   5   14   0.0000000009
4   14   6   9   -0.0000000000
4   14   6   10   -0.0000000000
4   14   6   11   -0.0000000000
4   14   6   12   -0.0000000000
4   14   7   8   0.0000000001
4   14   7   9   -0.0121331424
4   14   7   10   0.0000000008
4   14   7   11   0.0474573108
4   14   7   12   -0.0000000003
5   8   1   8   -0.0566987768
5   8   1   9   0.0000000005
5   8   1   10   0.0041345287
5   8   1   11   0.0000000001
5   8   1   12   0.0161642053
5   8   2   8   0.0000000005
5   8   2   9   -0.0480973603
5   8   2   10   0.0000000000
5   8   2   11   -0.0119883057
5   8   2   12   -0.0000000000
5   8   3   8   -0.0515006188
5   8   3   9   -0.0000000006
5   8   3   10   -0.0050215407
5   8   3   11   0.0000000008
5   8   3   12   0.0154027816
5   8   4   8   0.0000000011
5   8   4   9   -0.2057172291
5   8   4   10   -0.0000000002
5   8   4   11   0.0001477960
5   8   4   12   0.0000000007
5   8   5   8   0.6537548194
5   8   5   9   0.0000000006
5   8   5   10   -0.0068830907
5   8   5   11   0.0000000000
5   8   5   12   0.0000080463
5   8   6   13   0.0025399096
5   8   6   14   0.0000000000
5   8   7   13   0.0000000000
5   8   7   14   0.0025399096
5   9   1   8   0.0000000005
5   9   1   9   -0.0566990589
5   9   1   10   -0.0000000000
5   9   1   11   -0.0121115302
5   9   1   12   -0.0000000000
5   9   2   8   -0.0481004385
5   9   2   9   0.0000000004
5   9   2   10   0.0042678191
5   9   2   11   -0.0000000000
5   9   2   12   0.0157348209
5   9   3   8   -0.0000000006
5   9   3   9   -0.0514732719
5   9   3   10   -0.0000000001
5   9   3   11   -0.0038294581
5   9   3   12   -0.0000000011
5   9   4   8   -0.2057131228
5   9   4   9   0.0000000006
5   9   4   10   0.0083413710
5   9   4   11   -0.0000000002
5   9   4   12   -0.0139032362
5   9   5   8   0.0000000006
5   9   5   9   0.6537506443
5   9   5   10   0.0000000002
5   9   5   11   0.0064601697
5   9   5   12   -0.0000000003
5   9   6   13   -0.0000000000
5   9   6   14   0.0000000000
5   9   7   13   0.0000000000
5   9   7   14   -0.0000000001
5   10   1   8   0.0047357859
5   10   1   9   -0.0000000000
5   10   1   10   -0.0160065479
5   10   1   11   -0.0000000001
5   10   1   12   0.0154027816
5   10   2   8   0.0000000001
5   10   2   9   0.0048814590
5   10   2   10   0.0000000009
5   10   2   11   -0.0016967764
5   10   2   12   -0.0000000011
5   10   3   8   -0.0046519957
5   10   3   9   -0.0000000002
5   10   3   10   -0.0940914783
5   10   3   11   0.0000000011
5   10   3   12   0.0751664646
5   10   4   8   -0.0000000002
5   10   4   9   0.0079874885
5   10   4   10   0.0000000004
5   10   4   11   0.1082582803
5   10   4   12   0.0000000009
5   10   5   8   -0.0068830907
5   10   5   9   0.0000000002
5   10   5   10   0.5131257853
5   10   5   11   -0.0000000002
5   10   5   12   -0.0238180633
5   10   6   13   0.0048853008
5   10   6   14   -0.0000000000
5   10   7   13   -0.0000000000
5   10   7   14   0.0048853011
5   11   1   8   0.0000000001
5   11   1   9   -0.0109007155
5   11   1   10   -0.0000000001
5   11   1   11   0.0026698713
5   11   1   12   0.0000000007
5   11   2   8   -0.0107734679
5   11   2   9   -0.0000000000
5   11   2   10   -0.0012874896
5   11   2   11   -0.0000000005
5   11   2   12   -0.0139032362
5   11   3   8   0.0000000008
5   11   3   9   -0.0037945232
5   11   3   10   0.0000000010
5   11   3   11   -0.0013616195
5   11   3   12   0.0000000009
5   11   4   8   -0.0000009015
5   11   4   9   -0.0000000002
5   11   4   10   0.1060032821
5   11   4   11   0.0000000014
5   11   4   12   0.1365808254
5   11   5   8   0.0000000000
5   11   5   9   0.0064601697
5   11   5   10   -0.0000000002
5   11   5   11   0.4922251859
5   11   5   12   0.0000000010
5   11   6   13   0.0000000000
5   11   6   14   -0.0000000000
5   11   7   13   -0.0000000000
5   11   7   14   0.0000000001
5   12   1   8   0.0127465270
5   12   1   9   -0.0000000000
5   12   1   10   0.0146192110
5   12   1   11   0.0000000006
5   12   1   12   0.0000080463
5   12   2   8   -0.0000000000
5   12   2   9   0.0122961255
5   12   2   10   -0.0000000010
5   12   2   11   -0.0133022124
5   12   2   12   -0.0000000003
5   12   3   8   0.0146192110
5   12   3   9   -0.0000000010
5   12   3   10   0.0706861019
5   12   3   11   0.0000000006
5   12   3   12   -0.0238180633
5   12   4   8   0.0000000006
5   12   4   9   -0.0133022124
5   12   4   10   0.0000000006
5   12   4   11   0.1344991050
5   12   4   12   0.0000000010
5   12   5   8   0.0000080463
5   12   5   9   -0.0000000003
5   12   5   10   -0.0238180633
5   12   5   11   0.0000000010
5   12   5   12   0.5123017589
5   12   6   13   0.0137040751
5   12   6   14   0.0000000000
5   12   7   13   0.0000000000
5   12   7   14   0.0137040748
5   13   1   13   -0.0066724773
5   13   1   14   -0.0000000000
5   13   2   13   0.0000000002
5   13   2   14   0.0000000000
5   13   3   13   -0.0451765000
5   13   3   14   -0.0000000000
5   13   4   13   0.0000000004
5   13   4   14   -0.0000000001
5   13   5   13   0.4626461850
5   13   5   14   0.0000000000
5   13   6   8   0.0027985855
5   13   6   9   -0.0000000001
5   13   6   10   0.0052553004
5   13   6   11   -0.0000000006
5   13   6   12   0.0163607969
5   13   7   10   -0.0000000000
5   13   7   11   -0.0000000000
5   13   7   12   -0.0000000000
5   14   1   13   -0.0000000000
5   14   1   14   -0.0066724772
5   14   2   13   0.0000000000
5   14   2   14   0.0000000002
5   14   3   13   -0.0000000000
5   14   3   14   -0.0451764999
5   14   4   13   -0.0000000001
5   14   4   14   0.0000000009
5   14   5   13   0.0000000000
5   14   5   14   0.4626461848
5   14   6   10   -0.0000000000
5   14   6   11   -0.0000000000
5   14   6   12   -0.0000000000
5   14   7   8   0.0027985855
5   14   7   9   -0.0000000001
5   14   7   10   0.0052553005
5   14   7   11   -0.0000000003
5   14   7   12   0.0163607969
6   8   1   13   0.0129978790
6   8   1   14   0.0000000000
6   8   2   13   -0.0000000001
6   8   3   13   0.0141751197
6   8   3   14   0.0000000000
6   8   4   13   0.0000000001
6   8   5   13   0.0027985855
6   8   6   8   0.6232787756
6   8   6   9   -0.0000000009
6   8   6   10   -0.0039327608
6   8   6   11   -0.0000000003
6   8   6   12   -0.0066724773
6   8   7   8   0.0000000001
6   8   7   9   0.0000000000
6   8   7   10   -0.0000000000
6   8   7   11   -0.0000000000
6   8   7   12   -0.0000000000
6   9   1   13   -0.0000000001
6   9   2   13   0.0127839428
6   9   2   14   0.0000000000
6   9   3   13   -0.0000000001
6   9   3   14   -0.0000000000
6   9   4   13   -0.0121331424
6   9   4   14   -0.0000000000
6   9   5   13   -0.0000000001
6   9   6   8   -0.0000000009
6   9   6   9   0.6232661823
6   9   6   10   0.0000000002
6   9   6   11   0.0071549611
6   9   6   12   0.0000000002
6   9   7   8   0.0000000000
6   9   7   9   0.0000000001
6   9   7   10   -0.0000000000
6   9   7   11   0.0000000000
6   9   7   12   0.0000000000
6   10   1   13   0.0141751197
6   10   1   14   0.0000000000
6   10   2   13   -0.0000000001
6   10   2   14   -0.0000000000
6   10   3   13   0.0744988787
6   10   3   14   0.0000000000
6   10   4   13   0.0000000005
6   10   4   14   -0.0000000000
6   10   5   13   0.0052553004
6   10   5   14   -0.0000000000
6   10   6   8   -0.0039327608
6   10   6   9   0.0000000002
6   10   6   10   0.5186272767
6   10   6   11   0.0000000004
6   10   6   12   -0.0451765000
6   10   7   8   -0.0000000000
6   10   7   9   -0.0000000000
6   10   7   10   0.0000000001
6   10   7   11   -0.0000000000
6   10   7   12   -0.0000000000
6   11   1   13   0.0000000001
6   11   2   13   -0.0121331424
6   11   2   14   -0.0000000000
6   11   3   13   0.0000000005
6   11   3   14   -0.0000000000
6   11   4   13   0.0474573108
6   11   4   14   -0.0000000000
6   11   5   13   -0.0000000006
6   11   5   14   -0.0000000000
6   11   6   8   -0.0000000003
6   11   6   9   0.0071549611
6   11   6   10   0.0000000004
6   11   6   11   0.4614943734
6   11   6   12   0.0000000004
6   11   7   8   -0.0000000000
6   11   7   9   0.0000000000
6   11   7   10   -0.0000000000
6   11   7   11   0.0000000000
6   11   7   12   -0.0000000001
6   12   1   13   0.0027985855
6   12   2   13   -0.0000000001
6   12   3   13   0.0052553004
6   12   3   14   -0.0000000000
6   12   4   13   -0.0000000006
6   12   4   14   -0.0000000000
6   12   5   13   0.0163607969
6   12   5   14   -0.0000000000
6   12   6   8   -0.0066724773
6   12   6   9   0.0000000002
6   12   6   10   -0.0451765000
6   12   6   11   0.0000000004
6   12   6   12   0.4626461850
6   12   7   8   -0.0000000000
6   12   7   9   0.0000000000
6   12   7   10   -0.0000000000
6   12   7   11   -0.0000000001
6   12   7   12   0.0000000000
6   13   1   8   0.0100682853
6   13   1   9   -0.0000000003
6   13   1   10   0.0134700310
6   13   1   11   0.0000000001
6   13   1   12   0.0025399096
6   13   2   8   -0.0000000003
6   13   2   9   0.0098449603
6   13   2   10   -0.0000000000
6   13   2   11   -0.0114419060
6   13   2   12   -0.0000000000
6   13   3   8   0.0134700310
6   13   3   9   -0.0000000000
6   13   3   10   0.0708988484
6   13   3   11   0.0000000009
6   13   3   12   0.0048853008
6   13   4   8   0.0000000001
6   13   4   9   -0.0114419060
6   13   4   10   0.0000000009
6   13   4   11   0.0448514425
6   13   4   12   0.0000000000
6   13   5   8   0.0025399096
6   13   5   9   -0.0000000000
6   13   5   10   0.0048853008
6   13   5   11   0.0000000000
6   13   5   12   0.0137040751
6   13   6   13   0.4907773332
6   13   6   14   0.0000000005
6   13   7   13   0.0000000005
6   13   7   14   0.0126854943
6   14   1   8   0.0000000000
6   14   1   9   -0.0000000000
6   14   1   10   0.0000000000
6   14   1   11   -0.0000000000
6   14   1   12   0.0000000000
6   14   2   8   -0.0000000000
6   14   2   9   0.0000000000
6   14   2   10   0.0000000000
6   14   2   11   -0.0000000000
6   14   2   12   0.0000000000
6   14   3   8   0.0000000000
6   14   3   9   0.0000000000
6   14   3   10   0.0000000000
6   14   3   11   -0.0000000000
6   14   3   12   -0.0000000000
6   14   4   8   -0.0000000000
6   14   4   9   -0.0000000000
6   14   4   10   -0.0000000000
6   14   4   11   0.0000000000
6   14   4   12   -0.0000000000
6   14   5   8   0.0000000000
6   14   5   9   0.0000000000
6   14   5   10   -0.0000000000
6   14   5   11   -0.0000000000
6   14   5   12   0.0000000000
6   14   6   13   0.0000000005
6   14   6   14   0.4627775410
6   14   7   13   0.0153142934
6   14   7   14   -0.0000000004
7   8   1   13   0.0000000000
7   8   1   14   0.0129978790
7   8   2   14   -0.0000000001
7   8   3   13   0.0000000000
7   8   3   14   0.0141751197
7   8   4   14   0.0000000001
7   8   5   14   0.0027985855
7   8   6   8   0.0000000001
7   8   6   9   0.0000000000
7   8   6   10   -0.0000000000
7   8   6   11   -0.0000000000
7   8   6   12   -0.0000000000
7   8   7   8   0.6232787750
7   8   7   9   -0.0000000010
7   8   7   10   -0.0039327607
7   8   7   11   -0.0000000003
7   8   7   12   -0.0066724772
7   9   1   14   -0.0000000001
7   9   2   13   0.0000000000
7   9   2   14   0.0127839428
7   9   3   13   -0.0000000000
7   9   3   14   -0.0000000001
7   9   4   13   -0.0000000000
7   9   4   14   -0.0121331424
7   9   5   14   -0.0000000001
7   9   6   8   0.0000000000
7   9   6   9   0.0000000001
7   9   6   10   -0.0000000000
7   9   6   11   0.0000000000
7   9   6   12   0.0000000000
7   9   7   8   -0.0000000010
7   9   7   9   0.6232661817
7   9   7   10   0.0000000002
7   9   7   11   0.0071549610
7   9   7   12   0.0000000002
7   10   1   13   0.0000000000
7   10   1   14   0.0141751197
7   10   2   13   -0.0000000000
7   10   2   14   -0.0000000001
7   10   3   13   0.0000000000
7   10   3   14   0.0744988786
7   10   4   13   -0.0000000000
7   10   4   14   0.0000000008
7   10   5   13   -0.0000000000
7   10   5   14   0.0052553005
7   10   6   8   -0.0000000000
7   10   6   9   -0.0000000000
7   10   6   10   0.0000000001
7   10   6   11   -0.0000000000
7   10   6   12   -0.0000000000
7   10   7   8   -0.0039327607
7   10   7   9   0.0000000002
7   10   7   10   0.5186272762
7   10   7   11   0.0000000007
7   10   7   12   -0.0451764999
7   11   1   14   0.0000000001
7   11   2   13   -0.0000000000
7   11   2   14   -0.0121331424
7   11   3   13   -0.0000000000
7   11   3   14   0.0000000008
7   11   4   13   -0.0000000000
7   11   4   14   0.0474573108
7   11   5   13   -0.0000000000
7   11   5   14   -0.0000000003
7   11   6   8   -0.0000000000
7   11   6   9   0.0000000000
7   11   6   10   -0.0000000000
7   11   6   11   0.0000000000
7   11   6   12   -0.0000000001
7   11   7   8   -0.0000000003
7   11   7   9   0.0071549610
7   11   7   10   0.0000000007
7   11   7   11   0.4614943733
7   11   7   12   0.0000000009
7   12   1   14   0.0027985855
7   12   2   14   -0.0000000001
7   12   3   13   -0.0000000000
7   12   3   14   0.0052553005
7   12   4   13   -0.0000000000
7   12   4   14   -0.0000000003
7   12   5   13   -0.0000000000
7   12   5   14   0.0163607969
7   12   6   8   -0.0000000000
7   12   6   9   0.0000000000
7   12   6   10   -0.0000000000
7   12   6   11   -0.0000000001
7   12   6   12   0.0000000000
7   12   7   8   -0.0066724772
7   12   7   9   0.0000000002
7   12   7   10   -0.0451764999
7   12   7   11   0.0000000009
7   12   7   12   0.4626461848
7   13   1   8   0.0000000000
7   13   1   9   -0.0000000000
7   13   1   10   0.0000000000
7   13   1   11   -0.0000000000
7   13   1   12   0.0000000000
7   13   2   8   -0.0000000000
7   13   2   9   0.0000000000
7   13   2   10   0.0000000000
7   13   2   11   -0.0000000000
7   13   2   12   0.0000000000
7   13   3   8   0.0000000000
7   13   3   9   0.0000000000
7   13   3   10   0.0000000000
7   13   3   11   -0.0000000000
7   13   3   12   -0.0000000000
7   13   4   8   -0.0000000000
7   13   4   9   -0.0000000000
7   13   4   10   -0.0000000000
7   13   4   11   0.0000000000
7   13   4   12   -0.0000000000
7   13   5   8   0.0000000000
7   13   5   9   0.0000000000
7   13   5   10   -0.0000000000
7   13   5   11   -0.0000000000
7   13   5   12   0.0000000000
7   13   6   13   0.0000000005
7   13   6   14   0.0153142934
7   13   7   13   0.4627775410
7   13   7   14   -0.0000000004
7   14   1   8   0.0100682853
7   14   1   9   -0.0000000002
7   14   1   10   0.0134700310
7   14   1   11   0.0000000001
7   14   1   12   0.0025399096
7   14   2   8   -0.0000000002
7   14   2   9   0.0098449602
7   14   2   10   -0.0000000001
7   14   2   11   -0.0114419060
7   14   2   12   -0.0000000001
7   14   3   8   0.0134700310
7   14   3   9   -0.0000000001
7   14   3   10   0.0708988480
7   14   3   11   0.0000000010
7   14   3   12   0.0048853011
7   14   4   8   0.0000000001
7   14   4   9   -0.0114419060
7   14   4   10   0.0000000010
7   14   4   11   0.0448514424
7   14   4   12   0.0000000001
7   14   5   8   0.0025399096
7   14   5   9   -0.0000000001
7   14   5   10   0.0048853011
7   14   5   11   0.0000000001
7   14   5   12   0.0137040748
7   14   6   13   0.0126854943
7   14   6   14   -0.0000000004
7   14   7   13   -0.0000000004
7   14   7   14   0.4907773320

End IJKL Block
Begin ABCD Block
1   4   1   4   0.4625756244
1   4   1   5   0.0000000027
1   4   2   4   0.0000000027
1   4   2   5   0.0172872938
1   4   3   6   0.0162653463
1   5   1   4   0.0000000027
1   5   1   5   0.4281747976
1   5   2   4   0.0171135356
1   5   2   5   -0.0000000028
1   5   3   6   -0.0000000001
1   6   1   6   0.3392056892
1   6   2   6   -0.0000000056
1   6   3   4   0.0163601154
1   6   3   5   0.0000000000
2   4   1   4   0.0000000027
2   4   1   5   0.0171135356
2   4   2   4   0.4281747976
2   4   2   5   -0.0000000028
2   4   3   6   -0.0000000001
2   5   1   4   0.0172872938
2   5   1   5   -0.0000000028
2   5   2   4   -0.0000000028
2   5   2   5   0.4625756246
2   5   3   6   0.0162653464
2   6   1   6   -0.0000000056
2   6   2   6   0.3392056980
2   6   3   4   0.0000000000
2   6   3   5   0.0163601154
3   4   1   6   0.0163601154
3   4   2   6   0.0000000000
3   4   3   4   0.3392056892
3   4   3   5   -0.0000000056
3   5   1   6   0.0000000000
3   5   2   6   0.0163601154
3   5   3   4   -0.0000000056
3   5   3   5   0.3392056980
3   6   1   4   0.0162653463
3   6   1   5   -0.0000000001
3   6   2   4   -0.0000000001
3   6   2   5   0.0162653464
3   6   3   6   0.3153754818

End ABCD Block
Begin AIJB Block
1   8   1   4   0.0127345553
1   8   2   4   0.0000000000
1   8   3   4   0.0112963867
1   8   4   4   0.0000000001
1   8   4   5   0.0000000000
1   8   5   4   0.0047518501
1   8   5   5   0.0000000000
1   8   6   6   0.0027130236
1   8   7   6   -0.0009514031
1   9   1   4   0.0000000000
1   9   2   4   0.0128832478
1   9   3   4   -0.0000000000
1   9   4   4   -0.0137719066
1   9   4   5   -0.0000000000
1   9   5   4   -0.0000000000
1   9   5   5   0.0000000000
1   9   6   6   -0.0000000001
1   9   7   6   0.0000000000
1   10   1   4   0.0112963867
1   10   2   4   -0.0000000000
1   10   3   4   0.0436260441
1   10   3   5   0.0000000000
1   10   4   4   -0.0000000001
1   10   4   5   -0.0000000000
1   10   5   4   0.0168417010
1   10   5   5   -0.0000000000
1   10   6   6   -0.0500136823
1   10   7   6   0.0175387985
1   11   1   4   0.0000000001
1   11   1   5   0.0000000000
1   11   2   4   -0.0137719066
1   11   2   5   -0.0000000000
1   11   3   4   -0.0000000001
1   11   3   5   -0.0000000000
1   11   4   4   0.0665517944
1   11   5   4   -0.0000000003
1   11   5   5   -0.0000000000
1   11   6   6   0.0000000004
1   11   7   6   -0.0000000002
1   12   1   4   0.0047518501
1   12   1   5   0.0000000000
1   12   2   4   -0.0000000000
1   12   2   5   0.0000000000
1   12   3   4   0.0168417010
1   12   3   5   -0.0000000000
1   12   4   4   -0.0000000003
1   12   4   5   -0.0000000000
1   12   5   4   0.0276550094
1   12   5   5   -0.0000000000
1   12   6   6   0.0576734432
1   12   7   6   -0.0202249237
1   13   1   6   -0.0055327816
1   13   2   6   0.0000000000
1   13   3   6   -0.0196369922
1   13   4   6   -0.0000000027
1   13   5   6   0.0022595825
1   13   6   4   0.1365102996
1   13   6   5   0.0419517238
1   13   7   4   -0.0419517214
1   13   7   5   0.0018002256
1   14   1   6   0.0019402359
1   14   2   6   -0.0000000000
1   14   3   6   0.0068863006
1   14   4   6   0.0000000011
1   14   5   6   -0.0007923907
1   14   6   4   -0.0419517214
1   14   6   5   0.1031177837
1   14   7   4   0.0315922880
1   14   7   5   -0.0419517237
2   8   1   5   0.0127345553
2   8   2   5   0.0000000000
2   8   3   5   0.0112963867
2   8   4   4   0.0000000000
2   8   4   5   0.0000000001
2   8   5   4   0.0000000000
2   8   5   5   0.0047518501
2   8   6   6   0.0009514031
2   8   7   6   0.0027130236
2   9   1   5   0.0000000000
2   9   2   5   0.0128832478
2   9   3   5   -0.0000000000
2   9   4   4   -0.0000000000
2   9   4   5   -0.0137719066
2   9   5   4   0.0000000000
2   9   5   5   -0.0000000001
2   9   6   6   -0.0000000000
2   9   7   6   -0.0000000001
2   10   1   5   0.0112963867
2   10   2   5   -0.0000000000
2   10   3   4   0.0000000000
2   10   3   5   0.0436260441
2   10   4   4   -0.0000000000
2   10   4   5   -0.0000000001
2   10   5   4   -0.0000000000
2   10   5   5   0.0168417011
2   10   6   6   -0.0175387981
2   10   7   6   -0.0500136829
2   11   1   4   0.0000000000
2   11   1   5   0.0000000001
2   11   2   4   -0.0000000000
2   11   2   5   -0.0137719066
2   11   3   4   -0.0000000000
2   11   3   5   -0.0000000001
2   11   4   5   0.0665517944
2   11   5   4   -0.0000000000
2   11   5   5   -0.0000000002
2   11   6   6   0.0000000001
2   11   7   6   0.0000000005
2   12   1   4   0.0000000000
2   12   1   5   0.0047518501
2   12   2   4   0.0000000000
2   12   2   5   -0.0000000001
2   12   3   4   -0.0000000000
2   12   3   5   0.0168417011
2   12   4   4   -0.0000000000
2   12   4   5   -0.0000000002
2   12   5   4   -0.0000000000
2   12   5   5   0.0276550094
2   12   6   6   0.0202249230
2   12   7   6   0.0576734443
2   13   1   6   -0.0019402359
2   13   2   6   0.0000000000
2   13   3   6   -0.0068863004
2   13   4   6   -0.0000000009
2   13   5   6   0.0007923903
2   13   6   4   0.0419517238
2   13   6   5   0.0315922880
2   13   7   4   0.1031177837
2   13   7   5   0.0419517215
2   14   1   6   -0.0055327816
2   14   2   6   0.0000000001
2   14   3   6   -0.0196369924
2   14   4   6   -0.0000000030
2   14   5   6   0.0022595830
2   14   6   4   0.0018002256
2   14   6   5   0.0419517215
2   14   7   4   -0.0419517237
2   14   7   5   0.1365102994
3   8   1   6   0.0124285190
3   8   2   6   0.0000000000
3   8   3   6   0.0023689351
3   8   4   6   0.0000000001
3   8   5   6   0.0005174039
3   8   6   4   -0.0055327816
3   8   6   5   -0.0019402359
3   8   7   4   0.0019402359
3   8   7   5   -0.0055327816
3   9   1   6   0.0000000000
3   9   2   6   0.0125436400
3   9   3   6   -0.0000000001
3   9   4   6   -0.0030007994
3   9   5   6   -0.0000000002
3   9   6   4   0.0000000000
3   9   6   5   0.0000000000
3   9   7   4   -0.0000000000
3   9   7   5   0.0000000001
3   10   1   6   0.0023689351
3   10   2   6   -0.0000000001
3   10   3   6   0.0449609407
3   10   4   6   -0.0000000003
3   10   5   6   -0.0253025349
3   10   6   4   -0.0196369922
3   10   6   5   -0.0068863004
3   10   7   4   0.0068863006
3   10   7   5   -0.0196369924
3   11   1   6   0.0000000001
3   11   2   6   -0.0030007994
3   11   3   6   -0.0000000003
3   11   4   6   0.0310576445
3   11   5   6   -0.0000000001
3   11   6   4   -0.0000000027
3   11   6   5   -0.0000000009
3   11   7   4   0.0000000011
3   11   7   5   -0.0000000030
3   12   1   6   0.0005174039
3   12   2   6   -0.0000000002
3   12   3   6   -0.0253025349
3   12   4   6   -0.0000000001
3   12   5   6   0.0517179387
3   12   6   4   0.0022595825
3   12   6   5   0.0007923903
3   12   7   4   -0.0007923907
3   12   7   5   0.0022595830
3   13   1   4   0.0027130236
3   13   1   5   0.0009514031
3   13   2   4   -0.0000000001
3   13   2   5   -0.0000000000
3   13   3   4   -0.0500136823
3   13   3   5   -0.0175387981
3   13   4   4   0.0000000004
3   13   4   5   0.0000000001
3   13   5   4   0.0576734432
3   13   5   5   0.0202249230
3   13   6   6   0.0161643349
3   13   7   6   -0.0000000001
3   14   1   4   -0.0009514031
3   14   1   5   0.0027130236
3   14   2   4   0.0000000000
3   14   2   5   -0.0000000001
3   14   3   4   0.0175387985
3   14   3   5   -0.0500136829
3   14   4   4   -0.0000000002
3   14   4   5   0.0000000005
3   14   5   4   -0.0202249237
3   14   5   5   0.0576734443
3   14   6   6   -0.0000000001
3   14   7   6   0.0161643355

1   8   8   1   -0.5969391194
1   8   8   2   -0.0000000000
1   8   9   1   -0.0000000001
1   8   9   2   0.0000000000
1   8   10   1   0.0045224812
1   8   10   2   -0.0000000000
1   8   11   1   0.0000000001
1   8   12   1   0.0023487953
1   8   12   2   -0.0000000000
1   8   13   3   0.0058464824
1   8   14   3   -0.0020502445
1   9   8   1   -0.0000000001
1   9   8   2   0.0000000000
1   9   9   1   -0.5969495612
1   9   9   2   -0.0000000000
1   9   10   1   -0.0000000002
1   9   10   2   -0.0000000000
1   9   11   1   -0.0051763183
1   9   11   2   0.0000000000
1   9   12   1   0.0000000001
1   9   12   2   0.0000000000
1   9   13   3   -0.0000000002
1   9   14   3   0.0000000001
1   10   8   1   0.0045224812
1   10   8   2   -0.0000000000
1   10   9   1   -0.0000000002
1   10   9   2   -0.0000000000
1   10   10   1   -0.4842803385
1   10   10   2   -0.0000000001
1   10   11   1   -0.0000000001
1   10   11   2   -0.0000000001
1   10   12   1   0.0221011961
1   10   12   2   -0.0000000000
1   10   13   3   0.0264354852
1   10   14   3   -0.0092703960
1   11   8   1   0.0000000001
1   11   9   1   -0.0051763183
1   11   9   2   0.0000000000
1   11   10   1   -0.0000000001
1   11   10   2   -0.0000000001
1   11   11   1   -0.4639438065
1   11   11   2   -0.0000000001
1   11   12   1   -0.0000000007
1   11   12   2   -0.0000000002
1   11   13   3   0.0000000048
1   11   14   3   -0.0000000016
1   12   8   1   0.0023487953
1   12   8   2   -0.0000000000
1   12   9   1   0.0000000001
1   12   9   2   0.0000000000
1   12   10   1   0.0221011961
1   12   10   2   -0.0000000000
1   12   11   1   -0.0000000007
1   12   11   2   -0.0000000002
1   12   12   1   -0.4627154869
1   12   12   2   -0.0000000000
1   12   13   3   -0.0051842366
1   12   14   3   0.0018180082
1   13   8   3   0.0057869597
1   13   9   3   -0.0000000001
1   13   10   3   0.0266814567
1   13   11   3   0.0000000047
1   13   12   3   -0.0067796424
1   13   13   1   -0.4767922925
1   13   13   2   -0.0113059309
1   13   14   1   0.0113059307
1   13   14   2   -0.0156258634
1   14   8   3   -0.0020293710
1   14   9   3   0.0000000000
1   14   10   3   -0.0093566534
1   14   11   3   -0.0000000016
1   14   12   3   0.0023774854
1   14   13   1   0.0113059307
1   14   13   2   -0.0126493941
1   14   14   1   -0.4485170344
1   14   14   2   0.0113059306
2   8   8   1   -0.0000000000
2   8   8   2   -0.5969391193
2   8   9   1   0.0000000000
2   8   9   2   -0.0000000001
2   8   10   1   -0.0000000000
2   8   10   2   0.0045224812
2   8   11   2   0.0000000001
2   8   12   1   -0.0000000000
2   8   12   2   0.0023487953
2   8   13   3   0.0020502445
2   8   14   3   0.0058464824
2   9   8   1   0.0000000000
2   9   8   2   -0.0000000001
2   9   9   1   -0.0000000000
2   9   9   2   -0.5969495611
2   9   10   1   -0.0000000000
2   9   10   2   -0.0000000001
2   9   11   1   0.0000000000
2   9   11   2   -0.0051763183
2   9   12   1   0.0000000000
2   9   12   2   0.0000000000
2   9   13   3   -0.0000000001
2   9   14   3   -0.0000000001
2   10   8   1   -0.0000000000
2   10   8   2   0.0045224812
2   10   9   1   -0.0000000000
2   10   9   2   -0.0000000001
2   10   10   1   -0.0000000001
2   10   10   2   -0.4842803384
2   10   11   1   -0.0000000001
2   10   11   2   0.0000000000
2   10   12   1   -0.0000000000
2   10   12   2   0.0221011961
2   10   13   3   0.0092703960
2   10   14   3   0.0264354852
2   11   8   2   0.0000000001
2   11   9   1   0.0000000000
2   11   9   2   -0.0051763183
2   11   10   1   -0.0000000001
2   11   10   2   0.0000000000
2   11   11   1   -0.0000000001
2   11   11   2   -0.4639438064
2   11   12   1   -0.0000000002
2   11   12   2   -0.0000000004
2   11   13   3   0.0000000017
2   11   14   3   0.0000000047
2   12   8   1   -0.0000000000
2   12   8   2   0.0023487953
2   12   9   1   0.0000000000
2   12   9   2   0.0000000000
2   12   10   1   -0.0000000000
2   12   10   2   0.0221011961
2   12   11   1   -0.0000000002
2   12   11   2   -0.0000000004
2   12   12   1   -0.0000000000
2   12   12   2   -0.4627154869
2   12   13   3   -0.0018180081
2   12   14   3   -0.0051842368
2   13   8   3   0.0020293710
2   13   9   3   -0.0000000000
2   13   10   3   0.0093566532
2   13   11   3   0.0000000017
2   13   12   3   -0.0023774849
2   13   13   1   -0.0113059309
2   13   13   2   -0.4485170348
2   13   14   1   -0.0126493941
2   13   14   2   -0.0113059308
2   14   8   3   0.0057869597
2   14   9   3   -0.0000000001
2   14   10   3   0.0266814569
2   14   11   3   0.0000000047
2   14   12   3   -0.0067796431
2   14   13   1   -0.0156258634
2   14   13   2   -0.0113059308
2   14   14   1   0.0113059306
2   14   14   2   -0.4767922916
3   8   8   3   -0.4427575227
3   8   9   3   -0.0000000006
3   8   10   3   0.0020193704
3   8   11   3   0.0000000065
3   8   12   3   0.0070767242
3   8   13   1   0.0057869597
3   8   13   2   0.0020293710
3   8   14   1   -0.0020293710
3   8   14   2   0.0057869597
3   9   8   3   -0.0000000006
3   9   9   3   -0.4427564418
3   9   10   3   -0.0000000069
3   9   11   3   -0.0055615300
3   9   12   3   -0.0000000002
3   9   13   1   -0.0000000001
3   9   13   2   -0.0000000000
3   9   14   1   0.0000000000
3   9   14   2   -0.0000000001
3   10   8   3   0.0020193704
3   10   9   3   -0.0000000069
3   10   10   3   -0.3836724059
3   10   11   3   0.0000000032
3   10   12   3   0.0306040034
3   10   13   1   0.0266814567
3   10   13   2   0.0093566532
3   10   14   1   -0.0093566534
3   10   14   2   0.0266814569
3   11   8   3   0.0000000065
3   11   9   3   -0.0055615300
3   11   10   3   0.0000000032
3   11   11   3   -0.3529832308
3   11   12   3   0.0000000046
3   11   13   1   0.0000000047
3   11   13   2   0.0000000017
3   11   14   1   -0.0000000016
3   11   14   2   0.0000000047
3   12   8   3   0.0070767242
3   12   9   3   -0.0000000002
3   12   10   3   0.0306040034
3   12   11   3   0.0000000046
3   12   12   3   -0.3699104898
3   12   13   1   -0.0067796424
3   12   13   2   -0.0023774849
3   12   14   1   0.0023774854
3   12   14   2   -0.0067796431
3   13   8   1   0.0058464824
3   13   8   2   0.0020502445
3   13   9   1   -0.0000000002
3   13   9   2   -0.0000000001
3   13   10   1   0.0264354852
3   13   10   2   0.0092703960
3   13   11   1   0.0000000048
3   13   11   2   0.0000000017
3   13   12   1   -0.0051842366
3   13   12   2   -0.0018180081
3   13   13   3   -0.3509308904
3   13   14   3   -0.0000000007
3   14   8   1   -0.0020502445
3   14   8   2   0.0058464824
3   14   9   1   0.0000000001
3   14   9   2   -0.0000000001
3   14   10   1   -0.0092703960
3   14   10   2   0.0264354852
3   14   11   1   -0.0000000016
3   14   11   2   0.0000000047
3   14   12   1   0.0018180082
3   14   12   2   -0.0051842368
3   14   13   3   -0.0000000007
3   14   14   3   -0.3509308841

End AIJB Block
Begin IJKA Block
1   8   1   6   -0.0000000002
1   8   2   6   0.0985122271
1   8   3   6   -0.0000000001
1   8   4   6   0.0133242139
1   8   5   6   0.0000000001
1   8   6   4   -0.0000000002
1   8   6   5   -0.0000000001
1   8   7   4   0.0000000000
1   8   7   5   -0.0000000001
1   9   1   6   0.0939484643
1   9   2   6   0.0000000001
1   9   3   6   -0.0172330690
1   9   4   6   0.0000000001
1   9   5   6   0.0040101196
1   9   6   4   0.0117113997
1   9   6   5   0.0041069537
1   9   7   4   -0.0041069537
1   9   7   5   0.0117113997
1   10   1   6   0.0000000001
1   10   2   6   -0.1274000917
1   10   3   6   -0.0000000001
1   10   4   6   -0.0058573931
1   10   5   6   -0.0000000006
1   10   6   4   -0.0000000000
1   10   7   4   0.0000000000
1   10   7   5   -0.0000000000
1   11   1   6   0.0912342134
1   11   2   6   0.0000000003
1   11   3   6   -0.0007843365
1   11   4   6   -0.0000000005
1   11   5   6   -0.0082966295
1   11   6   4   -0.0129551829
1   11   6   5   -0.0045431236
1   11   7   4   0.0045431236
1   11   7   5   -0.0129551829
1   12   1   6   -0.0000000004
1   12   2   6   0.1195905477
1   12   3   6   0.0000000003
1   12   4   6   0.0010329417
1   12   5   6   0.0000000000
1   12   6   4   -0.0000000000
1   12   6   5   -0.0000000000
1   12   7   4   0.0000000000
1   12   7   5   -0.0000000001
1   13   1   4   -0.0000000010
1   13   1   5   -0.0000000004
1   13   2   4   0.2268076314
1   13   2   5   0.0795369006
1   13   3   4   0.0000000001
1   13   3   5   0.0000000000
1   13   4   4   0.0017241444
1   13   4   5   0.0006046230
1   13   5   4   -0.0000000000
1   13   5   5   -0.0000000000
1   13   6   6   0.0000000001
1   13   7   6   -0.0000000000
1   14   1   4   0.0000000004
1   14   1   5   -0.0000000010
1   14   2   4   -0.0795369005
1   14   2   5   0.2268076311
1   14   3   4   -0.0000000000
1   14   3   5   0.0000000001
1   14   4   4   -0.0006046230
1   14   4   5   0.0017241444
1   14   5   4   -0.0000000000
1   14   5   5   0.0000000001
1   14   6   6   -0.0000000000
1   14   7   6   0.0000000001
2   8   1   6   0.0985167689
2   8   2   6   0.0000000001
2   8   3   6   -0.0171591067
2   8   4   6   0.0000000001
2   8   5   6   0.0037871804
2   8   6   4   0.0115401853
2   8   6   5   0.0040469122
2   8   7   4   -0.0040469122
2   8   7   5   0.0115401853
2   9   1   6   0.0000000001
2   9   2   6   0.0939885717
2   9   3   6   -0.0000000002
2   9   4   6   0.0132548015
2   9   5   6   0.0000000000
2   9   6   4   -0.0000000001
2   9   6   5   -0.0000000001
2   9   7   4   0.0000000000
2   9   7   5   -0.0000000001
2   10   1   6   -0.1273778136
2   10   2   6   -0.0000000002
2   10   3   6   0.0018946412
2   10   4   6   0.0000000004
2   10   5   6   0.0079974594
2   10   6   4   0.0105578083
2   10   6   5   0.0037024122
2   10   7   4   -0.0037024122
2   10   7   5   0.0105578083
2   11   1   6   0.0000000003
2   11   2   6   0.0912168943
2   11   3   6   0.0000000001
2   11   4   6   0.0051551346
2   11   5   6   0.0000000007
2   11   6   4   0.0000000000
2   11   6   5   0.0000000000
2   11   7   4   -0.0000000000
2   11   7   5   0.0000000001
2   12   1   6   0.1195721023
2   12   2   6   -0.0000000001
2   12   3   6   -0.0010960974
2   12   4   6   -0.0000000003
2   12   5   6   -0.0003236304
2   12   6   4   0.0040320257
2   12   6   5   0.0014139508
2   12   7   4   -0.0014139508
2   12   7   5   0.0040320257
2   13   1   4   0.2267699646
2   13   1   5   0.0795236917
2   13   2   4   -0.0000000005
2   13   2   5   -0.0000000002
2   13   3   4   -0.0037558246
2   13   3   5   -0.0013170926
2   13   4   4   -0.0000000001
2   13   4   5   -0.0000000000
2   13   5   4   0.0022970642
2   13   5   5   0.0008055345
2   13   6   6   -0.0057910403
2   13   7   6   0.0000000000
2   14   1   4   -0.0795236915
2   14   1   5   0.2267699643
2   14   2   4   0.0000000002
2   14   2   5   -0.0000000004
2   14   3   4   0.0013170926
2   14   3   5   -0.0037558246
2   14   4   4   0.0000000001
2   14   4   5   -0.0000000001
2   14   5   4   -0.0008055345
2   14   5   5   0.0022970642
2   14   6   6   0.0000000000
2   14   7   6   -0.0057910404
3   8   1   6   0.0000000000
3   8   2   6   -0.0178111284
3   8   3   6   0.0000000002
3   8   4   6   -0.0052130450
3   8   5   6   -0.0000000004
3   8   6   4   0.0000000000
3   8   6   5   0.0000000000
3   8   7   4   -0.0000000000
3   8   7   5   0.0000000000
3   9   1   6   -0.0178653602
3   9   2   6   -0.0000000001
3   9   3   6   -0.0047156557
3   9   4   6   -0.0000000000
3   9   5   6   0.0095416965
3   9   6   4   0.0134096811
3   9   6   5   0.0047025070
3   9   7   4   -0.0047025070
3   9   7   5   0.0134096810
3   10   1   6   -0.0000000002
3   10   2   6   0.0013457256
3   10   3   6   -0.0000000013
3   10   4   6   0.0491306469
3   10   5   6   -0.0000000003
3   10   6   4   0.0000000008
3   10   6   5   0.0000000003
3   10   7   4   -0.0000000003
3   10   7   5   0.0000000009
3   11   1   6   -0.0005958529
3   11   2   6   0.0000000001
3   11   3   6   0.0753082019
3   11   4   6   0.0000000002
3   11   5   6   -0.0336862255
3   11   6   4   -0.0571500884
3   11   6   5   -0.0200413931
3   11   7   4   0.0200413931
3   11   7   5   -0.0571500883
3   12   1   6   0.0000000005
3   12   2   6   -0.0008972241
3   12   3   6   0.0000000015
3   12   4   6   -0.0607816481
3   12   5   6   -0.0000000005
3   12   6   4   -0.0000000009
3   12   6   5   -0.0000000003
3   12   7   4   0.0000000004
3   12   7   5   -0.0000000010
3   13   1   4   0.0000000001
3   13   1   5   0.0000000000
3   13   2   4   -0.0031568426
3   13   2   5   -0.0011070416
3   13   3   4   -0.0000000001
3   13   3   5   -0.0000000000
3   13   4   4   -0.1153618805
3   13   4   5   -0.0404551045
3   13   5   4   -0.0000000003
3   13   5   5   -0.0000000001
3   13   6   6   -0.0000000064
3   13   7   6   -0.0000000001
3   14   1   4   -0.0000000001
3   14   1   5   0.0000000002
3   14   2   4   0.0011070415
3   14   2   5   -0.0031568425
3   14   3   4   0.0000000001
3   14   3   5   -0.0000000002
3   14   4   4   0.0404551044
3   14   4   5   -0.1153618803
3   14   5   4   0.0000000001
3   14   5   5   -0.0000000003
3   14   6   6   -0.0000000001
3   14   7   6   -0.0000000059
4   8   1   6   0.0139127610
4   8   2   6   0.0000000002
4   8   3   6   -0.0053686772
4   8   4   6   -0.0000000003
4   8   5   6   -0.0112369967
4   8   6   4   -0.0119943242
4   8   6   5   -0.0042061696
4   8   7   4   0.0042061696
4   8   7   5   -0.0119943242
4   9   1   6   0.0000000002
4   9   2   6   0.0138472846
4   9   4   6   0.0077401516
4   9   5   6   0.0000000005
4   9   6   4   0.0000000000
4   9   6   5   -0.0000000000
4   9   7   4   -0.0000000000
4   9   7   5   0.0000000000
4   10   1   6   -0.0054570589
4   10   2   6   0.0000000005
4   10   3   6   0.0496572937
4   10   4   6   -0.0000000001
4   10   5   6   0.0115694211
4   10   6   4   -0.0414636385
4   10   6   5   -0.0145404688
4   10   7   4   0.0145404688
4   10   7   5   -0.0414636384
4   11   1   6   -0.0000000006
4   11   2   6   0.0048695457
4   11   3   6   0.0000000006
4   11   4   6   0.0305155866
4   11   5   6   -0.0000000019
4   11   6   4   0.0000000011
4   11   6   5   0.0000000004
4   11   7   4   -0.0000000004
4   11   7   5   0.0000000012
4   12   1   6   0.0009000509
4   12   2   6   -0.0000000004
4   12   3   6   -0.0607651658
4   12   4   6   -0.0000000002
4   12   5   6   -0.0601396076
4   12   6   4   -0.0209269563
4   12   6   5   -0.0073386651
4   12   7   4   0.0073386650
4   12   7   5   -0.0209269562
4   13   1   4   0.0018035339
4   13   1   5   0.0006324633
4   13   2   4   -0.0000000001
4   13   2   5   -0.0000000000
4   13   3   4   -0.1140192247
4   13   3   5   -0.0399842619
4   13   4   4   -0.0000000009
4   13   4   5   -0.0000000003
4   13   5   4   -0.0977475190
4   13   5   5   -0.0342781002
4   13   6   6   0.0162268447
4   13   7   6   -0.0000000000
4   14   1   4   -0.0006324633
4   14   1   5   0.0018035339
4   14   2   4   0.0000000001
4   14   2   5   -0.0000000002
4   14   3   4   0.0399842618
4   14   3   5   -0.1140192245
4   14   4   4   0.0000000003
4   14   4   5   -0.0000000008
4   14   5   4   0.0342781000
4   14   5   5   -0.0977475188
4   14   6   6   -0.0000000000
4   14   7   6   0.0162268450
5   8   1   6   -0.0000000003
5   8   2   6   0.0042640235
5   8   3   6   -0.0000000004
5   8   4   6   -0.0114978853
5   8   5   6   -0.0000000003
5   8   6   4   -0.0000000001
5   8   6   5   -0.0000000000
5   8   7   4   0.0000000000
5   8   7   5   -0.0000000001
5   9   1   6   0.0044590417
5   9   2   6   -0.0000000003
5   9   3   6   0.0097519294
5   9   4   6   0.0000000005
5   9   5   6   0.0048847240
5   9   6   4   0.0028424824
5   9   6   5   0.0009968017
5   9   7   4   -0.0009968017
5   9   7   5   0.0028424824
5   10   1   6   -0.0000000006
5   10   2   6   0.0078019169
5   10   3   6   0.0000000010
5   10   4   6   0.0124082867
5   10   5   6   -0.0000000001
5   10   6   4   -0.0000000006
5   10   6   5   -0.0000000002
5   10   7   4   0.0000000002
5   10   7   5   -0.0000000006
5   11   1   6   -0.0078149081
5   11   2   6   0.0000000007
5   11   3   6   -0.0319986417
5   11   4   6   -0.0000000006
5   11   5   6   0.0291546646
5   11   6   4   -0.0161114645
5   11   6   5   -0.0056499684
5   11   7   4   0.0056499683
5   11   7   5   -0.0161114644
5   12   1   6   -0.0000000002
5   12   2   6   -0.0002536505
5   12   3   6   -0.0000000007
5   12   4   6   -0.0609152296
5   12   5   6   -0.0000000020
5   12   6   4   0.0000000024
5   12   6   5   0.0000000008
5   12   7   4   -0.0000000010
5   12   7   5   0.0000000027
5   13   1   4   -0.0000000000
5   13   1   5   -0.0000000000
5   13   2   4   0.0018067381
5   13   2   5   0.0006335869
5   13   3   4   -0.0000000007
5   13   3   5   -0.0000000003
5   13   4   4   -0.0963286440
5   13   4   5   -0.0337805291
5   13   5   4   -0.0000000011
5   13   5   5   -0.0000000004
5   13   6   6   0.0000000085
5   13   7   6   0.0000000001
5   14   1   4   -0.0000000000
5   14   1   5   0.0000000001
5   14   2   4   -0.0006335869
5   14   2   5   0.0018067380
5   14   3   4   0.0000000002
5   14   3   5   -0.0000000007
5   14   4   4   0.0337805289
5   14   4   5   -0.0963286437
5   14   5   4   0.0000000002
5   14   5   5   -0.0000000007
5   14   6   6   0.0000000001
5   14   7   6   0.0000000073
6   8   1   4   -0.0000000000
6   8   1   5   -0.0000000000
6   8   2   4   0.0125473231
6   8   2   5   0.0044000953
6   8   3   4   -0.0000000001
6   8   3   5   -0.0000000000
6   8   4   4   -0.0124994610
6   8   4   5   -0.0043833110
6   8   5   4   -0.0000000001
6   8   5   5   -0.0000000000
6   8   6   6   -0.0000000001
6   8   7   6   -0.0000000000
6   9   1   4   0.0126932340
6   9   1   5   0.0044512633
6   9   2   4   0.0000000000
6   9   2   5   0.0000000000
6   9   3   4   0.0139387680
6   9   3   5   0.0048880472
6   9   4   4   0.0000000001
6   9   4   5   0.0000000000
6   9   5   4   0.0030841766
6   9   5   5   0.0010815591
6   9   6   6   -0.0008411624
6   9   7   6   0.0000000000
6   10   1   4   -0.0000000001
6   10   1   5   -0.0000000000
6   10   2   4   0.0105692365
6   10   2   5   0.0037064199
6   10   3   4   0.0000000002
6   10   3   5   0.0000000001
6   10   4   4   -0.0406698153
6   10   4   5   -0.0142620909
6   10   5   4   -0.0000000001
6   10   5   5   -0.0000000000
6   10   6   6   -0.0000000022
6   10   7   6   -0.0000000000
6   11   1   4   -0.0122395635
6   11   1   5   -0.0042921702
6   11   2   4   0.0000000001
6   11   2   5   0.0000000001
6   11   3   4   -0.0543673630
6   11   3   5   -0.0190655469
6   11   4   4   0.0000000000
6   11   4   5   0.0000000000
6   11   5   4   -0.0179665149
6   11   5   5   -0.0063004975
6   11   6   6   0.0556627832
6   11   7   6   -0.0000000000
6   12   1   4   -0.0000000001
6   12   1   5   -0.0000000000
6   12   2   4   0.0038413338
6   12   2   5   0.0013470789
6   12   3   4   -0.0000000006
6   12   3   5   -0.0000000001
6   12   4   4   -0.0218728212
6   12   4   5   -0.0076703610
6   12   5   4   -0.0000000000
6   12   5   5   -0.0000000001
6   12   6   6   0.0000000011
6   12   7   6   0.0000000002
6   13   1   6   0.0000000001
6   13   2   6   -0.0051797999
6   13   3   6   -0.0000000038
6   13   4   6   0.0149413065
6   13   5   6   0.0000000042
6   13   6   4   -0.0000000022
6   13   6   5   -0.0000000008
6   13   7   4   -0.0000000002
6   13   7   5   0.0000000003
6   14   1   6   -0.0000000000
6   14   2   6   -0.0000000000
6   14   3   6   -0.0000000000
6   14   4   6   -0.0000000001
6   14   5   6   0.0000000001
6   14   6   4   0.0000000005
6   14   6   5   -0.0000000017
6   14   7   4   -0.0000000005
6   14   7   5   -0.0000000003
7   8   1   4   0.0000000000
7   8   1   5   -0.0000000000
7   8   2   4   -0.0044000953
7   8   2   5   0.0125473230
7   8   3   4   0.0000000000
7   8   3   5   -0.0000000001
7   8   4   4   0.0043833110
7   8   4   5   -0.0124994610
7   8   5   4   0.0000000000
7   8   5   5   -0.0000000001
7   8   6   6   -0.0000000000
7   8   7   6   -0.0000000001
7   9   1   4   -0.0044512633
7   9   1   5   0.0126932339
7   9   2   4   0.0000000000
7   9   2   5   -0.0000000000
7   9   3   4   -0.0048880472
7   9   3   5   0.0139387680
7   9   4   4   -0.0000000000
7   9   4   5   0.0000000001
7   9   5   4   -0.0010815591
7   9   5   5   0.0030841766
7   9   6   6   0.0000000000
7   9   7   6   -0.0008411625
7   10   1   4   0.0000000000
7   10   1   5   -0.0000000001
7   10   2   4   -0.0037064199
7   10   2   5   0.0105692365
7   10   3   4   0.0000000000
7   10   3   5   0.0000000001
7   10   4   4   0.0142620909
7   10   4   5   -0.0406698152
7   10   5   4   0.0000000001
7   10   5   5   -0.0000000002
7   10   6   6   -0.0000000000
7   10   7   6   -0.0000000020
7   11   1   4   0.0042921702
7   11   1   5   -0.0122395635
7   11   2   4   -0.0000000000
7   11   2   5   0.0000000001
7   11   3   4   0.0190655470
7   11   3   5   -0.0543673630
7   11   4   4   0.0000000001
7   11   4   5   -0.0000000001
7   11   5   4   0.0063004974
7   11   5   5   -0.0179665148
7   11   6   6   -0.0000000000
7   11   7   6   0.0556627835
7   12   1   4   0.0000000000
7   12   1   5   -0.0000000001
7   12   2   4   -0.0013470789
7   12   2   5   0.0038413338
7   12   3   4   0.0000000004
7   12   3   5   -0.0000000009
7   12   4   4   0.0076703610
7   12   4   5   -0.0218728212
7   12   5   4   -0.0000000001
7   12   5   5   0.0000000003
7   12   6   6   0.0000000002
7   12   7   6   -0.0000000010
7   13   1   6   -0.0000000000
7   13   2   6   -0.0000000000
7   13   3   6   -0.0000000000
7   13   4   6   -0.0000000001
7   13   5   6   0.0000000001
7   13   6   4   0.0000000001
7   13   6   5   -0.0000000005
7   13   7   4   -0.0000000015
7   13   7   5   -0.0000000006
7   14   1   6   0.0000000001
7   14   2   6   -0.0051797998
7   14   3   6   -0.0000000035
7   14   4   6   0.0149413070
7   14   5   6   0.0000000036
7   14   6   4   0.0000000006
7   14   6   5   0.0000000001
7   14   7   4   0.0000000004
7   14   7   5   -0.0000000011

End IJKA Block
Begin IABC Block
1   4   1   6   -0.0000000001
1   4   2   6   0.0000000000
1   4   3   4   -0.0000000001
1   4   3   5   -0.0000000000
1   5   1   6   0.0000000000
1   5   2   6   -0.0000000001
1   5   3   4   -0.0000000000
1   5   3   5   -0.0000000001
1   6   1   4   -0.0000000000
1   6   1   5   0.0000000000
1   6   2   4   0.0000000000
1   6   2   5   -0.0000000000
1   6   3   6   -0.0000000037
2   4   1   6   -0.0059136755
2   4   3   4   0.0010937285
2   4   3   5   0.0000000000
2   5   2   6   -0.0059136755
2   5   3   4   0.0000000000
2   5   3   5   0.0010937285
2   6   1   4   -0.0058362726
2   6   1   5   0.0000000000
2   6   2   4   0.0000000000
2   6   2   5   -0.0058362726
2   6   3   6   -0.0017041072
3   4   1   6   0.0000000000
3   4   2   6   0.0000000000
3   4   3   4   -0.0000000001
3   4   3   5   0.0000000003
3   5   1   6   0.0000000000
3   5   3   4   0.0000000003
3   5   3   5   -0.0000000005
3   6   1   4   0.0000000031
3   6   1   5   0.0000000002
3   6   2   4   0.0000000002
3   6   2   5   0.0000000028
3   6   3   6   0.0000000351
4   4   1   6   0.0176169503
4   4   2   6   -0.0000000001
4   4   3   4   0.0458664013
4   4   3   5   0.0000000001
4   5   1   6   -0.0000000001
4   5   2   6   0.0176169504
4   5   3   4   0.0000000001
4   5   3   5   0.0458664012
4   6   1   4   0.0163035570
4   6   1   5   0.0000000002
4   6   2   4   0.0000000002
4   6   2   5   0.0163035566
4   6   3   6   0.0212652673
5   4   1   6   -0.0000000018
5   4   2   6   -0.0000000000
5   4   3   4   -0.0000000008
5   4   3   5   -0.0000000005
5   5   1   6   -0.0000000000
5   5   2   6   -0.0000000018
5   5   3   4   -0.0000000005
5   5   3   5   -0.0000000000
5   6   1   4   -0.0000000040
5   6   1   5   0.0000000003
5   6   2   4   0.0000000003
5   6   2   5   -0.0000000044
5   6   3   6   -0.0000000718
6   4   1   4   -0.0000000000
6   4   1   5   -0.0000000001
6   4   2   4   -0.0000000000
6   4   2   5   -0.0000000001
6   4   3   6   0.0000000706
6   5   1   4   -0.0000000001
6   5   1   5   0.0000000001
6   5   2   4   0.0000000000
6   5   2   5   0.0000000001
6   5   3   6   0.0000000247
6   6   1   6   -0.0000000169
6   6   2   6   -0.0000000053
6   6   3   4   0.0000000595
6   6   3   5   0.0000000209
7   4   1   4   0.0000000001
7   4   1   5   0.0000000000
7   4   2   4   -0.0000000002
7   4   2   5   0.0000000000
7   4   3   6   -0.0000000249
7   5   1   4   -0.0000000000
7   5   1   5   0.0000000001
7   5   2   4   -0.0000000000
7   5   2   5   -0.0000000002
7   5   3   6   0.0000000708
7   6   1   6   0.0000000082
7   6   2   6   -0.0000000214
7   6   3   4   -0.0000000207
7   6   3   5   0.0000000591

End IABC Block
