Begin IJ Block
1   1   -25.5294506274
1   2   -0.0000000012
1   3   -0.4842321300
1   4   -0.0000000122
1   5   0.0157435029
2   2   -25.5294652103
2   3   -0.0000000121
2   4   0.4874852051
2   5   0.0000000006
3   3   -6.4288025013
3   4   0.0000000003
3   5   -0.1144098796
4   4   -6.4419537769
4   5   0.0000000034
4   7   0.0000000000
5   5   -5.9490949112
6   6   -5.9451451457
6   7   -0.0000000000
7   7   -5.9451451458

End IJ Block
Begin IA Block
1   3   0.0000000008
2   3   -0.0197591183
3   3   -0.0000000057
4   3   0.1920115371
5   1   0.0000000000
5   2   0.0000000000
5   3   0.0000000061
6   1   -0.0000000001
6   2   0.0000000003
7   1   0.0000000000
7   2   -0.0000000001
7   3   0.0000000000

End IA Block
Begin AB Block
1   1   -5.7480309428
1   2   0.0000000000
2   2   -5.7480309428
3   3   -5.8523891816

End AB Block
Begin IJAB Block
1   8   1   4   0.0129133222
1   8   2   5   0.0129133222
1   8   3   6   0.0136047507
1   9   1   4   0.0000000000
1   9   1   5   -0.0000000000
1   9   2   4   -0.0000000000
1   9   2   5   0.0000000000
1   9   3   6   -0.0000000000
1   10   1   4   -0.0136079167
1   10   2   5   -0.0136079167
1   10   3   6   -0.0140372858
1   11   1   4   -0.0000000004
1   11   1   5   -0.0000000000
1   11   2   4   -0.0000000000
1   11   2   5   -0.0000000003
1   11   3   6   -0.0000000004
1   12   1   4   0.0003525905
1   12   2   5   0.0003525905
1   12   3   6   0.0002628332
1   13   1   6   -0.0004790555
1   13   2   6   0.0009573866
1   13   3   4   0.0004072072
1   13   3   5   -0.0008137986
1   14   1   6   -0.0009573866
1   14   2   6   -0.0004790555
1   14   3   4   0.0008137986
1   14   3   5   0.0004072072
2   8   1   4   0.0000000000
2   8   1   5   -0.0000000000
2   8   2   4   -0.0000000000
2   8   2   5   0.0000000000
2   8   3   6   -0.0000000000
2   9   1   4   0.0129277372
2   9   2   5   0.0129277372
2   9   3   6   0.0136363797
2   10   1   4   -0.0000000004
2   10   1   5   0.0000000000
2   10   2   4   0.0000000000
2   10   2   5   -0.0000000004
2   10   3   6   -0.0000000003
2   11   1   4   0.0138651468
2   11   2   5   0.0138651468
2   11   3   6   0.0144333886
2   12   1   4   -0.0000000000
2   12   2   5   -0.0000000000
2   12   3   6   -0.0000000000
2   13   1   6   -0.0000000000
2   13   2   6   0.0000000000
2   13   3   4   -0.0000000000
2   13   3   5   0.0000000000
2   14   1   6   -0.0000000000
2   14   2   6   -0.0000000000
2   14   3   4   -0.0000000000
2   14   3   5   -0.0000000000
3   8   1   4   -0.0136079167
3   8   2   5   -0.0136079167
3   8   3   6   -0.0140372858
3   9   1   4   -0.0000000004
3   9   1   5   0.0000000000
3   9   2   4   0.0000000000
3   9   2   5   -0.0000000004
3   9   3   6   -0.0000000003
3   10   1   4   0.0592645761
3   10   2   5   0.0592645761
3   10   3   6   0.0613210982
3   11   1   4   -0.0000000001
3   11   1   5   0.0000000000
3   11   2   4   0.0000000000
3   11   2   5   -0.0000000002
3   11   3   6   0.0000000007
3   12   1   4   -0.0016801008
3   12   2   5   -0.0016801008
3   12   3   6   0.0069587509
3   13   1   6   0.0021137979
3   13   2   6   -0.0042243990
3   13   3   4   0.0022811315
3   13   3   5   -0.0045588131
3   14   1   6   0.0042243990
3   14   2   6   0.0021137979
3   14   3   4   0.0045588131
3   14   3   5   0.0022811315
4   8   1   4   -0.0000000004
4   8   1   5   -0.0000000000
4   8   2   4   -0.0000000000
4   8   2   5   -0.0000000003
4   8   3   6   -0.0000000004
4   9   1   4   0.0138651468
4   9   2   5   0.0138651468
4   9   3   6   0.0144333886
4   10   1   4   -0.0000000001
4   10   1   5   0.0000000000
4   10   2   4   0.0000000000
4   10   2   5   -0.0000000002
4   10   3   6   0.0000000007
4   11   1   4   0.0614087295
4   11   2   5   0.0614087295
4   11   3   6   0.0641230554
4   12   1   4   0.0000000001
4   12   2   5   0.0000000001
4   12   3   6   0.0000000007
4   13   1   6   -0.0000000001
4   13   2   6   0.0000000001
4   13   3   4   0.0000000002
4   13   3   5   -0.0000000003
4   14   1   6   -0.0000000001
4   14   2   6   -0.0000000001
4   14   3   4   0.0000000003
4   14   3   5   0.0000000002
5   8   1   4   0.0003525905
5   8   2   5   0.0003525905
5   8   3   6   0.0002628332
5   9   1   4   -0.0000000000
5   9   2   5   -0.0000000000
5   9   3   6   -0.0000000000
5   10   1   4   -0.0016801008
5   10   2   5   -0.0016801008
5   10   3   6   0.0069587509
5   11   1   4   0.0000000001
5   11   2   5   0.0000000001
5   11   3   6   0.0000000007
5   12   1   4   0.0234685948
5   12   2   5   0.0234685948
5   12   3   6   0.2542031685
5   13   1   6   0.0111646300
5   13   2   6   -0.0223123749
5   13   3   4   0.0932205908
5   13   3   5   -0.1863001964
5   14   1   6   0.0223123749
5   14   2   6   0.0111646300
5   14   3   4   0.1863001964
5   14   3   5   0.0932205908
6   8   1   6   0.0004072072
6   8   2   6   -0.0008137986
6   8   3   4   -0.0004790555
6   8   3   5   0.0009573866
6   9   1   6   -0.0000000000
6   9   2   6   0.0000000000
6   9   3   4   -0.0000000000
6   9   3   5   0.0000000000
6   10   1   6   0.0022811315
6   10   2   6   -0.0045588131
6   10   3   4   0.0021137979
6   10   3   5   -0.0042243990
6   11   1   6   0.0000000002
6   11   2   6   -0.0000000003
6   11   3   4   -0.0000000001
6   11   3   5   0.0000000001
6   12   1   6   0.0932205908
6   12   2   6   -0.1863001964
6   12   3   4   0.0111646300
6   12   3   5   -0.0223123749
6   13   1   4   0.0713810426
6   13   1   5   -0.0945398350
6   13   2   4   -0.0945398350
6   13   2   5   0.2130120349
6   13   3   6   0.0245082454
6   14   1   4   0.0945398342
6   14   1   5   0.0216349688
6   14   2   4   -0.1632659751
6   14   2   5   -0.0945398341
7   8   1   6   0.0008137986
7   8   2   6   0.0004072072
7   8   3   4   -0.0009573866
7   8   3   5   -0.0004790555
7   9   1   6   -0.0000000000
7   9   2   6   -0.0000000000
7   9   3   4   -0.0000000000
7   9   3   5   -0.0000000000
7   10   1   6   0.0045588131
7   10   2   6   0.0022811315
7   10   3   4   0.0042243990
7   10   3   5   0.0021137979
7   11   1   6   0.0000000003
7   11   2   6   0.0000000002
7   11   3   4   -0.0000000001
7   11   3   5   -0.0000000001
7   12   1   6   0.1863001964
7   12   2   6   0.0932205908
7   12   3   4   0.0223123749
7   12   3   5   0.0111646300
7   13   1   4   0.0945398342
7   13   1   5   -0.1632659751
7   13   2   4   0.0216349688
7   13   2   5   -0.0945398341
7   14   1   4   0.2130120349
7   14   1   5   0.0945398350
7   14   2   4   0.0945398350
7   14   2   5   0.0713810426
7   14   3   6   0.0245082454

End IJAB Block
Begin IJKL Block
1   8   1   8   2.1396925650
1   8   1   9   -0.0000000999
1   8   1   10   0.1999685598
1   8   1   11   0.0000000152
1   8   1   12   -0.0036332138
1   8   2   8   -0.0000000999
1   8   2   9   1.9793683281
1   8   2   10   -0.0000000051
1   8   2   11   -0.2015993419
1   8   2   12   -0.0000000001
1   8   3   8   0.1999685598
1   8   3   9   -0.0000000051
1   8   3   10   0.0292217677
1   8   3   11   0.0000000015
1   8   3   12   -0.0003273524
1   8   4   8   0.0000000152
1   8   4   9   -0.2015993419
1   8   4   10   0.0000000015
1   8   4   11   0.0296999535
1   8   4   12   -0.0000000000
1   8   5   8   -0.0036332138
1   8   5   9   -0.0000000001
1   8   5   10   -0.0003273524
1   8   5   11   -0.0000000000
1   8   5   12   0.0123660108
1   8   6   13   0.0126005286
1   8   7   14   0.0126005286
1   9   1   8   -0.0000000999
1   9   1   9   2.1397004891
1   9   1   10   -0.0000000051
1   9   1   11   -0.2016290515
1   9   1   12   -0.0000000002
1   9   2   8   1.9793732488
1   9   2   9   0.0000000999
1   9   2   10   0.2000408251
1   9   2   11   -0.0000000051
1   9   2   12   -0.0018263225
1   9   3   8   -0.0000000051
1   9   3   9   0.1999731948
1   9   3   10   -0.0000000000
1   9   3   11   -0.0294471519
1   9   3   12   -0.0000000000
1   9   4   8   -0.2015873530
1   9   4   9   -0.0000000051
1   9   4   10   -0.0294595632
1   9   4   11   0.0000000000
1   9   4   12   0.0008295529
1   9   5   8   -0.0000000001
1   9   5   9   -0.0036307965
1   9   5   10   -0.0000000000
1   9   5   11   0.0008327877
1   9   5   12   -0.0000000001
1   9   6   13   0.0000000000
1   9   6   14   0.0000000000
1   9   7   13   0.0000000000
1   9   7   14   0.0000000001
1   10   1   8   0.1999685598
1   10   1   9   -0.0000000051
1   10   1   10   0.5656862227
1   10   1   11   0.0000000206
1   10   1   12   0.0062303983
1   10   2   8   -0.0000000051
1   10   2   9   0.2000532562
1   10   2   10   -0.0000000002
1   10   2   11   -0.4075853419
1   10   2   12   -0.0000000007
1   10   3   8   0.0315821018
1   10   3   9   -0.0000000000
1   10   3   10   0.0084044872
1   10   3   11   0.0000000002
1   10   3   12   -0.0002212041
1   10   4   8   0.0000000016
1   10   4   9   -0.0315855522
1   10   4   10   0.0000000002
1   10   4   11   0.0089687075
1   10   4   12   0.0000000000
1   10   5   8   -0.0003436122
1   10   5   9   -0.0000000000
1   10   5   10   -0.0011624940
1   10   5   11   0.0000000000
1   10   5   12   -0.0141544595
1   10   6   13   -0.0142104368
1   10   7   14   -0.0142104368
1   11   1   8   0.0000000152
1   11   1   9   -0.2016290515
1   11   1   10   0.0000000206
1   11   1   11   0.5693823793
1   11   1   12   -0.0000000019
1   11   2   8   -0.2015873530
1   11   2   9   -0.0000000051
1   11   2   10   -0.4076083427
1   11   2   11   0.0000000003
1   11   2   12   0.0287152674
1   11   3   8   0.0000000016
1   11   3   9   -0.0315954665
1   11   3   10   0.0000000002
1   11   3   11   0.0088428549
1   11   3   12   -0.0000000000
1   11   4   8   0.0321333571
1   11   4   9   0.0000000000
1   11   4   10   0.0086248133
1   11   4   11   0.0000000002
1   11   4   12   0.0000775480
1   11   5   8   -0.0000000000
1   11   5   9   0.0007922514
1   11   5   10   0.0000000001
1   11   5   11   -0.0000479355
1   11   5   12   -0.0000000005
1   11   6   13   -0.0000000003
1   11   6   14   0.0000000000
1   11   7   13   0.0000000000
1   11   7   14   -0.0000000003
1   12   1   8   -0.0036332138
1   12   1   9   -0.0000000002
1   12   1   10   0.0062303983
1   12   1   11   -0.0000000019
1   12   1   12   0.5517825444
1   12   2   8   -0.0000000001
1   12   2   9   -0.0018281856
1   12   2   10   -0.0000000007
1   12   2   11   0.0287134442
1   12   2   12   -0.0000000056
1   12   2   14   0.0000000000
1   12   3   8   -0.0003436122
1   12   3   9   -0.0000000001
1   12   3   10   -0.0002077932
1   12   3   11   -0.0000000000
1   12   3   12   0.0061025385
1   12   4   8   -0.0000000000
1   12   4   9   0.0007871534
1   12   4   10   0.0000000001
1   12   4   11   0.0000254651
1   12   4   12   0.0000000002
1   12   5   8   0.0146200652
1   12   5   9   -0.0000000004
1   12   5   10   -0.0150062939
1   12   5   11   -0.0000000008
1   12   5   12   -0.0006947737
1   12   6   13   0.0001598065
1   12   7   14   0.0001598065
1   13   1   13   0.5557834020
1   13   1   14   0.0000000000
1   13   2   13   0.0000000035
1   13   2   14   0.0000000001
1   13   3   13   0.0063336328
1   13   4   13   0.0000000001
1   13   4   14   -0.0000000000
1   13   5   13   -0.0009515680
1   13   6   8   0.0150652142
1   13   6   9   0.0000000002
1   13   6   10   -0.0152202434
1   13   6   11   -0.0000000001
1   13   6   12   0.0002539253
1   13   7   9   0.0000000000
1   13   7   11   0.0000000000
1   14   1   13   0.0000000000
1   14   1   14   0.5557834020
1   14   2   12   0.0000000000
1   14   2   13   0.0000000001
1   14   2   14   0.0000000040
1   14   3   14   0.0063336328
1   14   4   13   -0.0000000000
1   14   4   14   0.0000000001
1   14   5   14   -0.0009515680
1   14   6   9   0.0000000000
1   14   6   11   0.0000000000
1   14   7   8   0.0150652142
1   14   7   9   0.0000000002
1   14   7   10   -0.0152202434
1   14   7   11   -0.0000000001
1   14   7   12   0.0002539253
2   8   1   8   -0.0000000999
2   8   1   9   1.9793732488
2   8   1   10   -0.0000000051
2   8   1   11   -0.2015873530
2   8   1   12   -0.0000000001
2   8   2   8   2.1397004891
2   8   2   9   0.0000000999
2   8   2   10   0.1999731948
2   8   2   11   -0.0000000051
2   8   2   12   -0.0036307965
2   8   3   8   -0.0000000051
2   8   3   9   0.2000408251
2   8   3   10   -0.0000000000
2   8   3   11   -0.0294595632
2   8   3   12   -0.0000000000
2   8   4   8   -0.2016290515
2   8   4   9   -0.0000000051
2   8   4   10   -0.0294471519
2   8   4   11   0.0000000000
2   8   4   12   0.0008327877
2   8   5   8   -0.0000000002
2   8   5   9   -0.0018263225
2   8   5   10   -0.0000000000
2   8   5   11   0.0008295529
2   8   5   12   -0.0000000001
2   8   6   13   0.0000000000
2   8   6   14   0.0000000000
2   8   7   13   0.0000000000
2   8   7   14   0.0000000001
2   9   1   8   1.9793683281
2   9   1   9   0.0000000999
2   9   1   10   0.2000532562
2   9   1   11   -0.0000000051
2   9   1   12   -0.0018281856
2   9   2   8   0.0000000999
2   9   2   9   2.1397013994
2   9   2   10   0.0000000150
2   9   2   11   -0.2016234067
2   9   2   12   -0.0000000003
2   9   3   8   0.2000532562
2   9   3   9   0.0000000150
2   9   3   10   0.0291981839
2   9   3   11   -0.0000000015
2   9   3   12   -0.0003279670
2   9   4   8   -0.0000000051
2   9   4   9   -0.2016234067
2   9   4   10   -0.0000000015
2   9   4   11   0.0297234433
2   9   4   12   0.0000000001
2   9   5   8   -0.0018281856
2   9   5   9   -0.0000000003
2   9   5   10   -0.0003279670
2   9   5   11   0.0000000001
2   9   5   12   0.0123234585
2   9   6   13   0.0125779638
2   9   7   14   0.0125779638
2   10   1   8   -0.0000000051
2   10   1   9   0.2000408251
2   10   1   10   -0.0000000002
2   10   1   11   -0.4076083427
2   10   1   12   -0.0000000007
2   10   2   8   0.1999731948
2   10   2   9   0.0000000150
2   10   2   10   0.5656736492
2   10   2   11   -0.0000000206
2   10   2   12   0.0062274057
2   10   3   8   -0.0000000000
2   10   3   9   0.0315814931
2   10   3   10   0.0000000002
2   10   3   11   -0.0086514644
2   10   3   12   -0.0000000000
2   10   4   8   -0.0315954665
2   10   4   9   -0.0000000016
2   10   4   10   -0.0087918881
2   10   4   11   0.0000000002
2   10   4   12   -0.0003384534
2   10   5   8   -0.0000000001
2   10   5   9   -0.0003458734
2   10   5   11   -0.0012278678
2   10   5   12   -0.0000000002
2   10   6   13   -0.0000000005
2   10   6   14   -0.0000000000
2   10   7   13   -0.0000000000
2   10   7   14   -0.0000000005
2   11   1   8   -0.2015993419
2   11   1   9   -0.0000000051
2   11   1   10   -0.4075853419
2   11   1   11   0.0000000003
2   11   1   12   0.0287134442
2   11   2   8   -0.0000000051
2   11   2   9   -0.2016234067
2   11   2   10   -0.0000000206
2   11   2   11   0.5693965154
2   11   2   12   0.0000000010
2   11   3   8   -0.0315855522
2   11   3   9   -0.0000000016
2   11   3   10   -0.0089975884
2   11   3   11   0.0000000002
2   11   3   12   0.0004628454
2   11   4   8   0.0000000000
2   11   4   9   0.0321353310
2   11   4   10   0.0000000002
2   11   4   11   -0.0085913452
2   11   4   12   0.0000000000
2   11   5   8   0.0007871534
2   11   5   9   0.0000000000
2   11   5   10   -0.0011233122
2   11   5   11   -0.0000000000
2   11   5   12   0.0137828920
2   11   6   13   0.0140909044
2   11   7   14   0.0140909044
2   12   1   8   -0.0000000001
2   12   1   9   -0.0018263225
2   12   1   10   -0.0000000007
2   12   1   11   0.0287152674
2   12   1   12   -0.0000000056
2   12   1   14   0.0000000000
2   12   2   8   -0.0036307965
2   12   2   9   -0.0000000003
2   12   2   10   0.0062274057
2   12   2   11   0.0000000010
2   12   2   12   0.5517826649
2   12   3   8   -0.0000000000
2   12   3   9   -0.0003458734
2   12   3   10   0.0000000000
2   12   3   11   0.0004370522
2   12   3   12   0.0000000001
2   12   4   8   0.0007922514
2   12   4   9   0.0000000000
2   12   4   10   -0.0002588844
2   12   4   11   -0.0000000000
2   12   4   12   -0.0061598566
2   12   5   8   -0.0000000004
2   12   5   9   0.0145812921
2   12   5   10   0.0000000001
2   12   5   11   0.0147019610
2   12   5   12   0.0000000000
2   12   6   13   -0.0000000001
2   12   7   14   -0.0000000001
2   13   1   13   0.0000000035
2   13   1   14   0.0000000001
2   13   2   13   0.5557840427
2   13   2   14   0.0000000000
2   13   3   13   0.0000000002
2   13   3   14   0.0000000000
2   13   4   13   -0.0063897769
2   13   5   13   -0.0000000000
2   13   6   8   0.0000000002
2   13   6   9   0.0150456316
2   13   6   10   -0.0000000007
2   13   6   11   0.0151744372
2   13   6   12   0.0000000000
2   13   7   8   0.0000000000
2   13   7   10   -0.0000000000
2   14   1   12   0.0000000000
2   14   1   13   0.0000000001
2   14   1   14   0.0000000040
2   14   2   13   0.0000000000
2   14   2   14   0.5557840427
2   14   3   13   0.0000000000
2   14   3   14   0.0000000002
2   14   4   14   -0.0063897769
2   14   5   14   -0.0000000000
2   14   6   8   0.0000000000
2   14   6   10   -0.0000000000
2   14   7   8   0.0000000002
2   14   7   9   0.0150456316
2   14   7   10   -0.0000000007
2   14   7   11   0.0151744372
2   14   7   12   0.0000000000
3   8   1   8   0.1999685598
3   8   1   9   -0.0000000051
3   8   1   10   0.0315821018
3   8   1   11   0.0000000016
3   8   1   12   -0.0003436122
3   8   2   8   -0.0000000051
3   8   2   9   0.2000532562
3   8   2   10   -0.0000000000
3   8   2   11   -0.0315855522
3   8   2   12   -0.0000000000
3   8   3   8   0.5656862227
3   8   3   9   -0.0000000002
3   8   3   10   0.0084044872
3   8   3   11   0.0000000002
3   8   3   12   -0.0011624940
3   8   4   8   0.0000000206
3   8   4   9   -0.4075853419
3   8   4   10   0.0000000002
3   8   4   11   0.0089687075
3   8   4   12   0.0000000000
3   8   5   8   0.0062303983
3   8   5   9   -0.0000000007
3   8   5   10   -0.0002212041
3   8   5   11   0.0000000000
3   8   5   12   -0.0141544595
3   8   6   13   -0.0142104368
3   8   7   14   -0.0142104368
3   9   1   8   -0.0000000051
3   9   1   9   0.1999731948
3   9   1   10   -0.0000000000
3   9   1   11   -0.0315954665
3   9   1   12   -0.0000000001
3   9   2   8   0.2000408251
3   9   2   9   0.0000000150
3   9   2   10   0.0315814931
3   9   2   11   -0.0000000016
3   9   2   12   -0.0003458734
3   9   3   8   -0.0000000002
3   9   3   9   0.5656736492
3   9   3   10   0.0000000002
3   9   3   11   -0.0087918881
3   9   4   8   -0.4076083427
3   9   4   9   -0.0000000206
3   9   4   10   -0.0086514644
3   9   4   11   0.0000000002
3   9   4   12   -0.0012278678
3   9   5   8   -0.0000000007
3   9   5   9   0.0062274057
3   9   5   10   -0.0000000000
3   9   5   11   -0.0003384534
3   9   5   12   -0.0000000002
3   9   6   13   -0.0000000005
3   9   6   14   -0.0000000000
3   9   7   13   -0.0000000000
3   9   7   14   -0.0000000005
3   10   1   8   0.0292217677
3   10   1   9   -0.0000000000
3   10   1   10   0.0084044872
3   10   1   11   0.0000000002
3   10   1   12   -0.0002077932
3   10   2   8   -0.0000000000
3   10   2   9   0.0291981839
3   10   2   10   0.0000000002
3   10   2   11   -0.0089975884
3   10   2   12   0.0000000000
3   10   3   8   0.0084044872
3   10   3   9   0.0000000002
3   10   3   10   0.4180405553
3   10   3   11   0.0000000001
3   10   3   12   0.0091113654
3   10   4   8   0.0000000002
3   10   4   9   -0.0089975884
3   10   4   10   0.0000000001
3   10   4   11   0.2561523450
3   10   4   12   0.0000000004
3   10   5   8   -0.0002077932
3   10   5   9   0.0000000000
3   10   5   10   0.0091113654
3   10   5   11   0.0000000004
3   10   5   12   0.0617806629
3   10   6   13   0.0598065024
3   10   7   14   0.0598065024
3   11   1   8   0.0000000015
3   11   1   9   -0.0294471519
3   11   1   10   0.0000000002
3   11   1   11   0.0088428549
3   11   1   12   -0.0000000000
3   11   2   8   -0.0294595632
3   11   2   9   -0.0000000015
3   11   2   10   -0.0086514644
3   11   2   11   0.0000000002
3   11   2   12   0.0004370522
3   11   3   8   0.0000000002
3   11   3   9   -0.0087918881
3   11   3   10   0.0000000001
3   11   3   11   0.4165707919
3   11   3   12   -0.0000000001
3   11   4   8   0.0086248133
3   11   4   9   0.0000000002
3   11   4   10   0.2588692058
3   11   4   11   -0.0000000002
3   11   4   12   -0.0234227341
3   11   5   8   0.0000000001
3   11   5   9   -0.0002588844
3   11   5   10   0.0000000003
3   11   5   11   0.0037609208
3   11   5   12   0.0000000011
3   11   6   13   -0.0000000006
3   11   6   14   -0.0000000000
3   11   7   13   -0.0000000000
3   11   7   14   -0.0000000007
3   12   1   8   -0.0003273524
3   12   1   9   -0.0000000000
3   12   1   10   -0.0002212041
3   12   1   11   -0.0000000000
3   12   1   12   0.0061025385
3   12   2   8   -0.0000000000
3   12   2   9   -0.0003279670
3   12   2   10   -0.0000000000
3   12   2   11   0.0004628454
3   12   2   12   0.0000000001
3   12   3   8   -0.0011624940
3   12   3   10   0.0091113654
3   12   3   11   -0.0000000001
3   12   3   12   0.4050519991
3   12   4   8   0.0000000001
3   12   4   9   -0.0011233122
3   12   4   10   0.0000000003
3   12   4   11   -0.0229770652
3   12   4   12   0.0000000030
3   12   4   14   -0.0000000000
3   12   5   8   -0.0150062939
3   12   5   9   0.0000000001
3   12   5   10   0.0615920045
3   12   5   11   0.0000000016
3   12   5   12   0.0099554189
3   12   6   13   -0.0001253614
3   12   7   14   -0.0001253614
3   13   1   13   0.0063336328
3   13   2   13   0.0000000002
3   13   2   14   0.0000000000
3   13   3   13   0.4047435451
3   13   3   14   0.0000000000
3   13   4   13   -0.0000000020
3   13   4   14   -0.0000000001
3   13   5   13   0.0087115721
3   13   6   8   -0.0152202434
3   13   6   9   -0.0000000007
3   13   6   10   0.0603048328
3   13   6   11   -0.0000000010
3   13   6   12   0.0003041351
3   13   7   9   -0.0000000000
3   13   7   11   -0.0000000000
3   14   1   14   0.0063336328
3   14   2   13   0.0000000000
3   14   2   14   0.0000000002
3   14   3   13   0.0000000000
3   14   3   14   0.4047435451
3   14   4   12   -0.0000000000
3   14   4   13   -0.0000000001
3   14   4   14   -0.0000000023
3   14   5   14   0.0087115721
3   14   6   9   -0.0000000000
3   14   6   11   -0.0000000000
3   14   7   8   -0.0152202434
3   14   7   9   -0.0000000007
3   14   7   10   0.0603048328
3   14   7   11   -0.0000000011
3   14   7   12   0.0003041351
4   8   1   8   0.0000000152
4   8   1   9   -0.2015873530
4   8   1   10   0.0000000016
4   8   1   11   0.0321333571
4   8   1   12   -0.0000000000
4   8   2   8   -0.2016290515
4   8   2   9   -0.0000000051
4   8   2   10   -0.0315954665
4   8   2   11   0.0000000000
4   8   2   12   0.0007922514
4   8   3   8   0.0000000206
4   8   3   9   -0.4076083427
4   8   3   10   0.0000000002
4   8   3   11   0.0086248133
4   8   3   12   0.0000000001
4   8   4   8   0.5693823793
4   8   4   9   0.0000000003
4   8   4   10   0.0088428549
4   8   4   11   0.0000000002
4   8   4   12   -0.0000479355
4   8   5   8   -0.0000000019
4   8   5   9   0.0287152674
4   8   5   10   -0.0000000000
4   8   5   11   0.0000775480
4   8   5   12   -0.0000000005
4   8   6   13   -0.0000000003
4   8   6   14   0.0000000000
4   8   7   13   0.0000000000
4   8   7   14   -0.0000000003
4   9   1   8   -0.2015993419
4   9   1   9   -0.0000000051
4   9   1   10   -0.0315855522
4   9   1   11   0.0000000000
4   9   1   12   0.0007871534
4   9   2   8   -0.0000000051
4   9   2   9   -0.2016234067
4   9   2   10   -0.0000000016
4   9   2   11   0.0321353310
4   9   2   12   0.0000000000
4   9   3   8   -0.4075853419
4   9   3   9   -0.0000000206
4   9   3   10   -0.0089975884
4   9   3   11   0.0000000002
4   9   3   12   -0.0011233122
4   9   4   8   0.0000000003
4   9   4   9   0.5693965154
4   9   4   10   0.0000000002
4   9   4   11   -0.0085913452
4   9   4   12   -0.0000000000
4   9   5   8   0.0287134442
4   9   5   9   0.0000000010
4   9   5   10   0.0004628454
4   9   5   11   0.0000000000
4   9   5   12   0.0137828920
4   9   6   13   0.0140909044
4   9   7   14   0.0140909044
4   10   1   8   0.0000000015
4   10   1   9   -0.0294595632
4   10   1   10   0.0000000002
4   10   1   11   0.0086248133
4   10   1   12   0.0000000001
4   10   2   8   -0.0294471519
4   10   2   9   -0.0000000015
4   10   2   10   -0.0087918881
4   10   2   11   0.0000000002
4   10   2   12   -0.0002588844
4   10   3   8   0.0000000002
4   10   3   9   -0.0086514644
4   10   3   10   0.0000000001
4   10   3   11   0.2588692058
4   10   3   12   0.0000000003
4   10   4   8   0.0088428549
4   10   4   9   0.0000000002
4   10   4   10   0.4165707919
4   10   4   11   -0.0000000002
4   10   4   12   0.0037609208
4   10   5   8   -0.0000000000
4   10   5   9   0.0004370522
4   10   5   10   -0.0000000001
4   10   5   11   -0.0234227341
4   10   5   12   0.0000000011
4   10   6   13   -0.0000000006
4   10   6   14   -0.0000000000
4   10   7   13   -0.0000000000
4   10   7   14   -0.0000000007
4   11   1   8   0.0296999535
4   11   1   9   0.0000000000
4   11   1   10   0.0089687075
4   11   1   11   0.0000000002
4   11   1   12   0.0000254651
4   11   2   8   0.0000000000
4   11   2   9   0.0297234433
4   11   2   10   0.0000000002
4   11   2   11   -0.0085913452
4   11   2   12   -0.0000000000
4   11   3   8   0.0089687075
4   11   3   9   0.0000000002
4   11   3   10   0.2561523450
4   11   3   11   -0.0000000002
4   11   3   12   -0.0229770652
4   11   4   8   0.0000000002
4   11   4   9   -0.0085913452
4   11   4   10   -0.0000000002
4   11   4   11   0.4205869668
4   11   4   12   -0.0000000005
4   11   5   8   0.0000254651
4   11   5   9   -0.0000000000
4   11   5   10   -0.0229770652
4   11   5   11   -0.0000000005
4   11   5   12   0.0580025309
4   11   6   13   0.0581441853
4   11   7   14   0.0581441853
4   12   1   8   -0.0000000000
4   12   1   9   0.0008295529
4   12   1   10   0.0000000000
4   12   1   11   0.0000775480
4   12   1   12   0.0000000002
4   12   2   8   0.0008327877
4   12   2   9   0.0000000001
4   12   2   10   -0.0003384534
4   12   2   11   0.0000000000
4   12   2   12   -0.0061598566
4   12   3   8   0.0000000000
4   12   3   9   -0.0012278678
4   12   3   10   0.0000000004
4   12   3   11   -0.0234227341
4   12   3   12   0.0000000030
4   12   3   14   -0.0000000000
4   12   4   8   -0.0000479355
4   12   4   9   -0.0000000000
4   12   4   10   0.0037609208
4   12   4   11   -0.0000000005
4   12   4   12   0.4048813422
4   12   5   8   -0.0000000008
4   12   5   9   0.0147019610
4   12   5   10   0.0000000016
4   12   5   11   0.0570974583
4   12   5   12   -0.0000000009
4   12   6   13   0.0000000002
4   12   7   14   0.0000000002
4   13   1   13   0.0000000001
4   13   1   14   -0.0000000000
4   13   2   13   -0.0063897769
4   13   3   13   -0.0000000020
4   13   3   14   -0.0000000001
4   13   4   13   0.4047878476
4   13   4   14   0.0000000000
4   13   5   13   -0.0000000006
4   13   5   14   0.0000000000
4   13   6   8   -0.0000000001
4   13   6   9   0.0151744372
4   13   6   10   -0.0000000010
4   13   6   11   0.0573462591
4   13   6   12   -0.0000000007
4   13   7   8   0.0000000000
4   13   7   10   -0.0000000000
4   14   1   13   -0.0000000000
4   14   1   14   0.0000000001
4   14   2   14   -0.0063897769
4   14   3   12   -0.0000000000
4   14   3   13   -0.0000000001
4   14   3   14   -0.0000000023
4   14   4   13   0.0000000000
4   14   4   14   0.4047878476
4   14   5   13   0.0000000000
4   14   5   14   -0.0000000006
4   14   6   8   0.0000000000
4   14   6   10   -0.0000000000
4   14   7   8   -0.0000000001
4   14   7   9   0.0151744372
4   14   7   10   -0.0000000011
4   14   7   11   0.0573462591
4   14   7   12   -0.0000000007
5   8   1   8   -0.0036332138
5   8   1   9   -0.0000000001
5   8   1   10   -0.0003436122
5   8   1   11   -0.0000000000
5   8   1   12   0.0146200652
5   8   2   8   -0.0000000002
5   8   2   9   -0.0018281856
5   8   2   10   -0.0000000001
5   8   2   11   0.0007871534
5   8   2   12   -0.0000000004
5   8   3   8   0.0062303983
5   8   3   9   -0.0000000007
5   8   3   10   -0.0002077932
5   8   3   11   0.0000000001
5   8   3   12   -0.0150062939
5   8   4   8   -0.0000000019
5   8   4   9   0.0287134442
5   8   4   10   -0.0000000000
5   8   4   11   0.0000254651
5   8   4   12   -0.0000000008
5   8   5   8   0.5517825444
5   8   5   9   -0.0000000056
5   8   5   10   0.0061025385
5   8   5   11   0.0000000002
5   8   5   12   -0.0006947737
5   8   6   13   0.0001598065
5   8   7   9   0.0000000000
5   8   7   14   0.0001598065
5   9   1   8   -0.0000000001
5   9   1   9   -0.0036307965
5   9   1   10   -0.0000000000
5   9   1   11   0.0007922514
5   9   1   12   -0.0000000004
5   9   2   8   -0.0018263225
5   9   2   9   -0.0000000003
5   9   2   10   -0.0003458734
5   9   2   11   0.0000000000
5   9   2   12   0.0145812921
5   9   3   8   -0.0000000007
5   9   3   9   0.0062274057
5   9   3   10   0.0000000000
5   9   3   11   -0.0002588844
5   9   3   12   0.0000000001
5   9   4   8   0.0287152674
5   9   4   9   0.0000000010
5   9   4   10   0.0004370522
5   9   4   11   -0.0000000000
5   9   4   12   0.0147019610
5   9   5   8   -0.0000000056
5   9   5   9   0.5517826649
5   9   5   10   0.0000000001
5   9   5   11   -0.0061598566
5   9   5   12   0.0000000000
5   9   6   13   -0.0000000001
5   9   7   8   0.0000000000
5   9   7   14   -0.0000000001
5   10   1   8   -0.0003273524
5   10   1   9   -0.0000000000
5   10   1   10   -0.0011624940
5   10   1   11   0.0000000001
5   10   1   12   -0.0150062939
5   10   2   8   -0.0000000000
5   10   2   9   -0.0003279670
5   10   2   11   -0.0011233122
5   10   2   12   0.0000000001
5   10   3   8   -0.0002212041
5   10   3   9   -0.0000000000
5   10   3   10   0.0091113654
5   10   3   11   0.0000000003
5   10   3   12   0.0615920045
5   10   4   8   -0.0000000000
5   10   4   9   0.0004628454
5   10   4   10   -0.0000000001
5   10   4   11   -0.0229770652
5   10   4   12   0.0000000016
5   10   5   8   0.0061025385
5   10   5   9   0.0000000001
5   10   5   10   0.4050519991
5   10   5   11   0.0000000030
5   10   5   12   0.0099554189
5   10   6   13   -0.0001253614
5   10   7   11   -0.0000000000
5   10   7   14   -0.0001253614
5   11   1   8   -0.0000000000
5   11   1   9   0.0008327877
5   11   1   10   0.0000000000
5   11   1   11   -0.0000479355
5   11   1   12   -0.0000000008
5   11   2   8   0.0008295529
5   11   2   9   0.0000000001
5   11   2   10   -0.0012278678
5   11   2   11   -0.0000000000
5   11   2   12   0.0147019610
5   11   3   8   0.0000000000
5   11   3   9   -0.0003384534
5   11   3   10   0.0000000004
5   11   3   11   0.0037609208
5   11   3   12   0.0000000016
5   11   4   8   0.0000775480
5   11   4   9   0.0000000000
5   11   4   10   -0.0234227341
5   11   4   11   -0.0000000005
5   11   4   12   0.0570974583
5   11   5   8   0.0000000002
5   11   5   9   -0.0061598566
5   11   5   10   0.0000000030
5   11   5   11   0.4048813422
5   11   5   12   -0.0000000009
5   11   6   13   0.0000000002
5   11   7   10   -0.0000000000
5   11   7   14   0.0000000002
5   12   1   8   0.0123660108
5   12   1   9   -0.0000000001
5   12   1   10   -0.0141544595
5   12   1   11   -0.0000000005
5   12   1   12   -0.0006947737
5   12   2   8   -0.0000000001
5   12   2   9   0.0123234585
5   12   2   10   -0.0000000002
5   12   2   11   0.0137828920
5   12   2   12   0.0000000000
5   12   3   8   -0.0141544595
5   12   3   9   -0.0000000002
5   12   3   10   0.0617806629
5   12   3   11   0.0000000011
5   12   3   12   0.0099554189
5   12   4   8   -0.0000000005
5   12   4   9   0.0137828920
5   12   4   10   0.0000000011
5   12   4   11   0.0580025309
5   12   4   12   -0.0000000009
5   12   5   8   -0.0006947737
5   12   5   9   0.0000000000
5   12   5   10   0.0099554189
5   12   5   11   -0.0000000009
5   12   5   12   0.4090444446
5   12   6   13   0.0139853914
5   12   7   14   0.0139853914
5   13   1   13   -0.0009515680
5   13   2   13   -0.0000000000
5   13   3   13   0.0087115721
5   13   4   13   -0.0000000006
5   13   4   14   0.0000000000
5   13   5   13   0.3865708304
5   13   5   14   0.0000000000
5   13   6   8   0.0002539253
5   13   6   9   0.0000000000
5   13   6   10   0.0003041351
5   13   6   11   -0.0000000007
5   13   6   12   0.0055453269
5   14   1   14   -0.0009515680
5   14   2   14   -0.0000000000
5   14   3   14   0.0087115721
5   14   4   13   0.0000000000
5   14   4   14   -0.0000000006
5   14   5   13   0.0000000000
5   14   5   14   0.3865708304
5   14   7   8   0.0002539253
5   14   7   9   0.0000000000
5   14   7   10   0.0003041351
5   14   7   11   -0.0000000007
5   14   7   12   0.0055453269
6   8   1   13   0.0150652142
6   8   2   13   0.0000000002
6   8   2   14   0.0000000000
6   8   3   13   -0.0152202434
6   8   4   13   -0.0000000001
6   8   4   14   0.0000000000
6   8   5   13   0.0002539253
6   8   6   8   0.5557834020
6   8   6   9   0.0000000035
6   8   6   10   0.0063336328
6   8   6   11   0.0000000001
6   8   6   12   -0.0009515680
6   8   7   8   0.0000000000
6   8   7   9   0.0000000001
6   8   7   11   -0.0000000000
6   9   1   13   0.0000000002
6   9   1   14   0.0000000000
6   9   2   13   0.0150456316
6   9   3   13   -0.0000000007
6   9   3   14   -0.0000000000
6   9   4   13   0.0151744372
6   9   5   13   0.0000000000
6   9   6   8   0.0000000035
6   9   6   9   0.5557840427
6   9   6   10   0.0000000002
6   9   6   11   -0.0063897769
6   9   6   12   -0.0000000000
6   9   7   8   0.0000000001
6   9   7   9   0.0000000000
6   9   7   10   0.0000000000
6   10   1   13   -0.0152202434
6   10   2   13   -0.0000000007
6   10   2   14   -0.0000000000
6   10   3   13   0.0603048328
6   10   4   13   -0.0000000010
6   10   4   14   -0.0000000000
6   10   5   13   0.0003041351
6   10   6   8   0.0063336328
6   10   6   9   0.0000000002
6   10   6   10   0.4047435451
6   10   6   11   -0.0000000020
6   10   6   12   0.0087115721
6   10   7   9   0.0000000000
6   10   7   10   0.0000000000
6   10   7   11   -0.0000000001
6   11   1   13   -0.0000000001
6   11   1   14   0.0000000000
6   11   2   13   0.0151744372
6   11   3   13   -0.0000000010
6   11   3   14   -0.0000000000
6   11   4   13   0.0573462591
6   11   5   13   -0.0000000007
6   11   6   8   0.0000000001
6   11   6   9   -0.0063897769
6   11   6   10   -0.0000000020
6   11   6   11   0.4047878476
6   11   6   12   -0.0000000006
6   11   7   8   -0.0000000000
6   11   7   10   -0.0000000001
6   11   7   11   0.0000000000
6   11   7   12   0.0000000000
6   12   1   13   0.0002539253
6   12   2   13   0.0000000000
6   12   3   13   0.0003041351
6   12   4   13   -0.0000000007
6   12   5   13   0.0055453269
6   12   6   8   -0.0009515680
6   12   6   9   -0.0000000000
6   12   6   10   0.0087115721
6   12   6   11   -0.0000000006
6   12   6   12   0.3865708304
6   12   7   11   0.0000000000
6   12   7   12   0.0000000000
6   13   1   8   0.0126005286
6   13   1   9   0.0000000000
6   13   1   10   -0.0142104368
6   13   1   11   -0.0000000003
6   13   1   12   0.0001598065
6   13   2   8   0.0000000000
6   13   2   9   0.0125779638
6   13   2   10   -0.0000000005
6   13   2   11   0.0140909044
6   13   2   12   -0.0000000001
6   13   3   8   -0.0142104368
6   13   3   9   -0.0000000005
6   13   3   10   0.0598065024
6   13   3   11   -0.0000000006
6   13   3   12   -0.0001253614
6   13   4   8   -0.0000000003
6   13   4   9   0.0140909044
6   13   4   10   -0.0000000006
6   13   4   11   0.0581441853
6   13   4   12   0.0000000002
6   13   5   8   0.0001598065
6   13   5   9   -0.0000000001
6   13   5   10   -0.0001253614
6   13   5   11   0.0000000002
6   13   5   12   0.0139853914
6   13   6   13   0.4033895406
6   13   6   14   0.0000000023
6   13   7   13   0.0000000023
6   13   7   14   0.0137974690
6   14   1   9   0.0000000000
6   14   1   11   0.0000000000
6   14   2   8   0.0000000000
6   14   2   10   -0.0000000000
6   14   3   9   -0.0000000000
6   14   3   11   -0.0000000000
6   14   4   8   0.0000000000
6   14   4   10   -0.0000000000
6   14   6   13   0.0000000023
6   14   6   14   0.3856934799
6   14   7   13   0.0038985968
6   14   7   14   -0.0000000023
7   8   1   14   0.0150652142
7   8   2   13   0.0000000000
7   8   2   14   0.0000000002
7   8   3   14   -0.0152202434
7   8   4   13   0.0000000000
7   8   4   14   -0.0000000001
7   8   5   9   0.0000000000
7   8   5   14   0.0002539253
7   8   6   8   0.0000000000
7   8   6   9   0.0000000001
7   8   6   11   -0.0000000000
7   8   7   8   0.5557834020
7   8   7   9   0.0000000040
7   8   7   10   0.0063336328
7   8   7   11   0.0000000001
7   8   7   12   -0.0009515680
7   9   1   13   0.0000000000
7   9   1   14   0.0000000002
7   9   2   14   0.0150456316
7   9   3   13   -0.0000000000
7   9   3   14   -0.0000000007
7   9   4   14   0.0151744372
7   9   5   8   0.0000000000
7   9   5   14   0.0000000000
7   9   6   8   0.0000000001
7   9   6   9   0.0000000000
7   9   6   10   0.0000000000
7   9   7   8   0.0000000040
7   9   7   9   0.5557840427
7   9   7   10   0.0000000002
7   9   7   11   -0.0063897769
7   9   7   12   -0.0000000000
7   10   1   14   -0.0152202434
7   10   2   13   -0.0000000000
7   10   2   14   -0.0000000007
7   10   3   14   0.0603048328
7   10   4   13   -0.0000000000
7   10   4   14   -0.0000000011
7   10   5   11   -0.0000000000
7   10   5   14   0.0003041351
7   10   6   9   0.0000000000
7   10   6   10   0.0000000000
7   10   6   11   -0.0000000001
7   10   7   8   0.0063336328
7   10   7   9   0.0000000002
7   10   7   10   0.4047435451
7   10   7   11   -0.0000000023
7   10   7   12   0.0087115721
7   11   1   13   0.0000000000
7   11   1   14   -0.0000000001
7   11   2   14   0.0151744372
7   11   3   13   -0.0000000000
7   11   3   14   -0.0000000011
7   11   4   14   0.0573462591
7   11   5   10   -0.0000000000
7   11   5   14   -0.0000000007
7   11   6   8   -0.0000000000
7   11   6   10   -0.0000000001
7   11   6   11   0.0000000000
7   11   6   12   0.0000000000
7   11   7   8   0.0000000001
7   11   7   9   -0.0063897769
7   11   7   10   -0.0000000023
7   11   7   11   0.4047878476
7   11   7   12   -0.0000000006
7   12   1   14   0.0002539253
7   12   2   14   0.0000000000
7   12   3   14   0.0003041351
7   12   4   14   -0.0000000007
7   12   5   14   0.0055453269
7   12   6   11   0.0000000000
7   12   6   12   0.0000000000
7   12   7   8   -0.0009515680
7   12   7   9   -0.0000000000
7   12   7   10   0.0087115721
7   12   7   11   -0.0000000006
7   12   7   12   0.3865708304
7   13   1   9   0.0000000000
7   13   1   11   0.0000000000
7   13   2   8   0.0000000000
7   13   2   10   -0.0000000000
7   13   3   9   -0.0000000000
7   13   3   11   -0.0000000000
7   13   4   8   0.0000000000
7   13   4   10   -0.0000000000
7   13   6   13   0.0000000023
7   13   6   14   0.0038985968
7   13   7   13   0.3856934799
7   13   7   14   -0.0000000023
7   14   1   8   0.0126005286
7   14   1   9   0.0000000001
7   14   1   10   -0.0142104368
7   14   1   11   -0.0000000003
7   14   1   12   0.0001598065
7   14   2   8   0.0000000001
7   14   2   9   0.0125779638
7   14   2   10   -0.0000000005
7   14   2   11   0.0140909044
7   14   2   12   -0.0000000001
7   14   3   8   -0.0142104368
7   14   3   9   -0.0000000005
7   14   3   10   0.0598065024
7   14   3   11   -0.0000000007
7   14   3   12   -0.0001253614
7   14   4   8   -0.0000000003
7   14   4   9   0.0140909044
7   14   4   10   -0.0000000007
7   14   4   11   0.0581441853
7   14   4   12   0.0000000002
7   14   5   8   0.0001598065
7   14   5   9   -0.0000000001
7   14   5   10   -0.0001253614
7   14   5   11   0.0000000002
7   14   5   12   0.0139853914
7   14   6   13   0.0137974690
7   14   6   14   -0.0000000023
7   14   7   13   -0.0000000023
7   14   7   14   0.4033895406

End IJKL Block
Begin ABCD Block
1   4   1   4   0.3989846469
1   4   1   5   -0.0000000027
1   4   2   4   -0.0000000027
1   4   2   5   0.0156360101
1   4   3   6   0.0162159756
1   5   1   4   -0.0000000027
1   5   1   5   0.3695177312
1   5   2   4   0.0138309160
1   5   2   5   0.0000000027
1   6   1   6   0.3766834700
1   6   3   4   0.0145291157
2   4   1   4   -0.0000000027
2   4   1   5   0.0138309160
2   4   2   4   0.3695177312
2   4   2   5   0.0000000027
2   5   1   4   0.0156360101
2   5   1   5   0.0000000027
2   5   2   4   0.0000000027
2   5   2   5   0.3989846469
2   5   3   6   0.0162159756
2   6   2   6   0.3766834700
2   6   3   5   0.0145291157
3   4   1   6   0.0145291157
3   4   3   4   0.3766834700
3   5   2   6   0.0145291157
3   5   3   5   0.3766834700
3   6   1   4   0.0162159756
3   6   2   5   0.0162159756
3   6   3   6   0.4152608485

End ABCD Block
Begin AIJB Block
1   8   1   4   0.0124256880
1   8   2   4   0.0000000000
1   8   2   5   -0.0000000000
1   8   3   4   -0.0127255979
1   8   4   4   -0.0000000003
1   8   4   5   -0.0000000000
1   8   5   4   0.0002263389
1   8   6   6   0.0004443782
1   8   7   6   0.0008880843
1   9   1   4   0.0000000000
1   9   1   5   -0.0000000000
1   9   2   4   0.0124396481
1   9   3   4   -0.0000000003
1   9   3   5   0.0000000000
1   9   4   4   0.0129614393
1   9   5   4   -0.0000000000
1   9   6   6   0.0000000000
1   9   7   6   0.0000000000
1   10   1   4   -0.0127255979
1   10   2   4   -0.0000000003
1   10   2   5   0.0000000000
1   10   3   4   0.0619193578
1   10   4   4   -0.0000000001
1   10   4   5   0.0000000000
1   10   5   4   -0.0023901158
1   10   6   6   0.0018536415
1   10   7   6   0.0037044796
1   11   1   4   -0.0000000003
1   11   1   5   -0.0000000000
1   11   2   4   0.0129614393
1   11   3   4   -0.0000000001
1   11   3   5   0.0000000000
1   11   4   4   0.0655720650
1   11   5   4   0.0000000012
1   11   6   6   0.0000000002
1   11   7   6   0.0000000005
1   12   1   4   0.0002263389
1   12   2   4   -0.0000000000
1   12   3   4   -0.0023901158
1   12   4   4   0.0000000012
1   12   5   4   0.0276137954
1   12   6   6   0.0922877528
1   12   7   6   0.1844359312
1   13   1   6   -0.0003716229
1   13   2   6   -0.0000000000
1   13   3   6   0.0013177438
1   13   4   6   -0.0000000005
1   13   5   6   0.0084343131
1   13   6   4   0.0750501937
1   13   6   5   -0.0910163010
1   13   7   4   0.0910163002
1   13   7   5   -0.1627355235
1   14   1   6   -0.0007426837
1   14   2   6   -0.0000000000
1   14   3   6   0.0026334947
1   14   4   6   -0.0000000011
1   14   5   6   0.0168558703
1   14   6   4   0.0910163002
1   14   6   5   0.0263831566
1   14   7   4   0.2114025479
1   14   7   5   0.0910163010
2   8   1   5   0.0124256880
2   8   2   4   -0.0000000000
2   8   2   5   0.0000000000
2   8   3   5   -0.0127255979
2   8   4   4   -0.0000000000
2   8   4   5   -0.0000000003
2   8   5   5   0.0002263389
2   8   6   6   -0.0008880843
2   8   7   6   0.0004443782
2   9   1   4   -0.0000000000
2   9   1   5   0.0000000000
2   9   2   5   0.0124396481
2   9   3   4   0.0000000000
2   9   3   5   -0.0000000004
2   9   4   5   0.0129614393
2   9   5   5   -0.0000000000
2   9   6   6   -0.0000000000
2   9   7   6   0.0000000000
2   10   1   5   -0.0127255979
2   10   2   4   0.0000000000
2   10   2   5   -0.0000000004
2   10   3   5   0.0619193578
2   10   4   4   0.0000000000
2   10   4   5   -0.0000000001
2   10   5   5   -0.0023901158
2   10   6   6   -0.0037044796
2   10   7   6   0.0018536415
2   11   1   4   -0.0000000000
2   11   1   5   -0.0000000003
2   11   2   5   0.0129614393
2   11   3   4   0.0000000000
2   11   3   5   -0.0000000001
2   11   4   5   0.0655720650
2   11   5   5   0.0000000012
2   11   6   6   -0.0000000005
2   11   7   6   0.0000000002
2   12   1   5   0.0002263389
2   12   2   5   -0.0000000000
2   12   3   5   -0.0023901158
2   12   4   5   0.0000000012
2   12   5   5   0.0276137954
2   12   6   6   -0.1844359312
2   12   7   6   0.0922877528
2   13   1   6   0.0007426837
2   13   2   6   0.0000000000
2   13   3   6   -0.0026334947
2   13   4   6   0.0000000011
2   13   5   6   -0.0168558703
2   13   6   4   -0.0910163010
2   13   6   5   0.2114025479
2   13   7   4   0.0263831566
2   13   7   5   -0.0910163002
2   14   1   6   -0.0003716229
2   14   2   6   -0.0000000000
2   14   3   6   0.0013177438
2   14   4   6   -0.0000000005
2   14   5   6   0.0084343131
2   14   6   4   -0.1627355235
2   14   6   5   -0.0910163002
2   14   7   4   0.0910163010
2   14   7   5   0.0750501937
3   8   1   6   0.0130414608
3   8   2   6   -0.0000000000
3   8   3   6   -0.0130569962
3   8   4   6   -0.0000000004
3   8   5   6   0.0004782590
3   8   6   4   -0.0003716229
3   8   6   5   0.0007426837
3   8   7   4   -0.0007426837
3   8   7   5   -0.0003716229
3   9   1   6   -0.0000000000
3   9   2   6   0.0130725915
3   9   3   6   -0.0000000003
3   9   4   6   0.0134646355
3   9   5   6   -0.0000000000
3   9   6   4   -0.0000000000
3   9   6   5   0.0000000000
3   9   7   4   -0.0000000000
3   9   7   5   -0.0000000000
3   10   1   6   -0.0130569962
3   10   2   6   -0.0000000003
3   10   3   6   0.0624956214
3   10   4   6   0.0000000001
3   10   5   6   0.0038840248
3   10   6   4   0.0013177438
3   10   6   5   -0.0026334947
3   10   7   4   0.0026334947
3   10   7   5   0.0013177438
3   11   1   6   -0.0000000004
3   11   2   6   0.0134646355
3   11   3   6   0.0000000001
3   11   4   6   0.0669479611
3   11   5   6   0.0000000006
3   11   6   4   -0.0000000005
3   11   6   5   0.0000000011
3   11   7   4   -0.0000000011
3   11   7   5   -0.0000000005
3   12   1   6   0.0004782590
3   12   2   6   -0.0000000000
3   12   3   6   0.0038840248
3   12   4   6   0.0000000006
3   12   5   6   0.2499371351
3   12   6   4   0.0084343131
3   12   6   5   -0.0168558703
3   12   7   4   0.0168558703
3   12   7   5   0.0084343131
3   13   1   4   0.0004443782
3   13   1   5   -0.0008880843
3   13   2   4   0.0000000000
3   13   2   5   -0.0000000000
3   13   3   4   0.0018536415
3   13   3   5   -0.0037044796
3   13   4   4   0.0000000002
3   13   4   5   -0.0000000005
3   13   5   4   0.0922877528
3   13   5   5   -0.1844359312
3   13   6   6   0.0291038921
3   14   1   4   0.0008880843
3   14   1   5   0.0004443782
3   14   2   4   0.0000000000
3   14   2   5   0.0000000000
3   14   3   4   0.0037044796
3   14   3   5   0.0018536415
3   14   4   4   0.0000000005
3   14   4   5   0.0000000002
3   14   5   4   0.1844359312
3   14   5   5   0.0922877528
3   14   7   6   0.0291038921

1   8   8   1   -0.5243994344
1   8   9   1   -0.0000000004
1   8   9   2   0.0000000001
1   8   9   3   0.0000000000
1   8   10   1   -0.0049086756
1   8   11   1   -0.0000000001
1   8   11   2   -0.0000000000
1   8   12   1   0.0007747630
1   8   13   3   0.0004224088
1   8   14   3   0.0008441788
1   9   8   1   -0.0000000004
1   9   8   2   0.0000000001
1   9   8   3   0.0000000000
1   9   9   1   -0.5243993514
1   9   10   1   -0.0000000001
1   9   10   2   0.0000000000
1   9   11   1   0.0049887076
1   9   12   1   0.0000000000
1   9   13   3   -0.0000000000
1   9   14   3   -0.0000000001
1   10   8   1   -0.0049086756
1   10   9   1   -0.0000000001
1   10   9   2   0.0000000000
1   10   10   1   -0.4027820781
1   10   11   1   0.0000000003
1   10   11   2   -0.0000000001
1   10   11   3   -0.0000000000
1   10   12   1   -0.0061616657
1   10   13   3   -0.0015573674
1   10   14   3   -0.0031123794
1   11   8   1   -0.0000000001
1   11   8   2   -0.0000000000
1   11   9   1   0.0049887076
1   11   10   1   0.0000000003
1   11   10   2   -0.0000000001
1   11   10   3   -0.0000000000
1   11   11   1   -0.4045423571
1   11   12   1   -0.0000000001
1   11   12   2   0.0000000000
1   11   13   3   -0.0000000007
1   11   14   3   -0.0000000014
1   12   8   1   0.0007747630
1   12   9   1   0.0000000000
1   12   10   1   -0.0061616657
1   12   11   1   -0.0000000001
1   12   11   2   0.0000000000
1   12   12   1   -0.3908212577
1   12   13   3   -0.0085335686
1   12   14   3   -0.0170542311
1   13   8   3   0.0003996570
1   13   9   3   -0.0000000001
1   13   10   3   -0.0016668064
1   13   11   3   -0.0000000002
1   13   12   3   -0.0091840401
1   13   13   1   -0.3998610259
1   13   13   2   0.0160790787
1   13   14   1   -0.0160790780
1   13   14   2   0.0115153876
1   14   8   3   0.0007987095
1   14   9   3   -0.0000000001
1   14   10   3   -0.0033310919
1   14   11   3   -0.0000000004
1   14   12   3   -0.0183541903
1   14   13   1   -0.0160790780
1   14   13   2   0.0125728340
1   14   14   1   -0.4239492358
1   14   14   2   -0.0160790787
2   8   8   2   -0.5243994344
2   8   9   1   0.0000000001
2   8   9   2   -0.0000000009
2   8   9   3   0.0000000000
2   8   10   2   -0.0049086756
2   8   11   1   -0.0000000000
2   8   11   2   -0.0000000001
2   8   12   2   0.0007747630
2   8   13   3   -0.0008441788
2   8   14   3   0.0004224088
2   9   8   1   0.0000000001
2   9   8   2   -0.0000000009
2   9   8   3   0.0000000000
2   9   9   2   -0.5243993514
2   9   10   1   0.0000000000
2   9   10   2   -0.0000000001
2   9   11   2   0.0049887076
2   9   12   2   0.0000000000
2   9   13   3   0.0000000001
2   9   14   3   -0.0000000000
2   10   8   2   -0.0049086756
2   10   9   1   0.0000000000
2   10   9   2   -0.0000000001
2   10   10   2   -0.4027820781
2   10   11   1   -0.0000000001
2   10   11   2   0.0000000006
2   10   11   3   -0.0000000000
2   10   12   2   -0.0061616657
2   10   13   3   0.0031123794
2   10   14   3   -0.0015573674
2   11   8   1   -0.0000000000
2   11   8   2   -0.0000000001
2   11   9   2   0.0049887076
2   11   10   1   -0.0000000001
2   11   10   2   0.0000000006
2   11   10   3   -0.0000000000
2   11   11   2   -0.4045423571
2   11   12   1   0.0000000000
2   11   12   2   -0.0000000002
2   11   13   3   0.0000000014
2   11   14   3   -0.0000000007
2   12   8   2   0.0007747630
2   12   9   2   0.0000000000
2   12   10   2   -0.0061616657
2   12   11   1   0.0000000000
2   12   11   2   -0.0000000002
2   12   12   2   -0.3908212577
2   12   13   3   0.0170542311
2   12   14   3   -0.0085335686
2   13   8   3   -0.0007987095
2   13   9   3   0.0000000001
2   13   10   3   0.0033310919
2   13   11   3   0.0000000004
2   13   12   3   0.0183541903
2   13   13   1   0.0160790787
2   13   13   2   -0.4239492358
2   13   14   1   0.0125728340
2   13   14   2   0.0160790780
2   14   8   3   0.0003996570
2   14   9   3   -0.0000000001
2   14   10   3   -0.0016668064
2   14   11   3   -0.0000000002
2   14   12   3   -0.0091840401
2   14   13   1   0.0115153876
2   14   13   2   0.0160790780
2   14   14   1   -0.0160790787
2   14   14   2   -0.3998610259
3   8   8   3   -0.5373550603
3   8   9   1   0.0000000000
3   8   9   2   0.0000000000
3   8   9   3   0.0000000018
3   8   10   3   -0.0051166002
3   8   11   3   -0.0000000002
3   8   12   3   0.0024396639
3   8   13   1   0.0003996570
3   8   13   2   -0.0007987095
3   8   14   1   0.0007987095
3   8   14   2   0.0003996570
3   9   8   1   0.0000000000
3   9   8   2   0.0000000000
3   9   8   3   0.0000000018
3   9   9   3   -0.5373545653
3   9   10   3   -0.0000000001
3   9   11   3   0.0052461823
3   9   12   3   0.0000000001
3   9   13   1   -0.0000000001
3   9   13   2   0.0000000001
3   9   14   1   -0.0000000001
3   9   14   2   -0.0000000001
3   10   8   3   -0.0051166002
3   10   9   3   -0.0000000001
3   10   10   3   -0.4112173080
3   10   11   1   -0.0000000000
3   10   11   2   -0.0000000000
3   10   11   3   -0.0000000012
3   10   12   3   -0.0123669157
3   10   13   1   -0.0016668064
3   10   13   2   0.0033310919
3   10   14   1   -0.0033310919
3   10   14   2   -0.0016668064
3   11   8   3   -0.0000000002
3   11   9   3   0.0052461823
3   11   10   1   -0.0000000000
3   11   10   2   -0.0000000000
3   11   10   3   -0.0000000012
3   11   11   3   -0.4120824519
3   11   12   3   -0.0000000002
3   11   13   1   -0.0000000002
3   11   13   2   0.0000000004
3   11   14   1   -0.0000000004
3   11   14   2   -0.0000000002
3   12   8   3   0.0024396639
3   12   9   3   0.0000000001
3   12   10   3   -0.0123669157
3   12   11   3   -0.0000000002
3   12   12   3   -0.4372003090
3   12   13   1   -0.0091840401
3   12   13   2   0.0183541903
3   12   14   1   -0.0183541903
3   12   14   2   -0.0091840401
3   13   8   1   0.0004224088
3   13   8   2   -0.0008441788
3   13   9   1   -0.0000000000
3   13   9   2   0.0000000001
3   13   10   1   -0.0015573674
3   13   10   2   0.0031123794
3   13   11   1   -0.0000000007
3   13   11   2   0.0000000014
3   13   12   1   -0.0085335686
3   13   12   2   0.0170542311
3   13   13   3   -0.3991406734
3   14   8   1   0.0008441788
3   14   8   2   0.0004224088
3   14   9   1   -0.0000000001
3   14   9   2   -0.0000000000
3   14   10   1   -0.0031123794
3   14   10   2   -0.0015573674
3   14   11   1   -0.0000000014
3   14   11   2   -0.0000000007
3   14   12   1   -0.0170542311
3   14   12   2   -0.0085335686
3   14   13   3   -0.0000000000
3   14   14   3   -0.3991406734

End AIJB Block
Begin IJKA Block
1   8   1   6   -0.0000000011
1   8   2   6   0.0133847820
1   8   3   6   -0.0000000001
1   8   4   6   -0.0015859287
1   8   5   6   -0.0000000007
1   8   6   4   -0.0000000003
1   8   6   5   0.0000000005
1   8   7   4   -0.0000000005
1   8   7   5   -0.0000000003
1   9   1   6   0.0118458138
1   9   2   6   0.0000000002
1   9   3   6   0.0020476941
1   9   4   6   -0.0000000000
1   9   5   6   0.0128896831
1   9   6   4   0.0058181065
1   9   6   5   -0.0116274139
1   9   7   4   0.0116274139
1   9   7   5   0.0058181065
1   10   1   6   -0.0000000005
1   10   2   6   0.0146935130
1   10   3   6   0.0000000000
1   10   4   6   -0.0009875920
1   10   5   6   0.0000000005
1   10   6   4   0.0000000001
1   10   6   5   -0.0000000003
1   10   7   4   0.0000000003
1   10   7   5   0.0000000001
1   11   1   6   -0.0168277008
1   11   2   6   0.0000000004
1   11   3   6   -0.0002753109
1   11   4   6   -0.0000000001
1   11   5   6   0.0140034134
1   11   6   4   0.0062924306
1   11   6   5   -0.0125753447
1   11   7   4   0.0125753447
1   11   7   5   0.0062924306
1   12   1   6   -0.0000000194
1   12   2   6   0.3569807860
1   12   3   6   -0.0000000001
1   12   4   6   -0.0036293736
1   12   5   6   -0.0000000000
1   12   6   4   -0.0000000000
1   12   6   5   0.0000000000
1   12   7   4   -0.0000000000
1   12   7   5   -0.0000000000
1   13   1   4   -0.0000000080
1   13   1   5   0.0000000159
1   13   2   4   0.1608721404
1   13   2   5   -0.3215009805
1   13   3   4   -0.0000000001
1   13   3   5   0.0000000001
1   13   4   4   -0.0015870152
1   13   4   5   0.0031716302
1   13   5   4   -0.0000000000
1   13   5   5   0.0000000000
1   13   6   6   0.0000000000
1   14   1   4   -0.0000000160
1   14   1   5   -0.0000000080
1   14   2   4   0.3215009806
1   14   2   5   0.1608721404
1   14   3   4   -0.0000000001
1   14   3   5   -0.0000000001
1   14   4   4   -0.0031716302
1   14   4   5   -0.0015870152
1   14   5   4   -0.0000000000
1   14   5   5   -0.0000000000
1   14   7   6   0.0000000000
2   8   1   6   0.0133856493
2   8   2   6   0.0000000003
2   8   3   6   0.0020427290
2   8   4   6   -0.0000000000
2   8   5   6   0.0128553368
2   8   6   4   0.0058105134
2   8   6   5   -0.0116122391
2   8   7   4   0.0116122391
2   8   7   5   0.0058105134
2   9   1   6   0.0000000002
2   9   2   6   0.0118492884
2   9   3   6   0.0000000001
2   9   4   6   -0.0015835826
2   9   5   6   0.0000000006
2   9   6   4   0.0000000003
2   9   6   5   -0.0000000006
2   9   7   4   0.0000000006
2   9   7   5   0.0000000003
2   10   1   6   0.0146934718
2   10   2   6   0.0000000010
2   10   3   6   0.0004948319
2   10   4   6   -0.0000000000
2   10   5   6   -0.0135547385
2   10   6   4   -0.0061659571
2   10   6   5   0.0123225889
2   10   7   4   -0.0123225889
2   10   7   5   -0.0061659571
2   11   1   6   0.0000000004
2   11   2   6   -0.0168230430
2   11   3   6   -0.0000000000
2   11   4   6   0.0008034074
2   11   5   6   0.0000000002
2   11   6   4   0.0000000002
2   11   6   5   -0.0000000004
2   11   7   4   0.0000000003
2   11   7   5   0.0000000002
2   12   1   6   0.3569777177
2   12   2   6   0.0000000166
2   12   3   6   0.0036421293
2   12   4   6   -0.0000000001
2   12   5   6   0.0005246459
2   12   6   4   0.0001005346
2   12   6   5   -0.0002009172
2   12   7   4   0.0002009172
2   12   7   5   0.0001005346
2   13   1   4   0.1608710342
2   13   1   5   -0.3214987698
2   13   2   4   0.0000000083
2   13   2   5   -0.0000000165
2   13   3   4   0.0016033968
2   13   3   5   -0.0032043687
2   13   4   4   -0.0000000000
2   13   4   5   0.0000000001
2   13   5   4   0.0004806403
2   13   5   5   -0.0009605538
2   13   6   6   -0.0008315234
2   14   1   4   0.3214987698
2   14   1   5   0.1608710342
2   14   2   4   0.0000000165
2   14   2   5   0.0000000083
2   14   3   4   0.0032043687
2   14   3   5   0.0016033968
2   14   4   4   -0.0000000001
2   14   4   5   -0.0000000000
2   14   5   4   0.0009605538
2   14   5   5   0.0004806403
2   14   7   6   -0.0008315234
3   8   1   6   -0.0000000001
3   8   2   6   0.0021444079
3   8   3   6   0.0000000000
3   8   4   6   -0.0016982794
3   8   5   6   0.0000000005
3   8   6   4   0.0000000001
3   8   6   5   -0.0000000002
3   8   7   4   0.0000000002
3   8   7   5   0.0000000001
3   9   1   6   0.0021494811
3   9   2   6   0.0000000001
3   9   3   6   -0.0004586495
3   9   4   6   -0.0000000000
3   9   5   6   -0.0145634722
3   9   6   4   -0.0064383438
3   9   6   5   0.0128669504
3   9   7   4   -0.0128669504
3   9   7   5   -0.0064383438
3   10   2   6   0.0004955461
3   10   3   6   0.0000000002
3   10   4   6   -0.0038445785
3   10   5   6   -0.0000000000
3   10   6   4   0.0000000001
3   10   6   5   -0.0000000003
3   10   7   4   0.0000000003
3   10   7   5   0.0000000001
3   11   1   6   -0.0002475128
3   11   2   6   0.0000000000
3   11   3   6   -0.0134107607
3   11   4   6   -0.0000000001
3   11   5   6   -0.0624093795
3   11   6   4   -0.0276561937
3   11   6   5   0.0552705607
3   11   7   4   -0.0552705607
3   11   7   5   -0.0276561937
3   12   1   6   -0.0000000001
3   12   2   6   0.0042197180
3   12   3   6   -0.0000000007
3   12   4   6   -0.2324721243
3   12   5   6   -0.0000000001
3   12   6   4   0.0000000004
3   12   6   5   -0.0000000008
3   12   7   4   0.0000000008
3   12   7   5   0.0000000004
3   13   1   4   -0.0000000000
3   13   1   5   0.0000000001
3   13   2   4   0.0018862738
3   13   2   5   -0.0037696949
3   13   3   4   0.0000000000
3   13   3   5   -0.0000000001
3   13   4   4   -0.1049798372
3   13   4   5   0.2098009048
3   13   5   4   -0.0000000002
3   13   5   5   0.0000000003
3   13   6   6   -0.0000000004
3   13   7   6   0.0000000000
3   14   1   4   -0.0000000001
3   14   1   5   -0.0000000000
3   14   2   4   0.0037696949
3   14   2   5   0.0018862738
3   14   3   4   0.0000000001
3   14   3   5   0.0000000000
3   14   4   4   -0.2098009048
3   14   4   5   -0.1049798372
3   14   5   4   -0.0000000003
3   14   5   5   -0.0000000002
3   14   6   6   0.0000000000
3   14   7   6   -0.0000000004
4   8   1   6   -0.0016727056
4   8   2   6   -0.0000000000
4   8   3   6   -0.0017113415
4   8   4   6   -0.0000000001
4   8   5   6   0.0142548182
4   8   6   4   0.0064095563
4   8   6   5   -0.0128094189
4   8   7   4   0.0128094189
4   8   7   5   0.0064095563
4   9   1   6   -0.0000000000
4   9   2   6   -0.0016707634
4   9   3   6   -0.0000000000
4   9   4   6   0.0007284259
4   9   5   6   0.0000000002
4   9   6   4   0.0000000002
4   9   6   5   -0.0000000004
4   9   7   4   0.0000000004
4   9   7   5   0.0000000002
4   10   1   6   -0.0009657137
4   10   2   6   -0.0000000000
4   10   3   6   -0.0034003706
4   10   4   6   0.0000000003
4   10   5   6   -0.0574428466
4   10   6   4   -0.0267354366
4   10   6   5   0.0534304389
4   10   7   4   -0.0534304389
4   10   7   5   -0.0267354366
4   11   1   6   -0.0000000000
4   11   2   6   0.0007805011
4   11   3   6   -0.0000000002
4   11   4   6   -0.0079245781
4   11   5   6   -0.0000000000
4   11   6   4   -0.0000000000
4   11   6   5   0.0000000000
4   11   7   4   -0.0000000000
4   11   7   5   -0.0000000000
4   12   1   6   -0.0042183089
4   12   2   6   -0.0000000001
4   12   3   6   -0.2326589969
4   12   4   6   -0.0000000005
4   12   5   6   0.0211479870
4   12   6   4   0.0007217697
4   12   6   5   -0.0014424479
4   12   7   4   0.0014424479
4   12   7   5   0.0007217697
4   13   1   4   -0.0018861056
4   13   1   5   0.0037693587
4   13   2   4   -0.0000000001
4   13   2   5   0.0000000001
4   13   3   4   -0.1049399036
4   13   3   5   0.2097210980
4   13   4   4   0.0000000002
4   13   4   5   -0.0000000004
4   13   5   4   0.0091496766
4   13   5   5   -0.0182855153
4   13   6   6   -0.0009130067
4   14   1   4   -0.0037693587
4   14   1   5   -0.0018861056
4   14   2   4   -0.0000000001
4   14   2   5   -0.0000000001
4   14   3   4   -0.2097210980
4   14   3   5   -0.1049399036
4   14   4   4   0.0000000004
4   14   4   5   0.0000000002
4   14   5   4   0.0182855153
4   14   5   5   0.0091496766
4   14   7   6   -0.0009130067
5   8   1   6   -0.0000000009
5   8   2   6   0.0156000530
5   8   3   6   0.0000000005
5   8   4   6   0.0159269587
5   8   5   6   -0.0000000000
5   8   6   4   -0.0000000000
5   8   6   5   0.0000000000
5   8   7   4   -0.0000000000
5   8   7   5   -0.0000000000
5   9   1   6   0.0156309868
5   9   2   6   0.0000000007
5   9   3   6   -0.0162144512
5   9   4   6   0.0000000003
5   9   5   6   0.0001682401
5   9   6   4   0.0001081624
5   9   6   5   -0.0002161612
5   9   7   4   0.0002161612
5   9   7   5   0.0001081624
5   10   1   6   0.0000000004
5   10   2   6   -0.0140113135
5   10   3   6   -0.0000000000
5   10   4   6   -0.0589742479
5   10   5   6   0.0000000006
5   10   6   4   0.0000000001
5   10   6   5   -0.0000000001
5   10   7   4   0.0000000001
5   10   7   5   0.0000000001
5   11   1   6   0.0143989698
5   11   2   6   0.0000000003
5   11   3   6   -0.0639893815
5   11   4   6   -0.0000000000
5   11   5   6   -0.0100791848
5   11   6   4   0.0005056059
5   11   6   5   -0.0010104471
5   11   7   4   0.0010104471
5   11   7   5   0.0005056059
5   12   1   6   -0.0000000000
5   12   2   6   0.0002263703
5   12   3   6   -0.0000000007
5   12   4   6   0.0215963652
5   12   5   6   -0.0000000025
5   12   6   4   0.0000000011
5   12   6   5   -0.0000000023
5   12   7   4   0.0000000023
5   12   7   5   0.0000000011
5   12   7   6   0.0000000000
5   13   1   4   -0.0000000000
5   13   1   5   0.0000000000
5   13   2   4   0.0003555153
5   13   2   5   -0.0007104928
5   13   3   4   -0.0000000002
5   13   3   5   0.0000000004
5   13   4   4   0.0090375170
5   13   4   5   -0.0180613659
5   13   5   4   -0.0000000017
5   13   5   5   0.0000000034
5   13   6   6   0.0000000007
5   13   7   4   0.0000000000
5   13   7   5   -0.0000000000
5   13   7   6   0.0000000000
5   14   1   4   -0.0000000000
5   14   1   5   -0.0000000000
5   14   2   4   0.0007104928
5   14   2   5   0.0003555153
5   14   3   4   -0.0000000004
5   14   3   5   -0.0000000002
5   14   4   4   0.0180613659
5   14   4   5   0.0090375170
5   14   5   4   -0.0000000034
5   14   5   5   -0.0000000017
5   14   6   6   0.0000000000
5   14   7   4   0.0000000000
5   14   7   5   0.0000000000
5   14   7   6   0.0000000007
6   8   1   4   -0.0000000003
6   8   1   5   0.0000000006
6   8   2   4   0.0070415023
6   8   2   5   -0.0140723552
6   8   3   4   0.0000000001
6   8   3   5   -0.0000000003
6   8   4   4   0.0071465688
6   8   4   5   -0.0142823293
6   8   5   4   -0.0000000000
6   8   5   5   0.0000000000
6   8   6   6   -0.0000000000
6   9   1   4   0.0070474996
6   9   1   5   -0.0140843407
6   9   2   4   0.0000000004
6   9   2   5   -0.0000000008
6   9   3   4   -0.0071746278
6   9   3   5   0.0143384047
6   9   4   4   0.0000000002
6   9   4   5   -0.0000000004
6   9   5   4   0.0002734248
6   9   5   5   -0.0005464361
6   9   6   6   -0.0004544429
6   10   1   4   0.0000000001
6   10   1   5   -0.0000000003
6   10   2   4   -0.0063432929
6   10   2   5   0.0126769924
6   10   3   4   0.0000000002
6   10   3   5   -0.0000000003
6   10   4   4   -0.0271470933
6   10   4   5   0.0542531297
6   10   5   4   0.0000000002
6   10   5   5   -0.0000000004
6   10   6   6   0.0000000004
6   10   7   6   0.0000000000
6   11   1   4   0.0064383200
6   11   1   5   -0.0128669028
6   11   2   4   0.0000000002
6   11   2   5   -0.0000000003
6   11   3   4   -0.0279958806
6   11   3   5   0.0559494207
6   11   4   4   0.0000000001
6   11   4   5   -0.0000000002
6   11   5   4   0.0010600495
6   11   5   5   -0.0021184959
6   11   6   6   -0.0120883311
6   12   1   4   -0.0000000000
6   12   1   5   0.0000000000
6   12   2   4   0.0000178437
6   12   2   5   -0.0000356605
6   12   3   4   0.0000000000
6   12   3   5   -0.0000000001
6   12   4   4   0.0009463644
6   12   4   5   -0.0018912976
6   12   5   4   -0.0000000002
6   12   5   5   0.0000000005
6   12   6   6   0.0000000027
6   12   7   6   0.0000000001
6   13   1   6   0.0000000001
6   13   2   6   -0.0007322529
6   13   3   6   -0.0000000005
6   13   4   6   -0.0016269497
6   13   5   6   -0.0000000032
6   13   6   4   0.0000000006
6   13   6   5   -0.0000000012
6   13   7   4   0.0000000002
6   13   7   5   -0.0000000000
6   14   3   6   0.0000000000
6   14   5   6   0.0000000000
6   14   6   4   0.0000000012
6   14   6   5   0.0000000006
6   14   7   4   0.0000000001
6   14   7   5   0.0000000001
7   8   1   4   -0.0000000007
7   8   1   5   -0.0000000003
7   8   2   4   0.0140723552
7   8   2   5   0.0070415023
7   8   3   4   0.0000000003
7   8   3   5   0.0000000001
7   8   4   4   0.0142823293
7   8   4   5   0.0071465688
7   8   5   4   -0.0000000000
7   8   5   5   -0.0000000000
7   8   7   6   -0.0000000000
7   9   1   4   0.0140843407
7   9   1   5   0.0070474996
7   9   2   4   0.0000000008
7   9   2   5   0.0000000004
7   9   3   4   -0.0143384047
7   9   3   5   -0.0071746278
7   9   4   4   0.0000000004
7   9   4   5   0.0000000002
7   9   5   4   0.0005464361
7   9   5   5   0.0002734248
7   9   7   6   -0.0004544429
7   10   1   4   0.0000000003
7   10   1   5   0.0000000001
7   10   2   4   -0.0126769924
7   10   2   5   -0.0063432929
7   10   3   4   0.0000000003
7   10   3   5   0.0000000002
7   10   4   4   -0.0542531297
7   10   4   5   -0.0271470933
7   10   5   4   0.0000000004
7   10   5   5   0.0000000002
7   10   6   6   0.0000000000
7   10   7   6   0.0000000004
7   11   1   4   0.0128669028
7   11   1   5   0.0064383200
7   11   2   4   0.0000000003
7   11   2   5   0.0000000002
7   11   3   4   -0.0559494207
7   11   3   5   -0.0279958806
7   11   4   4   0.0000000002
7   11   4   5   0.0000000001
7   11   5   4   0.0021184959
7   11   5   5   0.0010600495
7   11   7   6   -0.0120883311
7   12   1   4   -0.0000000000
7   12   1   5   -0.0000000000
7   12   2   4   0.0000356605
7   12   2   5   0.0000178437
7   12   3   4   0.0000000001
7   12   3   5   0.0000000000
7   12   4   4   0.0018912976
7   12   4   5   0.0009463644
7   12   5   4   -0.0000000005
7   12   5   5   -0.0000000002
7   12   5   6   0.0000000000
7   12   6   6   0.0000000001
7   12   7   6   0.0000000029
7   13   3   6   0.0000000000
7   13   5   4   0.0000000000
7   13   5   5   -0.0000000000
7   13   5   6   0.0000000000
7   13   6   4   -0.0000000001
7   13   6   5   -0.0000000001
7   13   7   4   0.0000000007
7   13   7   5   -0.0000000014
7   14   1   6   0.0000000001
7   14   2   6   -0.0007322529
7   14   3   6   -0.0000000005
7   14   4   6   -0.0016269497
7   14   5   4   0.0000000000
7   14   5   5   0.0000000000
7   14   5   6   -0.0000000032
7   14   6   4   0.0000000002
7   14   6   5   -0.0000000001
7   14   7   4   0.0000000016
7   14   7   5   0.0000000008

End IJKA Block
Begin IABC Block
1   4   1   6   0.0000000002
1   4   3   4   0.0000000000
1   5   2   6   0.0000000002
1   5   3   5   0.0000000000
1   6   1   4   0.0000000002
1   6   2   5   0.0000000002
1   6   3   6   0.0000000001
2   4   1   6   -0.0008230005
2   4   3   4   -0.0003911444
2   5   2   6   -0.0008230005
2   5   3   5   -0.0003911444
2   6   1   4   -0.0007797476
2   6   2   5   -0.0007797476
2   6   3   6   -0.0018813210
3   4   1   6   -0.0000000005
3   4   2   6   -0.0000000000
3   4   3   4   0.0000000002
3   4   3   5   -0.0000000000
3   5   1   6   -0.0000000000
3   5   2   6   -0.0000000005
3   5   3   4   -0.0000000000
3   5   3   5   0.0000000002
3   6   1   4   -0.0000000007
3   6   1   5   -0.0000000000
3   6   2   4   -0.0000000000
3   6   2   5   -0.0000000007
3   6   3   6   -0.0000000002
4   4   1   6   -0.0033599715
4   4   3   4   -0.0119900412
4   5   2   6   -0.0033599715
4   5   3   5   -0.0119900412
4   6   1   4   -0.0022812701
4   6   2   5   -0.0022812701
4   6   3   6   -0.0161036798
5   4   1   6   -0.0000000021
5   4   2   6   -0.0000000000
5   4   3   4   -0.0000000002
5   4   3   5   -0.0000000001
5   4   3   6   -0.0000000000
5   5   1   6   -0.0000000000
5   5   2   6   -0.0000000021
5   5   3   4   -0.0000000001
5   5   3   5   0.0000000001
5   5   3   6   -0.0000000000
5   6   1   4   -0.0000000035
5   6   1   5   -0.0000000000
5   6   2   4   -0.0000000000
5   6   2   5   -0.0000000035
5   6   3   4   -0.0000000000
5   6   3   5   -0.0000000000
5   6   3   6   -0.0000000055
6   4   1   4   0.0000000009
6   4   1   5   -0.0000000009
6   4   1   6   -0.0000000000
6   4   2   4   -0.0000000009
6   4   2   5   0.0000000001
6   4   2   6   0.0000000000
6   4   3   6   0.0000000016
6   5   1   4   -0.0000000001
6   5   1   5   0.0000000006
6   5   2   4   0.0000000005
6   5   2   5   -0.0000000022
6   5   2   6   0.0000000000
6   5   3   6   -0.0000000032
6   6   1   4   -0.0000000000
6   6   1   6   -0.0000000009
6   6   2   4   0.0000000000
6   6   2   5   0.0000000000
6   6   2   6   0.0000000019
6   6   3   4   0.0000000002
6   6   3   5   -0.0000000004
7   4   1   4   0.0000000019
7   4   1   5   0.0000000004
7   4   1   6   -0.0000000000
7   4   2   4   0.0000000004
7   4   2   5   0.0000000001
7   4   2   6   -0.0000000000
7   4   3   6   0.0000000032
7   5   1   4   -0.0000000000
7   5   1   5   0.0000000011
7   5   1   6   -0.0000000000
7   5   2   4   0.0000000009
7   5   2   5   0.0000000011
7   5   3   6   0.0000000016
7   6   1   4   -0.0000000000
7   6   1   5   -0.0000000000
7   6   1   6   -0.0000000019
7   6   2   4   -0.0000000000
7   6   2   6   -0.0000000009
7   6   3   4   0.0000000004
7   6   3   5   0.0000000002

End IABC Block
