0   53   5   12      -0.071428715921
0   53   6   13      -0.063166555681
1   54   5   12      -0.063166555231
1   54   6   13      -0.071428716328
0   53   12   5       0.071428715921
0   53   13   6       0.063166555681
1   54   12   5       0.063166555231
1   54   13   6       0.071428716328
53   0   5   12       0.071428715921
53   0   6   13       0.063166555681
54   1   5   12       0.063166555231
54   1   6   13       0.071428716328
53   0   12   5      -0.071428715921
53   0   13   6      -0.063166555681
54   1   12   5      -0.063166555231
54   1   13   6      -0.071428716328

