Begin IJ Block
1   1   -27.2763574010
1   2   0.0000000000
1   3   0.4587560307
1   4   -0.0000000017
1   5   -0.2128925542
2   2   -27.2770901395
2   3   -0.0000000025
2   4   0.4949047637
2   5   -0.0000000000
3   3   -8.9990254945
3   4   -0.0000000011
3   5   -0.8082563240
4   4   -7.5054248713
4   5   -0.0000000065
5   5   -7.5826429788
6   6   -7.5603066540
6   7   -0.0000000017
7   7   -7.5603066493

End IJ Block
Begin IA Block
1   3   -0.0000000001
2   3   0.2187024367
3   3   -0.0000000010
4   3   -0.8825858377
5   3   0.0000000101
6   1   0.0000000243
6   2   0.0000000061
7   1   -0.0000000025
7   2   0.0000000209

End IA Block
Begin AB Block
1   1   -6.7901058743
1   2   -0.0000000017
2   2   -6.7901058721
3   3   -4.4267665427

End AB Block
Begin IJAB Block
1   8   1   4   0.0132031229
1   8   1   5   -0.0000000000
1   8   2   4   -0.0000000000
1   8   2   5   0.0132031229
1   8   3   6   0.0110587043
1   9   1   4   0.0000000000
1   9   1   5   -0.0000000000
1   9   2   4   -0.0000000000
1   9   2   5   0.0000000000
1   9   3   6   0.0000000009
1   10   1   4   0.0112645223
1   10   1   5   -0.0000000000
1   10   2   4   -0.0000000000
1   10   2   5   0.0112645223
1   10   3   6   -0.0002084600
1   11   1   4   -0.0000000001
1   11   1   5   -0.0000000001
1   11   2   4   -0.0000000001
1   11   2   5   0.0000000001
1   11   3   6   0.0000000005
1   12   1   4   -0.0058167524
1   12   1   5   0.0000000000
1   12   2   4   0.0000000000
1   12   2   5   -0.0058167524
1   12   3   6   0.0005544009
1   13   1   6   -0.0048198009
1   13   2   6   -0.0051039204
1   13   3   4   0.0011364002
1   13   3   5   0.0012033891
1   14   1   6   -0.0051039204
1   14   2   6   0.0048198010
1   14   3   4   0.0012033891
1   14   3   5   -0.0011364001
2   8   1   4   0.0000000000
2   8   1   5   -0.0000000000
2   8   2   4   -0.0000000000
2   8   2   5   0.0000000000
2   8   3   6   0.0000000009
2   9   1   4   0.0134251819
2   9   1   5   -0.0000000000
2   9   2   4   -0.0000000000
2   9   2   5   0.0134251819
2   9   3   6   0.0110968774
2   10   1   4   0.0000000000
2   10   1   5   -0.0000000000
2   10   2   4   -0.0000000000
2   10   2   5   0.0000000001
2   10   3   6   0.0000000007
2   11   1   4   0.0143111803
2   11   1   5   -0.0000000000
2   11   2   4   -0.0000000000
2   11   2   5   0.0143111803
2   11   3   6   -0.0003372531
2   12   1   4   0.0000000001
2   12   1   5   0.0000000001
2   12   2   4   0.0000000001
2   12   2   5   -0.0000000000
2   12   3   6   0.0000000002
2   13   1   6   -0.0000000003
2   13   2   6   -0.0000000004
2   13   3   4   -0.0000000006
2   13   3   5   -0.0000000007
2   14   1   6   -0.0000000004
2   14   2   6   0.0000000005
2   14   3   4   -0.0000000008
2   14   3   5   0.0000000009
3   8   1   4   0.0112645223
3   8   1   5   -0.0000000000
3   8   2   4   -0.0000000000
3   8   2   5   0.0112645223
3   8   3   6   -0.0002084600
3   9   1   4   0.0000000000
3   9   1   5   -0.0000000000
3   9   2   4   -0.0000000000
3   9   2   5   0.0000000001
3   9   3   6   0.0000000007
3   10   1   4   0.0407664516
3   10   1   5   0.0000000001
3   10   2   4   0.0000000001
3   10   2   5   0.0407664515
3   10   3   6   0.0399289910
3   11   1   4   -0.0000000003
3   11   1   5   -0.0000000004
3   11   2   4   -0.0000000004
3   11   2   5   0.0000000002
3   11   3   6   -0.0000000006
3   12   1   4   -0.0199910346
3   12   1   5   0.0000000000
3   12   2   4   0.0000000000
3   12   2   5   -0.0199910347
3   12   3   6   0.0121651407
3   13   1   6   -0.0172384489
3   13   2   6   -0.0182546275
3   13   3   4   -0.0358420234
3   13   3   5   -0.0379548527
3   14   1   6   -0.0182546274
3   14   2   6   0.0172384485
3   14   3   4   -0.0379548527
3   14   3   5   0.0358420231
4   8   1   4   -0.0000000001
4   8   1   5   -0.0000000001
4   8   2   4   -0.0000000001
4   8   2   5   0.0000000001
4   8   3   6   0.0000000005
4   9   1   4   0.0143111803
4   9   1   5   -0.0000000000
4   9   2   4   -0.0000000000
4   9   2   5   0.0143111803
4   9   3   6   -0.0003372531
4   10   1   4   -0.0000000003
4   10   1   5   -0.0000000004
4   10   2   4   -0.0000000004
4   10   2   5   0.0000000002
4   10   3   6   -0.0000000006
4   11   1   4   0.0701991639
4   11   1   5   -0.0000000000
4   11   2   4   -0.0000000000
4   11   2   5   0.0701991639
4   11   3   6   0.0281469601
4   12   1   4   0.0000000005
4   12   1   5   0.0000000004
4   12   2   4   0.0000000004
4   12   2   5   0.0000000001
4   12   3   6   0.0000000063
4   13   1   6   -0.0000000022
4   13   2   6   -0.0000000008
4   13   3   4   -0.0000000053
4   13   3   5   -0.0000000023
4   14   1   6   -0.0000000002
4   14   2   6   -0.0000000012
4   14   3   4   -0.0000000008
4   14   3   5   -0.0000000025
5   8   1   4   -0.0058167524
5   8   1   5   0.0000000000
5   8   2   4   0.0000000000
5   8   2   5   -0.0058167524
5   8   3   6   0.0005544009
5   9   1   4   0.0000000001
5   9   1   5   0.0000000001
5   9   2   4   0.0000000001
5   9   2   5   -0.0000000000
5   9   3   6   0.0000000002
5   10   1   4   -0.0199910346
5   10   1   5   0.0000000000
5   10   2   4   0.0000000000
5   10   2   5   -0.0199910347
5   10   3   6   0.0121651407
5   11   1   4   0.0000000005
5   11   1   5   0.0000000004
5   11   2   4   0.0000000004
5   11   2   5   0.0000000001
5   11   3   6   0.0000000063
5   12   1   4   0.0351508854
5   12   1   5   0.0000000000
5   12   2   4   0.0000000000
5   12   2   5   0.0351508854
5   12   3   6   0.0299789240
5   13   1   6   0.0029440856
5   13   2   6   0.0031176348
5   13   3   4   -0.0204821064
5   13   3   5   -0.0216894936
5   14   1   6   0.0031176348
5   14   2   6   -0.0029440857
5   14   3   4   -0.0216894936
5   14   3   5   0.0204821065
6   8   1   6   0.0011364002
6   8   2   6   0.0012033891
6   8   3   4   -0.0048198009
6   8   3   5   -0.0051039204
6   9   1   6   -0.0000000006
6   9   2   6   -0.0000000007
6   9   3   4   -0.0000000003
6   9   3   5   -0.0000000004
6   10   1   6   -0.0358420234
6   10   2   6   -0.0379548527
6   10   3   4   -0.0172384489
6   10   3   5   -0.0182546275
6   11   1   6   -0.0000000053
6   11   2   6   -0.0000000023
6   11   3   4   -0.0000000022
6   11   3   5   -0.0000000008
6   12   1   6   -0.0204821064
6   12   2   6   -0.0216894936
6   12   3   4   0.0029440856
6   12   3   5   0.0031176348
6   13   1   4   0.0732136605
6   13   1   5   0.0579483696
6   13   2   4   0.0579483696
6   13   2   5   0.0798554392
6   13   3   6   0.0158373927
6   14   1   4   0.0579483731
6   14   1   5   -0.0388734280
6   14   2   4   0.0455151889
6   14   2   5   -0.0579483731
6   14   3   6   0.0000000008
7   8   1   6   0.0012033891
7   8   2   6   -0.0011364001
7   8   3   4   -0.0051039204
7   8   3   5   0.0048198010
7   9   1   6   -0.0000000008
7   9   2   6   0.0000000009
7   9   3   4   -0.0000000004
7   9   3   5   0.0000000005
7   10   1   6   -0.0379548527
7   10   2   6   0.0358420231
7   10   3   4   -0.0182546274
7   10   3   5   0.0172384485
7   11   1   6   -0.0000000008
7   11   2   6   -0.0000000025
7   11   3   4   -0.0000000002
7   11   3   5   -0.0000000012
7   12   1   6   -0.0216894936
7   12   2   6   0.0204821065
7   12   3   4   0.0031176348
7   12   3   5   -0.0029440857
7   13   1   4   0.0579483731
7   13   1   5   0.0455151889
7   13   2   4   -0.0388734280
7   13   2   5   -0.0579483731
7   13   3   6   0.0000000008
7   14   1   4   0.0798554392
7   14   1   5   -0.0579483695
7   14   2   4   -0.0579483695
7   14   2   5   0.0732136604
7   14   3   6   0.0158373905

End IJAB Block
Begin IJKL Block
1   8   1   8   2.2614606542
1   8   1   9   0.0000000006
1   8   1   10   -0.1900490159
1   8   1   11   0.0000000001
1   8   1   12   0.0663161256
1   8   2   8   0.0000000006
1   8   2   9   1.8546620969
1   8   2   10   0.0000000001
1   8   2   11   -0.1894750108
1   8   2   12   -0.0000000000
1   8   3   8   -0.1900490159
1   8   3   9   0.0000000001
1   8   3   10   0.0285451115
1   8   3   11   0.0000000001
1   8   3   12   -0.0042209574
1   8   4   8   0.0000000001
1   8   4   9   -0.1894750108
1   8   4   10   0.0000000001
1   8   4   11   0.0284602287
1   8   4   12   -0.0000000001
1   8   5   8   0.0663161256
1   8   5   9   -0.0000000000
1   8   5   10   -0.0042209574
1   8   5   11   -0.0000000001
1   8   5   12   0.0142428351
1   8   6   13   0.0100970487
1   8   7   14   0.0100970487
1   9   1   8   0.0000000006
1   9   1   9   2.2619388323
1   9   1   10   0.0000000001
1   9   1   11   -0.1938806980
1   9   1   12   -0.0000000000
1   9   2   8   1.8547604567
1   9   2   9   -0.0000000005
1   9   2   10   -0.1954639984
1   9   2   11   0.0000000002
1   9   2   12   0.0546816416
1   9   3   8   0.0000000001
1   9   3   9   -0.1901148986
1   9   3   10   0.0000000001
1   9   3   11   0.0252626830
1   9   3   12   0.0000000001
1   9   4   8   -0.1894770274
1   9   4   9   0.0000000002
1   9   4   10   0.0253860217
1   9   4   11   -0.0000000001
1   9   4   12   -0.0126320868
1   9   5   8   -0.0000000000
1   9   5   9   0.0663201859
1   9   5   10   0.0000000000
1   9   5   11   -0.0128865955
1   9   5   12   0.0000000001
1   9   6   13   0.0000000001
1   9   6   14   -0.0000000000
1   9   7   13   -0.0000000000
1   9   7   14   0.0000000001
1   10   1   8   -0.1900490159
1   10   1   9   0.0000000001
1   10   1   10   0.7497422643
1   10   1   11   -0.0000000001
1   10   1   12   0.0743851108
1   10   2   8   0.0000000001
1   10   2   9   -0.1954703082
1   10   2   10   -0.0000000003
1   10   2   11   0.2207675630
1   10   2   12   -0.0000000000
1   10   3   8   0.0311892489
1   10   3   9   0.0000000000
1   10   3   10   -0.0002590048
1   10   3   11   0.0000000001
1   10   3   12   0.0064293266
1   10   4   8   -0.0000000001
1   10   4   9   0.0270259527
1   10   4   10   0.0000000003
1   10   4   11   -0.0055382379
1   10   4   12   0.0000000001
1   10   5   8   -0.0035338885
1   10   5   9   0.0000000000
1   10   5   10   0.0224740291
1   10   5   11   0.0000000000
1   10   5   12   0.0151652249
1   10   6   13   0.0143221747
1   10   6   14   0.0000000000
1   10   7   13   0.0000000000
1   10   7   14   0.0143221747
1   11   1   8   0.0000000001
1   11   1   9   -0.1938806980
1   11   1   10   -0.0000000001
1   11   1   11   0.6549185581
1   11   1   12   0.0000000003
1   11   2   8   -0.1894770274
1   11   2   9   0.0000000002
1   11   2   10   0.2207888494
1   11   2   11   -0.0000000003
1   11   2   12   -0.2351496275
1   11   3   8   -0.0000000001
1   11   3   9   0.0269198873
1   11   3   10   0.0000000001
1   11   3   11   -0.0114437673
1   11   3   12   0.0000000002
1   11   4   8   0.0309627605
1   11   4   9   -0.0000000001
1   11   4   10   -0.0053148669
1   11   4   11   0.0000000000
1   11   4   12   -0.0010664735
1   11   5   8   0.0000000000
1   11   5   9   -0.0143653185
1   11   5   10   0.0000000000
1   11   5   11   -0.0039874563
1   11   5   12   0.0000000000
1   11   6   13   -0.0000000000
1   11   6   14   -0.0000000000
1   11   7   13   -0.0000000000
1   11   7   14   0.0000000000
1   12   1   8   0.0663161256
1   12   1   9   -0.0000000000
1   12   1   10   0.0743851108
1   12   1   11   0.0000000003
1   12   1   12   0.6740694699
1   12   2   8   -0.0000000000
1   12   2   9   0.0546793678
1   12   2   10   -0.0000000000
1   12   2   11   -0.2351545851
1   12   2   12   -0.0000000004
1   12   3   8   -0.0035338885
1   12   3   9   0.0000000001
1   12   3   10   0.0067708935
1   12   3   11   0.0000000002
1   12   3   12   -0.0076390264
1   12   4   8   0.0000000000
1   12   4   9   -0.0141160258
1   12   4   10   0.0000000001
1   12   4   11   -0.0012498228
1   12   4   12   0.0000000001
1   12   5   8   0.0173376801
1   12   5   9   -0.0000000000
1   12   5   10   0.0157021689
1   12   5   11   -0.0000000001
1   12   5   12   -0.0004924018
1   12   6   13   -0.0031461147
1   12   6   14   -0.0000000000
1   12   7   13   -0.0000000000
1   12   7   14   -0.0031461147
1   13   1   13   0.6521030943
1   13   1   14   0.0000000001
1   13   2   13   -0.0000000000
1   13   2   14   0.0000000000
1   13   3   13   -0.0025792891
1   13   3   14   -0.0000000001
1   13   4   13   -0.0000000001
1   13   4   14   -0.0000000002
1   13   5   13   0.0085377395
1   13   5   14   0.0000000000
1   13   6   8   0.0129397767
1   13   6   9   -0.0000000000
1   13   6   10   0.0150282870
1   13   6   11   -0.0000000000
1   13   6   12   -0.0034867909
1   13   7   8   0.0000000000
1   13   7   9   -0.0000000000
1   13   7   10   0.0000000000
1   13   7   11   -0.0000000000
1   13   7   12   -0.0000000000
1   14   1   13   0.0000000001
1   14   1   14   0.6521030940
1   14   2   13   0.0000000000
1   14   2   14   -0.0000000000
1   14   3   13   -0.0000000001
1   14   3   14   -0.0025792889
1   14   4   13   -0.0000000002
1   14   4   14   0.0000000003
1   14   5   13   0.0000000000
1   14   5   14   0.0085377395
1   14   6   8   0.0000000000
1   14   6   9   -0.0000000000
1   14   6   10   0.0000000000
1   14   6   11   -0.0000000000
1   14   6   12   -0.0000000000
1   14   7   8   0.0129397767
1   14   7   9   -0.0000000000
1   14   7   10   0.0150282870
1   14   7   11   -0.0000000000
1   14   7   12   -0.0034867909
2   8   1   8   0.0000000006
2   8   1   9   1.8547604567
2   8   1   10   0.0000000001
2   8   1   11   -0.1894770274
2   8   1   12   -0.0000000000
2   8   2   8   2.2619388323
2   8   2   9   -0.0000000005
2   8   2   10   -0.1901148986
2   8   2   11   0.0000000002
2   8   2   12   0.0663201859
2   8   3   8   0.0000000001
2   8   3   9   -0.1954639984
2   8   3   10   0.0000000001
2   8   3   11   0.0253860217
2   8   3   12   0.0000000000
2   8   4   8   -0.1938806980
2   8   4   9   0.0000000002
2   8   4   10   0.0252626830
2   8   4   11   -0.0000000001
2   8   4   12   -0.0128865955
2   8   5   8   -0.0000000000
2   8   5   9   0.0546816416
2   8   5   10   0.0000000001
2   8   5   11   -0.0126320868
2   8   5   12   0.0000000001
2   8   6   13   0.0000000001
2   8   6   14   -0.0000000000
2   8   7   13   -0.0000000000
2   8   7   14   0.0000000001
2   9   1   8   1.8546620969
2   9   1   9   -0.0000000005
2   9   1   10   -0.1954703082
2   9   1   11   0.0000000002
2   9   1   12   0.0546793678
2   9   2   8   -0.0000000005
2   9   2   9   2.2622234830
2   9   2   10   0.0000000002
2   9   2   11   -0.1939155278
2   9   2   12   -0.0000000001
2   9   3   8   -0.1954703082
2   9   3   9   0.0000000002
2   9   3   10   0.0283950292
2   9   3   11   0.0000000001
2   9   3   12   -0.0045470788
2   9   4   8   0.0000000002
2   9   4   9   -0.1939155278
2   9   4   10   0.0000000001
2   9   4   11   0.0285610825
2   9   4   12   -0.0000000001
2   9   5   8   0.0546793678
2   9   5   9   -0.0000000001
2   9   5   10   -0.0045470788
2   9   5   11   -0.0000000001
2   9   5   12   0.0135296825
2   9   6   13   0.0097485662
2   9   6   14   -0.0000000000
2   9   7   13   -0.0000000000
2   9   7   14   0.0097485662
2   10   1   8   0.0000000001
2   10   1   9   -0.1954639984
2   10   1   10   -0.0000000003
2   10   1   11   0.2207888494
2   10   1   12   -0.0000000000
2   10   2   8   -0.1901148986
2   10   2   9   0.0000000002
2   10   2   10   0.7497170394
2   10   2   11   -0.0000000003
2   10   2   12   0.0743439668
2   10   3   8   0.0000000000
2   10   3   9   0.0310838495
2   10   3   10   0.0000000007
2   10   3   11   -0.0084665432
2   10   3   12   0.0000000003
2   10   4   8   0.0269198873
2   10   4   9   -0.0000000000
2   10   4   10   -0.0158569228
2   10   4   11   0.0000000001
2   10   4   12   -0.0055810647
2   10   5   8   0.0000000001
2   10   5   9   -0.0038417551
2   10   5   10   0.0000000002
2   10   5   11   -0.0014267435
2   10   5   12   0.0000000002
2   10   6   13   -0.0000000001
2   10   6   14   -0.0000000000
2   10   7   13   -0.0000000000
2   10   7   14   -0.0000000000
2   11   1   8   -0.1894750108
2   11   1   9   0.0000000002
2   11   1   10   0.2207675630
2   11   1   11   -0.0000000003
2   11   1   12   -0.2351545851
2   11   2   8   0.0000000002
2   11   2   9   -0.1939155278
2   11   2   10   -0.0000000003
2   11   2   11   0.6549486778
2   11   2   12   0.0000000004
2   11   3   8   0.0270259527
2   11   3   9   -0.0000000000
2   11   3   10   -0.0089617154
2   11   3   11   -0.0000000001
2   11   3   12   0.0112359894
2   11   4   8   -0.0000000001
2   11   4   9   0.0310627425
2   11   4   10   0.0000000000
2   11   4   11   -0.0060281199
2   11   4   12   0.0000000002
2   11   5   8   -0.0141160258
2   11   5   9   0.0000000001
2   11   5   10   -0.0017555897
2   11   5   11   0.0000000000
2   11   5   12   0.0141978966
2   11   6   13   0.0107291101
2   11   6   14   0.0000000000
2   11   7   13   0.0000000000
2   11   7   14   0.0107291100
2   12   1   8   -0.0000000000
2   12   1   9   0.0546816416
2   12   1   10   -0.0000000000
2   12   1   11   -0.2351496275
2   12   1   12   -0.0000000004
2   12   2   8   0.0663201859
2   12   2   9   -0.0000000001
2   12   2   10   0.0743439668
2   12   2   11   0.0000000004
2   12   2   12   0.6740672726
2   12   3   8   0.0000000000
2   12   3   9   -0.0038417551
2   12   3   10   0.0000000003
2   12   3   11   0.0115295445
2   12   3   12   0.0000000003
2   12   4   8   -0.0143653185
2   12   4   9   0.0000000001
2   12   4   10   -0.0056148758
2   12   4   11   0.0000000002
2   12   4   12   -0.0059611605
2   12   5   8   -0.0000000000
2   12   5   9   0.0166492607
2   12   5   10   0.0000000001
2   12   5   11   0.0144741047
2   12   5   12   0.0000000001
2   12   6   13   -0.0000000000
2   12   6   14   0.0000000000
2   12   7   13   0.0000000000
2   12   7   14   -0.0000000001
2   13   1   13   -0.0000000000
2   13   1   14   0.0000000000
2   13   2   13   0.6520860117
2   13   2   14   0.0000000001
2   13   3   13   0.0000000000
2   13   3   14   -0.0000000001
2   13   4   13   -0.0079684980
2   13   4   14   -0.0000000001
2   13   5   13   0.0000000001
2   13   5   14   0.0000000001
2   13   6   8   -0.0000000000
2   13   6   9   0.0126001249
2   13   6   10   -0.0000000001
2   13   6   11   0.0114034629
2   13   6   12   -0.0000000000
2   13   7   8   -0.0000000000
2   13   7   9   0.0000000000
2   13   7   10   -0.0000000000
2   13   7   11   0.0000000000
2   13   7   12   0.0000000000
2   14   1   13   0.0000000000
2   14   1   14   -0.0000000000
2   14   2   13   0.0000000001
2   14   2   14   0.6520860114
2   14   3   13   -0.0000000001
2   14   3   14   0.0000000004
2   14   4   13   -0.0000000001
2   14   4   14   -0.0079684978
2   14   5   13   0.0000000001
2   14   5   14   -0.0000000000
2   14   6   8   -0.0000000000
2   14   6   9   0.0000000000
2   14   6   10   -0.0000000000
2   14   6   11   0.0000000000
2   14   6   12   0.0000000000
2   14   7   8   -0.0000000000
2   14   7   9   0.0126001249
2   14   7   10   -0.0000000000
2   14   7   11   0.0114034629
2   14   7   12   -0.0000000000
3   8   1   8   -0.1900490159
3   8   1   9   0.0000000001
3   8   1   10   0.0311892489
3   8   1   11   -0.0000000001
3   8   1   12   -0.0035338885
3   8   2   8   0.0000000001
3   8   2   9   -0.1954703082
3   8   2   10   0.0000000000
3   8   2   11   0.0270259527
3   8   2   12   0.0000000000
3   8   3   8   0.7497422643
3   8   3   9   -0.0000000003
3   8   3   10   -0.0002590048
3   8   3   11   0.0000000003
3   8   3   12   0.0224740291
3   8   4   8   -0.0000000001
3   8   4   9   0.2207675630
3   8   4   10   0.0000000001
3   8   4   11   -0.0055382379
3   8   4   12   0.0000000000
3   8   5   8   0.0743851108
3   8   5   9   -0.0000000000
3   8   5   10   0.0064293266
3   8   5   11   0.0000000001
3   8   5   12   0.0151652249
3   8   6   13   0.0143221747
3   8   6   14   0.0000000000
3   8   7   13   0.0000000000
3   8   7   14   0.0143221747
3   9   1   8   0.0000000001
3   9   1   9   -0.1901148986
3   9   1   10   0.0000000000
3   9   1   11   0.0269198873
3   9   1   12   0.0000000001
3   9   2   8   -0.1954639984
3   9   2   9   0.0000000002
3   9   2   10   0.0310838495
3   9   2   11   -0.0000000000
3   9   2   12   -0.0038417551
3   9   3   8   -0.0000000003
3   9   3   9   0.7497170394
3   9   3   10   0.0000000007
3   9   3   11   -0.0158569228
3   9   3   12   0.0000000002
3   9   4   8   0.2207888494
3   9   4   9   -0.0000000003
3   9   4   10   -0.0084665432
3   9   4   11   0.0000000001
3   9   4   12   -0.0014267435
3   9   5   8   -0.0000000000
3   9   5   9   0.0743439668
3   9   5   10   0.0000000003
3   9   5   11   -0.0055810647
3   9   5   12   0.0000000002
3   9   6   13   -0.0000000001
3   9   6   14   -0.0000000000
3   9   7   13   -0.0000000000
3   9   7   14   -0.0000000000
3   10   1   8   0.0285451115
3   10   1   9   0.0000000001
3   10   1   10   -0.0002590048
3   10   1   11   0.0000000001
3   10   1   12   0.0067708935
3   10   2   8   0.0000000001
3   10   2   9   0.0283950292
3   10   2   10   0.0000000007
3   10   2   11   -0.0089617154
3   10   2   12   0.0000000003
3   10   3   8   -0.0002590048
3   10   3   9   0.0000000007
3   10   3   10   0.6910809212
3   10   3   11   0.0000000004
3   10   3   12   0.1183633261
3   10   4   8   0.0000000001
3   10   4   9   -0.0089617154
3   10   4   10   0.0000000004
3   10   4   11   0.0831487142
3   10   4   12   0.0000000005
3   10   5   8   0.0067708935
3   10   5   9   0.0000000003
3   10   5   10   0.1183633261
3   10   5   11   0.0000000005
3   10   5   12   0.0662912471
3   10   6   13   0.0793570523
3   10   6   14   -0.0000000000
3   10   7   13   -0.0000000000
3   10   7   14   0.0793570524
3   11   1   8   0.0000000001
3   11   1   9   0.0252626830
3   11   1   10   0.0000000001
3   11   1   11   -0.0114437673
3   11   1   12   0.0000000002
3   11   2   8   0.0253860217
3   11   2   9   0.0000000001
3   11   2   10   -0.0084665432
3   11   2   11   -0.0000000001
3   11   2   12   0.0115295445
3   11   3   8   0.0000000003
3   11   3   9   -0.0158569228
3   11   3   10   0.0000000004
3   11   3   11   0.4995413040
3   11   3   12   0.0000000014
3   11   4   8   -0.0053148669
3   11   4   9   0.0000000000
3   11   4   10   0.0865965213
3   11   4   11   -0.0000000005
3   11   4   12   -0.1024285941
3   11   5   8   0.0000000001
3   11   5   9   -0.0056148758
3   11   5   10   0.0000000004
3   11   5   11   0.0040660589
3   11   5   12   0.0000000004
3   11   6   13   -0.0000000005
3   11   6   14   -0.0000000000
3   11   7   13   -0.0000000000
3   11   7   14   -0.0000000004
3   12   1   8   -0.0042209574
3   12   1   9   0.0000000001
3   12   1   10   0.0064293266
3   12   1   11   0.0000000002
3   12   1   12   -0.0076390264
3   12   2   8   0.0000000000
3   12   2   9   -0.0045470788
3   12   2   10   0.0000000003
3   12   2   11   0.0112359894
3   12   2   12   0.0000000003
3   12   3   8   0.0224740291
3   12   3   9   0.0000000002
3   12   3   10   0.1183633261
3   12   3   11   0.0000000014
3   12   3   12   0.5356342346
3   12   4   8   0.0000000000
3   12   4   9   -0.0017555897
3   12   4   10   0.0000000004
3   12   4   11   -0.1044715137
3   12   4   12   -0.0000000001
3   12   5   8   0.0157021689
3   12   5   9   0.0000000001
3   12   5   10   0.0701764426
3   12   5   11   0.0000000004
3   12   5   12   0.0278794927
3   12   6   13   -0.0078519511
3   12   6   14   -0.0000000000
3   12   7   13   -0.0000000000
3   12   7   14   -0.0078519511
3   13   1   13   -0.0025792891
3   13   1   14   -0.0000000001
3   13   2   13   0.0000000000
3   13   2   14   -0.0000000001
3   13   3   13   0.5666378958
3   13   3   14   0.0000000002
3   13   4   13   0.0000000002
3   13   4   14   0.0000000001
3   13   5   13   0.0536013210
3   13   5   14   0.0000000000
3   13   6   8   0.0150282870
3   13   6   9   -0.0000000001
3   13   6   10   0.0828503889
3   13   6   11   -0.0000000000
3   13   6   12   -0.0080976272
3   13   7   8   0.0000000000
3   13   7   9   -0.0000000000
3   13   7   10   0.0000000000
3   13   7   11   0.0000000002
3   13   7   12   -0.0000000000
3   14   1   13   -0.0000000001
3   14   1   14   -0.0025792889
3   14   2   13   -0.0000000001
3   14   2   14   0.0000000004
3   14   3   13   0.0000000002
3   14   3   14   0.5666378952
3   14   4   13   0.0000000001
3   14   4   14   0.0000000001
3   14   5   13   0.0000000000
3   14   5   14   0.0536013209
3   14   6   8   0.0000000000
3   14   6   9   -0.0000000000
3   14   6   10   0.0000000000
3   14   6   11   0.0000000002
3   14   6   12   -0.0000000000
3   14   7   8   0.0150282870
3   14   7   9   -0.0000000000
3   14   7   10   0.0828503889
3   14   7   11   -0.0000000005
3   14   7   12   -0.0080976271
4   8   1   8   0.0000000001
4   8   1   9   -0.1894770274
4   8   1   10   -0.0000000001
4   8   1   11   0.0309627605
4   8   1   12   0.0000000000
4   8   2   8   -0.1938806980
4   8   2   9   0.0000000002
4   8   2   10   0.0269198873
4   8   2   11   -0.0000000001
4   8   2   12   -0.0143653185
4   8   3   8   -0.0000000001
4   8   3   9   0.2207888494
4   8   3   10   0.0000000001
4   8   3   11   -0.0053148669
4   8   3   12   0.0000000000
4   8   4   8   0.6549185581
4   8   4   9   -0.0000000003
4   8   4   10   -0.0114437673
4   8   4   11   0.0000000000
4   8   4   12   -0.0039874563
4   8   5   8   0.0000000003
4   8   5   9   -0.2351496275
4   8   5   10   0.0000000002
4   8   5   11   -0.0010664735
4   8   5   12   0.0000000000
4   8   6   13   -0.0000000000
4   8   6   14   -0.0000000000
4   8   7   13   -0.0000000000
4   8   7   14   0.0000000000
4   9   1   8   -0.1894750108
4   9   1   9   0.0000000002
4   9   1   10   0.0270259527
4   9   1   11   -0.0000000001
4   9   1   12   -0.0141160258
4   9   2   8   0.0000000002
4   9   2   9   -0.1939155278
4   9   2   10   -0.0000000000
4   9   2   11   0.0310627425
4   9   2   12   0.0000000001
4   9   3   8   0.2207675630
4   9   3   9   -0.0000000003
4   9   3   10   -0.0089617154
4   9   3   11   0.0000000000
4   9   3   12   -0.0017555897
4   9   4   8   -0.0000000003
4   9   4   9   0.6549486778
4   9   4   10   -0.0000000001
4   9   4   11   -0.0060281199
4   9   4   12   0.0000000000
4   9   5   8   -0.2351545851
4   9   5   9   0.0000000004
4   9   5   10   0.0112359894
4   9   5   11   0.0000000002
4   9   5   12   0.0141978966
4   9   6   13   0.0107291101
4   9   6   14   0.0000000000
4   9   7   13   0.0000000000
4   9   7   14   0.0107291100
4   10   1   8   0.0000000001
4   10   1   9   0.0253860217
4   10   1   10   0.0000000003
4   10   1   11   -0.0053148669
4   10   1   12   0.0000000001
4   10   2   8   0.0252626830
4   10   2   9   0.0000000001
4   10   2   10   -0.0158569228
4   10   2   11   0.0000000000
4   10   2   12   -0.0056148758
4   10   3   8   0.0000000001
4   10   3   9   -0.0084665432
4   10   3   10   0.0000000004
4   10   3   11   0.0865965213
4   10   3   12   0.0000000004
4   10   4   8   -0.0114437673
4   10   4   9   -0.0000000001
4   10   4   10   0.4995413040
4   10   4   11   -0.0000000005
4   10   4   12   0.0040660589
4   10   5   8   0.0000000002
4   10   5   9   0.0115295445
4   10   5   10   0.0000000014
4   10   5   11   -0.1024285941
4   10   5   12   0.0000000004
4   10   6   13   -0.0000000005
4   10   6   14   -0.0000000000
4   10   7   13   -0.0000000000
4   10   7   14   -0.0000000004
4   11   1   8   0.0284602287
4   11   1   9   -0.0000000001
4   11   1   10   -0.0055382379
4   11   1   11   0.0000000000
4   11   1   12   -0.0012498228
4   11   2   8   -0.0000000001
4   11   2   9   0.0285610825
4   11   2   10   0.0000000001
4   11   2   11   -0.0060281199
4   11   2   12   0.0000000002
4   11   3   8   -0.0055382379
4   11   3   9   0.0000000001
4   11   3   10   0.0831487142
4   11   3   11   -0.0000000005
4   11   3   12   -0.1044715137
4   11   4   8   0.0000000000
4   11   4   9   -0.0060281199
4   11   4   10   -0.0000000005
4   11   4   11   0.5085792965
4   11   4   12   0.0000000007
4   11   5   8   -0.0012498228
4   11   5   9   0.0000000002
4   11   5   10   -0.1044715137
4   11   5   11   0.0000000007
4   11   5   12   0.1679102114
4   11   6   13   0.0406272843
4   11   6   14   -0.0000000000
4   11   7   13   -0.0000000000
4   11   7   14   0.0406272843
4   12   1   8   -0.0000000001
4   12   1   9   -0.0126320868
4   12   1   10   0.0000000001
4   12   1   11   -0.0010664735
4   12   1   12   0.0000000001
4   12   2   8   -0.0128865955
4   12   2   9   -0.0000000001
4   12   2   10   -0.0055810647
4   12   2   11   0.0000000002
4   12   2   12   -0.0059611605
4   12   3   8   0.0000000000
4   12   3   9   -0.0014267435
4   12   3   10   0.0000000005
4   12   3   11   -0.1024285941
4   12   3   12   -0.0000000001
4   12   4   8   -0.0039874563
4   12   4   9   0.0000000000
4   12   4   10   0.0040660589
4   12   4   11   0.0000000007
4   12   4   12   0.5087470126
4   12   5   8   -0.0000000001
4   12   5   9   0.0144741047
4   12   5   10   0.0000000004
4   12   5   11   0.1682823477
4   12   5   12   0.0000000014
4   12   6   13   0.0000000003
4   12   6   14   0.0000000002
4   12   7   13   0.0000000002
4   12   7   14   -0.0000000002
4   13   1   13   -0.0000000001
4   13   1   14   -0.0000000002
4   13   2   13   -0.0079684980
4   13   2   14   -0.0000000001
4   13   3   13   0.0000000002
4   13   3   14   0.0000000001
4   13   4   13   0.4733696993
4   13   4   14   0.0000000001
4   13   5   13   0.0000000002
4   13   5   14   -0.0000000002
4   13   6   8   -0.0000000000
4   13   6   9   0.0114034629
4   13   6   10   -0.0000000000
4   13   6   11   0.0436711144
4   13   6   12   0.0000000000
4   13   7   8   -0.0000000000
4   13   7   9   0.0000000000
4   13   7   10   0.0000000002
4   13   7   11   0.0000000000
4   13   7   12   0.0000000001
4   14   1   13   -0.0000000002
4   14   1   14   0.0000000003
4   14   2   13   -0.0000000001
4   14   2   14   -0.0079684978
4   14   3   13   0.0000000001
4   14   3   14   0.0000000001
4   14   4   13   0.0000000001
4   14   4   14   0.4733696991
4   14   5   13   -0.0000000002
4   14   5   14   0.0000000007
4   14   6   8   -0.0000000000
4   14   6   9   0.0000000000
4   14   6   10   0.0000000002
4   14   6   11   0.0000000000
4   14   6   12   0.0000000001
4   14   7   8   -0.0000000000
4   14   7   9   0.0114034629
4   14   7   10   -0.0000000005
4   14   7   11   0.0436711144
4   14   7   12   -0.0000000002
5   8   1   8   0.0663161256
5   8   1   9   -0.0000000000
5   8   1   10   -0.0035338885
5   8   1   11   0.0000000000
5   8   1   12   0.0173376801
5   8   2   8   -0.0000000000
5   8   2   9   0.0546793678
5   8   2   10   0.0000000001
5   8   2   11   -0.0141160258
5   8   2   12   -0.0000000000
5   8   3   8   0.0743851108
5   8   3   9   -0.0000000000
5   8   3   10   0.0067708935
5   8   3   11   0.0000000001
5   8   3   12   0.0157021689
5   8   4   8   0.0000000003
5   8   4   9   -0.2351545851
5   8   4   10   0.0000000002
5   8   4   11   -0.0012498228
5   8   4   12   -0.0000000001
5   8   5   8   0.6740694699
5   8   5   9   -0.0000000004
5   8   5   10   -0.0076390264
5   8   5   11   0.0000000001
5   8   5   12   -0.0004924018
5   8   6   13   -0.0031461147
5   8   6   14   -0.0000000000
5   8   7   13   -0.0000000000
5   8   7   14   -0.0031461147
5   9   1   8   -0.0000000000
5   9   1   9   0.0663201859
5   9   1   10   0.0000000000
5   9   1   11   -0.0143653185
5   9   1   12   -0.0000000000
5   9   2   8   0.0546816416
5   9   2   9   -0.0000000001
5   9   2   10   -0.0038417551
5   9   2   11   0.0000000001
5   9   2   12   0.0166492607
5   9   3   8   -0.0000000000
5   9   3   9   0.0743439668
5   9   3   10   0.0000000003
5   9   3   11   -0.0056148758
5   9   3   12   0.0000000001
5   9   4   8   -0.2351496275
5   9   4   9   0.0000000004
5   9   4   10   0.0115295445
5   9   4   11   0.0000000002
5   9   4   12   0.0144741047
5   9   5   8   -0.0000000004
5   9   5   9   0.6740672726
5   9   5   10   0.0000000003
5   9   5   11   -0.0059611605
5   9   5   12   0.0000000001
5   9   6   13   -0.0000000000
5   9   6   14   0.0000000000
5   9   7   13   0.0000000000
5   9   7   14   -0.0000000001
5   10   1   8   -0.0042209574
5   10   1   9   0.0000000000
5   10   1   10   0.0224740291
5   10   1   11   0.0000000000
5   10   1   12   0.0157021689
5   10   2   8   0.0000000001
5   10   2   9   -0.0045470788
5   10   2   10   0.0000000002
5   10   2   11   -0.0017555897
5   10   2   12   0.0000000001
5   10   3   8   0.0064293266
5   10   3   9   0.0000000003
5   10   3   10   0.1183633261
5   10   3   11   0.0000000004
5   10   3   12   0.0701764426
5   10   4   8   0.0000000002
5   10   4   9   0.0112359894
5   10   4   10   0.0000000014
5   10   4   11   -0.1044715137
5   10   4   12   0.0000000004
5   10   5   8   -0.0076390264
5   10   5   9   0.0000000003
5   10   5   10   0.5356342346
5   10   5   11   -0.0000000001
5   10   5   12   0.0278794927
5   10   6   13   -0.0078519511
5   10   6   14   -0.0000000000
5   10   7   13   -0.0000000000
5   10   7   14   -0.0078519511
5   11   1   8   -0.0000000001
5   11   1   9   -0.0128865955
5   11   1   10   0.0000000000
5   11   1   11   -0.0039874563
5   11   1   12   -0.0000000001
5   11   2   8   -0.0126320868
5   11   2   9   -0.0000000001
5   11   2   10   -0.0014267435
5   11   2   11   0.0000000000
5   11   2   12   0.0144741047
5   11   3   8   0.0000000001
5   11   3   9   -0.0055810647
5   11   3   10   0.0000000005
5   11   3   11   0.0040660589
5   11   3   12   0.0000000004
5   11   4   8   -0.0010664735
5   11   4   9   0.0000000002
5   11   4   10   -0.1024285941
5   11   4   11   0.0000000007
5   11   4   12   0.1682823477
5   11   5   8   0.0000000001
5   11   5   9   -0.0059611605
5   11   5   10   -0.0000000001
5   11   5   11   0.5087470126
5   11   5   12   0.0000000014
5   11   6   13   0.0000000003
5   11   6   14   0.0000000002
5   11   7   13   0.0000000002
5   11   7   14   -0.0000000002
5   12   1   8   0.0142428351
5   12   1   9   0.0000000001
5   12   1   10   0.0151652249
5   12   1   11   0.0000000000
5   12   1   12   -0.0004924018
5   12   2   8   0.0000000001
5   12   2   9   0.0135296825
5   12   2   10   0.0000000002
5   12   2   11   0.0141978966
5   12   2   12   0.0000000001
5   12   3   8   0.0151652249
5   12   3   9   0.0000000002
5   12   3   10   0.0662912471
5   12   3   11   0.0000000004
5   12   3   12   0.0278794927
5   12   4   8   0.0000000000
5   12   4   9   0.0141978966
5   12   4   10   0.0000000004
5   12   4   11   0.1679102114
5   12   4   12   0.0000000014
5   12   5   8   -0.0004924018
5   12   5   9   0.0000000001
5   12   5   10   0.0278794927
5   12   5   11   0.0000000014
5   12   5   12   0.5313903088
5   12   6   13   0.0154947751
5   12   6   14   -0.0000000001
5   12   7   13   -0.0000000001
5   12   7   14   0.0154947753
5   13   1   13   0.0085377395
5   13   1   14   0.0000000000
5   13   2   13   0.0000000001
5   13   2   14   0.0000000001
5   13   3   13   0.0536013210
5   13   3   14   0.0000000000
5   13   4   13   0.0000000002
5   13   4   14   -0.0000000002
5   13   5   13   0.4796982142
5   13   5   14   0.0000000002
5   13   6   8   -0.0034867909
5   13   6   9   -0.0000000000
5   13   6   10   -0.0080976272
5   13   6   11   0.0000000000
5   13   6   12   0.0193816424
5   13   7   8   -0.0000000000
5   13   7   9   0.0000000000
5   13   7   10   -0.0000000000
5   13   7   11   0.0000000001
5   13   7   12   -0.0000000000
5   14   1   13   0.0000000000
5   14   1   14   0.0085377395
5   14   2   13   0.0000000001
5   14   2   14   -0.0000000000
5   14   3   13   0.0000000000
5   14   3   14   0.0536013209
5   14   4   13   -0.0000000002
5   14   4   14   0.0000000007
5   14   5   13   0.0000000002
5   14   5   14   0.4796982135
5   14   6   8   -0.0000000000
5   14   6   9   0.0000000000
5   14   6   10   -0.0000000000
5   14   6   11   0.0000000001
5   14   6   12   -0.0000000000
5   14   7   8   -0.0034867909
5   14   7   9   -0.0000000000
5   14   7   10   -0.0080976271
5   14   7   11   -0.0000000002
5   14   7   12   0.0193816425
6   8   1   13   0.0129397767
6   8   1   14   0.0000000000
6   8   2   13   -0.0000000000
6   8   2   14   -0.0000000000
6   8   3   13   0.0150282870
6   8   3   14   0.0000000000
6   8   4   13   -0.0000000000
6   8   4   14   -0.0000000000
6   8   5   13   -0.0034867909
6   8   5   14   -0.0000000000
6   8   6   8   0.6521030943
6   8   6   9   -0.0000000000
6   8   6   10   -0.0025792891
6   8   6   11   -0.0000000001
6   8   6   12   0.0085377395
6   8   7   8   0.0000000001
6   8   7   9   0.0000000000
6   8   7   10   -0.0000000001
6   8   7   11   -0.0000000002
6   8   7   12   0.0000000000
6   9   1   13   -0.0000000000
6   9   1   14   -0.0000000000
6   9   2   13   0.0126001249
6   9   2   14   0.0000000000
6   9   3   13   -0.0000000001
6   9   3   14   -0.0000000000
6   9   4   13   0.0114034629
6   9   4   14   0.0000000000
6   9   5   13   -0.0000000000
6   9   5   14   0.0000000000
6   9   6   8   -0.0000000000
6   9   6   9   0.6520860117
6   9   6   10   0.0000000000
6   9   6   11   -0.0079684980
6   9   6   12   0.0000000001
6   9   7   8   0.0000000000
6   9   7   9   0.0000000001
6   9   7   10   -0.0000000001
6   9   7   11   -0.0000000001
6   9   7   12   0.0000000001
6   10   1   13   0.0150282870
6   10   1   14   0.0000000000
6   10   2   13   -0.0000000001
6   10   2   14   -0.0000000000
6   10   3   13   0.0828503889
6   10   3   14   0.0000000000
6   10   4   13   -0.0000000000
6   10   4   14   0.0000000002
6   10   5   13   -0.0080976272
6   10   5   14   -0.0000000000
6   10   6   8   -0.0025792891
6   10   6   9   0.0000000000
6   10   6   10   0.5666378958
6   10   6   11   0.0000000002
6   10   6   12   0.0536013210
6   10   7   8   -0.0000000001
6   10   7   9   -0.0000000001
6   10   7   10   0.0000000002
6   10   7   11   0.0000000001
6   10   7   12   0.0000000000
6   11   1   13   -0.0000000000
6   11   1   14   -0.0000000000
6   11   2   13   0.0114034629
6   11   2   14   0.0000000000
6   11   3   13   -0.0000000000
6   11   3   14   0.0000000002
6   11   4   13   0.0436711144
6   11   4   14   0.0000000000
6   11   5   13   0.0000000000
6   11   5   14   0.0000000001
6   11   6   8   -0.0000000001
6   11   6   9   -0.0079684980
6   11   6   10   0.0000000002
6   11   6   11   0.4733696993
6   11   6   12   0.0000000002
6   11   7   8   -0.0000000002
6   11   7   9   -0.0000000001
6   11   7   10   0.0000000001
6   11   7   11   0.0000000001
6   11   7   12   -0.0000000002
6   12   1   13   -0.0034867909
6   12   1   14   -0.0000000000
6   12   2   13   -0.0000000000
6   12   2   14   0.0000000000
6   12   3   13   -0.0080976272
6   12   3   14   -0.0000000000
6   12   4   13   0.0000000000
6   12   4   14   0.0000000001
6   12   5   13   0.0193816424
6   12   5   14   -0.0000000000
6   12   6   8   0.0085377395
6   12   6   9   0.0000000001
6   12   6   10   0.0536013210
6   12   6   11   0.0000000002
6   12   6   12   0.4796982142
6   12   7   8   0.0000000000
6   12   7   9   0.0000000001
6   12   7   10   0.0000000000
6   12   7   11   -0.0000000002
6   12   7   12   0.0000000002
6   13   1   8   0.0100970487
6   13   1   9   0.0000000001
6   13   1   10   0.0143221747
6   13   1   11   -0.0000000000
6   13   1   12   -0.0031461147
6   13   2   8   0.0000000001
6   13   2   9   0.0097485662
6   13   2   10   -0.0000000001
6   13   2   11   0.0107291101
6   13   2   12   -0.0000000000
6   13   3   8   0.0143221747
6   13   3   9   -0.0000000001
6   13   3   10   0.0793570523
6   13   3   11   -0.0000000005
6   13   3   12   -0.0078519511
6   13   4   8   -0.0000000000
6   13   4   9   0.0107291101
6   13   4   10   -0.0000000005
6   13   4   11   0.0406272843
6   13   4   12   0.0000000003
6   13   5   8   -0.0031461147
6   13   5   9   -0.0000000000
6   13   5   10   -0.0078519511
6   13   5   11   0.0000000003
6   13   5   12   0.0154947751
6   13   6   13   0.5238093929
6   13   6   14   -0.0000000027
6   13   7   13   -0.0000000027
6   13   7   14   0.0143908111
6   14   1   9   -0.0000000000
6   14   1   10   0.0000000000
6   14   1   11   -0.0000000000
6   14   1   12   -0.0000000000
6   14   2   8   -0.0000000000
6   14   2   9   -0.0000000000
6   14   2   10   -0.0000000000
6   14   2   11   0.0000000000
6   14   2   12   0.0000000000
6   14   3   8   0.0000000000
6   14   3   9   -0.0000000000
6   14   3   10   -0.0000000000
6   14   3   11   -0.0000000000
6   14   3   12   -0.0000000000
6   14   4   8   -0.0000000000
6   14   4   9   0.0000000000
6   14   4   10   -0.0000000000
6   14   4   11   -0.0000000000
6   14   4   12   0.0000000002
6   14   5   8   -0.0000000000
6   14   5   9   0.0000000000
6   14   5   10   -0.0000000000
6   14   5   11   0.0000000002
6   14   5   12   -0.0000000001
6   14   6   13   -0.0000000027
6   14   6   14   0.4916055093
6   14   7   13   0.0178130760
6   14   7   14   0.0000000030
7   8   1   13   0.0000000000
7   8   1   14   0.0129397767
7   8   2   13   -0.0000000000
7   8   2   14   -0.0000000000
7   8   3   13   0.0000000000
7   8   3   14   0.0150282870
7   8   4   13   -0.0000000000
7   8   4   14   -0.0000000000
7   8   5   13   -0.0000000000
7   8   5   14   -0.0034867909
7   8   6   8   0.0000000001
7   8   6   9   0.0000000000
7   8   6   10   -0.0000000001
7   8   6   11   -0.0000000002
7   8   6   12   0.0000000000
7   8   7   8   0.6521030940
7   8   7   9   -0.0000000000
7   8   7   10   -0.0025792889
7   8   7   11   0.0000000003
7   8   7   12   0.0085377395
7   9   1   13   -0.0000000000
7   9   1   14   -0.0000000000
7   9   2   13   0.0000000000
7   9   2   14   0.0126001249
7   9   3   13   -0.0000000000
7   9   3   14   -0.0000000000
7   9   4   13   0.0000000000
7   9   4   14   0.0114034629
7   9   5   13   0.0000000000
7   9   5   14   -0.0000000000
7   9   6   8   0.0000000000
7   9   6   9   0.0000000001
7   9   6   10   -0.0000000001
7   9   6   11   -0.0000000001
7   9   6   12   0.0000000001
7   9   7   8   -0.0000000000
7   9   7   9   0.6520860114
7   9   7   10   0.0000000004
7   9   7   11   -0.0079684978
7   9   7   12   -0.0000000000
7   10   1   13   0.0000000000
7   10   1   14   0.0150282870
7   10   2   13   -0.0000000000
7   10   2   14   -0.0000000000
7   10   3   13   0.0000000000
7   10   3   14   0.0828503889
7   10   4   13   0.0000000002
7   10   4   14   -0.0000000005
7   10   5   13   -0.0000000000
7   10   5   14   -0.0080976271
7   10   6   8   -0.0000000001
7   10   6   9   -0.0000000001
7   10   6   10   0.0000000002
7   10   6   11   0.0000000001
7   10   6   12   0.0000000000
7   10   7   8   -0.0025792889
7   10   7   9   0.0000000004
7   10   7   10   0.5666378952
7   10   7   11   0.0000000001
7   10   7   12   0.0536013209
7   11   1   13   -0.0000000000
7   11   1   14   -0.0000000000
7   11   2   13   0.0000000000
7   11   2   14   0.0114034629
7   11   3   13   0.0000000002
7   11   3   14   -0.0000000005
7   11   4   13   0.0000000000
7   11   4   14   0.0436711144
7   11   5   13   0.0000000001
7   11   5   14   -0.0000000002
7   11   6   8   -0.0000000002
7   11   6   9   -0.0000000001
7   11   6   10   0.0000000001
7   11   6   11   0.0000000001
7   11   6   12   -0.0000000002
7   11   7   8   0.0000000003
7   11   7   9   -0.0079684978
7   11   7   10   0.0000000001
7   11   7   11   0.4733696991
7   11   7   12   0.0000000007
7   12   1   13   -0.0000000000
7   12   1   14   -0.0034867909
7   12   2   13   0.0000000000
7   12   2   14   -0.0000000000
7   12   3   13   -0.0000000000
7   12   3   14   -0.0080976271
7   12   4   13   0.0000000001
7   12   4   14   -0.0000000002
7   12   5   13   -0.0000000000
7   12   5   14   0.0193816425
7   12   6   8   0.0000000000
7   12   6   9   0.0000000001
7   12   6   10   0.0000000000
7   12   6   11   -0.0000000002
7   12   6   12   0.0000000002
7   12   7   8   0.0085377395
7   12   7   9   -0.0000000000
7   12   7   10   0.0536013209
7   12   7   11   0.0000000007
7   12   7   12   0.4796982135
7   13   1   9   -0.0000000000
7   13   1   10   0.0000000000
7   13   1   11   -0.0000000000
7   13   1   12   -0.0000000000
7   13   2   8   -0.0000000000
7   13   2   9   -0.0000000000
7   13   2   10   -0.0000000000
7   13   2   11   0.0000000000
7   13   2   12   0.0000000000
7   13   3   8   0.0000000000
7   13   3   9   -0.0000000000
7   13   3   10   -0.0000000000
7   13   3   11   -0.0000000000
7   13   3   12   -0.0000000000
7   13   4   8   -0.0000000000
7   13   4   9   0.0000000000
7   13   4   10   -0.0000000000
7   13   4   11   -0.0000000000
7   13   4   12   0.0000000002
7   13   5   8   -0.0000000000
7   13   5   9   0.0000000000
7   13   5   10   -0.0000000000
7   13   5   11   0.0000000002
7   13   5   12   -0.0000000001
7   13   6   13   -0.0000000027
7   13   6   14   0.0178130760
7   13   7   13   0.4916055093
7   13   7   14   0.0000000030
7   14   1   8   0.0100970487
7   14   1   9   0.0000000001
7   14   1   10   0.0143221747
7   14   1   11   0.0000000000
7   14   1   12   -0.0031461147
7   14   2   8   0.0000000001
7   14   2   9   0.0097485662
7   14   2   10   -0.0000000000
7   14   2   11   0.0107291100
7   14   2   12   -0.0000000001
7   14   3   8   0.0143221747
7   14   3   9   -0.0000000000
7   14   3   10   0.0793570524
7   14   3   11   -0.0000000004
7   14   3   12   -0.0078519511
7   14   4   8   0.0000000000
7   14   4   9   0.0107291100
7   14   4   10   -0.0000000004
7   14   4   11   0.0406272843
7   14   4   12   -0.0000000002
7   14   5   8   -0.0031461147
7   14   5   9   -0.0000000001
7   14   5   10   -0.0078519511
7   14   5   11   -0.0000000002
7   14   5   12   0.0154947753
7   14   6   13   0.0143908111
7   14   6   14   0.0000000030
7   14   7   13   0.0000000030
7   14   7   14   0.5238093923

End IJKL Block
Begin ABCD Block
1   4   1   4   0.4685168055
1   4   1   5   -0.0000000011
1   4   2   4   -0.0000000011
1   4   2   5   0.0175494037
1   4   3   6   0.0153541476
1   5   1   4   -0.0000000011
1   5   1   5   0.4334841586
1   5   2   4   0.0174832406
1   5   2   5   0.0000000014
1   5   3   6   0.0000000000
1   6   1   6   0.3209209710
1   6   2   6   -0.0000000209
1   6   3   4   0.0154284575
1   6   3   5   0.0000000001
2   4   1   4   -0.0000000011
2   4   1   5   0.0174832406
2   4   2   4   0.4334841586
2   4   2   5   0.0000000014
2   4   3   6   0.0000000000
2   5   1   4   0.0175494037
2   5   1   5   0.0000000014
2   5   2   4   0.0000000014
2   5   2   5   0.4685168051
2   5   3   6   0.0153541475
2   6   1   6   -0.0000000209
2   6   2   6   0.3209209977
2   6   3   4   0.0000000001
2   6   3   5   0.0154284573
3   4   1   6   0.0154284575
3   4   2   6   0.0000000001
3   4   3   4   0.3209209710
3   4   3   5   -0.0000000209
3   5   1   6   0.0000000001
3   5   2   6   0.0154284573
3   5   3   4   -0.0000000209
3   5   3   5   0.3209209977
3   6   1   4   0.0153541476
3   6   1   5   0.0000000000
3   6   2   4   0.0000000000
3   6   2   5   0.0153541475
3   6   3   6   0.3118233614

End ABCD Block
Begin AIJB Block
1   8   1   4   0.0124957934
1   8   2   4   -0.0000000000
1   8   2   5   0.0000000000
1   8   3   4   0.0104026755
1   8   4   4   -0.0000000000
1   8   4   5   -0.0000000000
1   8   5   4   -0.0056666733
1   8   5   5   0.0000000000
1   8   6   6   0.0015848607
1   8   7   6   0.0016782856
1   9   1   4   -0.0000000000
1   9   1   5   0.0000000000
1   9   2   4   0.0127246348
1   9   3   4   -0.0000000000
1   9   3   5   -0.0000000000
1   9   4   4   0.0134827306
1   9   5   4   0.0000000000
1   9   5   5   0.0000000000
1   9   6   6   0.0000000002
1   9   7   6   -0.0000000001
1   10   1   4   0.0104026755
1   10   2   4   -0.0000000000
1   10   2   5   -0.0000000000
1   10   3   4   0.0374761622
1   10   3   5   0.0000000000
1   10   4   4   -0.0000000001
1   10   4   5   -0.0000000001
1   10   5   4   -0.0187492400
1   10   5   5   0.0000000000
1   10   6   6   -0.0334739407
1   10   7   6   -0.0354471755
1   11   1   4   -0.0000000000
1   11   1   5   -0.0000000000
1   11   2   4   0.0134827306
1   11   3   4   -0.0000000001
1   11   3   5   -0.0000000001
1   11   4   4   0.0660696560
1   11   4   5   0.0000000000
1   11   5   4   0.0000000001
1   11   5   5   -0.0000000001
1   11   6   6   -0.0000000029
1   11   7   6   0.0000000003
1   12   1   4   -0.0056666733
1   12   1   5   0.0000000000
1   12   2   4   0.0000000000
1   12   2   5   0.0000000000
1   12   3   4   -0.0187492400
1   12   3   5   0.0000000000
1   12   4   4   0.0000000001
1   12   4   5   -0.0000000001
1   12   5   4   0.0309781090
1   12   5   5   0.0000000000
1   12   6   6   -0.0202648719
1   12   7   6   -0.0214594536
1   13   1   6   -0.0042515716
1   13   2   6   0.0000000000
1   13   3   6   -0.0137679811
1   13   4   6   -0.0000000002
1   13   5   6   0.0025113928
1   13   6   4   0.0727180712
1   13   6   5   0.0602751976
1   13   7   4   0.0602751996
1   13   7   5   0.0481174144
1   14   1   6   -0.0045021949
1   14   3   6   -0.0145795814
1   14   4   6   0.0000000002
1   14   5   6   0.0026594353
1   14   6   4   0.0602751996
1   14   6   5   -0.0412089594
1   14   7   4   0.0796265358
1   14   7   5   -0.0602751976
2   8   1   5   0.0124957934
2   8   2   4   0.0000000000
2   8   2   5   -0.0000000000
2   8   3   5   0.0104026755
2   8   4   4   -0.0000000000
2   8   4   5   0.0000000000
2   8   5   4   0.0000000000
2   8   5   5   -0.0056666733
2   8   6   6   0.0016782856
2   8   7   6   -0.0015848606
2   9   1   4   0.0000000000
2   9   1   5   -0.0000000000
2   9   2   5   0.0127246348
2   9   3   4   -0.0000000000
2   9   4   5   0.0134827306
2   9   5   4   0.0000000000
2   9   5   5   -0.0000000000
2   9   6   6   -0.0000000000
2   9   7   6   0.0000000003
2   10   1   5   0.0104026755
2   10   2   4   -0.0000000000
2   10   3   4   0.0000000000
2   10   3   5   0.0374761622
2   10   4   4   -0.0000000001
2   10   4   5   -0.0000000000
2   10   5   4   0.0000000000
2   10   5   5   -0.0187492400
2   10   6   6   -0.0354471755
2   10   7   6   0.0334739407
2   11   1   4   -0.0000000000
2   11   1   5   0.0000000000
2   11   2   5   0.0134827306
2   11   3   4   -0.0000000001
2   11   3   5   -0.0000000000
2   11   4   4   0.0000000000
2   11   4   5   0.0660696559
2   11   5   4   -0.0000000001
2   11   5   5   0.0000000001
2   11   6   6   -0.0000000008
2   11   7   6   -0.0000000025
2   12   1   4   0.0000000000
2   12   1   5   -0.0056666733
2   12   2   4   0.0000000000
2   12   2   5   -0.0000000000
2   12   3   4   0.0000000000
2   12   3   5   -0.0187492400
2   12   4   4   -0.0000000001
2   12   4   5   0.0000000001
2   12   5   4   0.0000000000
2   12   5   5   0.0309781090
2   12   6   6   -0.0214594535
2   12   7   6   0.0202648722
2   13   1   6   -0.0045021949
2   13   2   6   0.0000000000
2   13   3   6   -0.0145795814
2   13   4   6   0.0000000001
2   13   5   6   0.0026594354
2   13   6   4   0.0602751976
2   13   6   5   0.0796265359
2   13   7   4   -0.0412089594
2   13   7   5   -0.0602751995
2   14   1   6   0.0042515716
2   14   2   6   0.0000000000
2   14   3   6   0.0137679811
2   14   4   6   -0.0000000005
2   14   5   6   -0.0025113928
2   14   6   4   0.0481174144
2   14   6   5   -0.0602751995
2   14   7   4   -0.0602751976
2   14   7   5   0.0727180711
3   8   1   6   0.0100645966
3   8   2   6   -0.0000000000
3   8   3   6   -0.0005879008
3   8   4   6   0.0000000002
3   8   5   6   0.0002389810
3   8   6   4   -0.0042515716
3   8   6   5   -0.0045021949
3   8   7   4   -0.0045021949
3   8   7   5   0.0042515716
3   9   1   6   -0.0000000000
3   9   2   6   0.0101155004
3   9   3   6   0.0000000000
3   9   4   6   -0.0002382310
3   9   5   6   -0.0000000002
3   9   6   4   0.0000000000
3   9   6   5   0.0000000000
3   9   7   5   0.0000000000
3   10   1   6   -0.0005879008
3   10   2   6   0.0000000000
3   10   3   6   0.0325363273
3   10   4   6   0.0000000004
3   10   5   6   0.0099891624
3   10   6   4   -0.0137679811
3   10   6   5   -0.0145795814
3   10   7   4   -0.0145795814
3   10   7   5   0.0137679811
3   11   1   6   0.0000000002
3   11   2   6   -0.0002382310
3   11   3   6   0.0000000004
3   11   4   6   0.0262452093
3   11   5   6   -0.0000000011
3   11   6   4   -0.0000000002
3   11   6   5   0.0000000001
3   11   7   4   0.0000000002
3   11   7   5   -0.0000000005
3   12   1   6   0.0002389810
3   12   2   6   -0.0000000002
3   12   3   6   0.0099891624
3   12   4   6   -0.0000000011
3   12   5   6   0.0265503508
3   12   6   4   0.0025113928
3   12   6   5   0.0026594354
3   12   7   4   0.0026594353
3   12   7   5   -0.0025113928
3   13   1   4   0.0015848607
3   13   1   5   0.0016782856
3   13   2   4   0.0000000002
3   13   2   5   -0.0000000000
3   13   3   4   -0.0334739407
3   13   3   5   -0.0354471755
3   13   4   4   -0.0000000029
3   13   4   5   -0.0000000008
3   13   5   4   -0.0202648719
3   13   5   5   -0.0214594535
3   13   6   6   0.0138146250
3   13   7   6   0.0000000000
3   14   1   4   0.0016782856
3   14   1   5   -0.0015848606
3   14   2   4   -0.0000000001
3   14   2   5   0.0000000003
3   14   3   4   -0.0354471755
3   14   3   5   0.0334739407
3   14   4   4   0.0000000003
3   14   4   5   -0.0000000025
3   14   5   4   -0.0214594536
3   14   5   5   0.0202648722
3   14   6   6   0.0000000000
3   14   7   6   0.0138146250

1   8   8   1   -0.6059152804
1   8   8   2   -0.0000000000
1   8   9   1   0.0000000000
1   8   9   2   0.0000000000
1   8   10   1   0.0044020584
1   8   10   2   0.0000000001
1   8   11   1   -0.0000000002
1   8   11   2   -0.0000000001
1   8   12   1   -0.0024352870
1   8   12   2   -0.0000000000
1   8   13   3   0.0045972366
1   8   14   3   0.0048682363
1   9   8   1   0.0000000000
1   9   8   2   0.0000000000
1   9   9   1   -0.6059332385
1   9   9   2   -0.0000000000
1   9   10   1   -0.0000000002
1   9   10   2   -0.0000000001
1   9   11   1   0.0049473917
1   9   11   2   0.0000000001
1   9   12   1   0.0000000000
1   9   12   2   0.0000000000
1   9   13   3   -0.0000000007
1   9   14   3   -0.0000000007
1   10   8   1   0.0044020584
1   10   8   2   0.0000000001
1   10   9   1   -0.0000000002
1   10   9   2   -0.0000000001
1   10   10   1   -0.5050924487
1   10   10   2   -0.0000000003
1   10   11   1   0.0000000003
1   10   11   2   0.0000000006
1   10   12   1   -0.0257684823
1   10   12   2   -0.0000000001
1   10   13   3   0.0202239277
1   10   14   3   0.0214160956
1   11   8   1   -0.0000000002
1   11   8   2   -0.0000000001
1   11   9   1   0.0049473917
1   11   9   2   0.0000000001
1   11   10   1   0.0000000003
1   11   10   2   0.0000000006
1   11   11   1   -0.4699260340
1   11   11   2   -0.0000000000
1   11   12   1   -0.0000000003
1   11   12   2   -0.0000000000
1   11   13   3   -0.0000000026
1   11   14   3   -0.0000000025
1   12   8   1   -0.0024352870
1   12   8   2   -0.0000000000
1   12   9   1   0.0000000000
1   12   9   2   0.0000000000
1   12   10   1   -0.0257684823
1   12   10   2   -0.0000000001
1   12   11   1   -0.0000000003
1   12   11   2   -0.0000000000
1   12   12   1   -0.4713388029
1   12   12   2   -0.0000000003
1   12   13   3   -0.0002734436
1   12   14   3   -0.0002895626
1   13   8   3   0.0045761053
1   13   9   3   -0.0000000007
1   13   10   3   0.0204379128
1   13   11   3   -0.0000000025
1   13   12   3   0.0006268337
1   13   13   1   -0.4747000835
1   13   13   2   -0.0181219267
1   13   14   1   -0.0181219302
1   13   14   2   0.0004057995
1   14   8   3   0.0048458593
1   14   9   3   -0.0000000007
1   14   10   3   0.0216426948
1   14   11   3   -0.0000000027
1   14   12   3   0.0006637846
1   14   13   1   -0.0181219302
1   14   13   2   -0.0024828408
1   14   14   1   -0.4767771422
1   14   14   2   0.0181219264
2   8   8   1   -0.0000000000
2   8   8   2   -0.6059152804
2   8   9   1   0.0000000000
2   8   9   2   0.0000000000
2   8   10   1   0.0000000001
2   8   10   2   0.0044020583
2   8   11   1   -0.0000000001
2   8   11   2   -0.0000000000
2   8   12   1   -0.0000000000
2   8   12   2   -0.0024352869
2   8   13   3   0.0048682363
2   8   14   3   -0.0045972366
2   9   8   1   0.0000000000
2   9   8   2   0.0000000000
2   9   9   1   -0.0000000000
2   9   9   2   -0.6059332385
2   9   10   1   -0.0000000001
2   9   10   2   -0.0000000001
2   9   11   1   0.0000000001
2   9   11   2   0.0049473916
2   9   12   1   0.0000000000
2   9   12   2   -0.0000000000
2   9   13   3   -0.0000000007
2   9   14   3   0.0000000007
2   10   8   1   0.0000000001
2   10   8   2   0.0044020583
2   10   9   1   -0.0000000001
2   10   9   2   -0.0000000001
2   10   10   1   -0.0000000003
2   10   10   2   -0.5050924484
2   10   11   1   0.0000000006
2   10   11   2   -0.0000000004
2   10   12   1   -0.0000000001
2   10   12   2   -0.0257684821
2   10   13   3   0.0214160956
2   10   14   3   -0.0202239277
2   11   8   1   -0.0000000001
2   11   8   2   -0.0000000000
2   11   9   1   0.0000000001
2   11   9   2   0.0049473916
2   11   10   1   0.0000000006
2   11   10   2   -0.0000000004
2   11   11   1   -0.0000000000
2   11   11   2   -0.4699260340
2   11   12   1   -0.0000000000
2   11   12   2   -0.0000000003
2   11   13   3   -0.0000000026
2   11   14   3   0.0000000022
2   12   8   1   -0.0000000000
2   12   8   2   -0.0024352869
2   12   9   1   0.0000000000
2   12   9   2   -0.0000000000
2   12   10   1   -0.0000000001
2   12   10   2   -0.0257684821
2   12   11   1   -0.0000000000
2   12   11   2   -0.0000000003
2   12   12   1   -0.0000000003
2   12   12   2   -0.4713388025
2   12   13   3   -0.0002895626
2   12   14   3   0.0002734436
2   13   8   3   0.0048458593
2   13   9   3   -0.0000000007
2   13   10   3   0.0216426948
2   13   11   3   -0.0000000027
2   13   12   3   0.0006637846
2   13   13   1   -0.0181219267
2   13   13   2   -0.4767771424
2   13   14   1   -0.0024828408
2   13   14   2   0.0181219299
2   14   8   3   -0.0045761053
2   14   9   3   0.0000000007
2   14   10   3   -0.0204379129
2   14   11   3   0.0000000026
2   14   12   3   -0.0006268338
2   14   13   1   0.0004057995
2   14   13   2   0.0181219299
2   14   14   1   0.0181219264
2   14   14   2   -0.4747000829
3   8   8   3   -0.3925179181
3   8   9   3   0.0000000003
3   8   10   3   0.0015364247
3   8   11   3   0.0000000194
3   8   12   3   -0.0038546067
3   8   13   1   0.0045761053
3   8   13   2   0.0048458593
3   8   14   1   0.0048458593
3   8   14   2   -0.0045761053
3   9   8   3   0.0000000003
3   9   9   3   -0.3925189536
3   9   10   3   0.0000000368
3   9   11   3   0.0038032479
3   9   12   3   0.0000000086
3   9   13   1   -0.0000000007
3   9   13   2   -0.0000000007
3   9   14   1   -0.0000000007
3   9   14   2   0.0000000007
3   10   8   3   0.0015364247
3   10   9   3   0.0000000368
3   10   10   3   -0.3533439497
3   10   11   3   0.0000000373
3   10   12   3   -0.0154783539
3   10   13   1   0.0204379128
3   10   13   2   0.0216426948
3   10   14   1   0.0216426948
3   10   14   2   -0.0204379129
3   11   8   3   0.0000000194
3   11   9   3   0.0038032479
3   11   10   3   0.0000000373
3   11   11   3   -0.3363564011
3   11   12   3   0.0000000574
3   11   13   1   -0.0000000025
3   11   13   2   -0.0000000027
3   11   14   1   -0.0000000027
3   11   14   2   0.0000000026
3   12   8   3   -0.0038546067
3   12   9   3   0.0000000086
3   12   10   3   -0.0154783539
3   12   11   3   0.0000000574
3   12   12   3   -0.3467747252
3   12   13   1   0.0006268337
3   12   13   2   0.0006637846
3   12   14   1   0.0006637846
3   12   14   2   -0.0006268338
3   13   8   1   0.0045972366
3   13   8   2   0.0048682363
3   13   9   1   -0.0000000007
3   13   9   2   -0.0000000007
3   13   10   1   0.0202239277
3   13   10   2   0.0214160956
3   13   11   1   -0.0000000026
3   13   11   2   -0.0000000026
3   13   12   1   -0.0002734436
3   13   12   2   -0.0002895626
3   13   13   3   -0.3293303210
3   13   14   3   0.0000000154
3   14   8   1   0.0048682363
3   14   8   2   -0.0045972366
3   14   9   1   -0.0000000007
3   14   9   2   0.0000000007
3   14   10   1   0.0214160956
3   14   10   2   -0.0202239277
3   14   11   1   -0.0000000025
3   14   11   2   0.0000000022
3   14   12   1   -0.0002895626
3   14   12   2   0.0002734436
3   14   13   3   0.0000000154
3   14   14   3   -0.3293303636

End AIJB Block
Begin IJKA Block
1   8   1   6   0.0000000000
1   8   2   6   -0.1047223146
1   8   3   6   0.0000000001
1   8   4   6   0.0144912211
1   8   5   6   -0.0000000003
1   8   6   4   -0.0000000001
1   8   6   5   -0.0000000001
1   8   7   4   -0.0000000001
1   8   7   5   0.0000000001
1   9   1   6   -0.1015758279
1   9   2   6   -0.0000000000
1   9   3   6   0.0179755829
1   9   4   6   0.0000000001
1   9   5   6   -0.0006004569
1   9   6   4   -0.0084643393
1   9   6   5   -0.0089632984
1   9   7   4   -0.0089632984
1   9   7   5   0.0084643393
1   10   1   6   0.0000000000
1   10   2   6   0.1207781385
1   10   3   6   0.0000000000
1   10   4   6   -0.0052973259
1   10   5   6   0.0000000000
1   10   6   4   0.0000000000
1   10   6   5   0.0000000000
1   10   7   4   0.0000000000
1   10   7   5   0.0000000000
1   11   1   6   0.1041085318
1   11   2   6   -0.0000000002
1   11   3   6   -0.0015191444
1   11   4   6   0.0000000003
1   11   5   6   0.0050321099
1   11   6   4   -0.0093244216
1   11   6   5   -0.0098740812
1   11   7   4   -0.0098740812
1   11   7   5   0.0093244216
1   12   1   6   -0.0000000004
1   12   2   6   0.0507110706
1   12   3   6   -0.0000000005
1   12   4   6   -0.0002912050
1   12   5   6   -0.0000000001
1   12   6   4   -0.0000000000
1   12   6   5   -0.0000000000
1   12   7   4   -0.0000000000
1   12   7   5   0.0000000000
1   13   1   4   -0.0000000023
1   13   1   5   -0.0000000005
1   13   2   4   -0.1504345592
1   13   2   5   -0.1593024336
1   13   3   4   0.0000000002
1   13   3   5   -0.0000000000
1   13   4   4   0.0006499982
1   13   4   5   0.0006883145
1   13   5   4   -0.0000000002
1   13   5   5   -0.0000000000
1   13   6   6   -0.0000000001
1   13   7   6   -0.0000000001
1   14   1   4   0.0000000003
1   14   1   5   -0.0000000020
1   14   2   4   -0.1593024335
1   14   2   5   0.1504345590
1   14   3   4   -0.0000000001
1   14   3   5   0.0000000003
1   14   4   4   0.0006883145
1   14   4   5   -0.0006499981
1   14   5   4   0.0000000000
1   14   5   5   -0.0000000002
1   14   6   6   -0.0000000001
1   14   7   6   0.0000000001
2   8   1   6   -0.1047380132
2   8   2   6   -0.0000000000
2   8   3   6   0.0178873565
2   8   4   6   0.0000000001
2   8   5   6   -0.0007824287
2   8   6   4   -0.0082706877
2   8   6   5   -0.0087582314
2   8   7   4   -0.0087582314
2   8   7   5   0.0082706877
2   9   1   6   0.0000000001
2   9   2   6   -0.1016095764
2   9   3   6   0.0000000002
2   9   4   6   0.0144240462
2   9   5   6   -0.0000000003
2   9   6   4   -0.0000000000
2   9   6   5   -0.0000000001
2   9   7   4   -0.0000000001
2   9   7   5   0.0000000001
2   10   1   6   0.1207482415
2   10   3   6   -0.0024545794
2   10   4   6   0.0000000000
2   10   5   6   0.0052340641
2   10   6   4   -0.0072136275
2   10   6   5   -0.0076388592
2   10   7   4   -0.0076388592
2   10   7   5   0.0072136275
2   11   1   6   -0.0000000002
2   11   2   6   0.1040876207
2   11   3   6   0.0000000006
2   11   4   6   -0.0045838187
2   11   5   6   0.0000000001
2   11   6   4   0.0000000001
2   11   6   5   0.0000000000
2   11   7   4   0.0000000000
2   11   7   5   -0.0000000000
2   12   1   6   0.0506974971
2   12   2   6   -0.0000000004
2   12   3   6   0.0003475381
2   12   4   6   -0.0000000004
2   12   5   6   0.0009357042
2   12   6   4   0.0035027070
2   12   6   5   0.0037091860
2   12   7   4   0.0037091860
2   12   7   5   -0.0035027070
2   13   1   4   -0.1503931605
2   13   1   5   -0.1592585945
2   13   2   4   -0.0000000022
2   13   2   5   -0.0000000005
2   13   3   4   0.0032854619
2   13   3   5   0.0034791346
2   13   4   4   0.0000000003
2   13   4   5   0.0000000000
2   13   5   4   0.0022502687
2   13   5   5   0.0023829184
2   13   6   6   0.0062141753
2   13   7   6   0.0000000000
2   14   1   4   -0.1592585944
2   14   1   5   0.1503931603
2   14   2   4   0.0000000004
2   14   2   5   -0.0000000021
2   14   3   4   0.0034791346
2   14   3   5   -0.0032854619
2   14   4   4   -0.0000000001
2   14   4   5   0.0000000004
2   14   5   4   0.0023829184
2   14   5   5   -0.0022502687
2   14   6   6   0.0000000000
2   14   7   6   0.0062141753
3   8   1   6   0.0000000000
3   8   2   6   0.0186223945
3   8   3   6   -0.0000000000
3   8   4   6   -0.0042447246
3   8   5   6   0.0000000001
3   8   6   4   0.0000000000
3   8   6   5   0.0000000000
3   8   7   4   -0.0000000000
3   8   7   5   0.0000000000
3   9   1   6   0.0186887317
3   9   2   6   0.0000000001
3   9   3   6   0.0021694121
3   9   4   6   0.0000000001
3   9   5   6   0.0050594848
3   9   6   4   -0.0101777057
3   9   6   5   -0.0107776650
3   9   7   4   -0.0107776650
3   9   7   5   0.0101777057
3   10   1   6   -0.0000000001
3   10   2   6   -0.0016911657
3   10   3   6   0.0000000000
3   10   4   6   0.0399415536
3   10   5   6   0.0000000003
3   10   6   4   0.0000000007
3   10   6   5   0.0000000002
3   10   7   4   -0.0000000001
3   10   7   5   0.0000000006
3   11   1   6   -0.0012283533
3   11   2   6   0.0000000005
3   11   3   6   0.0798696819
3   11   4   6   0.0000000003
3   11   5   6   0.0207865360
3   11   6   4   -0.0408552989
3   11   6   5   -0.0432636528
3   11   7   4   -0.0432636528
3   11   7   5   0.0408552989
3   12   1   6   -0.0000000005
3   12   2   6   0.0004526431
3   12   3   6   -0.0000000023
3   12   4   6   0.0253650270
3   12   5   6   -0.0000000014
3   12   6   4   0.0000000001
3   12   6   5   -0.0000000001
3   12   7   4   -0.0000000002
3   12   7   5   0.0000000004
3   13   1   4   0.0000000003
3   13   1   5   -0.0000000000
3   13   2   4   0.0025225179
3   13   2   5   0.0026712163
3   13   3   4   -0.0000000017
3   13   3   5   -0.0000000006
3   13   4   4   -0.0663176081
3   13   4   5   -0.0702269241
3   13   5   4   -0.0000000001
3   13   5   5   -0.0000000002
3   13   6   6   -0.0000000020
3   13   7   6   -0.0000000010
3   14   1   4   -0.0000000002
3   14   1   5   0.0000000005
3   14   2   4   0.0026712163
3   14   2   5   -0.0025225179
3   14   3   4   -0.0000000001
3   14   3   5   -0.0000000010
3   14   4   4   -0.0702269241
3   14   4   5   0.0663176081
3   14   5   4   -0.0000000003
3   14   5   5   0.0000000005
3   14   6   6   -0.0000000010
3   14   7   6   0.0000000008
4   8   1   6   0.0151891505
4   8   2   6   -0.0000000000
4   8   3   6   -0.0043871940
4   8   4   6   -0.0000000000
4   8   5   6   0.0077360920
4   8   6   4   -0.0082788859
4   8   6   5   -0.0087669128
4   8   7   4   -0.0087669128
4   8   7   5   0.0082788859
4   9   1   6   -0.0000000000
4   9   2   6   0.0151234536
4   9   3   6   -0.0000000000
4   9   4   6   -0.0067896344
4   9   5   6   0.0000000002
4   9   6   4   0.0000000001
4   9   6   5   0.0000000000
4   9   7   4   0.0000000000
4   9   7   5   0.0000000000
4   10   1   6   -0.0049206979
4   10   2   6   -0.0000000001
4   10   3   6   0.0402282357
4   10   4   6   -0.0000000003
4   10   5   6   -0.0270175058
4   10   6   4   -0.0263976342
4   10   6   5   -0.0279537321
4   10   7   4   -0.0279537321
4   10   7   5   0.0263976342
4   11   1   6   0.0000000005
4   11   2   6   -0.0042996615
4   11   3   6   0.0000000005
4   11   4   6   0.0401217173
4   11   5   6   0.0000000020
4   11   6   4   0.0000000009
4   11   6   5   0.0000000003
4   11   7   4   -0.0000000000
4   11   7   5   0.0000000006
4   12   1   6   -0.0001957293
4   12   2   6   -0.0000000004
4   12   3   6   0.0253607286
4   12   4   6   0.0000000003
4   12   5   6   -0.0386494499
4   12   6   4   0.0181157837
4   12   6   5   0.0191836799
4   12   7   4   0.0191836800
4   12   7   5   -0.0181157838
4   13   1   4   0.0006764402
4   13   1   5   0.0007163152
4   13   2   4   0.0000000003
4   13   2   5   -0.0000000000
4   13   3   4   -0.0651846838
4   13   3   5   -0.0690272157
4   13   4   4   -0.0000000007
4   13   4   5   -0.0000000000
4   13   5   4   0.0778869485
4   13   5   5   0.0824782584
4   13   6   6   0.0169416009
4   13   7   6   0.0000000000
4   14   1   4   0.0007163152
4   14   1   5   -0.0006764401
4   14   2   4   -0.0000000002
4   14   2   5   0.0000000004
4   14   3   4   -0.0690272157
4   14   3   5   0.0651846838
4   14   4   4   0.0000000003
4   14   4   5   -0.0000000009
4   14   5   4   0.0824782584
4   14   5   5   -0.0778869486
4   14   6   6   0.0000000000
4   14   7   6   0.0169416008
5   8   1   6   0.0000000001
5   8   2   6   -0.0006908719
5   8   3   6   0.0000000000
5   8   4   6   0.0078165250
5   8   5   6   0.0000000000
5   8   6   4   -0.0000000001
5   8   6   5   -0.0000000000
5   8   7   4   -0.0000000000
5   8   7   5   0.0000000000
5   9   1   6   -0.0005337868
5   9   2   6   0.0000000001
5   9   3   6   0.0050973928
5   9   4   6   0.0000000002
5   9   5   6   -0.0047546829
5   9   6   4   0.0025693163
5   9   6   5   0.0027207733
5   9   7   4   0.0027207733
5   9   7   5   -0.0025693163
5   10   1   6   -0.0000000002
5   10   2   6   0.0051485266
5   10   3   6   0.0000000001
5   10   4   6   -0.0272278561
5   10   5   6   -0.0000000004
5   10   6   4   0.0000000002
5   10   6   5   -0.0000000000
5   10   7   4   -0.0000000001
5   10   7   5   0.0000000002
5   11   1   6   0.0046695659
5   11   2   6   0.0000000001
5   11   3   6   0.0196519627
5   11   4   6   0.0000000013
5   11   5   6   0.0385572611
5   11   6   4   0.0155117865
5   11   6   5   0.0164261813
5   11   7   4   0.0164261813
5   11   7   5   -0.0155117866
5   12   1   6   0.0000000001
5   12   2   6   0.0009611075
5   12   3   6   -0.0000000011
5   12   4   6   -0.0393340913
5   12   5   6   -0.0000000004
5   12   6   4   0.0000000010
5   12   6   5   -0.0000000000
5   12   7   4   -0.0000000005
5   12   7   5   0.0000000015
5   13   1   4   -0.0000000001
5   13   1   5   -0.0000000000
5   13   2   4   0.0017753626
5   13   2   5   0.0018800174
5   13   3   4   -0.0000000002
5   13   3   5   -0.0000000002
5   13   4   4   0.0768527453
5   13   4   5   0.0813830906
5   13   5   4   -0.0000000014
5   13   5   5   -0.0000000002
5   13   6   6   -0.0000000003
5   13   7   6   -0.0000000005
5   14   1   4   -0.0000000000
5   14   1   5   -0.0000000000
5   14   2   4   0.0018800174
5   14   2   5   -0.0017753626
5   14   3   4   -0.0000000002
5   14   3   5   0.0000000002
5   14   4   4   0.0813830906
5   14   4   5   -0.0768527454
5   14   5   4   0.0000000003
5   14   5   5   -0.0000000015
5   14   6   6   -0.0000000005
5   14   7   6   0.0000000010
6   8   1   4   0.0000000000
6   8   1   5   0.0000000000
6   8   2   4   -0.0089505281
6   8   2   5   -0.0094781473
6   8   3   4   0.0000000000
6   8   3   5   0.0000000000
6   8   4   4   -0.0085083346
6   8   4   5   -0.0090098872
6   8   5   4   -0.0000000001
6   8   5   5   -0.0000000000
6   8   6   6   -0.0000000002
6   8   7   6   -0.0000000001
6   9   1   4   -0.0091177706
6   9   1   5   -0.0096552485
6   9   2   4   0.0000000000
6   9   2   5   0.0000000000
6   9   3   4   -0.0104388777
6   9   3   5   -0.0110542327
6   9   4   4   0.0000000001
6   9   4   5   0.0000000000
6   9   5   4   0.0027229685
6   9   5   5   0.0028834831
6   9   6   6   -0.0000571300
6   9   7   6   -0.0000000000
6   10   1   4   0.0000000001
6   10   1   5   0.0000000001
6   10   2   4   -0.0073107080
6   10   2   5   -0.0077416624
6   10   3   4   0.0000000003
6   10   3   5   0.0000000001
6   10   4   4   -0.0256287596
6   10   4   5   -0.0271395336
6   10   5   4   0.0000000001
6   10   5   5   -0.0000000000
6   10   6   6   -0.0000000018
6   10   7   6   -0.0000000011
6   11   1   4   -0.0087458500
6   11   1   5   -0.0092614037
6   11   2   4   0.0000000001
6   11   2   5   0.0000000000
6   11   3   4   -0.0384921084
6   11   3   5   -0.0407611561
6   11   4   4   0.0000000002
6   11   4   5   0.0000000002
6   11   5   4   0.0166365433
6   11   5   5   0.0176172407
6   11   6   6   0.0619778240
6   11   7   6   0.0000000004
6   12   1   4   0.0000000000
6   12   1   5   0.0000000000
6   12   2   4   0.0033774647
6   12   2   5   0.0035765608
6   12   3   4   0.0000000001
6   12   3   5   -0.0000000002
6   12   4   4   0.0187077322
6   12   4   5   0.0198105228
6   12   5   4   0.0000000004
6   12   5   5   -0.0000000001
6   12   6   6   -0.0000000037
6   12   7   6   -0.0000000022
6   13   1   6   -0.0000000005
6   13   2   6   0.0056013055
6   13   3   6   -0.0000000015
6   13   4   6   0.0158889297
6   13   5   6   0.0000000005
6   13   6   4   -0.0000000023
6   13   6   5   -0.0000000009
6   13   7   4   -0.0000000001
6   13   7   5   -0.0000000003
6   14   1   6   -0.0000000001
6   14   2   6   -0.0000000000
6   14   3   6   -0.0000000007
6   14   4   6   0.0000000000
6   14   5   6   0.0000000003
6   14   6   4   -0.0000000003
6   14   6   5   -0.0000000012
6   14   7   4   -0.0000000004
6   14   7   5   0.0000000006
7   8   1   4   -0.0000000000
7   8   1   5   0.0000000001
7   8   2   4   -0.0094781473
7   8   2   5   0.0089505281
7   8   3   4   0.0000000000
7   8   3   5   0.0000000000
7   8   4   4   -0.0090098872
7   8   4   5   0.0085083346
7   8   5   4   -0.0000000000
7   8   5   5   -0.0000000000
7   8   6   6   -0.0000000001
7   8   7   6   0.0000000001
7   9   1   4   -0.0096552485
7   9   1   5   0.0091177706
7   9   2   4   -0.0000000000
7   9   2   5   0.0000000000
7   9   3   4   -0.0110542327
7   9   3   5   0.0104388777
7   9   4   4   0.0000000000
7   9   4   5   0.0000000000
7   9   5   4   0.0028834831
7   9   5   5   -0.0027229685
7   9   6   6   -0.0000000000
7   9   7   6   -0.0000571298
7   10   1   4   0.0000000000
7   10   1   5   0.0000000001
7   10   2   4   -0.0077416624
7   10   2   5   0.0073107080
7   10   3   4   0.0000000000
7   10   3   5   0.0000000002
7   10   4   4   -0.0271395336
7   10   4   5   0.0256287596
7   10   5   4   -0.0000000001
7   10   5   5   0.0000000003
7   10   6   6   -0.0000000011
7   10   7   6   0.0000000012
7   11   1   4   -0.0092614037
7   11   1   5   0.0087458500
7   11   2   4   0.0000000000
7   11   2   5   0.0000000000
7   11   3   4   -0.0407611560
7   11   3   5   0.0384921083
7   11   4   4   0.0000000002
7   11   4   5   -0.0000000001
7   11   5   4   0.0176172408
7   11   5   5   -0.0166365434
7   11   6   6   0.0000000004
7   11   7   6   0.0619778228
7   12   1   5   0.0000000000
7   12   2   4   0.0035765608
7   12   2   5   -0.0033774647
7   12   3   4   -0.0000000003
7   12   3   5   0.0000000005
7   12   4   4   0.0198105228
7   12   4   5   -0.0187077323
7   12   5   4   -0.0000000003
7   12   5   5   0.0000000007
7   12   6   6   -0.0000000022
7   12   7   6   0.0000000024
7   13   1   6   -0.0000000001
7   13   2   6   -0.0000000000
7   13   3   6   -0.0000000007
7   13   4   6   0.0000000000
7   13   5   6   0.0000000003
7   13   6   4   -0.0000000001
7   13   6   5   -0.0000000003
7   13   7   4   -0.0000000021
7   13   7   5   -0.0000000000
7   14   1   6   -0.0000000002
7   14   2   6   0.0056013055
7   14   3   6   0.0000000005
7   14   4   6   0.0158889297
7   14   5   6   -0.0000000004
7   14   6   4   -0.0000000003
7   14   6   5   0.0000000006
7   14   7   4   0.0000000009
7   14   7   5   -0.0000000028

End IJKA Block
Begin IABC Block
1   4   1   6   0.0000000004
1   4   2   6   0.0000000000
1   4   3   4   0.0000000001
1   4   3   5   0.0000000001
1   5   1   6   0.0000000000
1   5   2   6   0.0000000003
1   5   3   4   0.0000000001
1   5   3   5   0.0000000000
1   6   1   4   0.0000000003
1   6   1   5   -0.0000000000
1   6   2   4   -0.0000000000
1   6   2   5   0.0000000003
1   6   3   6   -0.0000000066
2   4   1   6   0.0063726079
2   4   2   6   -0.0000000000
2   4   3   4   -0.0014839370
2   4   3   5   -0.0000000001
2   5   1   6   -0.0000000000
2   5   2   6   0.0063726079
2   5   3   4   -0.0000000001
2   5   3   5   -0.0014839370
2   6   1   4   0.0063279453
2   6   1   5   -0.0000000000
2   6   2   4   -0.0000000000
2   6   2   5   0.0063279453
2   6   3   6   -0.0004511374
3   4   1   6   0.0000000000
3   4   2   6   0.0000000012
3   4   3   4   0.0000000007
3   4   3   5   0.0000000002
3   5   1   6   0.0000000012
3   5   2   6   -0.0000000015
3   5   3   4   0.0000000002
3   5   3   5   0.0000000004
3   6   1   4   -0.0000000014
3   6   1   5   -0.0000000005
3   6   2   4   -0.0000000005
3   6   2   5   -0.0000000008
3   6   3   6   -0.0000000137
4   4   1   6   0.0186524260
4   4   2   6   0.0000000000
4   4   3   4   0.0506190949
4   4   3   5   0.0000000004
4   5   1   6   0.0000000000
4   5   2   6   0.0186524259
4   5   3   4   0.0000000004
4   5   3   5   0.0506190944
4   6   1   4   0.0178657181
4   6   1   5   0.0000000000
4   6   2   4   0.0000000000
4   6   2   5   0.0178657181
4   6   3   6   0.0058916938
5   4   1   6   0.0000000041
5   4   2   6   0.0000000000
5   4   3   4   -0.0000000027
5   4   3   5   -0.0000000034
5   5   1   6   0.0000000000
5   5   2   6   0.0000000041
5   5   3   4   -0.0000000034
5   5   3   5   0.0000000017
5   6   1   4   0.0000000047
5   6   1   5   0.0000000004
5   6   2   4   0.0000000004
5   6   2   5   0.0000000043
5   6   3   6   0.0000000926
6   4   1   4   -0.0000000012
6   4   1   5   0.0000000004
6   4   2   4   0.0000000004
6   4   2   5   -0.0000000002
6   4   3   6   0.0000000004
6   5   1   4   0.0000000004
6   5   1   5   -0.0000000014
6   5   2   4   -0.0000000002
6   5   2   5   -0.0000000010
6   5   3   6   0.0000000018
6   6   1   6   0.0000001323
6   6   2   6   0.0000000349
6   6   3   4   0.0000000003
6   6   3   5   0.0000000015
7   4   1   4   -0.0000000004
7   4   1   5   0.0000000005
7   4   2   4   -0.0000000013
7   4   2   5   0.0000000002
7   4   3   6   0.0000000024
7   5   1   4   0.0000000005
7   5   1   5   0.0000000007
7   5   2   4   0.0000000002
7   5   2   5   -0.0000000011
7   5   3   6   -0.0000000035
7   6   1   6   -0.0000000113
7   6   2   6   0.0000001101
7   6   3   4   0.0000000021
7   6   3   5   -0.0000000031

End IABC Block
