Begin IJ Block
1   1   -25.4649960497
1   2   0.0000000011
1   3   -0.4847929382
1   4   -0.0000000197
1   5   0.0131203381
2   2   -25.4650083397
2   3   0.0000000196
2   4   -0.4871070483
2   5   -0.0000000008
3   3   -6.3655440927
3   4   0.0000000002
3   5   -0.1042318817
4   4   -6.3764994702
4   5   0.0000000022
4   7   0.0000000000
5   5   -5.8869199533
6   6   -5.8823377622
7   7   -5.8823377622

End IJ Block
Begin IA Block
1   3   -0.0000000009
2   3   -0.0148406510
3   3   0.0000000043
4   3   -0.1661481125
5   2   -0.0000000000
5   3   -0.0000000043
6   1   0.0000000000
6   2   0.0000000002
7   1   0.0000000001
7   2   0.0000000007
7   3   -0.0000000000

End IA Block
Begin AB Block
1   1   -5.6811808271
2   2   -5.6811808271
3   3   -5.7696465522

End AB Block
Begin IJAB Block
1   8   1   4   0.0128379107
1   8   2   5   0.0128379107
1   8   3   6   0.0133604948
1   9   1   4   0.0000000000
1   9   1   5   -0.0000000000
1   9   2   4   -0.0000000000
1   9   2   5   -0.0000000000
1   9   3   6   0.0000000000
1   10   1   4   -0.0135593031
1   10   2   5   -0.0135593031
1   10   3   6   -0.0139112281
1   11   1   4   -0.0000000006
1   11   1   5   0.0000000000
1   11   2   4   0.0000000000
1   11   2   5   -0.0000000005
1   11   3   6   -0.0000000006
1   12   1   4   0.0002742869
1   12   2   5   0.0002742869
1   12   3   6   0.0002562637
1   13   1   6   -0.0008494311
1   13   2   6   -0.0001263588
1   13   3   4   0.0007819914
1   13   3   5   0.0001163267
1   14   1   6   0.0001263588
1   14   2   6   -0.0008494311
1   14   3   4   -0.0001163267
1   14   3   5   0.0007819914
2   8   1   4   0.0000000000
2   8   1   5   -0.0000000000
2   8   2   4   -0.0000000000
2   8   2   5   -0.0000000000
2   8   3   6   0.0000000000
2   9   1   4   0.0128499815
2   9   2   5   0.0128499815
2   9   3   6   0.0133868318
2   10   1   4   0.0000000006
2   10   1   5   0.0000000000
2   10   2   4   0.0000000000
2   10   2   5   0.0000000006
2   10   3   6   0.0000000005
2   11   1   4   -0.0137645127
2   11   2   5   -0.0137645127
2   11   3   6   -0.0142424451
2   12   1   4   0.0000000000
2   12   2   5   0.0000000000
2   12   3   6   0.0000000000
2   13   1   6   0.0000000000
2   13   2   6   0.0000000000
2   13   3   4   0.0000000000
2   14   1   6   -0.0000000000
2   14   2   6   0.0000000000
2   14   3   5   0.0000000000
3   8   1   4   -0.0135593031
3   8   2   5   -0.0135593031
3   8   3   6   -0.0139112281
3   9   1   4   0.0000000006
3   9   1   5   0.0000000000
3   9   2   4   0.0000000000
3   9   2   5   0.0000000006
3   9   3   6   0.0000000005
3   10   1   4   0.0591872276
3   10   2   5   0.0591872276
3   10   3   6   0.0608299785
3   11   1   4   -0.0000000000
3   11   1   5   -0.0000000000
3   11   2   4   -0.0000000000
3   11   2   5   -0.0000000002
3   11   3   6   0.0000000005
3   12   1   4   -0.0012997353
3   12   2   5   -0.0012997353
3   12   3   6   0.0052617260
3   13   1   6   0.0037646290
3   13   2   6   0.0005600147
3   13   3   4   0.0036010149
3   13   3   5   0.0005356760
3   14   1   6   -0.0005600147
3   14   2   6   0.0037646290
3   14   3   4   -0.0005356760
3   14   3   5   0.0036010149
4   8   1   4   -0.0000000006
4   8   1   5   0.0000000000
4   8   2   4   0.0000000000
4   8   2   5   -0.0000000005
4   8   3   6   -0.0000000006
4   9   1   4   -0.0137645127
4   9   2   5   -0.0137645127
4   9   3   6   -0.0142424451
4   10   1   4   -0.0000000000
4   10   1   5   -0.0000000000
4   10   2   4   -0.0000000000
4   10   2   5   -0.0000000002
4   10   3   6   0.0000000005
4   11   1   4   0.0609195950
4   11   2   5   0.0609195950
4   11   3   6   0.0633641092
4   12   1   4   0.0000000000
4   12   2   5   0.0000000000
4   12   3   6   0.0000000005
4   13   1   6   -0.0000000001
4   13   2   6   -0.0000000000
4   13   3   4   0.0000000002
4   13   3   5   0.0000000000
4   14   1   6   0.0000000000
4   14   2   6   -0.0000000001
4   14   3   4   -0.0000000000
4   14   3   5   0.0000000002
5   8   1   4   0.0002742869
5   8   2   5   0.0002742869
5   8   3   6   0.0002562637
5   9   1   4   0.0000000000
5   9   2   5   0.0000000000
5   9   3   6   0.0000000000
5   10   1   4   -0.0012997353
5   10   2   5   -0.0012997353
5   10   3   6   0.0052617260
5   11   1   4   0.0000000000
5   11   2   5   0.0000000000
5   11   3   6   0.0000000005
5   12   1   4   0.0235897206
5   12   2   5   0.0235897206
5   12   3   6   0.2595987311
5   13   1   6   0.0250322725
5   13   2   6   0.0037237246
5   13   3   4   0.2101437741
5   13   3   5   0.0312603476
5   14   1   6   -0.0037237246
5   14   2   6   0.0250322725
5   14   3   4   -0.0312603476
5   14   3   5   0.2101437741
6   8   1   6   0.0007819914
6   8   2   6   0.0001163267
6   8   3   4   -0.0008494311
6   8   3   5   -0.0001263588
6   9   1   6   0.0000000000
6   9   3   4   0.0000000000
6   9   3   5   0.0000000000
6   10   1   6   0.0036010149
6   10   2   6   0.0005356760
6   10   3   4   0.0037646290
6   10   3   5   0.0005600147
6   11   1   6   0.0000000002
6   11   2   6   0.0000000000
6   11   3   4   -0.0000000001
6   11   3   5   -0.0000000000
6   12   1   6   0.2101437741
6   12   2   6   0.0312603476
6   12   3   4   0.0250322725
6   12   3   5   0.0037237246
6   13   1   4   0.2586491779
6   13   1   5   0.0349037511
6   13   2   4   0.0349037511
6   13   2   5   0.0292052532
6   13   3   6   0.0243723632
6   14   1   4   -0.0349037518
6   14   1   5   0.2087627185
6   14   2   4   0.0206812073
6   14   2   5   0.0349037518
7   8   1   6   -0.0001163267
7   8   2   6   0.0007819914
7   8   3   4   0.0001263588
7   8   3   5   -0.0008494311
7   9   2   6   0.0000000000
7   9   3   4   -0.0000000000
7   9   3   5   0.0000000000
7   10   1   6   -0.0005356760
7   10   2   6   0.0036010149
7   10   3   4   -0.0005600147
7   10   3   5   0.0037646290
7   11   1   6   -0.0000000000
7   11   2   6   0.0000000002
7   11   3   4   0.0000000000
7   11   3   5   -0.0000000001
7   12   1   6   -0.0312603476
7   12   2   6   0.2101437741
7   12   3   4   -0.0037237246
7   12   3   5   0.0250322725
7   13   1   4   -0.0349037518
7   13   1   5   0.0206812073
7   13   2   4   0.2087627185
7   13   2   5   0.0349037518
7   14   1   4   0.0292052532
7   14   1   5   -0.0349037511
7   14   2   4   -0.0349037511
7   14   2   5   0.2586491779
7   14   3   6   0.0243723632

End IJAB Block
Begin IJKL Block
1   8   1   8   2.1350907536
1   8   1   9   0.0000001618
1   8   1   10   0.2001357731
1   8   1   11   0.0000000246
1   8   1   12   -0.0027846967
1   8   2   8   0.0000001618
1   8   2   9   1.9839305902
1   8   2   10   0.0000000083
1   8   2   11   0.2013465017
1   8   2   12   0.0000000001
1   8   3   8   0.2001357731
1   8   3   9   0.0000000083
1   8   3   10   0.0292629233
1   8   3   11   0.0000000024
1   8   3   12   -0.0002220727
1   8   4   8   0.0000000246
1   8   4   9   0.2013465017
1   8   4   10   0.0000000024
1   8   4   11   0.0296092547
1   8   4   12   -0.0000000000
1   8   5   8   -0.0027846967
1   8   5   9   0.0000000001
1   8   5   10   -0.0002220727
1   8   5   11   -0.0000000000
1   8   5   12   0.0124251329
1   8   6   13   0.0125758106
1   8   7   14   0.0125758106
1   9   1   8   0.0000001618
1   9   1   9   2.1350982903
1   9   1   10   0.0000000083
1   9   1   11   0.2013580371
1   9   1   12   0.0000000002
1   9   2   8   1.9839356513
1   9   2   9   -0.0000001618
1   9   2   10   0.2002012893
1   9   2   11   -0.0000000083
1   9   2   12   -0.0011740974
1   9   3   8   0.0000000083
1   9   3   9   0.2001401531
1   9   3   10   0.0000000000
1   9   3   11   0.0294370481
1   9   3   12   0.0000000000
1   9   4   8   0.2013338361
1   9   4   9   -0.0000000083
1   9   4   10   0.0294495443
1   9   4   11   -0.0000000000
1   9   4   12   -0.0006476220
1   9   5   8   0.0000000001
1   9   5   9   -0.0027827763
1   9   5   10   0.0000000000
1   9   5   11   -0.0006502367
1   9   5   12   0.0000000001
1   9   6   13   -0.0000000001
1   9   6   14   0.0000000000
1   9   7   13   0.0000000000
1   9   7   14   -0.0000000000
1   10   1   8   0.2001357731
1   10   1   9   0.0000000083
1   10   1   10   0.5614682441
1   10   1   11   0.0000000336
1   10   1   12   0.0060624392
1   10   2   8   0.0000000083
1   10   2   9   0.2002143432
1   10   2   10   0.0000000003
1   10   2   11   0.4120746925
1   10   2   12   0.0000000006
1   10   3   8   0.0316382954
1   10   3   9   0.0000000000
1   10   3   10   0.0084217885
1   10   3   11   0.0000000004
1   10   3   12   -0.0001755193
1   10   4   8   0.0000000026
1   10   4   9   0.0315688889
1   10   4   10   0.0000000004
1   10   4   11   0.0089700592
1   10   4   12   0.0000000000
1   10   5   8   -0.0002336326
1   10   5   9   0.0000000000
1   10   5   10   -0.0010073687
1   10   5   11   0.0000000000
1   10   5   12   -0.0141738177
1   10   6   13   -0.0141804025
1   10   7   14   -0.0141804025
1   11   1   8   0.0000000246
1   11   1   9   0.2013580371
1   11   1   10   0.0000000336
1   11   1   11   0.5642682764
1   11   1   12   -0.0000000023
1   11   2   8   0.2013338361
1   11   2   9   -0.0000000083
1   11   2   10   0.4120985535
1   11   2   11   -0.0000000003
1   11   2   12   -0.0241140121
1   11   3   8   0.0000000026
1   11   3   9   0.0315796207
1   11   3   10   0.0000000004
1   11   3   11   0.0088136548
1   11   3   12   -0.0000000000
1   11   4   8   0.0320436113
1   11   4   9   -0.0000000000
1   11   4   10   0.0086135040
1   11   4   11   0.0000000003
1   11   4   12   0.0000793940
1   11   5   8   -0.0000000000
1   11   5   9   -0.0006103300
1   11   5   10   0.0000000001
1   11   5   11   -0.0000868700
1   11   5   12   -0.0000000007
1   11   6   13   -0.0000000005
1   11   6   14   -0.0000000000
1   11   7   13   -0.0000000000
1   11   7   14   -0.0000000005
1   12   1   8   -0.0027846967
1   12   1   9   0.0000000002
1   12   1   10   0.0060624392
1   12   1   11   -0.0000000023
1   12   1   12   0.5484413388
1   12   2   8   0.0000000001
1   12   2   9   -0.0011756129
1   12   2   10   0.0000000006
1   12   2   11   -0.0241124488
1   12   2   12   0.0000000046
1   12   2   14   -0.0000000000
1   12   3   8   -0.0002336326
1   12   3   9   0.0000000000
1   12   3   10   -0.0001620983
1   12   3   11   -0.0000000000
1   12   3   12   0.0061570974
1   12   4   8   -0.0000000000
1   12   4   9   -0.0006061274
1   12   4   10   0.0000000001
1   12   4   11   0.0000333963
1   12   4   12   0.0000000003
1   12   5   8   0.0147262144
1   12   5   9   0.0000000004
1   12   5   10   -0.0150721620
1   12   5   11   -0.0000000010
1   12   5   12   -0.0006316698
1   12   6   13   0.0001177658
1   12   7   14   0.0001177658
1   13   1   13   0.5514532195
1   13   2   13   -0.0000000036
1   13   2   14   0.0000000003
1   13   3   13   0.0063391708
1   13   4   13   0.0000000002
1   13   4   14   0.0000000000
1   13   5   13   -0.0008311496
1   13   6   8   0.0150665883
1   13   6   9   -0.0000000002
1   13   6   10   -0.0152342300
1   13   6   11   -0.0000000004
1   13   6   12   0.0001969808
1   13   7   9   0.0000000000
1   13   7   11   -0.0000000000
1   14   1   14   0.5514532195
1   14   2   12   -0.0000000000
1   14   2   13   0.0000000003
1   14   2   14   -0.0000000027
1   14   3   14   0.0063391708
1   14   4   13   0.0000000000
1   14   4   14   0.0000000002
1   14   5   14   -0.0008311496
1   14   6   9   0.0000000000
1   14   6   11   -0.0000000000
1   14   7   8   0.0150665883
1   14   7   9   -0.0000000002
1   14   7   10   -0.0152342300
1   14   7   11   -0.0000000004
1   14   7   12   0.0001969808
2   8   1   8   0.0000001618
2   8   1   9   1.9839356513
2   8   1   10   0.0000000083
2   8   1   11   0.2013338361
2   8   1   12   0.0000000001
2   8   2   8   2.1350982903
2   8   2   9   -0.0000001618
2   8   2   10   0.2001401531
2   8   2   11   -0.0000000083
2   8   2   12   -0.0027827763
2   8   3   8   0.0000000083
2   8   3   9   0.2002012893
2   8   3   10   0.0000000000
2   8   3   11   0.0294495443
2   8   3   12   0.0000000000
2   8   4   8   0.2013580371
2   8   4   9   -0.0000000083
2   8   4   10   0.0294370481
2   8   4   11   -0.0000000000
2   8   4   12   -0.0006502367
2   8   5   8   0.0000000002
2   8   5   9   -0.0011740974
2   8   5   10   0.0000000000
2   8   5   11   -0.0006476220
2   8   5   12   0.0000000001
2   8   6   13   -0.0000000001
2   8   6   14   0.0000000000
2   8   7   13   0.0000000000
2   8   7   14   -0.0000000000
2   9   1   8   1.9839305902
2   9   1   9   -0.0000001618
2   9   1   10   0.2002143432
2   9   1   11   -0.0000000083
2   9   1   12   -0.0011756129
2   9   2   8   -0.0000001618
2   9   2   9   2.1350985821
2   9   2   10   -0.0000000244
2   9   2   11   0.2013530120
2   9   2   12   0.0000000004
2   9   3   8   0.2002143432
2   9   3   9   -0.0000000244
2   9   3   10   0.0292389886
2   9   3   11   -0.0000000024
2   9   3   12   -0.0002225943
2   9   4   8   -0.0000000083
2   9   4   9   0.2013530120
2   9   4   10   -0.0000000024
2   9   4   11   0.0296331026
2   9   4   12   0.0000000001
2   9   5   8   -0.0011756129
2   9   5   9   0.0000000004
2   9   5   10   -0.0002225943
2   9   5   11   0.0000000001
2   9   5   12   0.0123892315
2   9   6   13   0.0125569108
2   9   7   14   0.0125569108
2   10   1   8   0.0000000083
2   10   1   9   0.2002012893
2   10   1   10   0.0000000003
2   10   1   11   0.4120985535
2   10   1   12   0.0000000006
2   10   2   8   0.2001401531
2   10   2   9   -0.0000000244
2   10   2   10   0.5614559179
2   10   2   11   -0.0000000336
2   10   2   12   0.0060599271
2   10   3   8   0.0000000000
2   10   3   9   0.0316381190
2   10   3   10   -0.0000000003
2   10   3   11   0.0086373114
2   10   3   12   0.0000000000
2   10   4   8   0.0315796207
2   10   4   9   -0.0000000026
2   10   4   10   0.0087769522
2   10   4   11   -0.0000000004
2   10   4   12   0.0002976585
2   10   5   8   0.0000000000
2   10   5   9   -0.0002355699
2   10   5   10   0.0000000000
2   10   5   11   0.0010901908
2   10   5   12   0.0000000004
2   10   6   13   0.0000000007
2   10   6   14   -0.0000000000
2   10   7   13   -0.0000000000
2   10   7   14   0.0000000007
2   11   1   8   0.2013465017
2   11   1   9   -0.0000000083
2   11   1   10   0.4120746925
2   11   1   11   -0.0000000003
2   11   1   12   -0.0241124488
2   11   2   8   -0.0000000083
2   11   2   9   0.2013530120
2   11   2   10   -0.0000000336
2   11   2   11   0.5642818491
2   11   2   12   0.0000000016
2   11   3   8   0.0315688889
2   11   3   9   -0.0000000026
2   11   3   10   0.0089972573
2   11   3   11   -0.0000000004
2   11   3   12   -0.0003786187
2   11   4   8   -0.0000000000
2   11   4   9   0.0320449738
2   11   4   10   -0.0000000004
2   11   4   11   0.0085567399
2   11   4   12   -0.0000000000
2   11   5   8   -0.0006061274
2   11   5   9   0.0000000001
2   11   5   10   0.0009969556
2   11   5   11   0.0000000000
2   11   5   12   -0.0138562334
2   11   6   13   -0.0140698559
2   11   7   14   -0.0140698559
2   12   1   8   0.0000000001
2   12   1   9   -0.0011740974
2   12   1   10   0.0000000006
2   12   1   11   -0.0241140121
2   12   1   12   0.0000000046
2   12   1   14   -0.0000000000
2   12   2   8   -0.0027827763
2   12   2   9   0.0000000004
2   12   2   10   0.0060599271
2   12   2   11   0.0000000016
2   12   2   12   0.5484413926
2   12   3   8   0.0000000000
2   12   3   9   -0.0002355699
2   12   3   10   0.0000000000
2   12   3   11   -0.0003529484
2   12   3   12   -0.0000000002
2   12   4   8   -0.0006103300
2   12   4   9   0.0000000001
2   12   4   10   0.0002303401
2   12   4   11   0.0000000000
2   12   4   12   0.0061993273
2   12   5   8   0.0000000004
2   12   5   9   0.0146934539
2   12   5   10   0.0000000002
2   12   5   11   -0.0148097133
2   12   5   12   0.0000000000
2   12   6   13   0.0000000001
2   12   7   14   0.0000000001
2   13   1   13   -0.0000000036
2   13   1   14   0.0000000003
2   13   2   13   0.5514536236
2   13   3   13   -0.0000000003
2   13   3   14   0.0000000000
2   13   4   13   0.0063804872
2   13   5   13   0.0000000000
2   13   6   8   -0.0000000002
2   13   6   9   0.0150500667
2   13   6   10   0.0000000009
2   13   6   11   -0.0151822754
2   13   6   12   -0.0000000000
2   13   7   8   0.0000000000
2   13   7   10   -0.0000000000
2   14   1   12   -0.0000000000
2   14   1   13   0.0000000003
2   14   1   14   -0.0000000027
2   14   2   14   0.5514536236
2   14   3   13   0.0000000000
2   14   3   14   -0.0000000003
2   14   4   14   0.0063804872
2   14   5   14   0.0000000000
2   14   6   8   0.0000000000
2   14   6   10   -0.0000000000
2   14   7   8   -0.0000000002
2   14   7   9   0.0150500667
2   14   7   10   0.0000000008
2   14   7   11   -0.0151822754
2   14   7   12   -0.0000000000
3   8   1   8   0.2001357731
3   8   1   9   0.0000000083
3   8   1   10   0.0316382954
3   8   1   11   0.0000000026
3   8   1   12   -0.0002336326
3   8   2   8   0.0000000083
3   8   2   9   0.2002143432
3   8   2   10   0.0000000000
3   8   2   11   0.0315688889
3   8   2   12   0.0000000000
3   8   3   8   0.5614682441
3   8   3   9   0.0000000003
3   8   3   10   0.0084217885
3   8   3   11   0.0000000004
3   8   3   12   -0.0010073687
3   8   4   8   0.0000000336
3   8   4   9   0.4120746925
3   8   4   10   0.0000000004
3   8   4   11   0.0089700592
3   8   4   12   0.0000000000
3   8   5   8   0.0060624392
3   8   5   9   0.0000000006
3   8   5   10   -0.0001755193
3   8   5   11   0.0000000000
3   8   5   12   -0.0141738177
3   8   6   13   -0.0141804025
3   8   7   14   -0.0141804025
3   9   1   8   0.0000000083
3   9   1   9   0.2001401531
3   9   1   10   0.0000000000
3   9   1   11   0.0315796207
3   9   1   12   0.0000000000
3   9   2   8   0.2002012893
3   9   2   9   -0.0000000244
3   9   2   10   0.0316381190
3   9   2   11   -0.0000000026
3   9   2   12   -0.0002355699
3   9   3   8   0.0000000003
3   9   3   9   0.5614559179
3   9   3   10   -0.0000000003
3   9   3   11   0.0087769522
3   9   3   12   0.0000000000
3   9   4   8   0.4120985535
3   9   4   9   -0.0000000336
3   9   4   10   0.0086373114
3   9   4   11   -0.0000000004
3   9   4   12   0.0010901908
3   9   5   8   0.0000000006
3   9   5   9   0.0060599271
3   9   5   10   0.0000000000
3   9   5   11   0.0002976585
3   9   5   12   0.0000000004
3   9   6   13   0.0000000007
3   9   6   14   -0.0000000000
3   9   7   13   -0.0000000000
3   9   7   14   0.0000000007
3   10   1   8   0.0292629233
3   10   1   9   0.0000000000
3   10   1   10   0.0084217885
3   10   1   11   0.0000000004
3   10   1   12   -0.0001620983
3   10   2   8   0.0000000000
3   10   2   9   0.0292389886
3   10   2   10   -0.0000000003
3   10   2   11   0.0089972573
3   10   2   12   0.0000000000
3   10   3   8   0.0084217885
3   10   3   9   -0.0000000003
3   10   3   10   0.4136857134
3   10   3   11   0.0000000001
3   10   3   12   0.0081875359
3   10   4   8   0.0000000004
3   10   4   9   0.0089972573
3   10   4   10   0.0000000001
3   10   4   11   0.2606082523
3   10   4   12   0.0000000003
3   10   5   8   -0.0001620983
3   10   5   9   0.0000000000
3   10   5   10   0.0081875359
3   10   5   11   0.0000000003
3   10   5   12   0.0612145423
3   10   6   13   0.0595633910
3   10   7   14   0.0595633910
3   11   1   8   0.0000000024
3   11   1   9   0.0294370481
3   11   1   10   0.0000000004
3   11   1   11   0.0088136548
3   11   1   12   -0.0000000000
3   11   2   8   0.0294495443
3   11   2   9   -0.0000000024
3   11   2   10   0.0086373114
3   11   2   11   -0.0000000004
3   11   2   12   -0.0003529484
3   11   3   8   0.0000000004
3   11   3   9   0.0087769522
3   11   3   10   0.0000000001
3   11   3   11   0.4120815990
3   11   3   12   -0.0000000001
3   11   4   8   0.0086135040
3   11   4   9   -0.0000000004
3   11   4   10   0.2634079790
3   11   4   11   -0.0000000002
3   11   4   12   -0.0199416431
3   11   5   8   0.0000000001
3   11   5   9   0.0002303401
3   11   5   10   0.0000000003
3   11   5   11   0.0038741115
3   11   5   12   0.0000000009
3   11   6   13   -0.0000000006
3   11   6   14   0.0000000000
3   11   7   13   0.0000000000
3   11   7   14   -0.0000000005
3   12   1   8   -0.0002220727
3   12   1   9   0.0000000000
3   12   1   10   -0.0001755193
3   12   1   11   -0.0000000000
3   12   1   12   0.0061570974
3   12   2   8   0.0000000000
3   12   2   9   -0.0002225943
3   12   2   10   0.0000000000
3   12   2   11   -0.0003786187
3   12   2   12   -0.0000000002
3   12   3   8   -0.0010073687
3   12   3   9   0.0000000000
3   12   3   10   0.0081875359
3   12   3   11   -0.0000000001
3   12   3   12   0.4007035925
3   12   4   8   0.0000000001
3   12   4   9   0.0009969556
3   12   4   10   0.0000000003
3   12   4   11   -0.0195342455
3   12   4   12   0.0000000025
3   12   4   14   -0.0000000000
3   12   5   8   -0.0150721620
3   12   5   9   0.0000000002
3   12   5   10   0.0609635020
3   12   5   11   0.0000000013
3   12   5   12   0.0088780370
3   12   6   13   -0.0000569375
3   12   7   14   -0.0000569375
3   13   1   13   0.0063391708
3   13   2   13   -0.0000000003
3   13   2   14   0.0000000000
3   13   3   13   0.4003569320
3   13   4   13   -0.0000000021
3   13   4   14   0.0000000002
3   13   5   13   0.0079044585
3   13   6   8   -0.0152342300
3   13   6   9   0.0000000009
3   13   6   10   0.0599827457
3   13   6   11   -0.0000000009
3   13   6   12   0.0002316659
3   13   7   9   -0.0000000000
3   13   7   11   0.0000000000
3   14   1   14   0.0063391708
3   14   2   13   0.0000000000
3   14   2   14   -0.0000000003
3   14   3   14   0.4003569320
3   14   4   12   -0.0000000000
3   14   4   13   0.0000000002
3   14   4   14   -0.0000000015
3   14   5   14   0.0079044585
3   14   6   9   -0.0000000000
3   14   6   11   0.0000000000
3   14   7   8   -0.0152342300
3   14   7   9   0.0000000008
3   14   7   10   0.0599827457
3   14   7   11   -0.0000000008
3   14   7   12   0.0002316659
4   8   1   8   0.0000000246
4   8   1   9   0.2013338361
4   8   1   10   0.0000000026
4   8   1   11   0.0320436113
4   8   1   12   -0.0000000000
4   8   2   8   0.2013580371
4   8   2   9   -0.0000000083
4   8   2   10   0.0315796207
4   8   2   11   -0.0000000000
4   8   2   12   -0.0006103300
4   8   3   8   0.0000000336
4   8   3   9   0.4120985535
4   8   3   10   0.0000000004
4   8   3   11   0.0086135040
4   8   3   12   0.0000000001
4   8   4   8   0.5642682764
4   8   4   9   -0.0000000003
4   8   4   10   0.0088136548
4   8   4   11   0.0000000003
4   8   4   12   -0.0000868700
4   8   5   8   -0.0000000023
4   8   5   9   -0.0241140121
4   8   5   10   -0.0000000000
4   8   5   11   0.0000793940
4   8   5   12   -0.0000000007
4   8   6   13   -0.0000000005
4   8   6   14   -0.0000000000
4   8   7   13   -0.0000000000
4   8   7   14   -0.0000000005
4   9   1   8   0.2013465017
4   9   1   9   -0.0000000083
4   9   1   10   0.0315688889
4   9   1   11   -0.0000000000
4   9   1   12   -0.0006061274
4   9   2   8   -0.0000000083
4   9   2   9   0.2013530120
4   9   2   10   -0.0000000026
4   9   2   11   0.0320449738
4   9   2   12   0.0000000001
4   9   3   8   0.4120746925
4   9   3   9   -0.0000000336
4   9   3   10   0.0089972573
4   9   3   11   -0.0000000004
4   9   3   12   0.0009969556
4   9   4   8   -0.0000000003
4   9   4   9   0.5642818491
4   9   4   10   -0.0000000004
4   9   4   11   0.0085567399
4   9   4   12   0.0000000000
4   9   5   8   -0.0241124488
4   9   5   9   0.0000000016
4   9   5   10   -0.0003786187
4   9   5   11   -0.0000000000
4   9   5   12   -0.0138562334
4   9   6   13   -0.0140698559
4   9   7   14   -0.0140698559
4   10   1   8   0.0000000024
4   10   1   9   0.0294495443
4   10   1   10   0.0000000004
4   10   1   11   0.0086135040
4   10   1   12   0.0000000001
4   10   2   8   0.0294370481
4   10   2   9   -0.0000000024
4   10   2   10   0.0087769522
4   10   2   11   -0.0000000004
4   10   2   12   0.0002303401
4   10   3   8   0.0000000004
4   10   3   9   0.0086373114
4   10   3   10   0.0000000001
4   10   3   11   0.2634079790
4   10   3   12   0.0000000003
4   10   4   8   0.0088136548
4   10   4   9   -0.0000000004
4   10   4   10   0.4120815990
4   10   4   11   -0.0000000002
4   10   4   12   0.0038741115
4   10   5   8   -0.0000000000
4   10   5   9   -0.0003529484
4   10   5   10   -0.0000000001
4   10   5   11   -0.0199416431
4   10   5   12   0.0000000009
4   10   6   13   -0.0000000006
4   10   6   14   0.0000000000
4   10   7   13   0.0000000000
4   10   7   14   -0.0000000005
4   11   1   8   0.0296092547
4   11   1   9   -0.0000000000
4   11   1   10   0.0089700592
4   11   1   11   0.0000000003
4   11   1   12   0.0000333963
4   11   2   8   -0.0000000000
4   11   2   9   0.0296331026
4   11   2   10   -0.0000000004
4   11   2   11   0.0085567399
4   11   2   12   0.0000000000
4   11   3   8   0.0089700592
4   11   3   9   -0.0000000004
4   11   3   10   0.2606082523
4   11   3   11   -0.0000000002
4   11   3   12   -0.0195342455
4   11   4   8   0.0000000003
4   11   4   9   0.0085567399
4   11   4   10   -0.0000000002
4   11   4   11   0.4156840115
4   11   4   12   -0.0000000003
4   11   5   8   0.0000333963
4   11   5   9   0.0000000000
4   11   5   10   -0.0195342455
4   11   5   11   -0.0000000003
4   11   5   12   0.0579638932
4   11   6   13   0.0581143155
4   11   7   14   0.0581143155
4   12   1   8   -0.0000000000
4   12   1   9   -0.0006476220
4   12   1   10   0.0000000000
4   12   1   11   0.0000793940
4   12   1   12   0.0000000003
4   12   2   8   -0.0006502367
4   12   2   9   0.0000000001
4   12   2   10   0.0002976585
4   12   2   11   -0.0000000000
4   12   2   12   0.0061993273
4   12   3   8   0.0000000000
4   12   3   9   0.0010901908
4   12   3   10   0.0000000003
4   12   3   11   -0.0199416431
4   12   3   12   0.0000000025
4   12   3   14   -0.0000000000
4   12   4   8   -0.0000868700
4   12   4   9   0.0000000000
4   12   4   10   0.0038741115
4   12   4   11   -0.0000000003
4   12   4   12   0.4005927719
4   12   5   8   -0.0000000010
4   12   5   9   -0.0148097133
4   12   5   10   0.0000000013
4   12   5   11   0.0570778765
4   12   5   12   -0.0000000006
4   12   6   13   0.0000000001
4   12   7   14   0.0000000001
4   13   1   13   0.0000000002
4   13   1   14   0.0000000000
4   13   2   13   0.0063804872
4   13   3   13   -0.0000000021
4   13   3   14   0.0000000002
4   13   4   13   0.4003814103
4   13   5   13   -0.0000000005
4   13   5   14   -0.0000000000
4   13   6   8   -0.0000000004
4   13   6   9   -0.0151822754
4   13   6   10   -0.0000000009
4   13   6   11   0.0575032133
4   13   6   12   -0.0000000006
4   13   7   8   -0.0000000000
4   13   7   10   0.0000000000
4   13   7   12   -0.0000000000
4   14   1   13   0.0000000000
4   14   1   14   0.0000000002
4   14   2   14   0.0063804872
4   14   3   12   -0.0000000000
4   14   3   13   0.0000000002
4   14   3   14   -0.0000000015
4   14   4   14   0.4003814103
4   14   5   13   -0.0000000000
4   14   5   14   -0.0000000005
4   14   6   8   -0.0000000000
4   14   6   10   0.0000000000
4   14   6   12   -0.0000000000
4   14   7   8   -0.0000000004
4   14   7   9   -0.0151822754
4   14   7   10   -0.0000000008
4   14   7   11   0.0575032133
4   14   7   12   -0.0000000006
5   8   1   8   -0.0027846967
5   8   1   9   0.0000000001
5   8   1   10   -0.0002336326
5   8   1   11   -0.0000000000
5   8   1   12   0.0147262144
5   8   2   8   0.0000000002
5   8   2   9   -0.0011756129
5   8   2   10   0.0000000000
5   8   2   11   -0.0006061274
5   8   2   12   0.0000000004
5   8   3   8   0.0060624392
5   8   3   9   0.0000000006
5   8   3   10   -0.0001620983
5   8   3   11   0.0000000001
5   8   3   12   -0.0150721620
5   8   4   8   -0.0000000023
5   8   4   9   -0.0241124488
5   8   4   10   -0.0000000000
5   8   4   11   0.0000333963
5   8   4   12   -0.0000000010
5   8   5   8   0.5484413388
5   8   5   9   0.0000000046
5   8   5   10   0.0061570974
5   8   5   11   0.0000000003
5   8   5   12   -0.0006316698
5   8   6   13   0.0001177658
5   8   7   9   -0.0000000000
5   8   7   14   0.0001177658
5   9   1   8   0.0000000001
5   9   1   9   -0.0027827763
5   9   1   10   0.0000000000
5   9   1   11   -0.0006103300
5   9   1   12   0.0000000004
5   9   2   8   -0.0011740974
5   9   2   9   0.0000000004
5   9   2   10   -0.0002355699
5   9   2   11   0.0000000001
5   9   2   12   0.0146934539
5   9   3   8   0.0000000006
5   9   3   9   0.0060599271
5   9   3   10   0.0000000000
5   9   3   11   0.0002303401
5   9   3   12   0.0000000002
5   9   4   8   -0.0241140121
5   9   4   9   0.0000000016
5   9   4   10   -0.0003529484
5   9   4   11   0.0000000000
5   9   4   12   -0.0148097133
5   9   5   8   0.0000000046
5   9   5   9   0.5484413926
5   9   5   10   -0.0000000002
5   9   5   11   0.0061993273
5   9   5   12   0.0000000000
5   9   6   13   0.0000000001
5   9   7   8   -0.0000000000
5   9   7   14   0.0000000001
5   10   1   8   -0.0002220727
5   10   1   9   0.0000000000
5   10   1   10   -0.0010073687
5   10   1   11   0.0000000001
5   10   1   12   -0.0150721620
5   10   2   8   0.0000000000
5   10   2   9   -0.0002225943
5   10   2   10   0.0000000000
5   10   2   11   0.0009969556
5   10   2   12   0.0000000002
5   10   3   8   -0.0001755193
5   10   3   9   0.0000000000
5   10   3   10   0.0081875359
5   10   3   11   0.0000000003
5   10   3   12   0.0609635020
5   10   4   8   -0.0000000000
5   10   4   9   -0.0003786187
5   10   4   10   -0.0000000001
5   10   4   11   -0.0195342455
5   10   4   12   0.0000000013
5   10   5   8   0.0061570974
5   10   5   9   -0.0000000002
5   10   5   10   0.4007035925
5   10   5   11   0.0000000025
5   10   5   12   0.0088780370
5   10   6   13   -0.0000569375
5   10   7   11   -0.0000000000
5   10   7   14   -0.0000569375
5   11   1   8   -0.0000000000
5   11   1   9   -0.0006502367
5   11   1   10   0.0000000000
5   11   1   11   -0.0000868700
5   11   1   12   -0.0000000010
5   11   2   8   -0.0006476220
5   11   2   9   0.0000000001
5   11   2   10   0.0010901908
5   11   2   11   0.0000000000
5   11   2   12   -0.0148097133
5   11   3   8   0.0000000000
5   11   3   9   0.0002976585
5   11   3   10   0.0000000003
5   11   3   11   0.0038741115
5   11   3   12   0.0000000013
5   11   4   8   0.0000793940
5   11   4   9   -0.0000000000
5   11   4   10   -0.0199416431
5   11   4   11   -0.0000000003
5   11   4   12   0.0570778765
5   11   5   8   0.0000000003
5   11   5   9   0.0061993273
5   11   5   10   0.0000000025
5   11   5   11   0.4005927719
5   11   5   12   -0.0000000006
5   11   6   13   0.0000000001
5   11   7   10   -0.0000000000
5   11   7   14   0.0000000001
5   12   1   8   0.0124251329
5   12   1   9   0.0000000001
5   12   1   10   -0.0141738177
5   12   1   11   -0.0000000007
5   12   1   12   -0.0006316698
5   12   2   8   0.0000000001
5   12   2   9   0.0123892315
5   12   2   10   0.0000000004
5   12   2   11   -0.0138562334
5   12   2   12   0.0000000000
5   12   3   8   -0.0141738177
5   12   3   9   0.0000000004
5   12   3   10   0.0612145423
5   12   3   11   0.0000000009
5   12   3   12   0.0088780370
5   12   4   8   -0.0000000007
5   12   4   9   -0.0138562334
5   12   4   10   0.0000000009
5   12   4   11   0.0579638932
5   12   4   12   -0.0000000006
5   12   5   8   -0.0006316698
5   12   5   9   0.0000000000
5   12   5   10   0.0088780370
5   12   5   11   -0.0000000006
5   12   5   12   0.4034080757
5   12   6   13   0.0139057713
5   12   7   14   0.0139057713
5   13   1   13   -0.0008311496
5   13   2   13   0.0000000000
5   13   3   13   0.0079044585
5   13   4   13   -0.0000000005
5   13   4   14   -0.0000000000
5   13   5   13   0.3820715739
5   13   5   14   0.0000000000
5   13   6   8   0.0001969808
5   13   6   9   -0.0000000000
5   13   6   10   0.0002316659
5   13   6   11   -0.0000000006
5   13   6   12   0.0046010094
5   13   7   11   -0.0000000000
5   14   1   14   -0.0008311496
5   14   2   14   0.0000000000
5   14   3   14   0.0079044585
5   14   4   13   -0.0000000000
5   14   4   14   -0.0000000005
5   14   5   13   0.0000000000
5   14   5   14   0.3820715739
5   14   6   11   -0.0000000000
5   14   7   8   0.0001969808
5   14   7   9   -0.0000000000
5   14   7   10   0.0002316659
5   14   7   11   -0.0000000006
5   14   7   12   0.0046010094
6   8   1   13   0.0150665883
6   8   2   13   -0.0000000002
6   8   2   14   0.0000000000
6   8   3   13   -0.0152342300
6   8   4   13   -0.0000000004
6   8   4   14   -0.0000000000
6   8   5   13   0.0001969808
6   8   6   8   0.5514532195
6   8   6   9   -0.0000000036
6   8   6   10   0.0063391708
6   8   6   11   0.0000000002
6   8   6   12   -0.0008311496
6   8   7   9   0.0000000003
6   8   7   11   0.0000000000
6   9   1   13   -0.0000000002
6   9   1   14   0.0000000000
6   9   2   13   0.0150500667
6   9   3   13   0.0000000009
6   9   3   14   -0.0000000000
6   9   4   13   -0.0151822754
6   9   5   13   -0.0000000000
6   9   6   8   -0.0000000036
6   9   6   9   0.5514536236
6   9   6   10   -0.0000000003
6   9   6   11   0.0063804872
6   9   6   12   0.0000000000
6   9   7   8   0.0000000003
6   9   7   10   0.0000000000
6   10   1   13   -0.0152342300
6   10   2   13   0.0000000009
6   10   2   14   -0.0000000000
6   10   3   13   0.0599827457
6   10   4   13   -0.0000000009
6   10   4   14   0.0000000000
6   10   5   13   0.0002316659
6   10   6   8   0.0063391708
6   10   6   9   -0.0000000003
6   10   6   10   0.4003569320
6   10   6   11   -0.0000000021
6   10   6   12   0.0079044585
6   10   7   9   0.0000000000
6   10   7   11   0.0000000002
6   11   1   13   -0.0000000004
6   11   1   14   -0.0000000000
6   11   2   13   -0.0151822754
6   11   3   13   -0.0000000009
6   11   3   14   0.0000000000
6   11   4   13   0.0575032133
6   11   5   13   -0.0000000006
6   11   5   14   -0.0000000000
6   11   6   8   0.0000000002
6   11   6   9   0.0063804872
6   11   6   10   -0.0000000021
6   11   6   11   0.4003814103
6   11   6   12   -0.0000000005
6   11   7   8   0.0000000000
6   11   7   10   0.0000000002
6   11   7   12   -0.0000000000
6   12   1   13   0.0001969808
6   12   2   13   -0.0000000000
6   12   3   13   0.0002316659
6   12   4   13   -0.0000000006
6   12   4   14   -0.0000000000
6   12   5   13   0.0046010094
6   12   6   8   -0.0008311496
6   12   6   9   0.0000000000
6   12   6   10   0.0079044585
6   12   6   11   -0.0000000005
6   12   6   12   0.3820715739
6   12   7   11   -0.0000000000
6   12   7   12   -0.0000000000
6   13   1   8   0.0125758106
6   13   1   9   -0.0000000001
6   13   1   10   -0.0141804025
6   13   1   11   -0.0000000005
6   13   1   12   0.0001177658
6   13   2   8   -0.0000000001
6   13   2   9   0.0125569108
6   13   2   10   0.0000000007
6   13   2   11   -0.0140698559
6   13   2   12   0.0000000001
6   13   3   8   -0.0141804025
6   13   3   9   0.0000000007
6   13   3   10   0.0595633910
6   13   3   11   -0.0000000006
6   13   3   12   -0.0000569375
6   13   4   8   -0.0000000005
6   13   4   9   -0.0140698559
6   13   4   10   -0.0000000006
6   13   4   11   0.0581143155
6   13   4   12   0.0000000001
6   13   5   8   0.0001177658
6   13   5   9   0.0000000001
6   13   5   10   -0.0000569375
6   13   5   11   0.0000000001
6   13   5   12   0.0139057713
6   13   6   13   0.3979595131
6   13   6   14   -0.0000000002
6   13   7   13   -0.0000000002
6   13   7   14   0.0137016916
6   14   1   9   0.0000000000
6   14   1   11   -0.0000000000
6   14   2   8   0.0000000000
6   14   2   10   -0.0000000000
6   14   3   9   -0.0000000000
6   14   3   11   0.0000000000
6   14   4   8   -0.0000000000
6   14   4   10   0.0000000000
6   14   6   13   -0.0000000002
6   14   6   14   0.3811092593
6   14   7   13   0.0031485633
6   14   7   14   0.0000000002
7   8   1   14   0.0150665883
7   8   2   13   0.0000000000
7   8   2   14   -0.0000000002
7   8   3   14   -0.0152342300
7   8   4   13   -0.0000000000
7   8   4   14   -0.0000000004
7   8   5   9   -0.0000000000
7   8   5   14   0.0001969808
7   8   6   9   0.0000000003
7   8   6   11   0.0000000000
7   8   7   8   0.5514532195
7   8   7   9   -0.0000000027
7   8   7   10   0.0063391708
7   8   7   11   0.0000000002
7   8   7   12   -0.0008311496
7   9   1   13   0.0000000000
7   9   1   14   -0.0000000002
7   9   2   14   0.0150500667
7   9   3   13   -0.0000000000
7   9   3   14   0.0000000008
7   9   4   14   -0.0151822754
7   9   5   8   -0.0000000000
7   9   5   14   -0.0000000000
7   9   6   8   0.0000000003
7   9   6   10   0.0000000000
7   9   7   8   -0.0000000027
7   9   7   9   0.5514536236
7   9   7   10   -0.0000000003
7   9   7   11   0.0063804872
7   9   7   12   0.0000000000
7   10   1   14   -0.0152342300
7   10   2   13   -0.0000000000
7   10   2   14   0.0000000008
7   10   3   14   0.0599827457
7   10   4   13   0.0000000000
7   10   4   14   -0.0000000008
7   10   5   11   -0.0000000000
7   10   5   14   0.0002316659
7   10   6   9   0.0000000000
7   10   6   11   0.0000000002
7   10   7   8   0.0063391708
7   10   7   9   -0.0000000003
7   10   7   10   0.4003569320
7   10   7   11   -0.0000000015
7   10   7   12   0.0079044585
7   11   1   13   -0.0000000000
7   11   1   14   -0.0000000004
7   11   2   14   -0.0151822754
7   11   3   13   0.0000000000
7   11   3   14   -0.0000000008
7   11   4   14   0.0575032133
7   11   5   10   -0.0000000000
7   11   5   13   -0.0000000000
7   11   5   14   -0.0000000006
7   11   6   8   0.0000000000
7   11   6   10   0.0000000002
7   11   6   12   -0.0000000000
7   11   7   8   0.0000000002
7   11   7   9   0.0063804872
7   11   7   10   -0.0000000015
7   11   7   11   0.4003814103
7   11   7   12   -0.0000000005
7   12   1   14   0.0001969808
7   12   2   14   -0.0000000000
7   12   3   14   0.0002316659
7   12   4   13   -0.0000000000
7   12   4   14   -0.0000000006
7   12   5   14   0.0046010094
7   12   6   11   -0.0000000000
7   12   6   12   -0.0000000000
7   12   7   8   -0.0008311496
7   12   7   9   0.0000000000
7   12   7   10   0.0079044585
7   12   7   11   -0.0000000005
7   12   7   12   0.3820715739
7   13   1   9   0.0000000000
7   13   1   11   -0.0000000000
7   13   2   8   0.0000000000
7   13   2   10   -0.0000000000
7   13   3   9   -0.0000000000
7   13   3   11   0.0000000000
7   13   4   8   -0.0000000000
7   13   4   10   0.0000000000
7   13   6   13   -0.0000000002
7   13   6   14   0.0031485633
7   13   7   13   0.3811092593
7   13   7   14   0.0000000002
7   14   1   8   0.0125758106
7   14   1   9   -0.0000000000
7   14   1   10   -0.0141804025
7   14   1   11   -0.0000000005
7   14   1   12   0.0001177658
7   14   2   8   -0.0000000000
7   14   2   9   0.0125569108
7   14   2   10   0.0000000007
7   14   2   11   -0.0140698559
7   14   2   12   0.0000000001
7   14   3   8   -0.0141804025
7   14   3   9   0.0000000007
7   14   3   10   0.0595633910
7   14   3   11   -0.0000000005
7   14   3   12   -0.0000569375
7   14   4   8   -0.0000000005
7   14   4   9   -0.0140698559
7   14   4   10   -0.0000000005
7   14   4   11   0.0581143155
7   14   4   12   0.0000000001
7   14   5   8   0.0001177658
7   14   5   9   0.0000000001
7   14   5   10   -0.0000569375
7   14   5   11   0.0000000001
7   14   5   12   0.0139057713
7   14   6   13   0.0137016916
7   14   6   14   0.0000000002
7   14   7   13   0.0000000002
7   14   7   14   0.3979595131

End IJKL Block
Begin ABCD Block
1   4   1   4   0.3935668705
1   4   1   5   -0.0000000004
1   4   2   4   -0.0000000004
1   4   2   5   0.0155170956
1   4   3   6   0.0159919262
1   5   1   4   -0.0000000004
1   5   1   5   0.3644457699
1   5   2   4   0.0136040057
1   5   2   5   0.0000000004
1   6   1   6   0.3705641474
1   6   3   4   0.0141794000
2   4   1   4   -0.0000000004
2   4   1   5   0.0136040057
2   4   2   4   0.3644457699
2   4   2   5   0.0000000004
2   5   1   4   0.0155170956
2   5   1   5   0.0000000004
2   5   2   4   0.0000000004
2   5   2   5   0.3935668705
2   5   3   6   0.0159919262
2   6   2   6   0.3705641474
2   6   3   5   0.0141794000
3   4   1   6   0.0141794000
3   4   3   4   0.3705641474
3   5   2   6   0.0141794000
3   5   3   5   0.3705641474
3   6   1   4   0.0159919262
3   6   2   5   0.0159919262
3   6   3   6   0.4074116410

End ABCD Block
Begin AIJB Block
1   8   1   4   0.0123602065
1   8   2   5   -0.0000000000
1   8   3   4   -0.0126878739
1   8   4   4   -0.0000000006
1   8   4   5   0.0000000000
1   8   5   4   0.0001696644
1   8   6   6   0.0008526715
1   8   7   6   -0.0001268408
1   9   1   5   -0.0000000000
1   9   2   4   0.0123720035
1   9   3   4   0.0000000005
1   9   3   5   0.0000000000
1   9   4   4   -0.0128794938
1   9   5   4   0.0000000000
1   9   6   6   -0.0000000000
1   9   7   6   0.0000000000
1   10   1   4   -0.0126878739
1   10   2   4   0.0000000005
1   10   2   5   0.0000000000
1   10   3   4   0.0621763607
1   10   4   4   0.0000000001
1   10   4   5   -0.0000000000
1   10   5   4   -0.0018741405
1   10   6   6   0.0028069664
1   10   7   6   -0.0004175558
1   11   1   4   -0.0000000006
1   11   1   5   0.0000000000
1   11   2   4   -0.0128794938
1   11   3   4   0.0000000001
1   11   3   5   -0.0000000000
1   11   4   4   0.0651467024
1   11   5   4   0.0000000008
1   11   6   6   0.0000000004
1   11   7   6   -0.0000000001
1   12   1   4   0.0001696644
1   12   2   4   0.0000000000
1   12   3   4   -0.0018741405
1   12   4   4   0.0000000008
1   12   5   4   0.0283512589
1   12   6   6   0.2079663266
1   12   7   6   -0.0309364371
1   13   1   6   -0.0006564208
1   13   2   6   0.0000000000
1   13   3   6   0.0023212781
1   13   4   6   -0.0000000008
1   13   5   6   0.0187244190
1   13   6   4   0.2558462652
1   13   6   5   0.0335915110
1   13   7   4   -0.0335915118
1   13   7   5   0.0141662269
1   14   1   6   0.0000976472
1   14   2   6   -0.0000000000
1   14   3   6   -0.0003453063
1   14   4   6   0.0000000001
1   14   5   6   -0.0027853875
1   14   6   4   -0.0335915118
1   14   6   5   0.2066515342
1   14   7   4   0.0350285055
1   14   7   5   -0.0335915110
2   8   1   5   0.0123602065
2   8   2   4   -0.0000000000
2   8   2   5   -0.0000000000
2   8   3   5   -0.0126878739
2   8   4   4   0.0000000000
2   8   4   5   -0.0000000005
2   8   5   5   0.0001696644
2   8   6   6   0.0001268408
2   8   7   6   0.0008526715
2   9   1   4   -0.0000000000
2   9   1   5   -0.0000000000
2   9   2   5   0.0123720035
2   9   3   4   0.0000000000
2   9   3   5   0.0000000006
2   9   4   5   -0.0128794938
2   9   5   5   0.0000000000
2   9   6   6   -0.0000000000
2   9   7   6   -0.0000000000
2   10   1   5   -0.0126878739
2   10   2   4   0.0000000000
2   10   2   5   0.0000000006
2   10   3   5   0.0621763607
2   10   4   4   -0.0000000000
2   10   4   5   -0.0000000001
2   10   5   5   -0.0018741405
2   10   6   6   0.0004175558
2   10   7   6   0.0028069664
2   11   1   4   0.0000000000
2   11   1   5   -0.0000000005
2   11   2   5   -0.0128794938
2   11   3   4   -0.0000000000
2   11   3   5   -0.0000000001
2   11   4   5   0.0651467024
2   11   5   5   0.0000000008
2   11   6   6   0.0000000001
2   11   7   6   0.0000000004
2   12   1   5   0.0001696644
2   12   2   5   0.0000000000
2   12   3   5   -0.0018741405
2   12   4   5   0.0000000008
2   12   5   5   0.0283512589
2   12   6   6   0.0309364371
2   12   7   6   0.2079663266
2   13   1   6   -0.0000976472
2   13   2   6   0.0000000000
2   13   3   6   0.0003453063
2   13   4   6   -0.0000000001
2   13   5   6   0.0027853875
2   13   6   4   0.0335915110
2   13   6   5   0.0350285055
2   13   7   4   0.2066515342
2   13   7   5   0.0335915118
2   14   1   6   -0.0006564208
2   14   2   6   0.0000000000
2   14   3   6   0.0023212781
2   14   4   6   -0.0000000008
2   14   5   6   0.0187244190
2   14   6   4   0.0141662269
2   14   6   5   0.0335915118
2   14   7   4   -0.0335915110
2   14   7   5   0.2558462652
3   8   1   6   0.0128247555
3   8   2   6   0.0000000000
3   8   3   6   -0.0129610776
3   8   4   6   -0.0000000006
3   8   5   6   0.0004367280
3   8   6   4   -0.0006564208
3   8   6   5   -0.0000976472
3   8   7   4   0.0000976472
3   8   7   5   -0.0006564208
3   9   1   6   0.0000000000
3   9   2   6   0.0128506785
3   9   3   6   0.0000000005
3   9   4   6   -0.0133013257
3   9   5   6   -0.0000000000
3   9   6   4   0.0000000000
3   9   6   5   0.0000000000
3   9   7   4   -0.0000000000
3   9   7   5   0.0000000000
3   10   1   6   -0.0129610776
3   10   2   6   0.0000000005
3   10   3   6   0.0626069888
3   10   4   6   0.0000000001
3   10   5   6   0.0026826960
3   10   6   4   0.0023212781
3   10   6   5   0.0003453063
3   10   7   4   -0.0003453063
3   10   7   5   0.0023212781
3   11   1   6   -0.0000000006
3   11   2   6   -0.0133013257
3   11   3   6   0.0000000001
3   11   4   6   0.0664982425
3   11   5   6   0.0000000004
3   11   6   4   -0.0000000008
3   11   6   5   -0.0000000001
3   11   7   4   0.0000000001
3   11   7   5   -0.0000000008
3   12   1   6   0.0004367280
3   12   2   6   -0.0000000000
3   12   3   6   0.0026826960
3   12   4   6   0.0000000004
3   12   5   6   0.2555011391
3   12   6   4   0.0187244190
3   12   6   5   0.0027853875
3   12   7   4   -0.0027853875
3   12   7   5   0.0187244190
3   13   1   4   0.0008526715
3   13   1   5   0.0001268408
3   13   2   4   -0.0000000000
3   13   2   5   -0.0000000000
3   13   3   4   0.0028069664
3   13   3   5   0.0004175558
3   13   4   4   0.0000000004
3   13   4   5   0.0000000001
3   13   5   4   0.2079663266
3   13   5   5   0.0309364371
3   13   6   6   0.0296539097
3   14   1   4   -0.0001268408
3   14   1   5   0.0008526715
3   14   2   4   0.0000000000
3   14   2   5   -0.0000000000
3   14   3   4   -0.0004175558
3   14   3   5   0.0028069664
3   14   4   4   -0.0000000001
3   14   4   5   0.0000000004
3   14   5   4   -0.0309364371
3   14   5   5   0.2079663266
3   14   7   6   0.0296539097

1   8   8   1   -0.5190015199
1   8   9   1   -0.0000000001
1   8   9   2   0.0000000001
1   8   10   1   -0.0048888767
1   8   11   1   -0.0000000002
1   8   11   2   0.0000000000
1   8   12   1   0.0006991815
1   8   13   3   0.0007513085
1   8   14   3   -0.0001117624
1   9   8   1   -0.0000000001
1   9   8   2   0.0000000001
1   9   9   1   -0.5190014997
1   9   10   1   0.0000000002
1   9   10   2   0.0000000000
1   9   11   1   -0.0049489353
1   9   12   1   -0.0000000000
1   9   13   3   0.0000000001
1   9   14   3   -0.0000000000
1   10   8   1   -0.0048888767
1   10   9   1   0.0000000002
1   10   9   2   0.0000000000
1   10   10   1   -0.3981751644
1   10   11   1   -0.0000000000
1   10   11   2   0.0000000001
1   10   12   1   -0.0058731972
1   10   13   3   -0.0027864508
1   10   14   3   0.0004145039
1   11   8   1   -0.0000000002
1   11   8   2   0.0000000000
1   11   9   1   -0.0049489353
1   11   10   1   -0.0000000000
1   11   10   2   0.0000000001
1   11   11   1   -0.3995400272
1   11   12   1   -0.0000000001
1   11   12   2   -0.0000000000
1   11   13   3   -0.0000000013
1   11   14   3   0.0000000002
1   12   8   1   0.0006991815
1   12   9   1   -0.0000000000
1   12   10   1   -0.0058731972
1   12   11   1   -0.0000000001
1   12   11   2   -0.0000000000
1   12   12   1   -0.3867472249
1   12   13   3   -0.0191609297
1   12   14   3   0.0028503215
1   13   8   3   0.0007086272
1   13   9   3   0.0000000001
1   13   10   3   -0.0029719926
1   13   11   3   -0.0000000004
1   13   12   3   -0.0203259316
1   13   13   1   -0.4270638691
1   13   13   2   -0.0058819334
1   13   14   1   0.0058819343
1   13   14   2   -0.0197430758
1   14   8   3   -0.0001054132
1   14   9   3   -0.0000000000
1   14   10   3   0.0004421046
1   14   11   3   0.0000000001
1   14   12   3   0.0030236237
1   14   13   1   0.0058819343
1   14   13   2   -0.0189225106
1   14   14   1   -0.3883982842
1   14   14   2   0.0058819334
2   8   8   2   -0.5190015199
2   8   9   1   0.0000000001
2   8   9   2   0.0000000010
2   8   9   3   -0.0000000000
2   8   10   2   -0.0048888767
2   8   11   1   0.0000000000
2   8   11   2   -0.0000000002
2   8   12   2   0.0006991815
2   8   13   3   0.0001117624
2   8   14   3   0.0007513085
2   9   8   1   0.0000000001
2   9   8   2   0.0000000010
2   9   8   3   -0.0000000000
2   9   9   2   -0.5190014997
2   9   10   1   0.0000000000
2   9   10   2   0.0000000002
2   9   11   2   -0.0049489353
2   9   12   2   -0.0000000000
2   9   13   3   0.0000000000
2   9   14   3   0.0000000001
2   10   8   2   -0.0048888767
2   10   9   1   0.0000000000
2   10   9   2   0.0000000002
2   10   10   2   -0.3981751644
2   10   11   1   0.0000000001
2   10   11   2   0.0000000007
2   10   11   3   -0.0000000000
2   10   12   2   -0.0058731972
2   10   13   3   -0.0004145039
2   10   14   3   -0.0027864508
2   11   8   1   0.0000000000
2   11   8   2   -0.0000000002
2   11   9   2   -0.0049489353
2   11   10   1   0.0000000001
2   11   10   2   0.0000000007
2   11   10   3   -0.0000000000
2   11   11   2   -0.3995400272
2   11   12   1   -0.0000000000
2   11   12   2   -0.0000000001
2   11   13   3   -0.0000000002
2   11   14   3   -0.0000000013
2   12   8   2   0.0006991815
2   12   9   2   -0.0000000000
2   12   10   2   -0.0058731972
2   12   11   1   -0.0000000000
2   12   11   2   -0.0000000001
2   12   12   2   -0.3867472249
2   12   13   3   -0.0028503215
2   12   14   3   -0.0191609297
2   13   8   3   0.0001054132
2   13   9   3   0.0000000000
2   13   10   3   -0.0004421046
2   13   11   3   -0.0000000001
2   13   12   3   -0.0030236237
2   13   13   1   -0.0058819334
2   13   13   2   -0.3883982842
2   13   14   1   -0.0189225106
2   13   14   2   -0.0058819343
2   14   8   3   0.0007086272
2   14   9   3   0.0000000001
2   14   10   3   -0.0029719926
2   14   11   3   -0.0000000004
2   14   12   3   -0.0203259316
2   14   13   1   -0.0197430758
2   14   13   2   -0.0058819343
2   14   14   1   0.0058819334
2   14   14   2   -0.4270638691
3   8   8   3   -0.5296644963
3   8   9   2   -0.0000000000
3   8   9   3   -0.0000000013
3   8   10   3   -0.0050457364
3   8   11   3   -0.0000000002
3   8   12   3   0.0020516354
3   8   13   1   0.0007086272
3   8   13   2   0.0001054132
3   8   14   1   -0.0001054132
3   8   14   2   0.0007086272
3   9   8   2   -0.0000000000
3   9   8   3   -0.0000000013
3   9   9   3   -0.5296642445
3   9   10   3   0.0000000002
3   9   11   3   -0.0051383500
3   9   12   3   -0.0000000001
3   9   13   1   0.0000000001
3   9   13   2   0.0000000000
3   9   14   1   -0.0000000000
3   9   14   2   0.0000000001
3   10   8   3   -0.0050457364
3   10   9   3   0.0000000002
3   10   10   3   -0.4052859042
3   10   11   2   -0.0000000000
3   10   11   3   -0.0000000009
3   10   12   3   -0.0109586402
3   10   13   1   -0.0029719926
3   10   13   2   -0.0004421046
3   10   14   1   0.0004421046
3   10   14   2   -0.0029719926
3   11   8   3   -0.0000000002
3   11   9   3   -0.0051383500
3   11   10   2   -0.0000000000
3   11   10   3   -0.0000000009
3   11   11   3   -0.4060373939
3   11   12   3   -0.0000000002
3   11   13   1   -0.0000000004
3   11   13   2   -0.0000000001
3   11   14   1   0.0000000001
3   11   14   2   -0.0000000004
3   12   8   3   0.0020516354
3   12   9   3   -0.0000000001
3   12   10   3   -0.0109586402
3   12   11   3   -0.0000000002
3   12   12   3   -0.4323976673
3   12   13   1   -0.0203259316
3   12   13   2   -0.0030236237
3   12   14   1   0.0030236237
3   12   14   2   -0.0203259316
3   13   8   1   0.0007513085
3   13   8   2   0.0001117624
3   13   9   1   0.0000000001
3   13   9   2   0.0000000000
3   13   10   1   -0.0027864508
3   13   10   2   -0.0004145039
3   13   11   1   -0.0000000013
3   13   11   2   -0.0000000002
3   13   12   1   -0.0191609297
3   13   12   2   -0.0028503215
3   13   13   3   -0.3937033818
3   14   8   1   -0.0001117624
3   14   8   2   0.0007513085
3   14   9   1   -0.0000000000
3   14   9   2   0.0000000001
3   14   10   1   0.0004145039
3   14   10   2   -0.0027864508
3   14   11   1   0.0000000002
3   14   11   2   -0.0000000013
3   14   12   1   0.0028503215
3   14   12   2   -0.0191609297
3   14   14   3   -0.3937033817

End AIJB Block
Begin IJKA Block
1   8   1   6   0.0000000013
1   8   2   6   0.0107583419
1   8   3   6   0.0000000002
1   8   4   6   0.0012475571
1   8   5   6   0.0000000011
1   8   6   4   0.0000000010
1   8   6   5   0.0000000001
1   8   7   4   -0.0000000002
1   8   7   5   0.0000000010
1   9   1   6   0.0093939933
1   9   2   6   -0.0000000004
1   9   3   6   0.0016373452
1   9   5   6   0.0128781652
1   9   6   4   0.0128294672
1   9   6   5   0.0019084725
1   9   7   4   -0.0019084725
1   9   7   5   0.0128294672
1   10   1   6   0.0000000007
1   10   2   6   0.0115440812
1   10   3   6   -0.0000000000
1   10   4   6   0.0008098450
1   10   5   6   -0.0000000007
1   10   6   4   -0.0000000005
1   10   6   5   -0.0000000001
1   10   7   4   0.0000000001
1   10   7   5   -0.0000000005
1   11   1   6   0.0142062886
1   11   2   6   0.0000000004
1   11   3   6   0.0002056299
1   11   4   6   0.0000000001
1   11   5   6   -0.0139733296
1   11   6   4   -0.0138606486
1   11   6   5   -0.0020618679
1   11   7   4   0.0020618679
1   11   7   5   -0.0138606486
1   12   1   6   0.0000000306
1   12   2   6   0.3619215270
1   12   3   6   0.0000000002
1   12   4   6   0.0036049050
1   12   5   6   0.0000000000
1   12   6   4   0.0000000000
1   12   6   5   0.0000000000
1   12   7   4   -0.0000000000
1   12   7   5   0.0000000000
1   13   1   4   0.0000000291
1   13   1   5   0.0000000043
1   13   2   4   0.3593076497
1   13   2   5   0.0534495112
1   13   3   4   0.0000000002
1   13   3   5   0.0000000000
1   13   4   4   0.0034800707
1   13   4   5   0.0005176847
1   13   5   4   0.0000000000
1   13   5   5   0.0000000000
1   13   6   6   -0.0000000000
1   14   1   4   -0.0000000043
1   14   1   5   0.0000000290
1   14   2   4   -0.0534495112
1   14   2   5   0.3593076497
1   14   3   4   -0.0000000000
1   14   3   5   0.0000000002
1   14   4   4   -0.0005176847
1   14   4   5   0.0034800707
1   14   5   4   -0.0000000000
1   14   5   5   0.0000000000
1   14   7   6   -0.0000000000
2   8   1   6   0.0107590921
2   8   2   6   -0.0000000004
2   8   3   6   0.0016332173
2   8   5   6   0.0128493571
2   8   6   4   0.0128153589
2   8   6   5   0.0019063737
2   8   7   4   -0.0019063737
2   8   7   5   0.0128153589
2   9   1   6   -0.0000000004
2   9   2   6   0.0093969409
2   9   3   6   -0.0000000001
2   9   4   6   0.0012455685
2   9   5   6   -0.0000000010
2   9   6   4   -0.0000000011
2   9   6   5   -0.0000000002
2   9   7   4   0.0000000002
2   9   7   5   -0.0000000011
2   10   1   6   0.0115439568
2   10   2   6   -0.0000000012
2   10   3   6   0.0003985493
2   10   4   6   -0.0000000000
2   10   5   6   -0.0135940144
2   10   6   4   -0.0136329888
2   10   6   5   -0.0020280019
2   10   7   4   0.0020280019
2   10   7   5   -0.0136329888
2   11   1   6   0.0000000004
2   11   2   6   0.0142023905
2   11   3   6   -0.0000000000
2   11   4   6   0.0006460996
2   11   5   6   0.0000000005
2   11   6   4   0.0000000006
2   11   6   5   0.0000000001
2   11   7   4   -0.0000000001
2   11   7   5   0.0000000006
2   12   1   6   0.3619189219
2   12   2   6   -0.0000000285
2   12   3   6   0.0036171674
2   12   4   6   -0.0000000001
2   12   5   6   0.0005042023
2   12   6   4   0.0001643279
2   12   6   5   0.0000244449
2   12   7   4   -0.0000244449
2   12   7   5   0.0001643279
2   13   1   4   0.3593056076
2   13   1   5   0.0534492074
2   13   2   4   -0.0000000295
2   13   2   5   -0.0000000044
2   13   3   4   0.0035090342
2   13   3   5   0.0005219932
2   13   4   4   -0.0000000001
2   13   4   5   -0.0000000000
2   13   5   4   0.0009483295
2   13   5   5   0.0001410706
2   13   6   6   -0.0006652592
2   14   1   4   -0.0534492074
2   14   1   5   0.3593056077
2   14   2   4   0.0000000044
2   14   2   5   -0.0000000296
2   14   3   4   -0.0005219932
2   14   3   5   0.0035090342
2   14   4   4   0.0000000000
2   14   4   5   -0.0000000001
2   14   5   4   -0.0001410706
2   14   5   5   0.0009483295
2   14   7   6   -0.0006652592
3   8   1   6   0.0000000002
3   8   2   6   0.0017153472
3   8   3   6   -0.0000000000
3   8   4   6   0.0014302490
3   8   5   6   -0.0000000007
3   8   6   4   -0.0000000005
3   8   6   5   -0.0000000001
3   8   7   4   0.0000000001
3   8   7   5   -0.0000000005
3   9   1   6   0.0017194844
3   9   2   6   -0.0000000001
3   9   3   6   -0.0004401964
3   9   4   6   -0.0000000000
3   9   5   6   -0.0144811869
3   9   6   4   -0.0142018226
3   9   6   5   -0.0021126199
3   9   7   4   0.0021126199
3   9   7   5   -0.0142018226
3   10   1   6   0.0000000000
3   10   2   6   0.0004024408
3   10   3   6   -0.0000000001
3   10   4   6   0.0026313464
3   10   5   6   0.0000000000
3   10   6   4   -0.0000000002
3   10   6   5   -0.0000000000
3   10   7   4   0.0000000000
3   10   7   5   -0.0000000002
3   11   1   6   0.0001874474
3   11   2   6   0.0000000000
3   11   3   6   0.0115722389
3   11   4   6   0.0000000001
3   11   5   6   0.0621935995
3   11   6   4   0.0609836951
3   11   6   5   0.0090717487
3   11   7   4   -0.0090717487
3   11   7   5   0.0609836951
3   12   1   6   0.0000000002
3   12   2   6   0.0042144538
3   12   3   6   0.0000000006
3   12   4   6   0.2370630224
3   12   5   6   0.0000000001
3   12   6   4   -0.0000000007
3   12   6   5   -0.0000000001
3   12   7   4   0.0000000001
3   12   7   5   -0.0000000007
3   13   1   4   0.0000000002
3   13   1   5   0.0000000000
3   13   2   4   0.0041405236
3   13   2   5   0.0006159317
3   13   3   4   -0.0000000000
3   13   4   4   0.2358508708
3   13   4   5   0.0350844569
3   13   5   4   0.0000000003
3   13   5   5   0.0000000000
3   13   6   6   0.0000000003
3   13   7   6   0.0000000000
3   14   1   4   -0.0000000000
3   14   1   5   0.0000000002
3   14   2   4   -0.0006159317
3   14   2   5   0.0041405236
3   14   3   4   0.0000000000
3   14   3   5   -0.0000000000
3   14   4   4   -0.0350844569
3   14   4   5   0.2358508708
3   14   5   4   -0.0000000000
3   14   5   5   0.0000000003
3   14   6   6   0.0000000000
3   14   7   6   0.0000000003
4   8   1   6   0.0013152804
4   8   2   6   -0.0000000000
4   8   3   6   0.0014406137
4   8   4   6   0.0000000001
4   8   5   6   -0.0142162321
4   8   6   4   -0.0141368988
4   8   6   5   -0.0021029620
4   8   7   4   0.0021029620
4   8   7   5   -0.0141368988
4   9   1   6   -0.0000000000
4   9   2   6   0.0013136426
4   9   3   6   -0.0000000001
4   9   4   6   0.0005284121
4   9   5   6   0.0000000005
4   9   6   4   0.0000000006
4   9   6   5   0.0000000001
4   9   7   4   -0.0000000001
4   9   7   5   0.0000000006
4   10   1   6   0.0007972480
4   10   2   6   -0.0000000000
4   10   3   6   0.0022560074
4   10   4   6   -0.0000000002
4   10   5   6   0.0580756047
4   10   6   4   0.0592524542
4   10   6   5   0.0088142146
4   10   7   4   -0.0088142146
4   10   7   5   0.0592524542
4   11   1   6   0.0000000000
4   11   2   6   0.0006301014
4   11   3   6   0.0000000002
4   11   4   6   0.0071022771
4   11   5   6   0.0000000000
4   11   6   4   -0.0000000000
4   11   7   5   -0.0000000000
4   12   1   6   0.0042110068
4   12   2   6   -0.0000000002
4   12   3   6   0.2372260111
4   12   4   6   0.0000000003
4   12   5   6   -0.0180626546
4   12   6   4   -0.0012517471
4   12   6   5   -0.0001862061
4   12   7   4   0.0001862061
4   12   7   5   -0.0012517471
4   13   1   4   0.0041388417
4   13   1   5   0.0006156815
4   13   2   4   -0.0000000002
4   13   2   5   -0.0000000000
4   13   3   4   0.2358053434
4   13   3   5   0.0350776844
4   13   4   4   -0.0000000004
4   13   4   5   -0.0000000001
4   13   5   4   -0.0172226740
4   13   5   5   -0.0025619925
4   13   6   6   0.0006386093
4   14   1   4   -0.0006156815
4   14   1   5   0.0041388417
4   14   2   4   0.0000000000
4   14   2   5   -0.0000000002
4   14   3   4   -0.0350776844
4   14   3   5   0.2358053434
4   14   4   4   0.0000000001
4   14   4   5   -0.0000000004
4   14   5   4   0.0025619925
4   14   5   5   -0.0172226740
4   14   7   6   0.0006386093
5   8   1   6   0.0000000014
5   8   2   6   0.0156699327
5   8   3   6   -0.0000000007
5   8   4   6   -0.0159402388
5   8   5   6   0.0000000000
5   8   6   4   0.0000000000
5   8   6   5   0.0000000000
5   8   7   4   -0.0000000000
5   8   7   5   0.0000000000
5   9   1   6   0.0156957526
5   9   2   6   -0.0000000012
5   9   3   6   -0.0161894904
5   9   4   6   0.0000000006
5   9   5   6   0.0000867066
5   9   6   4   0.0001846956
5   9   6   5   0.0000274748
5   9   7   4   -0.0000274748
5   9   7   5   0.0001846956
5   10   1   6   -0.0000000006
5   10   2   6   -0.0141045254
5   10   3   6   0.0000000001
5   10   4   6   0.0596213629
5   10   5   6   -0.0000000005
5   10   6   4   -0.0000000001
5   10   6   5   -0.0000000000
5   10   7   4   0.0000000000
5   10   7   5   -0.0000000001
5   11   1   6   -0.0144318974
5   11   2   6   0.0000000005
5   11   3   6   0.0637933827
5   11   4   6   0.0000000000
5   11   5   6   0.0088577313
5   11   6   4   -0.0008998719
5   11   6   5   -0.0001338622
5   11   7   4   0.0001338622
5   11   7   5   -0.0008998719
5   12   1   6   0.0000000000
5   12   2   6   0.0002520775
5   12   3   6   0.0000000006
5   12   4   6   -0.0185177098
5   12   5   6   0.0000000022
5   12   6   4   -0.0000000019
5   12   6   5   -0.0000000003
5   12   7   4   0.0000000003
5   12   7   5   -0.0000000019
5   12   7   6   -0.0000000000
5   13   1   4   0.0000000000
5   13   1   5   0.0000000000
5   13   2   4   0.0007157771
5   13   2   5   0.0001064768
5   13   3   4   0.0000000004
5   13   3   5   0.0000000001
5   13   4   4   -0.0170760477
5   13   4   5   -0.0025401808
5   13   5   4   0.0000000030
5   13   5   5   0.0000000005
5   13   6   6   -0.0000000006
5   13   7   4   -0.0000000000
5   13   7   6   0.0000000000
5   14   1   4   -0.0000000000
5   14   1   5   0.0000000000
5   14   2   4   -0.0001064768
5   14   2   5   0.0007157771
5   14   3   4   -0.0000000001
5   14   3   5   0.0000000004
5   14   4   4   0.0025401808
5   14   4   5   -0.0170760477
5   14   5   4   -0.0000000004
5   14   5   5   0.0000000031
5   14   6   6   0.0000000000
5   14   7   5   -0.0000000000
5   14   7   6   -0.0000000005
6   8   1   4   0.0000000012
6   8   1   5   0.0000000002
6   8   2   4   0.0155955102
6   8   2   5   0.0023199406
6   8   3   4   -0.0000000006
6   8   3   5   -0.0000000001
6   8   4   4   -0.0158067264
6   8   4   5   -0.0023513605
6   8   5   4   0.0000000000
6   8   5   5   0.0000000000
6   8   6   6   0.0000000000
6   9   1   4   0.0156065945
6   9   1   5   0.0023215895
6   9   2   4   -0.0000000013
6   9   2   5   -0.0000000002
6   9   3   4   -0.0158714076
6   9   3   5   -0.0023609822
6   9   4   4   0.0000000007
6   9   4   5   0.0000000001
6   9   5   4   0.0004971495
6   9   5   5   0.0000739544
6   9   6   6   -0.0004269920
6   10   1   4   -0.0000000006
6   10   1   5   -0.0000000001
6   10   2   4   -0.0140710104
6   10   2   5   -0.0020931606
6   10   3   4   -0.0000000003
6   10   3   5   -0.0000000000
6   10   4   4   0.0602384829
6   10   4   5   0.0089608932
6   10   5   4   -0.0000000004
6   10   5   5   -0.0000000001
6   10   6   6   -0.0000000003
6   10   7   6   0.0000000000
6   11   1   4   -0.0142412903
6   11   1   5   -0.0021184910
6   11   2   4   0.0000000006
6   11   2   5   0.0000000001
6   11   3   4   0.0618719333
6   11   3   5   0.0092038803
6   11   4   4   -0.0000000002
6   11   4   5   -0.0000000000
6   11   5   4   -0.0018844937
6   11   5   5   -0.0002803315
6   11   6   6   0.0104592867
6   12   2   4   0.0000109986
6   12   2   5   0.0000016361
6   12   3   4   -0.0000000000
6   12   3   5   -0.0000000000
6   12   4   4   -0.0016897985
6   12   4   5   -0.0002513693
6   12   5   4   0.0000000005
6   12   5   5   0.0000000001
6   12   6   6   -0.0000000026
6   12   7   6   0.0000000002
6   13   1   6   -0.0000000001
6   13   2   6   -0.0005813598
6   13   3   6   0.0000000004
6   13   4   6   0.0012605247
6   13   5   6   0.0000000024
6   13   6   4   -0.0000000017
6   13   6   5   -0.0000000002
6   13   7   4   0.0000000002
6   13   7   5   -0.0000000001
6   14   3   6   0.0000000000
6   14   5   6   0.0000000000
6   14   6   4   0.0000000003
6   14   6   5   -0.0000000015
6   14   7   4   0.0000000000
6   14   7   5   0.0000000002
7   8   1   4   -0.0000000002
7   8   1   5   0.0000000012
7   8   2   4   -0.0023199406
7   8   2   5   0.0155955102
7   8   3   4   0.0000000001
7   8   3   5   -0.0000000006
7   8   4   4   0.0023513605
7   8   4   5   -0.0158067264
7   8   5   4   -0.0000000000
7   8   5   5   0.0000000000
7   8   7   6   0.0000000000
7   9   1   4   -0.0023215895
7   9   1   5   0.0156065945
7   9   2   4   0.0000000002
7   9   2   5   -0.0000000013
7   9   3   4   0.0023609822
7   9   3   5   -0.0158714076
7   9   4   4   -0.0000000001
7   9   4   5   0.0000000007
7   9   5   4   -0.0000739544
7   9   5   5   0.0004971495
7   9   7   6   -0.0004269920
7   10   1   4   0.0000000001
7   10   1   5   -0.0000000005
7   10   2   4   0.0020931606
7   10   2   5   -0.0140710104
7   10   3   4   0.0000000000
7   10   3   5   -0.0000000003
7   10   4   4   -0.0089608932
7   10   4   5   0.0602384829
7   10   5   4   0.0000000001
7   10   5   5   -0.0000000004
7   10   6   6   0.0000000000
7   10   7   6   -0.0000000003
7   11   1   4   0.0021184910
7   11   1   5   -0.0142412903
7   11   2   4   -0.0000000001
7   11   2   5   0.0000000006
7   11   3   4   -0.0092038803
7   11   3   5   0.0618719333
7   11   4   4   0.0000000000
7   11   4   5   -0.0000000002
7   11   5   4   0.0002803315
7   11   5   5   -0.0018844937
7   11   7   6   0.0104592867
7   12   2   4   -0.0000016361
7   12   2   5   0.0000109986
7   12   3   5   -0.0000000000
7   12   4   4   0.0002513693
7   12   4   5   -0.0016897985
7   12   5   4   -0.0000000001
7   12   5   5   0.0000000005
7   12   5   6   -0.0000000000
7   12   6   6   0.0000000002
7   12   7   6   -0.0000000020
7   13   3   6   0.0000000000
7   13   5   4   -0.0000000000
7   13   5   6   0.0000000000
7   13   6   4   0.0000000002
7   13   6   5   0.0000000000
7   13   7   4   -0.0000000010
7   13   7   5   -0.0000000001
7   14   1   6   -0.0000000001
7   14   2   6   -0.0005813598
7   14   3   6   0.0000000004
7   14   4   6   0.0012605247
7   14   5   5   -0.0000000000
7   14   5   6   0.0000000024
7   14   6   4   -0.0000000001
7   14   6   5   0.0000000002
7   14   7   4   0.0000000002
7   14   7   5   -0.0000000010

End IJKA Block
Begin IABC Block
1   4   1   6   -0.0000000002
1   4   3   4   -0.0000000000
1   5   2   6   -0.0000000002
1   5   3   5   -0.0000000000
1   6   1   4   -0.0000000002
1   6   2   5   -0.0000000002
1   6   3   6   -0.0000000001
2   4   1   6   -0.0006611033
2   4   3   4   -0.0003844260
2   5   2   6   -0.0006611033
2   5   3   5   -0.0003844260
2   6   1   4   -0.0006242839
2   6   2   5   -0.0006242839
2   6   3   6   -0.0015890159
3   4   1   6   0.0000000005
3   4   2   6   -0.0000000000
3   4   3   4   -0.0000000002
3   4   3   5   -0.0000000000
3   5   1   6   -0.0000000000
3   5   2   6   0.0000000005
3   5   3   4   -0.0000000000
3   5   3   5   -0.0000000002
3   6   1   4   0.0000000006
3   6   1   5   -0.0000000000
3   6   2   4   -0.0000000000
3   6   2   5   0.0000000006
3   6   3   6   0.0000000001
4   4   1   6   0.0027392004
4   4   3   4   0.0104557176
4   5   2   6   0.0027392004
4   5   3   5   0.0104557176
4   6   1   4   0.0018279128
4   6   2   5   0.0018279128
4   6   3   6   0.0138709150
5   4   1   6   0.0000000015
5   4   2   6   -0.0000000000
5   4   3   4   0.0000000004
5   4   3   5   -0.0000000001
5   5   1   6   -0.0000000000
5   5   2   6   0.0000000014
5   5   3   4   -0.0000000001
5   5   3   5   -0.0000000002
5   5   3   6   0.0000000000
5   6   1   4   0.0000000026
5   6   1   5   -0.0000000000
5   6   2   4   -0.0000000000
5   6   2   5   0.0000000026
5   6   3   5   0.0000000000
5   6   3   6   0.0000000040
6   4   1   4   -0.0000000013
6   4   1   5   -0.0000000002
6   4   2   4   -0.0000000001
6   4   2   5   -0.0000000001
6   4   3   6   -0.0000000026
6   5   1   4   -0.0000000001
6   5   1   5   -0.0000000011
6   5   1   6   0.0000000000
6   5   2   4   -0.0000000008
6   5   2   5   -0.0000000003
6   5   3   6   -0.0000000004
6   6   1   5   0.0000000000
6   6   1   6   0.0000000015
6   6   2   6   0.0000000002
6   6   3   4   -0.0000000003
6   6   3   5   -0.0000000000
7   4   1   4   0.0000000002
7   4   1   5   -0.0000000007
7   4   2   4   -0.0000000005
7   4   2   5   -0.0000000001
7   4   3   6   0.0000000004
7   5   1   4   -0.0000000000
7   5   1   5   0.0000000001
7   5   2   4   0.0000000000
7   5   2   5   -0.0000000021
7   5   2   6   0.0000000000
7   5   3   6   -0.0000000026
7   6   1   6   -0.0000000002
7   6   2   5   0.0000000000
7   6   2   6   0.0000000015
7   6   3   4   0.0000000000
7   6   3   5   -0.0000000003

End IABC Block
