Begin IJ Block
1   1   -28.1275087865
1   2   -0.0000000005
1   3   -0.4770028925
1   4   0.0000000003
1   7   0.2735397877
2   2   -28.1279763994
2   3   -0.0000000000
2   4   0.5033130223
2   7   -0.0000000003
3   3   -10.5266913739
3   4   0.0000000041
3   7   -1.0820876866
4   4   -7.7607488386
4   7   -0.0000000027
5   5   -8.4992269900
5   6   0.0000000001
6   6   -8.4992269897
7   7   -7.9972091937

End IJ Block
Begin IA Block
1   3   -0.0000000016
2   3   -0.1578280437
3   3   0.0000000022
4   3   0.8201329165
5   1   -0.0000000035
5   2   0.0000000052
6   1   0.0000000050
6   2   0.0000000031
7   3   -0.0000000012

End IA Block
Begin AB Block
1   1   -6.1592492297
1   2   -0.0000000002
2   2   -6.1592492297
3   3   -3.1786157834

End AB Block
Begin IJAB Block
1   8   1   4   0.0092538420
1   8   1   5   -0.0000000000
1   8   2   4   -0.0000000000
1   8   2   5   0.0092538420
1   8   3   6   0.0035552108
1   9   1   4   0.0000000000
1   9   1   5   0.0000000000
1   9   2   4   0.0000000000
1   9   2   5   0.0000000000
1   9   3   6   -0.0000000036
1   10   1   4   -0.0071014453
1   10   1   5   -0.0000000000
1   10   2   4   -0.0000000000
1   10   2   5   -0.0071014453
1   10   3   6   0.0004630865
1   11   1   4   0.0000000002
1   11   1   5   -0.0000000000
1   11   2   4   -0.0000000000
1   11   2   5   0.0000000001
1   11   3   6   0.0000000031
1   12   1   6   0.0017465205
1   12   2   6   -0.0026776505
1   12   3   4   0.0002222631
1   12   3   5   -0.0003407593
1   13   1   6   -0.0026776505
1   13   2   6   -0.0017465205
1   13   3   4   -0.0003407593
1   13   3   5   -0.0002222632
1   14   1   4   0.0051969750
1   14   1   5   -0.0000000000
1   14   2   4   -0.0000000000
1   14   2   5   0.0051969750
1   14   3   6   0.0002214693
2   8   1   4   0.0000000000
2   8   1   5   0.0000000000
2   8   2   4   0.0000000000
2   8   2   5   0.0000000000
2   8   3   6   -0.0000000036
2   9   1   4   0.0095744403
2   9   1   5   -0.0000000000
2   9   2   4   -0.0000000000
2   9   2   5   0.0095744403
2   9   3   6   0.0035854336
2   10   1   4   0.0000000000
2   10   1   5   0.0000000000
2   10   2   4   0.0000000000
2   10   2   5   0.0000000000
2   10   3   6   -0.0000000013
2   11   1   4   0.0101090404
2   11   1   5   0.0000000000
2   11   2   4   0.0000000000
2   11   2   5   0.0101090404
2   11   3   6   -0.0003621615
2   12   1   6   0.0000000003
2   12   2   6   -0.0000000005
2   12   3   4   0.0000000003
2   12   3   5   -0.0000000005
2   13   1   6   -0.0000000005
2   13   2   6   -0.0000000004
2   13   3   4   -0.0000000005
2   13   3   5   -0.0000000003
2   14   1   4   0.0000000001
2   14   1   5   -0.0000000000
2   14   2   4   -0.0000000000
2   14   2   5   0.0000000001
2   14   3   6   0.0000000013
3   8   1   4   -0.0071014453
3   8   1   5   -0.0000000000
3   8   2   4   -0.0000000000
3   8   2   5   -0.0071014453
3   8   3   6   0.0004630865
3   9   1   4   0.0000000000
3   9   1   5   0.0000000000
3   9   2   4   0.0000000000
3   9   2   5   0.0000000000
3   9   3   6   -0.0000000013
3   10   1   4   0.0244998357
3   10   1   5   -0.0000000000
3   10   2   4   -0.0000000000
3   10   2   5   0.0244998357
3   10   3   6   0.0046633125
3   11   1   4   0.0000000001
3   11   1   5   -0.0000000001
3   11   2   4   -0.0000000001
3   11   2   5   0.0000000001
3   11   3   6   0.0000000041
3   12   1   6   -0.0053240994
3   12   2   6   0.0081625596
3   12   3   4   -0.0094783204
3   12   3   5   0.0145315384
3   13   1   6   0.0081625596
3   13   2   6   0.0053240995
3   13   3   4   0.0145315384
3   13   3   5   0.0094783204
3   14   1   4   -0.0168936559
3   14   1   5   -0.0000000000
3   14   2   4   -0.0000000000
3   14   2   5   -0.0168936559
3   14   3   6   -0.0045890720
4   8   1   4   0.0000000002
4   8   1   5   -0.0000000000
4   8   2   4   -0.0000000000
4   8   2   5   0.0000000001
4   8   3   6   0.0000000031
4   9   1   4   0.0101090404
4   9   1   5   0.0000000000
4   9   2   4   0.0000000000
4   9   2   5   0.0101090404
4   9   3   6   -0.0003621615
4   10   1   4   0.0000000001
4   10   1   5   -0.0000000001
4   10   2   4   -0.0000000001
4   10   2   5   0.0000000001
4   10   3   6   0.0000000041
4   11   1   4   0.0589150629
4   11   1   5   -0.0000000000
4   11   2   4   -0.0000000000
4   11   2   5   0.0589150629
4   11   3   6   0.0181460367
4   12   1   6   0.0000000005
4   12   2   6   -0.0000000006
4   12   3   4   -0.0000000025
4   12   3   5   0.0000000039
4   13   1   6   -0.0000000005
4   13   2   6   -0.0000000003
4   13   3   4   0.0000000039
4   13   3   5   0.0000000025
4   14   1   4   0.0000000003
4   14   1   5   -0.0000000001
4   14   2   4   -0.0000000001
4   14   2   5   0.0000000003
4   14   3   6   0.0000000048
5   8   1   6   0.0002222631
5   8   2   6   -0.0003407593
5   8   3   4   0.0017465205
5   8   3   5   -0.0026776505
5   9   1   6   0.0000000003
5   9   2   6   -0.0000000005
5   9   3   4   0.0000000003
5   9   3   5   -0.0000000005
5   10   1   6   -0.0094783204
5   10   2   6   0.0145315384
5   10   3   4   -0.0053240994
5   10   3   5   0.0081625596
5   11   1   6   -0.0000000025
5   11   2   6   0.0000000039
5   11   3   4   0.0000000005
5   11   3   5   -0.0000000006
5   12   1   4   0.0381780596
5   12   1   5   -0.0366087368
5   12   2   4   -0.0366087368
5   12   2   5   0.0704258062
5   12   3   6   0.0043393229
5   13   1   4   -0.0366087349
5   13   1   5   -0.0106323079
5   13   2   4   0.0428800574
5   13   2   5   0.0366087349
5   13   3   6   0.0000000001
5   14   1   6   0.0055258115
5   14   2   6   -0.0084718113
5   14   3   4   0.0041154711
5   14   3   5   -0.0063095700
6   8   1   6   -0.0003407593
6   8   2   6   -0.0002222632
6   8   3   4   -0.0026776505
6   8   3   5   -0.0017465205
6   9   1   6   -0.0000000005
6   9   2   6   -0.0000000003
6   9   3   4   -0.0000000005
6   9   3   5   -0.0000000004
6   10   1   6   0.0145315384
6   10   2   6   0.0094783204
6   10   3   4   0.0081625596
6   10   3   5   0.0053240995
6   11   1   6   0.0000000039
6   11   2   6   0.0000000025
6   11   3   4   -0.0000000005
6   11   3   5   -0.0000000003
6   12   1   4   -0.0366087349
6   12   1   5   0.0428800574
6   12   2   4   -0.0106323079
6   12   2   5   0.0366087349
6   12   3   6   0.0000000001
6   13   1   4   0.0704258062
6   13   1   5   0.0366087368
6   13   2   4   0.0366087368
6   13   2   5   0.0381780596
6   13   3   6   0.0043393231
6   14   1   6   -0.0084718113
6   14   2   6   -0.0055258115
6   14   3   4   -0.0063095700
6   14   3   5   -0.0041154710
7   8   1   4   0.0051969750
7   8   1   5   -0.0000000000
7   8   2   4   -0.0000000000
7   8   2   5   0.0051969750
7   8   3   6   0.0002214693
7   9   1   4   0.0000000001
7   9   1   5   -0.0000000000
7   9   2   4   -0.0000000000
7   9   2   5   0.0000000001
7   9   3   6   0.0000000013
7   10   1   4   -0.0168936559
7   10   1   5   -0.0000000000
7   10   2   4   -0.0000000000
7   10   2   5   -0.0168936559
7   10   3   6   -0.0045890720
7   11   1   4   0.0000000003
7   11   1   5   -0.0000000001
7   11   2   4   -0.0000000001
7   11   2   5   0.0000000003
7   11   3   6   0.0000000048
7   12   1   6   0.0041154711
7   12   2   6   -0.0063095700
7   12   3   4   0.0055258115
7   12   3   5   -0.0084718113
7   13   1   6   -0.0063095700
7   13   2   6   -0.0041154710
7   13   3   4   -0.0084718113
7   13   3   5   -0.0055258115
7   14   1   4   0.0352510381
7   14   1   5   -0.0000000000
7   14   2   4   -0.0000000000
7   14   2   5   0.0352510381
7   14   3   6   0.0125869106

End IJAB Block
Begin IJKL Block
1   8   1   8   2.3125309266
1   8   1   9   -0.0000000002
1   8   1   10   0.2029244970
1   8   1   11   -0.0000000002
1   8   1   14   -0.0699250942
1   8   2   8   -0.0000000002
1   8   2   9   1.7848945963
1   8   2   10   0.0000000000
1   8   2   11   -0.1700029952
1   8   2   14   0.0000000001
1   8   3   8   0.2029244970
1   8   3   9   0.0000000000
1   8   3   10   0.0378276153
1   8   3   11   0.0000000002
1   8   3   14   -0.0007084012
1   8   4   8   -0.0000000002
1   8   4   9   -0.1700029952
1   8   4   10   0.0000000002
1   8   4   11   0.0251840619
1   8   4   14   0.0000000003
1   8   5   12   0.0110837915
1   8   5   13   -0.0000000000
1   8   6   12   -0.0000000000
1   8   6   13   0.0110837915
1   8   7   8   -0.0699250942
1   8   7   9   0.0000000001
1   8   7   10   -0.0007084012
1   8   7   11   0.0000000003
1   8   7   14   0.0158092663
1   9   1   8   -0.0000000002
1   9   1   9   2.3144754015
1   9   1   10   0.0000000000
1   9   1   11   -0.1799814723
1   9   1   14   0.0000000001
1   9   2   8   1.7849666532
1   9   2   9   -0.0000000002
1   9   2   10   0.2181715299
1   9   2   11   -0.0000000001
1   9   2   14   -0.0489438186
1   9   3   8   0.0000000000
1   9   3   9   0.2032937203
1   9   3   10   -0.0000000003
1   9   3   11   -0.0233025019
1   9   3   14   0.0000000002
1   9   4   8   -0.1699852829
1   9   4   9   -0.0000000001
1   9   4   10   -0.0238825595
1   9   4   11   -0.0000000000
1   9   4   14   0.0132899980
1   9   5   12   0.0000000003
1   9   5   13   -0.0000000000
1   9   6   12   -0.0000000000
1   9   6   13   0.0000000002
1   9   7   8   0.0000000001
1   9   7   9   -0.0699006971
1   9   7   10   -0.0000000000
1   9   7   11   0.0140955671
1   9   7   14   0.0000000001
1   10   1   8   0.2029244970
1   10   1   9   0.0000000000
1   10   1   10   0.8954389826
1   10   1   11   -0.0000000004
1   10   1   14   0.1191404199
1   10   2   8   0.0000000000
1   10   2   9   0.2182070736
1   10   2   10   0.0000000002
1   10   2   11   -0.1456177618
1   10   2   14   0.0000000000
1   10   3   8   0.0407117916
1   10   3   9   -0.0000000004
1   10   3   10   -0.0089884289
1   10   3   11   0.0000000002
1   10   3   14   -0.0098712120
1   10   4   8   0.0000000004
1   10   4   9   -0.0247656059
1   10   4   10   -0.0000000002
1   10   4   11   0.0034554668
1   10   4   14   -0.0000000002
1   10   5   12   -0.0182821511
1   10   5   13   -0.0000000000
1   10   6   12   -0.0000000000
1   10   6   13   -0.0182821511
1   10   7   8   0.0001824878
1   10   7   9   -0.0000000000
1   10   7   10   -0.0358105260
1   10   7   11   0.0000000001
1   10   7   14   -0.0171254999
1   11   1   8   -0.0000000002
1   11   1   9   -0.1799814723
1   11   1   10   -0.0000000004
1   11   1   11   0.6711239703
1   11   1   14   0.0000000002
1   11   2   8   -0.1699852829
1   11   2   9   -0.0000000001
1   11   2   10   -0.1456476357
1   11   2   11   0.0000000005
1   11   2   14   0.2475852776
1   11   3   8   0.0000000004
1   11   3   9   -0.0242129840
1   11   3   10   0.0000000002
1   11   3   11   0.0141641854
1   11   3   14   -0.0000000001
1   11   4   8   0.0277226463
1   11   4   9   -0.0000000002
1   11   4   10   0.0031363726
1   11   4   11   -0.0000000000
1   11   4   14   0.0039272055
1   11   5   12   -0.0000000000
1   11   5   13   0.0000000000
1   11   6   12   0.0000000000
1   11   6   13   -0.0000000000
1   11   7   8   0.0000000000
1   11   7   9   0.0158390116
1   11   7   10   0.0000000000
1   11   7   11   0.0058267538
1   11   7   14   0.0000000000
1   12   1   12   0.7274838590
1   12   1   13   -0.0000000000
1   12   2   12   -0.0000000001
1   12   2   13   -0.0000000000
1   12   3   12   -0.0005382997
1   12   3   13   0.0000000000
1   12   4   12   0.0000000002
1   12   4   13   0.0000000000
1   12   5   8   0.0144577716
1   12   5   10   -0.0190846939
1   12   5   11   0.0000000000
1   12   5   14   0.0042996611
1   12   6   8   -0.0000000000
1   12   6   9   -0.0000000000
1   12   6   10   0.0000000000
1   12   6   11   -0.0000000000
1   12   7   12   -0.0126868540
1   12   7   13   0.0000000000
1   13   1   12   -0.0000000000
1   13   1   13   0.7274838590
1   13   2   12   -0.0000000000
1   13   2   13   -0.0000000001
1   13   3   12   0.0000000000
1   13   3   13   -0.0005382996
1   13   4   12   0.0000000000
1   13   4   13   0.0000000002
1   13   5   8   -0.0000000000
1   13   5   9   -0.0000000000
1   13   5   10   0.0000000000
1   13   5   11   -0.0000000000
1   13   6   8   0.0144577716
1   13   6   9   -0.0000000000
1   13   6   10   -0.0190846939
1   13   6   11   -0.0000000000
1   13   6   14   0.0042996611
1   13   7   12   0.0000000000
1   13   7   13   -0.0126868540
1   14   1   8   -0.0699250942
1   14   1   9   0.0000000001
1   14   1   10   0.1191404199
1   14   1   11   0.0000000002
1   14   1   14   0.7056312261
1   14   2   8   0.0000000001
1   14   2   9   -0.0489503424
1   14   2   10   0.0000000000
1   14   2   11   0.2475899492
1   14   2   14   -0.0000000000
1   14   3   8   0.0001824878
1   14   3   9   0.0000000002
1   14   3   10   -0.0099483723
1   14   3   11   -0.0000000000
1   14   3   14   0.0085759291
1   14   4   8   0.0000000000
1   14   4   9   0.0150361295
1   14   4   10   -0.0000000002
1   14   4   11   0.0039273347
1   14   4   14   -0.0000000001
1   14   5   12   0.0038761308
1   14   6   13   0.0038761308
1   14   7   8   0.0188761960
1   14   7   9   -0.0000000000
1   14   7   10   -0.0173085935
1   14   7   11   -0.0000000000
1   14   7   14   -0.0004795636
2   8   1   8   -0.0000000002
2   8   1   9   1.7849666532
2   8   1   10   0.0000000000
2   8   1   11   -0.1699852829
2   8   1   14   0.0000000001
2   8   2   8   2.3144754015
2   8   2   9   -0.0000000002
2   8   2   10   0.2032937203
2   8   2   11   -0.0000000001
2   8   2   14   -0.0699006971
2   8   3   8   0.0000000000
2   8   3   9   0.2181715299
2   8   3   10   -0.0000000003
2   8   3   11   -0.0238825595
2   8   3   14   -0.0000000000
2   8   4   8   -0.1799814723
2   8   4   9   -0.0000000001
2   8   4   10   -0.0233025019
2   8   4   11   -0.0000000000
2   8   4   14   0.0140955671
2   8   5   12   0.0000000003
2   8   5   13   -0.0000000000
2   8   6   12   -0.0000000000
2   8   6   13   0.0000000002
2   8   7   8   0.0000000001
2   8   7   9   -0.0489438186
2   8   7   10   0.0000000002
2   8   7   11   0.0132899980
2   8   7   14   0.0000000001
2   9   1   8   1.7848945963
2   9   1   9   -0.0000000002
2   9   1   10   0.2182070736
2   9   1   11   -0.0000000001
2   9   1   14   -0.0489503424
2   9   2   8   -0.0000000002
2   9   2   9   2.3162869792
2   9   2   10   0.0000000000
2   9   2   11   -0.1801998646
2   9   2   14   0.0000000001
2   9   3   8   0.2182070736
2   9   3   9   0.0000000000
2   9   3   10   0.0370876318
2   9   3   11   0.0000000000
2   9   3   14   -0.0019187945
2   9   4   8   -0.0000000001
2   9   4   9   -0.1801998646
2   9   4   10   0.0000000000
2   9   4   11   0.0255788831
2   9   4   14   0.0000000001
2   9   5   12   0.0101676001
2   9   5   13   -0.0000000000
2   9   6   12   -0.0000000000
2   9   6   13   0.0101676000
2   9   7   8   -0.0489503424
2   9   7   9   0.0000000001
2   9   7   10   -0.0019187945
2   9   7   11   0.0000000001
2   9   7   14   0.0140707493
2   10   1   8   0.0000000000
2   10   1   9   0.2181715299
2   10   1   10   0.0000000002
2   10   1   11   -0.1456476357
2   10   1   14   0.0000000000
2   10   2   8   0.2032937203
2   10   2   9   0.0000000000
2   10   2   10   0.8951530357
2   10   2   11   -0.0000000004
2   10   2   14   0.1189169316
2   10   3   8   -0.0000000004
2   10   3   9   0.0400444733
2   10   3   10   0.0000000002
2   10   3   11   -0.0092384393
2   10   3   14   0.0000000002
2   10   4   8   -0.0242129840
2   10   4   9   0.0000000002
2   10   4   10   -0.0255468492
2   10   4   11   -0.0000000001
2   10   4   14   -0.0091617976
2   10   5   12   0.0000000000
2   10   5   13   -0.0000000000
2   10   6   12   -0.0000000000
2   10   6   13   -0.0000000000
2   10   7   8   0.0000000002
2   10   7   9   -0.0010069260
2   10   7   10   -0.0000000001
2   10   7   11   -0.0024602978
2   10   7   14   -0.0000000001
2   11   1   8   -0.1700029952
2   11   1   9   -0.0000000001
2   11   1   10   -0.1456177618
2   11   1   11   0.0000000005
2   11   1   14   0.2475899492
2   11   2   8   -0.0000000001
2   11   2   9   -0.1801998646
2   11   2   10   -0.0000000004
2   11   2   11   0.6712693559
2   11   2   14   0.0000000002
2   11   3   8   -0.0247656059
2   11   3   9   0.0000000002
2   11   3   10   -0.0096290295
2   11   3   11   0.0000000003
2   11   3   14   0.0179511272
2   11   4   8   -0.0000000002
2   11   4   9   0.0281149980
2   11   4   10   -0.0000000001
2   11   4   11   -0.0033480325
2   11   4   14   0.0000000000
2   11   5   12   0.0096198068
2   11   5   13   0.0000000000
2   11   6   12   0.0000000000
2   11   6   13   0.0096198068
2   11   7   8   0.0150361295
2   11   7   9   -0.0000000001
2   11   7   10   -0.0023509401
2   11   7   11   0.0000000001
2   11   7   14   0.0163416272
2   12   1   12   -0.0000000001
2   12   1   13   -0.0000000000
2   12   2   12   0.7274077038
2   12   2   13   -0.0000000000
2   12   3   12   -0.0000000003
2   12   3   13   -0.0000000000
2   12   4   12   -0.0107098092
2   12   5   9   0.0135442495
2   12   5   10   -0.0000000000
2   12   5   11   0.0103674361
2   12   5   14   -0.0000000000
2   12   6   8   -0.0000000000
2   12   6   9   -0.0000000000
2   12   6   10   0.0000000000
2   12   6   11   -0.0000000000
2   12   6   14   -0.0000000000
2   12   7   12   0.0000000000
2   12   7   13   -0.0000000000
2   13   1   12   -0.0000000000
2   13   1   13   -0.0000000001
2   13   2   12   -0.0000000000
2   13   2   13   0.7274077038
2   13   3   12   -0.0000000000
2   13   3   13   -0.0000000003
2   13   4   13   -0.0107098092
2   13   5   8   -0.0000000000
2   13   5   9   -0.0000000000
2   13   5   10   0.0000000000
2   13   5   11   -0.0000000000
2   13   5   14   -0.0000000000
2   13   6   8   -0.0000000000
2   13   6   9   0.0135442495
2   13   6   10   -0.0000000000
2   13   6   11   0.0103674361
2   13   6   14   -0.0000000000
2   13   7   12   -0.0000000000
2   14   1   8   0.0000000001
2   14   1   9   -0.0489438186
2   14   1   10   0.0000000000
2   14   1   11   0.2475852776
2   14   1   14   -0.0000000000
2   14   2   8   -0.0699006971
2   14   2   9   0.0000000001
2   14   2   10   0.1189169316
2   14   2   11   0.0000000002
2   14   2   14   0.7056517978
2   14   3   8   -0.0000000000
2   14   3   9   -0.0010069260
2   14   3   10   0.0000000002
2   14   3   11   0.0179492431
2   14   3   14   0.0000000002
2   14   4   8   0.0158390116
2   14   4   9   -0.0000000001
2   14   4   10   -0.0090665472
2   14   4   11   0.0000000000
2   14   4   14   -0.0055310499
2   14   5   12   -0.0000000000
2   14   6   13   -0.0000000000
2   14   7   8   -0.0000000000
2   14   7   9   0.0171577679
2   14   7   10   -0.0000000001
2   14   7   11   0.0163299347
2   14   7   14   0.0000000001
3   8   1   8   0.2029244970
3   8   1   9   0.0000000000
3   8   1   10   0.0407117916
3   8   1   11   0.0000000004
3   8   1   14   0.0001824878
3   8   2   8   0.0000000000
3   8   2   9   0.2182070736
3   8   2   10   -0.0000000004
3   8   2   11   -0.0247656059
3   8   2   14   -0.0000000000
3   8   3   8   0.8954389826
3   8   3   9   0.0000000002
3   8   3   10   -0.0089884289
3   8   3   11   -0.0000000002
3   8   3   14   -0.0358105260
3   8   4   8   -0.0000000004
3   8   4   9   -0.1456177618
3   8   4   10   0.0000000002
3   8   4   11   0.0034554668
3   8   4   14   0.0000000001
3   8   5   12   -0.0182821511
3   8   5   13   -0.0000000000
3   8   6   12   -0.0000000000
3   8   6   13   -0.0182821511
3   8   7   8   0.1191404199
3   8   7   9   0.0000000000
3   8   7   10   -0.0098712120
3   8   7   11   -0.0000000002
3   8   7   14   -0.0171254999
3   9   1   8   0.0000000000
3   9   1   9   0.2032937203
3   9   1   10   -0.0000000004
3   9   1   11   -0.0242129840
3   9   1   14   0.0000000002
3   9   2   8   0.2181715299
3   9   2   9   0.0000000000
3   9   2   10   0.0400444733
3   9   2   11   0.0000000002
3   9   2   14   -0.0010069260
3   9   3   8   0.0000000002
3   9   3   9   0.8951530357
3   9   3   10   0.0000000002
3   9   3   11   -0.0255468492
3   9   3   14   -0.0000000001
3   9   4   8   -0.1456476357
3   9   4   9   -0.0000000004
3   9   4   10   -0.0092384393
3   9   4   11   -0.0000000001
3   9   4   14   -0.0024602978
3   9   5   12   0.0000000000
3   9   5   13   -0.0000000000
3   9   6   12   -0.0000000000
3   9   6   13   -0.0000000000
3   9   7   8   0.0000000000
3   9   7   9   0.1189169316
3   9   7   10   0.0000000002
3   9   7   11   -0.0091617976
3   9   7   14   -0.0000000001
3   10   1   8   0.0378276153
3   10   1   9   -0.0000000003
3   10   1   10   -0.0089884289
3   10   1   11   0.0000000002
3   10   1   14   -0.0099483723
3   10   2   8   -0.0000000003
3   10   2   9   0.0370876318
3   10   2   10   0.0000000002
3   10   2   11   -0.0096290295
3   10   2   14   0.0000000002
3   10   3   8   -0.0089884289
3   10   3   9   0.0000000002
3   10   3   10   0.8646477218
3   10   3   11   -0.0000000004
3   10   3   14   0.1488675799
3   10   4   8   0.0000000002
3   10   4   9   -0.0096290295
3   10   4   10   -0.0000000004
3   10   4   11   0.0380319206
3   10   4   14   -0.0000000002
3   10   5   12   0.0975171192
3   10   5   13   0.0000000000
3   10   6   12   0.0000000000
3   10   6   13   0.0975171192
3   10   7   8   -0.0099483723
3   10   7   9   0.0000000002
3   10   7   10   0.1488675799
3   10   7   11   -0.0000000002
3   10   7   14   0.0597640910
3   11   1   8   0.0000000002
3   11   1   9   -0.0233025019
3   11   1   10   0.0000000002
3   11   1   11   0.0141641854
3   11   1   14   -0.0000000000
3   11   2   8   -0.0238825595
3   11   2   9   0.0000000000
3   11   2   10   -0.0092384393
3   11   2   11   0.0000000003
3   11   2   14   0.0179492431
3   11   3   8   -0.0000000002
3   11   3   9   -0.0255468492
3   11   3   10   -0.0000000004
3   11   3   11   0.5302148975
3   11   3   14   0.0000000003
3   11   4   8   0.0031363726
3   11   4   9   -0.0000000001
3   11   4   10   0.0419812970
3   11   4   11   0.0000000000
3   11   4   14   -0.0777927913
3   11   5   12   0.0000000001
3   11   5   13   -0.0000000000
3   11   6   12   -0.0000000000
3   11   6   13   -0.0000000001
3   11   7   8   -0.0000000002
3   11   7   9   -0.0090665472
3   11   7   10   -0.0000000004
3   11   7   11   0.0140061896
3   11   7   14   0.0000000001
3   12   1   12   -0.0005382997
3   12   1   13   0.0000000000
3   12   2   12   -0.0000000003
3   12   2   13   -0.0000000000
3   12   3   12   0.6667395901
3   12   3   13   -0.0000000000
3   12   4   12   0.0000000000
3   12   4   13   0.0000000000
3   12   5   8   -0.0190846939
3   12   5   9   -0.0000000000
3   12   5   10   0.1016830392
3   12   5   11   0.0000000002
3   12   5   14   -0.0131438906
3   12   6   8   0.0000000000
3   12   6   9   0.0000000000
3   12   6   10   0.0000000000
3   12   6   11   0.0000000000
3   12   7   12   0.0673709526
3   12   7   13   -0.0000000000
3   13   1   12   0.0000000000
3   13   1   13   -0.0005382996
3   13   2   12   -0.0000000000
3   13   2   13   -0.0000000003
3   13   3   12   -0.0000000000
3   13   3   13   0.6667395900
3   13   4   12   0.0000000000
3   13   4   13   0.0000000000
3   13   5   8   0.0000000000
3   13   5   9   0.0000000000
3   13   5   10   0.0000000000
3   13   5   11   0.0000000000
3   13   6   8   -0.0190846939
3   13   6   9   -0.0000000000
3   13   6   10   0.1016830392
3   13   6   11   0.0000000002
3   13   6   14   -0.0131438906
3   13   7   12   -0.0000000000
3   13   7   13   0.0673709525
3   14   1   8   -0.0007084012
3   14   1   9   0.0000000002
3   14   1   10   -0.0098712120
3   14   1   11   -0.0000000001
3   14   1   14   0.0085759291
3   14   2   8   -0.0000000000
3   14   2   9   -0.0019187945
3   14   2   10   0.0000000002
3   14   2   11   0.0179511272
3   14   2   14   0.0000000002
3   14   3   8   -0.0358105260
3   14   3   9   -0.0000000001
3   14   3   10   0.1488675799
3   14   3   11   0.0000000003
3   14   3   14   0.5801647745
3   14   4   8   0.0000000000
3   14   4   9   -0.0023509401
3   14   4   10   -0.0000000004
3   14   4   11   -0.0783429786
3   14   4   14   0.0000000000
3   14   5   12   -0.0133861170
3   14   5   13   0.0000000000
3   14   6   12   0.0000000000
3   14   6   13   -0.0133861170
3   14   7   8   -0.0173085935
3   14   7   9   -0.0000000001
3   14   7   10   0.0631731947
3   14   7   11   0.0000000002
3   14   7   14   0.0407863108
4   8   1   8   -0.0000000002
4   8   1   9   -0.1699852829
4   8   1   10   0.0000000004
4   8   1   11   0.0277226463
4   8   1   14   0.0000000000
4   8   2   8   -0.1799814723
4   8   2   9   -0.0000000001
4   8   2   10   -0.0242129840
4   8   2   11   -0.0000000002
4   8   2   14   0.0158390116
4   8   3   8   -0.0000000004
4   8   3   9   -0.1456476357
4   8   3   10   0.0000000002
4   8   3   11   0.0031363726
4   8   3   14   0.0000000000
4   8   4   8   0.6711239703
4   8   4   9   0.0000000005
4   8   4   10   0.0141641854
4   8   4   11   -0.0000000000
4   8   4   14   0.0058267538
4   8   5   12   -0.0000000000
4   8   5   13   0.0000000000
4   8   6   12   0.0000000000
4   8   6   13   -0.0000000000
4   8   7   8   0.0000000002
4   8   7   9   0.2475852776
4   8   7   10   -0.0000000001
4   8   7   11   0.0039272055
4   8   7   14   0.0000000000
4   9   1   8   -0.1700029952
4   9   1   9   -0.0000000001
4   9   1   10   -0.0247656059
4   9   1   11   -0.0000000002
4   9   1   14   0.0150361295
4   9   2   8   -0.0000000001
4   9   2   9   -0.1801998646
4   9   2   10   0.0000000002
4   9   2   11   0.0281149980
4   9   2   14   -0.0000000001
4   9   3   8   -0.1456177618
4   9   3   9   -0.0000000004
4   9   3   10   -0.0096290295
4   9   3   11   -0.0000000001
4   9   3   14   -0.0023509401
4   9   4   8   0.0000000005
4   9   4   9   0.6712693559
4   9   4   10   0.0000000003
4   9   4   11   -0.0033480325
4   9   4   14   0.0000000001
4   9   5   12   0.0096198068
4   9   5   13   0.0000000000
4   9   6   12   0.0000000000
4   9   6   13   0.0096198068
4   9   7   8   0.2475899492
4   9   7   9   0.0000000002
4   9   7   10   0.0179511272
4   9   7   11   0.0000000000
4   9   7   14   0.0163416272
4   10   1   8   0.0000000002
4   10   1   9   -0.0238825595
4   10   1   10   -0.0000000002
4   10   1   11   0.0031363726
4   10   1   14   -0.0000000002
4   10   2   8   -0.0233025019
4   10   2   9   0.0000000000
4   10   2   10   -0.0255468492
4   10   2   11   -0.0000000001
4   10   2   14   -0.0090665472
4   10   3   8   0.0000000002
4   10   3   9   -0.0092384393
4   10   3   10   -0.0000000004
4   10   3   11   0.0419812970
4   10   3   14   -0.0000000004
4   10   4   8   0.0141641854
4   10   4   9   0.0000000003
4   10   4   10   0.5302148975
4   10   4   11   0.0000000000
4   10   4   14   0.0140061896
4   10   5   12   0.0000000001
4   10   5   13   -0.0000000000
4   10   6   12   -0.0000000000
4   10   6   13   -0.0000000001
4   10   7   8   -0.0000000000
4   10   7   9   0.0179492431
4   10   7   10   0.0000000003
4   10   7   11   -0.0777927913
4   10   7   14   0.0000000001
4   11   1   8   0.0251840619
4   11   1   9   -0.0000000000
4   11   1   10   0.0034554668
4   11   1   11   -0.0000000000
4   11   1   14   0.0039273347
4   11   2   8   -0.0000000000
4   11   2   9   0.0255788831
4   11   2   10   -0.0000000001
4   11   2   11   -0.0033480325
4   11   2   14   0.0000000000
4   11   3   8   0.0034554668
4   11   3   9   -0.0000000001
4   11   3   10   0.0380319206
4   11   3   11   0.0000000000
4   11   3   14   -0.0783429786
4   11   4   8   -0.0000000000
4   11   4   9   -0.0033480325
4   11   4   10   0.0000000000
4   11   4   11   0.5277793093
4   11   4   14   0.0000000003
4   11   5   12   0.0312314339
4   11   5   13   -0.0000000000
4   11   6   12   -0.0000000000
4   11   6   13   0.0312314339
4   11   7   8   0.0039273347
4   11   7   9   0.0000000000
4   11   7   10   -0.0783429786
4   11   7   11   0.0000000003
4   11   7   14   0.1948210020
4   12   1   12   0.0000000002
4   12   1   13   0.0000000000
4   12   2   12   -0.0107098092
4   12   3   12   0.0000000000
4   12   3   13   0.0000000000
4   12   4   12   0.5000995440
4   12   4   13   0.0000000000
4   12   5   8   0.0000000000
4   12   5   9   0.0103674361
4   12   5   10   0.0000000002
4   12   5   11   0.0362467531
4   12   5   14   -0.0000000001
4   12   6   8   -0.0000000000
4   12   6   9   -0.0000000000
4   12   6   10   0.0000000000
4   12   6   11   -0.0000000000
4   12   6   14   -0.0000000000
4   12   7   12   0.0000000002
4   12   7   13   -0.0000000000
4   13   1   12   0.0000000000
4   13   1   13   0.0000000002
4   13   2   13   -0.0107098092
4   13   3   12   0.0000000000
4   13   3   13   0.0000000000
4   13   4   12   0.0000000000
4   13   4   13   0.5000995440
4   13   5   8   -0.0000000000
4   13   5   9   -0.0000000000
4   13   5   10   0.0000000000
4   13   5   11   -0.0000000000
4   13   5   14   -0.0000000000
4   13   6   8   -0.0000000000
4   13   6   9   0.0103674361
4   13   6   10   0.0000000002
4   13   6   11   0.0362467531
4   13   6   14   -0.0000000002
4   13   7   12   -0.0000000000
4   13   7   13   0.0000000000
4   14   1   8   0.0000000003
4   14   1   9   0.0132899980
4   14   1   10   -0.0000000002
4   14   1   11   0.0039272055
4   14   1   14   -0.0000000001
4   14   2   8   0.0140955671
4   14   2   9   0.0000000001
4   14   2   10   -0.0091617976
4   14   2   11   0.0000000000
4   14   2   14   -0.0055310499
4   14   3   8   0.0000000001
4   14   3   9   -0.0024602978
4   14   3   10   -0.0000000002
4   14   3   11   -0.0777927913
4   14   3   14   0.0000000000
4   14   4   8   0.0058267538
4   14   4   9   0.0000000001
4   14   4   10   0.0140061896
4   14   4   11   0.0000000003
4   14   4   14   0.5284864529
4   14   5   12   0.0000000001
4   14   5   13   0.0000000000
4   14   6   12   0.0000000000
4   14   6   13   0.0000000002
4   14   7   8   -0.0000000000
4   14   7   9   0.0163299347
4   14   7   10   0.0000000002
4   14   7   11   0.1948329837
4   14   7   14   0.0000000003
5   8   1   12   0.0144577716
5   8   1   13   -0.0000000000
5   8   2   13   -0.0000000000
5   8   3   12   -0.0190846939
5   8   3   13   0.0000000000
5   8   4   12   0.0000000000
5   8   4   13   -0.0000000000
5   8   5   8   0.7274838590
5   8   5   9   -0.0000000001
5   8   5   10   -0.0005382997
5   8   5   11   0.0000000002
5   8   5   14   -0.0126868540
5   8   6   8   -0.0000000000
5   8   6   9   -0.0000000000
5   8   6   10   0.0000000000
5   8   6   11   0.0000000000
5   8   6   14   0.0000000000
5   8   7   12   0.0042996611
5   9   1   13   -0.0000000000
5   9   2   12   0.0135442495
5   9   2   13   -0.0000000000
5   9   3   12   -0.0000000000
5   9   3   13   0.0000000000
5   9   4   12   0.0103674361
5   9   4   13   -0.0000000000
5   9   5   8   -0.0000000001
5   9   5   9   0.7274077038
5   9   5   10   -0.0000000003
5   9   5   11   -0.0107098092
5   9   5   14   0.0000000000
5   9   6   8   -0.0000000000
5   9   6   9   -0.0000000000
5   9   6   10   -0.0000000000
5   9   6   14   -0.0000000000
5   9   7   12   -0.0000000000
5   9   7   13   -0.0000000000
5   10   1   12   -0.0190846939
5   10   1   13   0.0000000000
5   10   2   12   -0.0000000000
5   10   2   13   0.0000000000
5   10   3   12   0.1016830392
5   10   3   13   0.0000000000
5   10   4   12   0.0000000002
5   10   4   13   0.0000000000
5   10   5   8   -0.0005382997
5   10   5   9   -0.0000000003
5   10   5   10   0.6667395901
5   10   5   11   0.0000000000
5   10   5   14   0.0673709526
5   10   6   8   0.0000000000
5   10   6   9   -0.0000000000
5   10   6   10   -0.0000000000
5   10   6   11   0.0000000000
5   10   6   14   -0.0000000000
5   10   7   12   -0.0131438906
5   11   1   12   0.0000000000
5   11   1   13   -0.0000000000
5   11   2   12   0.0103674361
5   11   2   13   -0.0000000000
5   11   3   12   0.0000000002
5   11   3   13   0.0000000000
5   11   4   12   0.0362467531
5   11   4   13   -0.0000000000
5   11   5   8   0.0000000002
5   11   5   9   -0.0107098092
5   11   5   10   0.0000000000
5   11   5   11   0.5000995440
5   11   5   14   0.0000000002
5   11   6   8   0.0000000000
5   11   6   10   0.0000000000
5   11   6   11   0.0000000000
5   11   6   14   -0.0000000000
5   11   7   12   -0.0000000001
5   11   7   13   -0.0000000000
5   12   1   8   0.0110837915
5   12   1   9   0.0000000003
5   12   1   10   -0.0182821511
5   12   1   11   -0.0000000000
5   12   1   14   0.0038761308
5   12   2   8   0.0000000003
5   12   2   9   0.0101676001
5   12   2   10   0.0000000000
5   12   2   11   0.0096198068
5   12   2   14   -0.0000000000
5   12   3   8   -0.0182821511
5   12   3   9   0.0000000000
5   12   3   10   0.0975171192
5   12   3   11   0.0000000001
5   12   3   14   -0.0133861170
5   12   4   8   -0.0000000000
5   12   4   9   0.0096198068
5   12   4   10   0.0000000001
5   12   4   11   0.0312314339
5   12   4   14   0.0000000001
5   12   5   12   0.5948032157
5   12   5   13   -0.0000000008
5   12   6   12   -0.0000000008
5   12   6   13   0.0173533560
5   12   7   8   0.0038761308
5   12   7   9   -0.0000000000
5   12   7   10   -0.0133861170
5   12   7   11   0.0000000001
5   12   7   14   0.0180016697
5   13   1   8   -0.0000000000
5   13   1   9   -0.0000000000
5   13   1   10   -0.0000000000
5   13   1   11   0.0000000000
5   13   2   8   -0.0000000000
5   13   2   9   -0.0000000000
5   13   2   10   -0.0000000000
5   13   2   11   0.0000000000
5   13   3   8   -0.0000000000
5   13   3   9   -0.0000000000
5   13   3   10   0.0000000000
5   13   3   11   -0.0000000000
5   13   3   14   0.0000000000
5   13   4   8   0.0000000000
5   13   4   9   0.0000000000
5   13   4   10   -0.0000000000
5   13   4   11   -0.0000000000
5   13   4   14   0.0000000000
5   13   5   12   -0.0000000008
5   13   5   13   0.5557625439
5   13   6   12   0.0216873141
5   13   6   13   0.0000000008
5   13   7   10   0.0000000000
5   13   7   11   0.0000000000
5   13   7   14   -0.0000000000
5   14   1   12   0.0042996611
5   14   2   12   -0.0000000000
5   14   2   13   -0.0000000000
5   14   3   12   -0.0131438906
5   14   4   12   -0.0000000001
5   14   4   13   -0.0000000000
5   14   5   8   -0.0126868540
5   14   5   9   0.0000000000
5   14   5   10   0.0673709526
5   14   5   11   0.0000000002
5   14   5   14   0.5146622703
5   14   6   8   0.0000000000
5   14   6   9   -0.0000000000
5   14   6   10   -0.0000000000
5   14   6   11   -0.0000000000
5   14   7   12   0.0234877852
5   14   7   13   -0.0000000000
6   8   1   12   -0.0000000000
6   8   1   13   0.0144577716
6   8   2   12   -0.0000000000
6   8   2   13   -0.0000000000
6   8   3   12   0.0000000000
6   8   3   13   -0.0190846939
6   8   4   12   -0.0000000000
6   8   4   13   -0.0000000000
6   8   5   8   -0.0000000000
6   8   5   9   -0.0000000000
6   8   5   10   0.0000000000
6   8   5   11   0.0000000000
6   8   5   14   0.0000000000
6   8   6   8   0.7274838590
6   8   6   9   -0.0000000001
6   8   6   10   -0.0005382996
6   8   6   11   0.0000000002
6   8   6   14   -0.0126868540
6   8   7   13   0.0042996611
6   9   1   12   -0.0000000000
6   9   1   13   -0.0000000000
6   9   2   12   -0.0000000000
6   9   2   13   0.0135442495
6   9   3   12   0.0000000000
6   9   3   13   -0.0000000000
6   9   4   12   -0.0000000000
6   9   4   13   0.0103674361
6   9   5   8   -0.0000000000
6   9   5   9   -0.0000000000
6   9   5   10   -0.0000000000
6   9   5   14   -0.0000000000
6   9   6   8   -0.0000000001
6   9   6   9   0.7274077038
6   9   6   10   -0.0000000003
6   9   6   11   -0.0107098092
6   9   7   12   -0.0000000000
6   9   7   13   -0.0000000000
6   10   1   12   0.0000000000
6   10   1   13   -0.0190846939
6   10   2   12   0.0000000000
6   10   2   13   -0.0000000000
6   10   3   12   0.0000000000
6   10   3   13   0.1016830392
6   10   4   12   0.0000000000
6   10   4   13   0.0000000002
6   10   5   8   0.0000000000
6   10   5   9   -0.0000000000
6   10   5   10   -0.0000000000
6   10   5   11   0.0000000000
6   10   5   14   -0.0000000000
6   10   6   8   -0.0005382996
6   10   6   9   -0.0000000003
6   10   6   10   0.6667395900
6   10   6   11   0.0000000000
6   10   6   14   0.0673709525
6   10   7   13   -0.0131438906
6   11   1   12   -0.0000000000
6   11   1   13   -0.0000000000
6   11   2   12   -0.0000000000
6   11   2   13   0.0103674361
6   11   3   12   0.0000000000
6   11   3   13   0.0000000002
6   11   4   12   -0.0000000000
6   11   4   13   0.0362467531
6   11   5   8   0.0000000000
6   11   5   10   0.0000000000
6   11   5   11   0.0000000000
6   11   5   14   -0.0000000000
6   11   6   8   0.0000000002
6   11   6   9   -0.0107098092
6   11   6   10   0.0000000000
6   11   6   11   0.5000995440
6   11   6   14   0.0000000000
6   11   7   12   -0.0000000000
6   11   7   13   -0.0000000002
6   12   1   8   -0.0000000000
6   12   1   9   -0.0000000000
6   12   1   10   -0.0000000000
6   12   1   11   0.0000000000
6   12   2   8   -0.0000000000
6   12   2   9   -0.0000000000
6   12   2   10   -0.0000000000
6   12   2   11   0.0000000000
6   12   3   8   -0.0000000000
6   12   3   9   -0.0000000000
6   12   3   10   0.0000000000
6   12   3   11   -0.0000000000
6   12   3   14   0.0000000000
6   12   4   8   0.0000000000
6   12   4   9   0.0000000000
6   12   4   10   -0.0000000000
6   12   4   11   -0.0000000000
6   12   4   14   0.0000000000
6   12   5   12   -0.0000000008
6   12   5   13   0.0216873141
6   12   6   12   0.5557625439
6   12   6   13   0.0000000008
6   12   7   10   0.0000000000
6   12   7   11   0.0000000000
6   12   7   14   -0.0000000000
6   13   1   8   0.0110837915
6   13   1   9   0.0000000002
6   13   1   10   -0.0182821511
6   13   1   11   -0.0000000000
6   13   1   14   0.0038761308
6   13   2   8   0.0000000002
6   13   2   9   0.0101676000
6   13   2   10   -0.0000000000
6   13   2   11   0.0096198068
6   13   2   14   -0.0000000000
6   13   3   8   -0.0182821511
6   13   3   9   -0.0000000000
6   13   3   10   0.0975171192
6   13   3   11   -0.0000000001
6   13   3   14   -0.0133861170
6   13   4   8   -0.0000000000
6   13   4   9   0.0096198068
6   13   4   10   -0.0000000001
6   13   4   11   0.0312314339
6   13   4   14   0.0000000002
6   13   5   12   0.0173533560
6   13   5   13   0.0000000008
6   13   6   12   0.0000000008
6   13   6   13   0.5948032158
6   13   7   8   0.0038761308
6   13   7   9   -0.0000000000
6   13   7   10   -0.0133861170
6   13   7   11   0.0000000002
6   13   7   14   0.0180016697
6   14   1   13   0.0042996611
6   14   2   12   -0.0000000000
6   14   2   13   -0.0000000000
6   14   3   13   -0.0131438906
6   14   4   12   -0.0000000000
6   14   4   13   -0.0000000002
6   14   5   8   0.0000000000
6   14   5   9   -0.0000000000
6   14   5   10   -0.0000000000
6   14   5   11   -0.0000000000
6   14   6   8   -0.0126868540
6   14   6   10   0.0673709525
6   14   6   11   0.0000000000
6   14   6   14   0.5146622703
6   14   7   12   -0.0000000000
6   14   7   13   0.0234877852
7   8   1   8   -0.0699250942
7   8   1   9   0.0000000001
7   8   1   10   0.0001824878
7   8   1   11   0.0000000000
7   8   1   14   0.0188761960
7   8   2   8   0.0000000001
7   8   2   9   -0.0489503424
7   8   2   10   0.0000000002
7   8   2   11   0.0150361295
7   8   2   14   -0.0000000000
7   8   3   8   0.1191404199
7   8   3   9   0.0000000000
7   8   3   10   -0.0099483723
7   8   3   11   -0.0000000002
7   8   3   14   -0.0173085935
7   8   4   8   0.0000000002
7   8   4   9   0.2475899492
7   8   4   10   -0.0000000000
7   8   4   11   0.0039273347
7   8   4   14   -0.0000000000
7   8   5   12   0.0038761308
7   8   6   13   0.0038761308
7   8   7   8   0.7056312261
7   8   7   9   -0.0000000000
7   8   7   10   0.0085759291
7   8   7   11   -0.0000000001
7   8   7   14   -0.0004795636
7   9   1   8   0.0000000001
7   9   1   9   -0.0699006971
7   9   1   10   -0.0000000000
7   9   1   11   0.0158390116
7   9   1   14   -0.0000000000
7   9   2   8   -0.0489438186
7   9   2   9   0.0000000001
7   9   2   10   -0.0010069260
7   9   2   11   -0.0000000001
7   9   2   14   0.0171577679
7   9   3   8   0.0000000000
7   9   3   9   0.1189169316
7   9   3   10   0.0000000002
7   9   3   11   -0.0090665472
7   9   3   14   -0.0000000001
7   9   4   8   0.2475852776
7   9   4   9   0.0000000002
7   9   4   10   0.0179492431
7   9   4   11   0.0000000000
7   9   4   14   0.0163299347
7   9   5   12   -0.0000000000
7   9   6   13   -0.0000000000
7   9   7   8   -0.0000000000
7   9   7   9   0.7056517978
7   9   7   10   0.0000000002
7   9   7   11   -0.0055310499
7   9   7   14   0.0000000001
7   10   1   8   -0.0007084012
7   10   1   9   -0.0000000000
7   10   1   10   -0.0358105260
7   10   1   11   0.0000000000
7   10   1   14   -0.0173085935
7   10   2   8   0.0000000002
7   10   2   9   -0.0019187945
7   10   2   10   -0.0000000001
7   10   2   11   -0.0023509401
7   10   2   14   -0.0000000001
7   10   3   8   -0.0098712120
7   10   3   9   0.0000000002
7   10   3   10   0.1488675799
7   10   3   11   -0.0000000004
7   10   3   14   0.0631731947
7   10   4   8   -0.0000000001
7   10   4   9   0.0179511272
7   10   4   10   0.0000000003
7   10   4   11   -0.0783429786
7   10   4   14   0.0000000002
7   10   5   12   -0.0133861170
7   10   5   13   0.0000000000
7   10   6   12   0.0000000000
7   10   6   13   -0.0133861170
7   10   7   8   0.0085759291
7   10   7   9   0.0000000002
7   10   7   10   0.5801647745
7   10   7   11   0.0000000000
7   10   7   14   0.0407863108
7   11   1   8   0.0000000003
7   11   1   9   0.0140955671
7   11   1   10   0.0000000001
7   11   1   11   0.0058267538
7   11   1   14   -0.0000000000
7   11   2   8   0.0132899980
7   11   2   9   0.0000000001
7   11   2   10   -0.0024602978
7   11   2   11   0.0000000001
7   11   2   14   0.0163299347
7   11   3   8   -0.0000000002
7   11   3   9   -0.0091617976
7   11   3   10   -0.0000000002
7   11   3   11   0.0140061896
7   11   3   14   0.0000000002
7   11   4   8   0.0039272055
7   11   4   9   0.0000000000
7   11   4   10   -0.0777927913
7   11   4   11   0.0000000003
7   11   4   14   0.1948329837
7   11   5   12   0.0000000001
7   11   5   13   0.0000000000
7   11   6   12   0.0000000000
7   11   6   13   0.0000000002
7   11   7   8   -0.0000000001
7   11   7   9   -0.0055310499
7   11   7   10   0.0000000000
7   11   7   11   0.5284864529
7   11   7   14   0.0000000003
7   12   1   12   -0.0126868540
7   12   1   13   0.0000000000
7   12   2   12   0.0000000000
7   12   2   13   -0.0000000000
7   12   3   12   0.0673709526
7   12   3   13   -0.0000000000
7   12   4   12   0.0000000002
7   12   4   13   -0.0000000000
7   12   5   8   0.0042996611
7   12   5   9   -0.0000000000
7   12   5   10   -0.0131438906
7   12   5   11   -0.0000000001
7   12   5   14   0.0234877852
7   12   6   9   -0.0000000000
7   12   6   11   -0.0000000000
7   12   6   14   -0.0000000000
7   12   7   12   0.5146622703
7   13   1   12   0.0000000000
7   13   1   13   -0.0126868540
7   13   2   12   -0.0000000000
7   13   3   12   -0.0000000000
7   13   3   13   0.0673709525
7   13   4   12   -0.0000000000
7   13   4   13   0.0000000000
7   13   5   9   -0.0000000000
7   13   5   11   -0.0000000000
7   13   5   14   -0.0000000000
7   13   6   8   0.0042996611
7   13   6   9   -0.0000000000
7   13   6   10   -0.0131438906
7   13   6   11   -0.0000000002
7   13   6   14   0.0234877852
7   13   7   13   0.5146622703
7   14   1   8   0.0158092663
7   14   1   9   0.0000000001
7   14   1   10   -0.0171254999
7   14   1   11   0.0000000000
7   14   1   14   -0.0004795636
7   14   2   8   0.0000000001
7   14   2   9   0.0140707493
7   14   2   10   -0.0000000001
7   14   2   11   0.0163416272
7   14   2   14   0.0000000001
7   14   3   8   -0.0171254999
7   14   3   9   -0.0000000001
7   14   3   10   0.0597640910
7   14   3   11   0.0000000001
7   14   3   14   0.0407863108
7   14   4   8   0.0000000000
7   14   4   9   0.0163416272
7   14   4   10   0.0000000001
7   14   4   11   0.1948210020
7   14   4   14   0.0000000003
7   14   5   12   0.0180016697
7   14   5   13   -0.0000000000
7   14   6   12   -0.0000000000
7   14   6   13   0.0180016697
7   14   7   8   -0.0004795636
7   14   7   9   0.0000000001
7   14   7   10   0.0407863108
7   14   7   11   0.0000000003
7   14   7   14   0.5460914388

End IJKL Block
Begin ABCD Block
1   4   1   4   0.3939291151
1   4   1   5   0.0000000016
1   4   2   4   0.0000000016
1   4   2   5   0.0144238378
1   4   3   6   0.0088875320
1   5   1   4   0.0000000016
1   5   1   5   0.3651964087
1   5   2   4   0.0143088377
1   5   2   5   -0.0000000022
1   5   3   6   -0.0000000001
1   6   1   6   0.2370891390
1   6   2   6   -0.0000000154
1   6   3   4   0.0088839586
1   6   3   5   -0.0000000000
2   4   1   4   0.0000000016
2   4   1   5   0.0143088377
2   4   2   4   0.3651964087
2   4   2   5   -0.0000000022
2   4   3   6   -0.0000000001
2   5   1   4   0.0144238378
2   5   1   5   -0.0000000022
2   5   2   4   -0.0000000022
2   5   2   5   0.3939291150
2   5   3   6   0.0088875320
2   6   1   6   -0.0000000154
2   6   2   6   0.2370891353
2   6   3   4   -0.0000000000
2   6   3   5   0.0088839586
3   4   1   6   0.0088839586
3   4   2   6   -0.0000000000
3   4   3   4   0.2370891390
3   4   3   5   -0.0000000154
3   5   1   6   -0.0000000000
3   5   2   6   0.0088839586
3   5   3   4   -0.0000000154
3   5   3   5   0.2370891353
3   6   1   4   0.0088875320
3   6   1   5   -0.0000000001
3   6   2   4   -0.0000000001
3   6   2   5   0.0088875320
3   6   3   6   0.2540369629

End ABCD Block
Begin AIJB Block
1   8   1   4   0.0085249252
1   8   2   4   -0.0000000000
1   8   3   4   -0.0063860543
1   8   4   4   0.0000000000
1   8   5   6   0.0000303637
1   8   6   6   -0.0000465517
1   8   7   4   0.0049301174
1   9   1   4   -0.0000000000
1   9   2   4   0.0088513329
1   9   3   4   0.0000000000
1   9   4   4   0.0095857591
1   9   5   6   0.0000000000
1   9   6   6   -0.0000000001
1   9   7   4   0.0000000000
1   10   1   4   -0.0063860543
1   10   2   4   0.0000000000
1   10   3   4   0.0211894172
1   10   3   5   0.0000000000
1   10   4   4   -0.0000000002
1   10   4   5   -0.0000000000
1   10   5   6   -0.0080560128
1   10   6   6   0.0123509498
1   10   7   4   -0.0161279564
1   10   7   5   0.0000000000
1   11   1   4   0.0000000000
1   11   2   4   0.0095857591
1   11   3   4   -0.0000000002
1   11   3   5   -0.0000000000
1   11   4   4   0.0546216676
1   11   4   5   -0.0000000000
1   11   5   6   -0.0000000005
1   11   6   6   0.0000000007
1   11   7   4   0.0000000008
1   11   7   5   -0.0000000000
1   12   1   6   0.0014978569
1   12   2   6   0.0000000001
1   12   3   6   -0.0038553079
1   12   4   6   0.0000000027
1   12   5   4   0.0352177833
1   12   5   5   -0.0362699666
1   12   6   4   -0.0362699650
1   12   6   5   0.0440418557
1   12   7   6   0.0029453006
1   13   1   6   -0.0022964158
1   13   2   6   -0.0000000002
1   13   3   6   0.0059107049
1   13   4   6   -0.0000000042
1   13   5   4   -0.0362699650
1   13   5   5   -0.0120925208
1   13   6   4   0.0671671159
1   13   6   5   0.0362699665
1   13   7   6   -0.0045155415
1   14   1   4   0.0049301174
1   14   2   4   0.0000000000
1   14   3   4   -0.0161279564
1   14   3   5   0.0000000000
1   14   4   4   0.0000000008
1   14   4   5   -0.0000000000
1   14   5   6   0.0049251440
1   14   6   6   -0.0075509074
1   14   7   4   0.0311420863
2   8   1   5   0.0085249252
2   8   2   5   -0.0000000000
2   8   3   5   -0.0063860543
2   8   4   5   0.0000000000
2   8   5   6   -0.0000465517
2   8   6   6   -0.0000303637
2   8   7   5   0.0049301174
2   9   1   5   -0.0000000000
2   9   2   5   0.0088513329
2   9   3   5   0.0000000000
2   9   4   5   0.0095857591
2   9   5   6   -0.0000000001
2   9   6   6   -0.0000000000
2   9   7   5   0.0000000000
2   10   1   5   -0.0063860543
2   10   2   5   0.0000000000
2   10   3   4   0.0000000000
2   10   3   5   0.0211894172
2   10   4   4   -0.0000000000
2   10   4   5   -0.0000000002
2   10   5   6   0.0123509498
2   10   6   6   0.0080560128
2   10   7   4   0.0000000000
2   10   7   5   -0.0161279564
2   11   1   5   0.0000000000
2   11   2   5   0.0095857591
2   11   3   4   -0.0000000000
2   11   3   5   -0.0000000002
2   11   4   4   -0.0000000000
2   11   4   5   0.0546216676
2   11   5   6   0.0000000007
2   11   6   6   0.0000000005
2   11   7   4   -0.0000000000
2   11   7   5   0.0000000008
2   12   1   6   -0.0022964158
2   12   2   6   -0.0000000001
2   12   3   6   0.0059107048
2   12   4   6   -0.0000000042
2   12   5   4   -0.0362699666
2   12   5   5   0.0671671159
2   12   6   4   -0.0120925208
2   12   6   5   0.0362699650
2   12   7   6   -0.0045155415
2   13   1   6   -0.0014978569
2   13   2   6   -0.0000000001
2   13   3   6   0.0038553079
2   13   4   6   -0.0000000028
2   13   5   4   0.0440418557
2   13   5   5   0.0362699650
2   13   6   4   0.0362699665
2   13   6   5   0.0352177833
2   13   7   6   -0.0029453006
2   14   1   5   0.0049301174
2   14   2   5   0.0000000000
2   14   3   4   0.0000000000
2   14   3   5   -0.0161279564
2   14   4   4   -0.0000000000
2   14   4   5   0.0000000008
2   14   5   6   -0.0075509073
2   14   6   6   -0.0049251441
2   14   7   5   0.0311420863
3   8   1   6   0.0031897314
3   8   2   6   -0.0000000000
3   8   3   6   0.0004743034
3   8   4   6   0.0000000006
3   8   5   4   0.0014978569
3   8   5   5   -0.0022964158
3   8   6   4   -0.0022964158
3   8   6   5   -0.0014978569
3   8   7   6   0.0000756592
3   9   1   6   -0.0000000000
3   9   2   6   0.0032198818
3   9   3   6   0.0000000000
3   9   4   6   -0.0004217577
3   9   5   4   0.0000000001
3   9   5   5   -0.0000000001
3   9   6   4   -0.0000000002
3   9   6   5   -0.0000000001
3   9   7   6   -0.0000000002
3   10   1   6   0.0004743034
3   10   2   6   0.0000000000
3   10   3   6   0.0035167439
3   10   4   6   0.0000000004
3   10   5   4   -0.0038553079
3   10   5   5   0.0059107048
3   10   6   4   0.0059107049
3   10   6   5   0.0038553079
3   10   7   6   -0.0031240665
3   11   1   6   0.0000000006
3   11   2   6   -0.0004217577
3   11   3   6   0.0000000004
3   11   4   6   0.0146786755
3   11   5   4   0.0000000027
3   11   5   5   -0.0000000042
3   11   6   4   -0.0000000042
3   11   6   5   -0.0000000028
3   11   7   6   0.0000000038
3   12   1   4   0.0000303637
3   12   1   5   -0.0000465517
3   12   2   4   0.0000000000
3   12   2   5   -0.0000000001
3   12   3   4   -0.0080560128
3   12   3   5   0.0123509498
3   12   4   4   -0.0000000005
3   12   4   5   0.0000000007
3   12   5   6   0.0033601539
3   12   6   6   0.0000000000
3   12   7   4   0.0049251440
3   12   7   5   -0.0075509073
3   13   1   4   -0.0000465517
3   13   1   5   -0.0000303637
3   13   2   4   -0.0000000001
3   13   2   5   -0.0000000000
3   13   3   4   0.0123509498
3   13   3   5   0.0080560128
3   13   4   4   0.0000000007
3   13   4   5   0.0000000005
3   13   5   6   0.0000000000
3   13   6   6   0.0033601539
3   13   7   4   -0.0075509074
3   13   7   5   -0.0049251441
3   14   1   6   0.0000756592
3   14   2   6   -0.0000000002
3   14   3   6   -0.0031240665
3   14   4   6   0.0000000038
3   14   5   4   0.0029453006
3   14   5   5   -0.0045155415
3   14   6   4   -0.0045155415
3   14   6   5   -0.0029453006
3   14   7   6   0.0097795104

1   8   8   1   -0.5350181602
1   8   8   2   0.0000000000
1   8   9   1   0.0000000003
1   8   9   2   -0.0000000000
1   8   10   1   -0.0034966511
1   8   10   2   0.0000000000
1   8   11   1   0.0000000027
1   8   11   2   -0.0000000005
1   8   12   3   -0.0016058472
1   8   13   3   0.0024619795
1   8   14   1   0.0014373337
1   8   14   2   0.0000000000
1   9   8   1   0.0000000003
1   9   8   2   -0.0000000000
1   9   9   1   -0.5350680323
1   9   10   1   -0.0000000033
1   9   10   2   0.0000000003
1   9   11   1   0.0030881774
1   9   11   2   0.0000000000
1   9   12   3   -0.0000000005
1   9   13   3   0.0000000007
1   9   14   1   0.0000000007
1   9   14   2   -0.0000000004
1   10   8   1   -0.0034966511
1   10   8   2   0.0000000000
1   10   9   1   -0.0000000033
1   10   9   2   0.0000000003
1   10   10   1   -0.4748475401
1   10   10   2   -0.0000000001
1   10   11   1   0.0000000009
1   10   11   2   0.0000000000
1   10   12   3   0.0044759841
1   10   13   3   -0.0068622849
1   10   14   1   -0.0209676926
1   10   14   2   -0.0000000000
1   11   8   1   0.0000000027
1   11   8   2   -0.0000000005
1   11   9   1   0.0030881774
1   11   9   2   0.0000000000
1   11   10   1   0.0000000009
1   11   10   2   0.0000000000
1   11   11   1   -0.4328236257
1   11   11   2   0.0000000001
1   11   12   3   -0.0000000082
1   11   13   3   0.0000000126
1   11   14   1   0.0000000007
1   11   14   2   -0.0000000003
1   12   8   3   -0.0016333066
1   12   9   3   -0.0000000005
1   12   10   3   0.0045796812
1   12   11   3   -0.0000000082
1   12   12   1   -0.4414689224
1   12   12   2   0.0143446680
1   12   13   1   0.0143446677
1   12   13   2   -0.0053447314
1   12   14   3   -0.0007377215
1   13   8   3   0.0025040784
1   13   9   3   0.0000000007
1   13   10   3   -0.0070212664
1   13   11   3   0.0000000126
1   13   12   1   0.0143446677
1   13   12   2   -0.0072911391
1   13   13   1   -0.4541047922
1   13   13   2   -0.0143446681
1   13   14   3   0.0011310262
1   14   8   1   0.0014373337
1   14   8   2   0.0000000000
1   14   9   1   0.0000000007
1   14   9   2   -0.0000000004
1   14   10   1   -0.0209676926
1   14   10   2   -0.0000000000
1   14   11   1   0.0000000007
1   14   11   2   -0.0000000003
1   14   12   3   -0.0008954395
1   14   13   3   0.0013728291
1   14   14   1   -0.4332803012
1   14   14   2   0.0000000000
2   8   8   1   0.0000000000
2   8   8   2   -0.5350181602
2   8   9   1   -0.0000000000
2   8   9   2   0.0000000003
2   8   10   1   0.0000000000
2   8   10   2   -0.0034966511
2   8   11   1   -0.0000000005
2   8   11   2   0.0000000026
2   8   12   3   0.0024619795
2   8   13   3   0.0016058472
2   8   14   1   0.0000000000
2   8   14   2   0.0014373337
2   9   8   1   -0.0000000000
2   9   8   2   0.0000000003
2   9   9   2   -0.5350680323
2   9   10   1   0.0000000003
2   9   10   2   -0.0000000032
2   9   11   1   0.0000000000
2   9   11   2   0.0030881774
2   9   12   3   0.0000000007
2   9   13   3   0.0000000004
2   9   14   1   -0.0000000004
2   9   14   2   0.0000000007
2   10   8   1   0.0000000000
2   10   8   2   -0.0034966511
2   10   9   1   0.0000000003
2   10   9   2   -0.0000000032
2   10   10   1   -0.0000000001
2   10   10   2   -0.4748475402
2   10   11   1   0.0000000000
2   10   11   2   0.0000000009
2   10   12   3   -0.0068622849
2   10   13   3   -0.0044759842
2   10   14   1   -0.0000000000
2   10   14   2   -0.0209676926
2   11   8   1   -0.0000000005
2   11   8   2   0.0000000026
2   11   9   1   0.0000000000
2   11   9   2   0.0030881774
2   11   10   1   0.0000000000
2   11   10   2   0.0000000009
2   11   11   1   0.0000000001
2   11   11   2   -0.4328236257
2   11   12   3   0.0000000126
2   11   13   3   0.0000000083
2   11   14   1   -0.0000000003
2   11   14   2   0.0000000007
2   12   8   3   0.0025040784
2   12   9   3   0.0000000007
2   12   10   3   -0.0070212664
2   12   11   3   0.0000000125
2   12   12   1   0.0143446680
2   12   12   2   -0.4541047923
2   12   13   1   -0.0072911391
2   12   13   2   -0.0143446676
2   12   14   3   0.0011310262
2   13   8   3   0.0016333066
2   13   9   3   0.0000000005
2   13   10   3   -0.0045796812
2   13   11   3   0.0000000082
2   13   12   1   -0.0053447314
2   13   12   2   -0.0143446676
2   13   13   1   -0.0143446681
2   13   13   2   -0.4414689223
2   13   14   3   0.0007377216
2   14   8   1   0.0000000000
2   14   8   2   0.0014373337
2   14   9   1   -0.0000000004
2   14   9   2   0.0000000007
2   14   10   1   -0.0000000000
2   14   10   2   -0.0209676926
2   14   11   1   -0.0000000003
2   14   11   2   0.0000000007
2   14   12   3   0.0013728290
2   14   13   3   0.0008954395
2   14   14   1   0.0000000000
2   14   14   2   -0.4332803012
3   8   8   3   -0.2609295153
3   8   9   3   0.0000000059
3   8   10   3   -0.0017810823
3   8   11   3   0.0000000690
3   8   12   1   -0.0016333066
3   8   12   2   0.0025040784
3   8   13   1   0.0025040784
3   8   13   2   0.0016333066
3   8   14   3   -0.0010411985
3   9   8   3   0.0000000059
3   9   9   3   -0.2609498943
3   9   10   3   -0.0000000705
3   9   11   3   0.0001425953
3   9   12   1   -0.0000000005
3   9   12   2   0.0000000007
3   9   13   1   0.0000000007
3   9   13   2   0.0000000005
3   9   14   3   0.0000000276
3   10   8   3   -0.0017810823
3   10   9   3   -0.0000000705
3   10   10   3   -0.2428088299
3   10   11   3   0.0000000297
3   10   12   1   0.0045796812
3   10   12   2   -0.0070212664
3   10   13   1   -0.0070212664
3   10   13   2   -0.0045796812
3   10   14   3   0.0007813416
3   11   8   3   0.0000000690
3   11   9   3   0.0001425953
3   11   10   3   0.0000000297
3   11   11   3   -0.2554569068
3   11   12   1   -0.0000000082
3   11   12   2   0.0000000125
3   11   13   1   0.0000000126
3   11   13   2   0.0000000082
3   11   14   3   0.0000000098
3   12   8   1   -0.0016058472
3   12   8   2   0.0024619795
3   12   9   1   -0.0000000005
3   12   9   2   0.0000000007
3   12   10   1   0.0044759841
3   12   10   2   -0.0068622849
3   12   11   1   -0.0000000082
3   12   11   2   0.0000000126
3   12   12   3   -0.2402497137
3   12   13   3   0.0000000034
3   12   14   1   -0.0008954395
3   12   14   2   0.0013728290
3   13   8   1   0.0024619795
3   13   8   2   0.0016058472
3   13   9   1   0.0000000007
3   13   9   2   0.0000000004
3   13   10   1   -0.0068622849
3   13   10   2   -0.0044759842
3   13   11   1   0.0000000126
3   13   11   2   0.0000000083
3   13   12   3   0.0000000034
3   13   13   3   -0.2402497023
3   13   14   1   0.0013728291
3   13   14   2   0.0008954395
3   14   8   3   -0.0010411985
3   14   9   3   0.0000000276
3   14   10   3   0.0007813416
3   14   11   3   0.0000000098
3   14   12   1   -0.0007377215
3   14   12   2   0.0011310262
3   14   13   1   0.0011310262
3   14   13   2   0.0007377216
3   14   14   3   -0.2566807022

End AIJB Block
Begin IJKA Block
1   8   1   6   0.0000000004
1   8   2   6   0.0586448308
1   8   3   6   -0.0000000000
1   8   4   6   -0.0095878953
1   8   5   4   0.0000000000
1   8   5   5   -0.0000000000
1   8   6   4   -0.0000000000
1   8   6   5   -0.0000000000
1   8   7   6   -0.0000000003
1   9   1   6   0.0611911618
1   9   2   6   0.0000000005
1   9   3   6   0.0091122360
1   9   4   6   0.0000000001
1   9   5   4   -0.0060592561
1   9   5   5   0.0092896535
1   9   6   4   0.0092896535
1   9   6   5   0.0060592561
1   9   7   6   -0.0050668812
1   10   1   6   -0.0000000001
1   10   2   6   0.0418252711
1   10   3   6   -0.0000000000
1   10   4   6   -0.0014022625
1   10   5   4   -0.0000000000
1   10   5   5   0.0000000000
1   10   6   4   0.0000000000
1   10   6   5   0.0000000000
1   10   7   6   -0.0000000001
1   11   1   6   -0.0930680252
1   11   2   6   0.0000000013
1   11   3   6   -0.0032976380
1   11   4   6   -0.0000000018
1   11   5   4   -0.0067038357
1   11   5   5   0.0102778807
1   11   6   4   0.0102778807
1   11   6   5   0.0067038357
1   11   7   6   -0.0009206893
1   12   1   4   0.0000000004
1   12   1   5   -0.0000000005
1   12   2   4   -0.0872919334
1   12   2   5   0.1338302596
1   12   3   4   0.0000000001
1   12   3   5   -0.0000000001
1   12   4   4   -0.0005050564
1   12   4   5   0.0007743193
1   12   5   6   -0.0000000002
1   12   6   6   -0.0000000000
1   12   7   4   0.0000000000
1   12   7   5   -0.0000000000
1   13   1   4   -0.0000000005
1   13   1   5   -0.0000000003
1   13   2   4   0.1338302596
1   13   2   5   0.0872919334
1   13   3   4   -0.0000000001
1   13   3   5   -0.0000000001
1   13   4   4   0.0007743193
1   13   4   5   0.0005050564
1   13   5   6   -0.0000000000
1   13   6   6   -0.0000000003
1   13   7   4   -0.0000000000
1   13   7   5   -0.0000000000
1   14   1   6   0.0000000001
1   14   2   6   -0.0358891782
1   14   3   6   -0.0000000012
1   14   4   6   -0.0006688175
1   14   5   4   -0.0000000000
1   14   5   5   0.0000000000
1   14   6   4   0.0000000000
1   14   6   5   0.0000000000
1   14   7   6   -0.0000000001
2   8   1   6   0.0586498229
2   8   2   6   0.0000000005
2   8   3   6   0.0092482802
2   8   4   6   0.0000000001
2   8   5   4   -0.0057581615
2   8   5   5   0.0088280350
2   8   6   4   0.0088280350
2   8   6   5   0.0057581615
2   8   7   6   -0.0048582003
2   9   1   6   0.0000000004
2   9   2   6   0.0612733823
2   9   3   6   0.0000000000
2   9   4   6   -0.0096971301
2   9   5   4   0.0000000000
2   9   5   5   -0.0000000000
2   9   6   4   -0.0000000000
2   9   6   5   -0.0000000000
2   9   7   6   -0.0000000003
2   10   1   6   0.0418062422
2   10   2   6   -0.0000000001
2   10   3   6   0.0025268312
2   10   4   6   -0.0000000000
2   10   5   4   0.0045699132
2   10   5   5   -0.0070062908
2   10   6   4   -0.0070062908
2   10   6   5   -0.0045699132
2   10   7   6   -0.0000052268
2   11   1   6   0.0000000014
2   11   2   6   -0.0930709451
2   11   3   6   0.0000000020
2   11   4   6   0.0010934582
2   11   5   4   0.0000000000
2   11   5   5   -0.0000000000
2   11   6   4   -0.0000000000
2   11   6   5   -0.0000000000
2   11   7   6   -0.0000000005
2   12   1   4   -0.0872332142
2   12   1   5   0.1337402353
2   12   2   4   0.0000000004
2   12   2   5   -0.0000000005
2   12   3   4   -0.0036127147
2   12   3   5   0.0055387770
2   12   4   4   -0.0000000000
2   12   4   5   0.0000000001
2   12   5   6   -0.0033759934
2   12   6   6   -0.0000000000
2   12   7   4   -0.0026848600
2   12   7   5   0.0041162511
2   13   1   4   0.1337402353
2   13   1   5   0.0872332142
2   13   2   4   -0.0000000005
2   13   2   5   -0.0000000003
2   13   3   4   0.0055387770
2   13   3   5   0.0036127148
2   13   4   4   0.0000000000
2   13   4   5   0.0000000000
2   13   5   6   -0.0000000000
2   13   6   6   -0.0033759935
2   13   7   4   0.0041162511
2   13   7   5   0.0026848600
2   14   1   6   -0.0358687952
2   14   2   6   0.0000000001
2   14   3   6   -0.0032902232
2   14   4   6   0.0000000006
2   14   5   4   -0.0030289473
2   14   5   5   0.0046437831
2   14   6   4   0.0046437831
2   14   6   5   0.0030289473
2   14   7   6   -0.0029476306
3   8   1   6   -0.0000000001
3   8   2   6   0.0095349220
3   8   3   6   0.0000000000
3   8   4   6   -0.0011557280
3   8   5   4   -0.0000000000
3   8   5   5   0.0000000000
3   8   6   4   0.0000000000
3   8   6   5   0.0000000000
3   8   7   6   0.0000000000
3   9   1   6   0.0094024165
3   9   2   6   -0.0000000001
3   9   3   6   0.0070929607
3   9   4   6   0.0000000001
3   9   5   4   0.0077309515
3   9   5   5   -0.0118525872
3   9   6   4   -0.0118525872
3   9   6   5   -0.0077309516
3   9   7   6   0.0023993497
3   10   1   6   -0.0000000000
3   10   2   6   0.0021313803
3   10   3   6   -0.0000000001
3   10   4   6   -0.0108918313
3   10   5   4   -0.0000000001
3   10   5   5   0.0000000002
3   10   6   4   0.0000000003
3   10   6   5   0.0000000002
3   10   7   6   -0.0000000003
3   11   1   6   -0.0028820819
3   11   2   6   0.0000000019
3   11   3   6   -0.0622687770
3   11   4   6   -0.0000000012
3   11   5   4   0.0282803886
3   11   5   5   -0.0433576345
3   11   6   4   -0.0433576345
3   11   6   5   -0.0282803885
3   11   7   6   -0.0045848953
3   12   1   4   0.0000000001
3   12   1   5   -0.0000000002
3   12   2   4   -0.0026609464
3   12   2   5   0.0040795883
3   12   3   4   0.0000000001
3   12   3   5   -0.0000000002
3   12   4   4   0.0299177437
3   12   4   5   -0.0458679199
3   12   5   6   0.0000000000
3   12   6   6   0.0000000001
3   12   7   4   0.0000000000
3   12   7   5   0.0000000000
3   13   1   4   -0.0000000002
3   13   1   5   -0.0000000001
3   13   2   4   0.0040795884
3   13   2   5   0.0026609465
3   13   3   4   -0.0000000002
3   13   3   5   -0.0000000001
3   13   4   4   -0.0458679199
3   13   4   5   -0.0299177437
3   13   5   6   0.0000000001
3   13   6   6   0.0000000002
3   13   7   4   0.0000000001
3   13   7   5   0.0000000001
3   14   1   6   -0.0000000012
3   14   2   6   -0.0028301687
3   14   3   6   0.0000000008
3   14   4   6   0.0077234904
3   14   5   4   0.0000000001
3   14   5   5   -0.0000000001
3   14   6   4   -0.0000000002
3   14   6   5   -0.0000000002
3   14   7   6   0.0000000008
4   8   1   6   -0.0100525247
4   8   2   6   0.0000000001
4   8   3   6   -0.0012410783
4   8   4   6   0.0000000000
4   8   5   4   -0.0049549991
4   8   5   5   0.0075966793
4   8   6   4   0.0075966793
4   8   6   5   0.0049549991
4   8   7   6   -0.0008836942
4   9   1   6   0.0000000002
4   9   2   6   -0.0101506979
4   9   3   6   0.0000000001
4   9   4   6   0.0011665138
4   9   5   4   0.0000000000
4   9   5   5   -0.0000000000
4   9   6   5   0.0000000000
4   9   7   6   0.0000000000
4   10   1   6   -0.0012812634
4   10   2   6   -0.0000000001
4   10   3   6   -0.0106133269
4   10   4   6   -0.0000000004
4   10   5   4   0.0141966082
4   10   5   5   -0.0217653074
4   10   6   4   -0.0217653074
4   10   6   5   -0.0141966082
4   10   7   6   0.0171817063
4   11   1   6   -0.0000000015
4   11   2   6   0.0011245486
4   11   3   6   0.0000000012
4   11   4   6   -0.0540004422
4   11   5   4   -0.0000000005
4   11   5   5   0.0000000007
4   11   6   4   0.0000000008
4   11   6   5   0.0000000005
4   11   7   6   0.0000000017
4   12   1   4   -0.0004174803
4   12   1   5   0.0006400534
4   12   2   4   -0.0000000001
4   12   2   5   0.0000000001
4   12   3   4   0.0288015215
4   12   3   5   -0.0441566014
4   12   4   4   0.0000000002
4   12   4   5   -0.0000000004
4   12   5   6   -0.0088259907
4   12   6   6   -0.0000000000
4   12   7   4   -0.0547440635
4   12   7   5   0.0839300030
4   13   1   4   0.0006400533
4   13   1   5   0.0004174803
4   13   2   4   0.0000000001
4   13   2   5   0.0000000000
4   13   3   4   -0.0441566014
4   13   3   5   -0.0288015215
4   13   4   4   -0.0000000004
4   13   4   5   -0.0000000003
4   13   5   6   -0.0000000000
4   13   6   6   -0.0088259908
4   13   7   4   0.0839300030
4   13   7   5   0.0547440635
4   14   1   6   -0.0005871579
4   14   2   6   0.0000000009
4   14   3   6   0.0075000530
4   14   4   6   -0.0000000005
4   14   5   4   -0.0152762730
4   14   5   5   0.0234205785
4   14   6   4   0.0234205784
4   14   6   5   0.0152762729
4   14   7   6   -0.0174120318
5   8   1   4   0.0000000000
5   8   1   5   -0.0000000000
5   8   2   4   -0.0062033577
5   8   2   5   0.0095105807
5   8   3   4   -0.0000000000
5   8   3   5   0.0000000000
5   8   4   4   -0.0050664300
5   8   4   5   0.0077675177
5   8   5   6   -0.0000000001
5   8   6   6   -0.0000000000
5   8   7   4   0.0000000000
5   8   7   5   -0.0000000000
5   9   1   4   -0.0064631488
5   9   1   5   0.0099088753
5   9   2   4   0.0000000000
5   9   2   5   -0.0000000000
5   9   3   4   0.0078340240
5   9   3   5   -0.0120106112
5   9   4   4   0.0000000000
5   9   4   5   -0.0000000000
5   9   5   6   0.0026945124
5   9   6   6   -0.0000000000
5   9   7   4   -0.0022602769
5   9   7   5   0.0034653081
5   10   1   4   0.0000000000
5   10   1   5   -0.0000000000
5   10   2   4   0.0046686888
5   10   2   5   -0.0071577270
5   10   3   4   -0.0000000001
5   10   3   5   0.0000000002
5   10   4   4   0.0138883672
5   10   4   5   -0.0212927325
5   10   5   6   -0.0000000001
5   10   6   6   0.0000000001
5   10   7   4   -0.0000000000
5   10   7   5   0.0000000000
5   11   1   4   -0.0061182355
5   11   1   5   0.0093800769
5   11   2   4   0.0000000000
5   11   2   5   -0.0000000000
5   11   3   4   0.0264407407
5   11   3   5   -0.0405372072
5   11   4   4   0.0000000002
5   11   4   5   -0.0000000003
5   11   5   6   -0.0554092691
5   11   6   6   -0.0000000001
5   11   7   4   -0.0156395200
5   11   7   5   0.0239774850
5   12   1   6   -0.0000000003
5   12   2   6   -0.0029659468
5   12   3   6   0.0000000018
5   12   4   6   -0.0080173731
5   12   5   4   0.0000000002
5   12   5   5   -0.0000000002
5   12   6   4   0.0000000002
5   12   6   5   0.0000000002
5   12   7   6   -0.0000000016
5   13   1   6   -0.0000000000
5   13   2   6   -0.0000000000
5   13   3   6   0.0000000001
5   13   4   6   -0.0000000000
5   13   5   4   0.0000000000
5   13   5   5   0.0000000001
5   13   6   4   0.0000000003
5   13   6   5   -0.0000000001
5   13   7   6   0.0000000000
5   14   1   4   -0.0000000000
5   14   1   5   0.0000000000
5   14   2   4   -0.0028968381
5   14   2   5   0.0044412419
5   14   3   4   0.0000000001
5   14   3   5   -0.0000000002
5   14   4   4   -0.0152475390
5   14   4   5   0.0233765254
5   14   5   6   -0.0000000008
5   14   6   6   0.0000000002
5   14   7   4   -0.0000000002
5   14   7   5   0.0000000002
6   8   1   4   -0.0000000001
6   8   1   5   -0.0000000000
6   8   2   4   0.0095105807
6   8   2   5   0.0062033577
6   8   3   4   0.0000000000
6   8   3   5   0.0000000000
6   8   4   4   0.0077675177
6   8   4   5   0.0050664299
6   8   5   6   -0.0000000000
6   8   6   6   -0.0000000002
6   8   7   4   -0.0000000000
6   8   7   5   -0.0000000000
6   9   1   4   0.0099088753
6   9   1   5   0.0064631488
6   9   2   4   -0.0000000001
6   9   2   5   -0.0000000000
6   9   3   4   -0.0120106112
6   9   3   5   -0.0078340240
6   9   4   4   -0.0000000000
6   9   4   5   -0.0000000000
6   9   5   6   -0.0000000000
6   9   6   6   0.0026945124
6   9   7   4   0.0034653081
6   9   7   5   0.0022602769
6   10   1   4   -0.0000000000
6   10   1   5   -0.0000000000
6   10   2   4   -0.0071577270
6   10   2   5   -0.0046686888
6   10   3   4   0.0000000001
6   10   3   5   0.0000000001
6   10   4   4   -0.0212927325
6   10   4   5   -0.0138883672
6   10   5   6   0.0000000001
6   10   6   6   0.0000000002
6   10   7   4   0.0000000001
6   10   7   5   0.0000000001
6   11   1   4   0.0093800769
6   11   1   5   0.0061182355
6   11   2   4   -0.0000000000
6   11   2   5   -0.0000000000
6   11   3   4   -0.0405372072
6   11   3   5   -0.0264407407
6   11   4   4   -0.0000000003
6   11   4   5   -0.0000000002
6   11   5   6   -0.0000000001
6   11   6   6   -0.0554092693
6   11   7   4   0.0239774850
6   11   7   5   0.0156395200
6   12   1   6   -0.0000000000
6   12   2   6   -0.0000000000
6   12   3   6   0.0000000001
6   12   4   6   -0.0000000000
6   12   5   4   -0.0000000002
6   12   5   5   -0.0000000001
6   12   6   4   0.0000000002
6   12   6   5   0.0000000001
6   12   7   6   0.0000000000
6   13   1   6   -0.0000000003
6   13   2   6   -0.0029659468
6   13   3   6   0.0000000020
6   13   4   6   -0.0080173731
6   13   5   4   0.0000000000
6   13   5   5   0.0000000003
6   13   6   4   0.0000000005
6   13   6   5   0.0000000006
6   13   7   6   -0.0000000016
6   14   1   4   0.0000000000
6   14   1   5   0.0000000000
6   14   2   4   0.0044412419
6   14   2   5   0.0028968381
6   14   3   4   -0.0000000002
6   14   3   5   -0.0000000001
6   14   4   4   0.0233765253
6   14   4   5   0.0152475389
6   14   5   6   0.0000000002
6   14   6   6   0.0000000000
6   14   7   4   0.0000000001
6   14   7   5   0.0000000000
7   8   1   6   0.0000000000
7   8   2   6   -0.0052873200
7   8   3   6   0.0000000001
7   8   4   6   -0.0009215034
7   8   5   4   0.0000000000
7   8   5   5   -0.0000000000
7   8   6   4   -0.0000000000
7   8   6   5   -0.0000000000
7   8   7   6   0.0000000001
7   9   1   6   -0.0054821657
7   9   2   6   0.0000000000
7   9   3   6   0.0024384836
7   9   4   6   -0.0000000000
7   9   5   4   -0.0021926660
7   9   5   5   0.0033616516
7   9   6   4   0.0033616516
7   9   6   5   0.0021926660
7   9   7   6   0.0016089124
7   10   1   6   -0.0000000002
7   10   2   6   0.0000960767
7   10   3   6   -0.0000000004
7   10   4   6   0.0171378377
7   10   5   4   -0.0000000000
7   10   5   5   -0.0000000000
7   10   6   4   -0.0000000001
7   10   6   5   -0.0000000001
7   10   7   6   -0.0000000005
7   11   1   6   -0.0009753944
7   11   2   6   -0.0000000005
7   11   3   6   -0.0040693518
7   11   4   6   0.0000000016
7   11   5   4   -0.0153497839
7   11   5   5   0.0235332806
7   11   6   4   0.0235332806
7   11   6   5   0.0153497839
7   11   7   6   -0.0554270189
7   12   1   4   0.0000000000
7   12   1   5   -0.0000000000
7   12   2   4   -0.0022552561
7   12   2   5   0.0034576105
7   12   3   4   0.0000000001
7   12   3   5   -0.0000000001
7   12   4   4   -0.0540269384
7   12   4   5   0.0828305538
7   12   5   6   -0.0000000014
7   12   6   6   0.0000000000
7   12   7   4   0.0000000000
7   12   7   5   -0.0000000002
7   13   1   4   -0.0000000001
7   13   1   5   -0.0000000000
7   13   2   4   0.0034576105
7   13   2   5   0.0022552560
7   13   3   4   -0.0000000000
7   13   3   5   0.0000000000
7   13   4   4   0.0828305538
7   13   4   5   0.0540269383
7   13   5   6   0.0000000000
7   13   6   6   -0.0000000013
7   13   7   4   -0.0000000003
7   13   7   5   -0.0000000002
7   14   1   6   0.0000000001
7   14   2   6   -0.0027049333
7   14   3   6   0.0000000027
7   14   4   6   -0.0166528464
7   14   5   4   -0.0000000004
7   14   5   5   0.0000000007
7   14   6   4   0.0000000007
7   14   6   5   0.0000000004
7   14   7   6   0.0000000000

End IJKA Block
Begin IABC Block
1   4   1   6   -0.0000000004
1   4   3   4   0.0000000011
1   4   3   5   -0.0000000002
1   5   2   6   -0.0000000004
1   5   3   4   -0.0000000002
1   5   3   5   0.0000000010
1   6   1   4   -0.0000000004
1   6   1   5   0.0000000000
1   6   2   4   0.0000000000
1   6   2   5   -0.0000000004
1   6   3   6   0.0000000209
2   4   1   6   -0.0022841642
2   4   3   4   0.0008052542
2   4   3   5   -0.0000000000
2   5   2   6   -0.0022841642
2   5   3   4   -0.0000000000
2   5   3   5   0.0008052542
2   6   1   4   -0.0022921095
2   6   2   5   -0.0022921095
2   6   3   6   0.0001025371
3   4   1   6   0.0000000349
3   4   2   6   0.0000000000
3   4   3   4   0.0000000008
3   4   3   5   0.0000000003
3   5   1   6   0.0000000000
3   5   2   6   0.0000000349
3   5   3   4   0.0000000003
3   5   3   5   0.0000000008
3   6   1   4   0.0000000337
3   6   1   5   0.0000000000
3   6   2   4   0.0000000000
3   6   2   5   0.0000000338
3   6   3   6   0.0000000038
4   4   1   6   -0.0030288036
4   4   2   6   -0.0000000000
4   4   3   4   -0.0373236825
4   4   3   5   -0.0000000001
4   5   1   6   -0.0000000000
4   5   2   6   -0.0030288036
4   5   3   4   -0.0000000001
4   5   3   5   -0.0373236825
4   6   1   4   -0.0037020308
4   6   1   5   0.0000000000
4   6   2   4   0.0000000000
4   6   2   5   -0.0037020308
4   6   3   6   0.0013974507
5   4   1   4   0.0000000023
5   4   1   5   -0.0000000006
5   4   2   4   0.0000000035
5   4   2   5   0.0000000009
5   4   3   6   -0.0000000721
5   5   1   4   -0.0000000004
5   5   1   5   -0.0000000018
5   5   2   4   0.0000000011
5   5   2   5   -0.0000000044
5   5   3   6   0.0000001106
5   6   1   6   -0.0000000050
5   6   2   6   0.0000000083
5   6   3   4   -0.0000000675
5   6   3   5   0.0000001035
6   4   1   4   -0.0000000044
6   4   1   5   -0.0000000006
6   4   2   4   0.0000000017
6   4   2   5   -0.0000000001
6   4   3   6   0.0000001106
6   5   1   4   -0.0000000005
6   5   1   5   0.0000000036
6   5   2   4   -0.0000000002
6   5   2   5   -0.0000000023
6   5   3   6   0.0000000722
6   6   1   6   0.0000000089
6   6   2   6   0.0000000062
6   6   3   4   0.0000001035
6   6   3   5   0.0000000675
7   4   1   6   -0.0000000229
7   4   2   6   -0.0000000000
7   4   3   4   0.0000000030
7   4   3   5   0.0000000024
7   5   1   6   -0.0000000000
7   5   2   6   -0.0000000229
7   5   3   4   0.0000000024
7   5   3   5   0.0000000036
7   6   1   4   -0.0000000223
7   6   1   5   -0.0000000002
7   6   2   4   -0.0000000002
7   6   2   5   -0.0000000224
7   6   3   6   0.0000002195

End IABC Block
