0   1   5   6       0.172447291468
0   1   6   5      -0.172447291482
0   2   4   5      -0.170508024606
0   2   5   4       0.170508024256
1   0   5   6      -0.172447291468
1   0   6   5       0.172447291482
1   2   4   6      -0.170508024312
1   2   6   4       0.170508024517
2   0   4   5       0.170508024606
2   0   5   4      -0.170508024256
2   1   4   6       0.170508024312
2   1   6   4      -0.170508024517
0   53   5   12      -0.824324473097
0   53   5   13       0.115116355803
0   53   6   12       0.115116355481
0   53   6   13      -0.067593546119
0   54   5   12      -0.115116353468
0   54   5   13      -0.292141819929
0   54   6   12      -0.464589110353
0   54   6   13       0.115116353622
0   55   4   12      -0.468432770897
0   55   4   13       0.069682631678
0   55   5   11      -0.297924745473
1   53   5   12      -0.115116353606
1   53   5   13      -0.464589110208
1   53   6   12      -0.292141820120
1   53   6   13       0.115116353490
1   54   5   12      -0.067593546111
1   54   5   13      -0.115116355516
1   54   6   12      -0.115116355749
1   54   6   13      -0.824324473160
1   55   4   12      -0.069682631783
1   55   4   13      -0.468432770801
1   55   6   11      -0.297924746443
2   53   4   12      -0.297924746499
2   53   5   11      -0.468432770947
2   53   6   11       0.069682631777
2   54   4   13      -0.297924745497
2   54   5   11      -0.069682631654
2   54   6   11      -0.468432771116
2   55   4   11      -0.805822260577
0   53   12   5       0.824324473097
0   53   12   6      -0.115116355481
0   53   13   5      -0.115116355803
0   53   13   6       0.067593546119
0   54   12   5       0.115116353468
0   54   12   6       0.464589110353
0   54   13   5       0.292141819929
0   54   13   6      -0.115116353622
0   55   11   5       0.297924745473
0   55   12   4       0.468432770897
0   55   13   4      -0.069682631678
1   53   12   5       0.115116353606
1   53   12   6       0.292141820120
1   53   13   5       0.464589110208
1   53   13   6      -0.115116353490
1   54   12   5       0.067593546111
1   54   12   6       0.115116355749
1   54   13   5       0.115116355516
1   54   13   6       0.824324473160
1   55   11   6       0.297924746443
1   55   12   4       0.069682631783
1   55   13   4       0.468432770801
2   53   11   5       0.468432770947
2   53   11   6      -0.069682631777
2   53   12   4       0.297924746499
2   54   11   5       0.069682631654
2   54   11   6       0.468432771116
2   54   13   4       0.297924745497
2   55   11   4       0.805822260577
0   60   5   12       0.069715101079
1   61   6   13      -0.069715101087
2   59   4   11       0.057146554734
0   60   12   5      -0.069715101079
1   61   13   6       0.069715101087
2   59   11   4      -0.057146554734
6   55   4   11       0.057146554734
7   53   5   12       0.069715101082
8   54   6   13      -0.069715101090
6   55   11   4      -0.057146554734
7   53   12   5      -0.069715101082
8   54   13   6       0.069715101090
53   0   5   12       0.824324473097
53   0   5   13      -0.115116355803
53   0   6   12      -0.115116355481
53   0   6   13       0.067593546119
53   1   5   12       0.115116353606
53   1   5   13       0.464589110208
53   1   6   12       0.292141820120
53   1   6   13      -0.115116353490
53   2   4   12       0.297924746499
53   2   5   11       0.468432770947
53   2   6   11      -0.069682631777
54   0   5   12       0.115116353468
54   0   5   13       0.292141819929
54   0   6   12       0.464589110353
54   0   6   13      -0.115116353622
54   1   5   12       0.067593546111
54   1   5   13       0.115116355516
54   1   6   12       0.115116355749
54   1   6   13       0.824324473160
54   2   4   13       0.297924745497
54   2   5   11       0.069682631654
54   2   6   11       0.468432771116
55   0   4   12       0.468432770897
55   0   4   13      -0.069682631678
55   0   5   11       0.297924745473
55   1   4   12       0.069682631783
55   1   4   13       0.468432770801
55   1   6   11       0.297924746443
55   2   4   11       0.805822260577
53   0   12   5      -0.824324473097
53   0   12   6       0.115116355481
53   0   13   5       0.115116355803
53   0   13   6      -0.067593546119
53   1   12   5      -0.115116353606
53   1   12   6      -0.292141820120
53   1   13   5      -0.464589110208
53   1   13   6       0.115116353490
53   2   11   5      -0.468432770947
53   2   11   6       0.069682631777
53   2   12   4      -0.297924746499
54   0   12   5      -0.115116353468
54   0   12   6      -0.464589110353
54   0   13   5      -0.292141819929
54   0   13   6       0.115116353622
54   1   12   5      -0.067593546111
54   1   12   6      -0.115116355749
54   1   13   5      -0.115116355516
54   1   13   6      -0.824324473160
54   2   11   5      -0.069682631654
54   2   11   6      -0.468432771116
54   2   13   4      -0.297924745497
55   0   11   5      -0.297924745473
55   0   12   4      -0.468432770897
55   0   13   4       0.069682631678
55   1   11   6      -0.297924746443
55   1   12   4      -0.069682631783
55   1   13   4      -0.468432770801
55   2   11   4      -0.805822260577
53   7   5   12      -0.069715101082
54   8   6   13       0.069715101090
55   6   4   11      -0.057146554734
53   7   12   5       0.069715101082
54   8   13   6      -0.069715101090
55   6   11   4       0.057146554734
53   54   12   13       0.172447291468
53   54   13   12      -0.172447291482
53   55   11   12      -0.170508024606
53   55   12   11       0.170508024256
54   53   12   13      -0.172447291468
54   53   13   12       0.172447291482
54   55   11   13      -0.170508024312
54   55   13   11       0.170508024517
55   53   11   12       0.170508024606
55   53   12   11      -0.170508024256
55   54   11   13       0.170508024312
55   54   13   11      -0.170508024517
59   2   4   11      -0.057146554734
60   0   5   12      -0.069715101079
61   1   6   13       0.069715101087
59   2   11   4       0.057146554734
60   0   12   5       0.069715101079
61   1   13   6      -0.069715101087

