Begin IJ Block
1   1   -27.5135256966
1   2   -0.0000000000
1   3   -0.4610345427
1   4   -0.0000000003
1   5   0.2325143199
2   2   -27.5145246890
2   3   0.0000000007
2   4   0.4964277998
2   5   0.0000000000
3   3   -9.4531163829
3   4   -0.0000000014
3   5   -0.8998229759
4   4   -7.5888500792
4   5   0.0000000001
5   5   -7.7008918715
6   6   -7.8228079879
6   7   0.0000000003
7   7   -7.8228079882

End IJ Block
Begin IA Block
1   3   -0.0000000000
2   3   0.1629810505
3   3   0.0000000143
4   3   -0.7833169727
5   3   -0.0000000208
6   1   0.0000000063
6   2   0.0000000010
7   1   0.0000000039
7   2   0.0000000015

End IA Block
Begin AB Block
1   1   -6.6123636556
1   2   0.0000000002
2   2   -6.6123636563
3   3   -3.2570192899

End AB Block
Begin IJAB Block
1   8   1   4   0.0122137965
1   8   1   5   0.0000000000
1   8   2   4   0.0000000000
1   8   2   5   0.0122137965
1   8   3   6   0.0043686879
1   9   1   4   0.0000000001
1   9   1   5   0.0000000000
1   9   2   4   0.0000000000
1   9   2   5   0.0000000001
1   9   3   6   0.0000000014
1   10   1   4   -0.0099287303
1   10   1   5   -0.0000000000
1   10   2   4   -0.0000000000
1   10   2   5   -0.0099287303
1   10   3   6   0.0007203782
1   11   1   4   -0.0000000001
1   11   1   5   -0.0000000000
1   11   2   4   -0.0000000000
1   11   2   5   -0.0000000001
1   11   3   6   0.0000000000
1   12   1   4   0.0056453606
1   12   1   5   0.0000000000
1   12   2   4   0.0000000000
1   12   2   5   0.0056453606
1   12   3   6   -0.0002162792
1   13   1   6   -0.0029732151
1   13   2   6   -0.0030595076
1   13   3   4   0.0001911784
1   13   3   5   0.0001967270
1   14   1   6   -0.0030595076
1   14   2   6   0.0029732151
1   14   3   4   0.0001967270
1   14   3   5   -0.0001911784
2   8   1   4   0.0000000001
2   8   1   5   0.0000000000
2   8   2   4   0.0000000000
2   8   2   5   0.0000000001
2   8   3   6   0.0000000014
2   9   1   4   0.0124729802
2   9   1   5   0.0000000000
2   9   2   4   0.0000000000
2   9   2   5   0.0124729802
2   9   3   6   0.0043697690
2   10   1   4   0.0000000000
2   10   2   5   0.0000000000
2   10   3   6   0.0000000003
2   11   1   4   0.0129601606
2   11   1   5   0.0000000000
2   11   2   4   0.0000000000
2   11   2   5   0.0129601606
2   11   3   6   -0.0007904423
2   12   1   4   -0.0000000000
2   12   2   5   -0.0000000000
2   12   3   6   0.0000000003
2   13   1   6   -0.0000000001
2   13   2   6   -0.0000000000
2   13   3   4   0.0000000000
2   13   3   5   0.0000000000
2   14   1   6   -0.0000000001
2   14   2   6   0.0000000000
2   14   3   4   0.0000000000
2   14   3   5   0.0000000000
3   8   1   4   -0.0099287303
3   8   1   5   -0.0000000000
3   8   2   4   -0.0000000000
3   8   2   5   -0.0099287303
3   8   3   6   0.0007203782
3   9   1   4   0.0000000000
3   9   2   5   0.0000000000
3   9   3   6   0.0000000003
3   10   1   4   0.0357328234
3   10   1   5   0.0000000000
3   10   2   4   0.0000000000
3   10   2   5   0.0357328233
3   10   3   6   0.0107807544
3   11   1   4   -0.0000000006
3   11   1   5   -0.0000000002
3   11   2   4   -0.0000000002
3   11   2   5   0.0000000002
3   11   3   6   -0.0000000091
3   12   1   4   -0.0187314704
3   12   1   5   0.0000000000
3   12   2   4   0.0000000000
3   12   2   5   -0.0187314705
3   12   3   6   -0.0026900683
3   13   1   6   0.0100886554
3   13   2   6   0.0103814610
3   13   3   4   0.0196600170
3   13   3   5   0.0202306149
3   14   1   6   0.0103814612
3   14   2   6   -0.0100886548
3   14   3   4   0.0202306152
3   14   3   5   -0.0196600163
4   8   1   4   -0.0000000001
4   8   1   5   -0.0000000000
4   8   2   4   -0.0000000000
4   8   2   5   -0.0000000001
4   8   3   6   0.0000000000
4   9   1   4   0.0129601606
4   9   1   5   0.0000000000
4   9   2   4   0.0000000000
4   9   2   5   0.0129601606
4   9   3   6   -0.0007904423
4   10   1   4   -0.0000000006
4   10   1   5   -0.0000000002
4   10   2   4   -0.0000000002
4   10   2   5   0.0000000002
4   10   3   6   -0.0000000091
4   11   1   4   0.0662932568
4   11   1   5   -0.0000000000
4   11   2   4   -0.0000000000
4   11   2   5   0.0662932569
4   11   3   6   0.0171034213
4   12   1   4   0.0000000003
4   12   1   5   0.0000000002
4   12   2   4   0.0000000002
4   12   2   5   -0.0000000004
4   12   3   6   0.0000000133
4   13   1   6   -0.0000000040
4   13   2   6   -0.0000000026
4   13   3   4   -0.0000000100
4   13   3   5   -0.0000000058
4   14   1   6   -0.0000000035
4   14   2   6   0.0000000019
4   14   3   4   -0.0000000082
4   14   3   5   0.0000000036
5   8   1   4   0.0056453606
5   8   1   5   0.0000000000
5   8   2   4   0.0000000000
5   8   2   5   0.0056453606
5   8   3   6   -0.0002162792
5   9   1   4   -0.0000000000
5   9   2   5   -0.0000000000
5   9   3   6   0.0000000003
5   10   1   4   -0.0187314704
5   10   1   5   0.0000000000
5   10   2   4   0.0000000000
5   10   2   5   -0.0187314705
5   10   3   6   -0.0026900683
5   11   1   4   0.0000000003
5   11   1   5   0.0000000002
5   11   2   4   0.0000000002
5   11   2   5   -0.0000000004
5   11   3   6   0.0000000133
5   12   1   4   0.0352770881
5   12   1   5   -0.0000000000
5   12   2   4   -0.0000000000
5   12   2   5   0.0352770883
5   12   3   6   0.0115464243
5   13   1   6   -0.0043753692
5   13   2   6   -0.0045023570
5   13   3   4   -0.0001850343
5   13   3   5   -0.0001904051
5   14   1   6   -0.0045023569
5   14   2   6   0.0043753694
5   14   3   4   -0.0001904048
5   14   3   5   0.0001850350
6   8   1   6   0.0001911784
6   8   2   6   0.0001967270
6   8   3   4   -0.0029732151
6   8   3   5   -0.0030595076
6   9   1   6   0.0000000000
6   9   2   6   0.0000000000
6   9   3   4   -0.0000000001
6   9   3   5   -0.0000000000
6   10   1   6   0.0196600170
6   10   2   6   0.0202306149
6   10   3   4   0.0100886554
6   10   3   5   0.0103814610
6   11   1   6   -0.0000000100
6   11   2   6   -0.0000000058
6   11   3   4   -0.0000000040
6   11   3   5   -0.0000000026
6   12   1   6   -0.0001850343
6   12   2   6   -0.0001904051
6   12   3   4   -0.0043753692
6   12   3   5   -0.0045023570
6   13   1   4   0.0667402281
6   13   1   5   0.0509938189
6   13   2   4   0.0509938189
6   13   2   5   0.0696585001
6   13   3   6   0.0061307046
6   14   1   4   0.0509938204
6   14   1   5   -0.0341181625
6   14   2   4   0.0370364373
6   14   2   5   -0.0509938194
6   14   3   6   -0.0000000011
7   8   1   6   0.0001967270
7   8   2   6   -0.0001911784
7   8   3   4   -0.0030595076
7   8   3   5   0.0029732151
7   9   1   6   0.0000000000
7   9   2   6   0.0000000000
7   9   3   4   -0.0000000001
7   9   3   5   0.0000000000
7   10   1   6   0.0202306152
7   10   2   6   -0.0196600163
7   10   3   4   0.0103814612
7   10   3   5   -0.0100886548
7   11   1   6   -0.0000000082
7   11   2   6   0.0000000036
7   11   3   4   -0.0000000035
7   11   3   5   0.0000000019
7   12   1   6   -0.0001904048
7   12   2   6   0.0001850350
7   12   3   4   -0.0045023569
7   12   3   5   0.0043753694
7   13   1   4   0.0509938204
7   13   1   5   0.0370364373
7   13   2   4   -0.0341181625
7   13   2   5   -0.0509938194
7   13   3   6   -0.0000000011
7   14   1   4   0.0696584999
7   14   1   5   -0.0509938188
7   14   2   4   -0.0509938188
7   14   2   5   0.0667402274
7   14   3   6   0.0061307055

End IJAB Block
Begin IJKL Block
1   8   1   8   2.2716996155
1   8   1   9   0.0000000006
1   8   1   10   0.1912796512
1   8   1   11   -0.0000000002
1   8   1   12   -0.0687504916
1   8   2   8   0.0000000006
1   8   2   9   1.8311934222
1   8   2   10   0.0000000001
1   8   2   11   -0.1835987213
1   8   2   12   -0.0000000001
1   8   3   8   0.1912796512
1   8   3   9   0.0000000001
1   8   3   10   0.0301860493
1   8   3   11   -0.0000000000
1   8   3   12   -0.0035605290
1   8   4   8   -0.0000000002
1   8   4   9   -0.1835987213
1   8   4   10   -0.0000000000
1   8   4   11   0.0275826701
1   8   4   12   -0.0000000004
1   8   5   8   -0.0687504916
1   8   5   9   -0.0000000001
1   8   5   10   -0.0035605290
1   8   5   11   -0.0000000004
1   8   5   12   0.0145480849
1   8   6   13   0.0100457740
1   8   6   14   0.0000000000
1   8   7   13   0.0000000000
1   8   7   14   0.0100457740
1   9   1   8   0.0000000006
1   9   1   9   2.2723559430
1   9   1   10   0.0000000001
1   9   1   11   -0.1893877897
1   9   1   12   -0.0000000000
1   9   2   8   1.8312193645
1   9   2   9   -0.0000000004
1   9   2   10   0.1987991430
1   9   2   11   -0.0000000000
1   9   2   12   -0.0549284478
1   9   3   8   0.0000000001
1   9   3   9   0.1913720728
1   9   3   10   0.0000000000
1   9   3   11   -0.0245864839
1   9   3   12   0.0000000000
1   9   4   8   -0.1835877051
1   9   4   9   -0.0000000001
1   9   4   10   -0.0247911052
1   9   4   11   -0.0000000002
1   9   4   12   0.0131118987
1   9   5   8   -0.0000000001
1   9   5   9   -0.0687636238
1   9   5   10   0.0000000001
1   9   5   11   0.0134803935
1   9   5   12   -0.0000000004
1   9   6   13   -0.0000000001
1   9   6   14   -0.0000000000
1   9   7   13   -0.0000000000
1   9   7   14   -0.0000000001
1   10   1   8   0.1912796512
1   10   1   9   0.0000000001
1   10   1   10   0.7903217968
1   10   1   11   0.0000000001
1   10   1   12   0.0883658667
1   10   2   8   0.0000000001
1   10   2   9   0.1988258430
1   10   2   10   0.0000000001
1   10   2   11   -0.1950014868
1   10   2   12   0.0000000002
1   10   3   8   0.0328562325
1   10   3   9   0.0000000000
1   10   3   10   -0.0023215505
1   10   3   11   0.0000000001
1   10   3   12   -0.0074016491
1   10   4   8   -0.0000000001
1   10   4   9   -0.0260144241
1   10   4   10   0.0000000003
1   10   4   11   0.0048200451
1   10   4   12   0.0000000004
1   10   5   8   -0.0026629279
1   10   5   9   -0.0000000000
1   10   5   10   -0.0263349158
1   10   5   11   0.0000000000
1   10   5   12   -0.0155767314
1   10   6   13   -0.0151052855
1   10   6   14   0.0000000000
1   10   7   13   0.0000000000
1   10   7   14   -0.0151052855
1   11   1   8   -0.0000000002
1   11   1   9   -0.1893877897
1   11   1   10   0.0000000001
1   11   1   11   0.6605800680
1   11   1   12   0.0000000001
1   11   2   8   -0.1835877051
1   11   2   9   -0.0000000001
1   11   2   10   -0.1950216840
1   11   2   11   -0.0000000002
1   11   2   12   0.2437925563
1   11   3   8   -0.0000000001
1   11   3   9   -0.0258295915
1   11   3   10   0.0000000001
1   11   3   11   0.0121921070
1   11   3   12   -0.0000000003
1   11   4   8   0.0300009630
1   11   4   9   -0.0000000001
1   11   4   10   0.0045565595
1   11   4   11   -0.0000000005
1   11   4   12   0.0018848385
1   11   5   8   -0.0000000002
1   11   5   9   0.0150762256
1   11   5   10   0.0000000000
1   11   5   11   0.0046231451
1   11   5   12   -0.0000000011
1   11   6   13   -0.0000000000
1   11   6   14   0.0000000000
1   11   7   13   0.0000000000
1   11   7   14   -0.0000000000
1   12   1   8   -0.0687504916
1   12   1   9   -0.0000000000
1   12   1   10   0.0883658667
1   12   1   11   0.0000000001
1   12   1   12   0.6829551879
1   12   2   8   -0.0000000001
1   12   2   9   -0.0549267520
1   12   2   10   0.0000000002
1   12   2   11   0.2437975512
1   12   2   12   -0.0000000001
1   12   3   8   -0.0026629279
1   12   3   9   -0.0000000001
1   12   3   10   -0.0076384584
1   12   3   11   -0.0000000003
1   12   3   12   0.0080085809
1   12   4   8   -0.0000000002
1   12   4   9   0.0147132352
1   12   4   10   0.0000000004
1   12   4   11   0.0020160689
1   12   4   12   -0.0000000005
1   12   5   8   0.0177971181
1   12   5   9   -0.0000000003
1   12   5   10   -0.0159283976
1   12   5   11   -0.0000000011
1   12   5   12   0.0003996634
1   12   6   13   0.0033692941
1   12   6   14   0.0000000000
1   12   7   13   0.0000000000
1   12   7   14   0.0033692941
1   13   1   13   0.6721174130
1   13   1   14   0.0000000000
1   13   2   13   -0.0000000003
1   13   2   14   0.0000000000
1   13   3   13   0.0017737003
1   13   3   14   0.0000000000
1   13   4   13   0.0000000000
1   13   5   13   -0.0097046710
1   13   5   14   -0.0000000000
1   13   6   8   0.0132134176
1   13   6   9   -0.0000000000
1   13   6   10   -0.0158203508
1   13   6   11   0.0000000000
1   13   6   12   0.0038089653
1   13   7   8   -0.0000000000
1   13   7   10   -0.0000000000
1   13   7   11   0.0000000000
1   13   7   12   0.0000000000
1   14   1   13   0.0000000000
1   14   1   14   0.6721174129
1   14   2   13   0.0000000000
1   14   2   14   -0.0000000003
1   14   3   13   0.0000000000
1   14   3   14   0.0017737003
1   14   4   14   0.0000000000
1   14   5   13   -0.0000000000
1   14   5   14   -0.0097046710
1   14   6   8   -0.0000000000
1   14   6   10   -0.0000000000
1   14   6   11   0.0000000000
1   14   6   12   0.0000000000
1   14   7   8   0.0132134176
1   14   7   9   -0.0000000000
1   14   7   10   -0.0158203508
1   14   7   11   -0.0000000000
1   14   7   12   0.0038089653
2   8   1   8   0.0000000006
2   8   1   9   1.8312193645
2   8   1   10   0.0000000001
2   8   1   11   -0.1835877051
2   8   1   12   -0.0000000001
2   8   2   8   2.2723559430
2   8   2   9   -0.0000000004
2   8   2   10   0.1913720728
2   8   2   11   -0.0000000001
2   8   2   12   -0.0687636238
2   8   3   8   0.0000000001
2   8   3   9   0.1987991430
2   8   3   10   0.0000000000
2   8   3   11   -0.0247911052
2   8   3   12   0.0000000001
2   8   4   8   -0.1893877897
2   8   4   9   -0.0000000000
2   8   4   10   -0.0245864839
2   8   4   11   -0.0000000002
2   8   4   12   0.0134803935
2   8   5   8   -0.0000000000
2   8   5   9   -0.0549284478
2   8   5   10   0.0000000000
2   8   5   11   0.0131118987
2   8   5   12   -0.0000000004
2   8   6   13   -0.0000000001
2   8   6   14   -0.0000000000
2   8   7   13   -0.0000000000
2   8   7   14   -0.0000000001
2   9   1   8   1.8311934222
2   9   1   9   -0.0000000004
2   9   1   10   0.1988258430
2   9   1   11   -0.0000000001
2   9   1   12   -0.0549267520
2   9   2   8   -0.0000000004
2   9   2   9   2.2729646719
2   9   2   10   0.0000000000
2   9   2   11   -0.1894719150
2   9   2   12   -0.0000000000
2   9   3   8   0.1988258430
2   9   3   9   0.0000000000
2   9   3   10   0.0299358768
2   9   3   12   -0.0040562437
2   9   4   8   -0.0000000001
2   9   4   9   -0.1894719150
2   9   4   11   0.0277454199
2   9   4   12   -0.0000000004
2   9   5   8   -0.0549267520
2   9   5   9   -0.0000000000
2   9   5   10   -0.0040562437
2   9   5   11   -0.0000000004
2   9   5   12   0.0136219414
2   9   6   13   0.0095867544
2   9   6   14   0.0000000000
2   9   7   13   0.0000000000
2   9   7   14   0.0095867544
2   10   1   8   0.0000000001
2   10   1   9   0.1987991430
2   10   1   10   0.0000000001
2   10   1   11   -0.1950216840
2   10   1   12   0.0000000002
2   10   2   8   0.1913720728
2   10   2   9   0.0000000000
2   10   2   10   0.7902695383
2   10   2   11   0.0000000002
2   10   2   12   0.0883033160
2   10   3   8   0.0000000000
2   10   3   9   0.0326599514
2   10   3   10   0.0000000002
2   10   3   11   -0.0085369613
2   10   3   12   0.0000000002
2   10   4   8   -0.0258295915
2   10   4   9   -0.0000000000
2   10   4   10   -0.0184759709
2   10   4   11   -0.0000000001
2   10   4   12   -0.0067054995
2   10   5   8   -0.0000000001
2   10   5   9   -0.0031374740
2   10   5   10   0.0000000007
2   10   5   11   -0.0016829686
2   10   5   12   0.0000000006
2   10   6   13   -0.0000000000
2   10   6   14   -0.0000000000
2   10   7   13   -0.0000000000
2   10   7   14   0.0000000000
2   11   1   8   -0.1835987213
2   11   1   9   -0.0000000000
2   11   1   10   -0.1950014868
2   11   1   11   -0.0000000002
2   11   1   12   0.2437975512
2   11   2   8   -0.0000000001
2   11   2   9   -0.1894719150
2   11   2   10   0.0000000002
2   11   2   11   0.6606252184
2   11   2   12   -0.0000000001
2   11   3   8   -0.0260144241
2   11   3   9   -0.0000000000
2   11   3   10   -0.0089986409
2   11   3   11   -0.0000000001
2   11   3   12   0.0131559925
2   11   4   8   -0.0000000001
2   11   4   9   0.0301621841
2   11   4   10   -0.0000000000
2   11   4   11   -0.0051508935
2   11   4   12   -0.0000000006
2   11   5   8   0.0147132352
2   11   5   9   -0.0000000002
2   11   5   10   -0.0018534726
2   11   5   11   -0.0000000007
2   11   5   12   0.0147084796
2   11   6   13   0.0103026868
2   11   6   14   -0.0000000000
2   11   7   13   -0.0000000000
2   11   7   14   0.0103026868
2   12   1   8   -0.0000000001
2   12   1   9   -0.0549284478
2   12   1   10   0.0000000002
2   12   1   11   0.2437925563
2   12   1   12   -0.0000000001
2   12   2   8   -0.0687636238
2   12   2   9   -0.0000000000
2   12   2   10   0.0883033160
2   12   2   11   -0.0000000001
2   12   2   12   0.6829539001
2   12   3   8   -0.0000000000
2   12   3   9   -0.0031374740
2   12   3   10   0.0000000001
2   12   3   11   0.0133285273
2   12   3   12   -0.0000000001
2   12   4   8   0.0150762256
2   12   4   9   -0.0000000002
2   12   4   10   -0.0067035240
2   12   4   11   -0.0000000006
2   12   4   12   -0.0057251151
2   12   5   8   -0.0000000003
2   12   5   9   0.0168950593
2   12   5   10   0.0000000006
2   12   5   11   0.0148244531
2   12   5   12   -0.0000000007
2   12   6   13   -0.0000000000
2   12   6   14   0.0000000000
2   12   7   13   0.0000000000
2   12   7   14   -0.0000000000
2   13   1   13   -0.0000000003
2   13   1   14   0.0000000000
2   13   2   13   0.6720937794
2   13   2   14   0.0000000000
2   13   3   13   0.0000000000
2   13   3   14   0.0000000000
2   13   4   13   -0.0086989426
2   13   4   14   -0.0000000000
2   13   5   13   0.0000000001
2   13   5   14   0.0000000000
2   13   6   8   -0.0000000000
2   13   6   9   0.0127633344
2   13   6   10   -0.0000000000
2   13   6   11   0.0110275334
2   13   6   12   -0.0000000000
2   13   7   9   -0.0000000000
2   13   7   10   -0.0000000000
2   13   7   11   0.0000000000
2   13   7   12   0.0000000000
2   14   1   13   0.0000000000
2   14   1   14   -0.0000000003
2   14   2   13   0.0000000000
2   14   2   14   0.6720937794
2   14   3   13   0.0000000000
2   14   4   13   -0.0000000000
2   14   4   14   -0.0086989426
2   14   5   13   0.0000000000
2   14   5   14   0.0000000001
2   14   6   9   -0.0000000000
2   14   6   10   -0.0000000000
2   14   6   11   0.0000000000
2   14   6   12   0.0000000000
2   14   7   8   -0.0000000000
2   14   7   9   0.0127633344
2   14   7   11   0.0110275334
2   14   7   12   -0.0000000000
3   8   1   8   0.1912796512
3   8   1   9   0.0000000001
3   8   1   10   0.0328562325
3   8   1   11   -0.0000000001
3   8   1   12   -0.0026629279
3   8   2   8   0.0000000001
3   8   2   9   0.1988258430
3   8   2   10   0.0000000000
3   8   2   11   -0.0260144241
3   8   2   12   -0.0000000000
3   8   3   8   0.7903217968
3   8   3   9   0.0000000001
3   8   3   10   -0.0023215505
3   8   3   11   0.0000000003
3   8   3   12   -0.0263349158
3   8   4   8   0.0000000001
3   8   4   9   -0.1950014868
3   8   4   10   0.0000000001
3   8   4   11   0.0048200451
3   8   4   12   0.0000000000
3   8   5   8   0.0883658667
3   8   5   9   0.0000000002
3   8   5   10   -0.0074016491
3   8   5   11   0.0000000004
3   8   5   12   -0.0155767314
3   8   6   13   -0.0151052855
3   8   6   14   0.0000000000
3   8   7   13   0.0000000000
3   8   7   14   -0.0151052855
3   9   1   8   0.0000000001
3   9   1   9   0.1913720728
3   9   1   10   0.0000000000
3   9   1   11   -0.0258295915
3   9   1   12   -0.0000000001
3   9   2   8   0.1987991430
3   9   2   9   0.0000000000
3   9   2   10   0.0326599514
3   9   2   11   -0.0000000000
3   9   2   12   -0.0031374740
3   9   3   8   0.0000000001
3   9   3   9   0.7902695383
3   9   3   10   0.0000000002
3   9   3   11   -0.0184759709
3   9   3   12   0.0000000007
3   9   4   8   -0.1950216840
3   9   4   9   0.0000000002
3   9   4   10   -0.0085369613
3   9   4   11   -0.0000000001
3   9   4   12   -0.0016829686
3   9   5   8   0.0000000002
3   9   5   9   0.0883033160
3   9   5   10   0.0000000002
3   9   5   11   -0.0067054995
3   9   5   12   0.0000000006
3   9   6   13   -0.0000000000
3   9   6   14   -0.0000000000
3   9   7   13   -0.0000000000
3   9   7   14   0.0000000000
3   10   1   8   0.0301860493
3   10   1   9   0.0000000000
3   10   1   10   -0.0023215505
3   10   1   11   0.0000000001
3   10   1   12   -0.0076384584
3   10   2   8   0.0000000000
3   10   2   9   0.0299358768
3   10   2   10   0.0000000002
3   10   2   11   -0.0089986409
3   10   2   12   0.0000000001
3   10   3   8   -0.0023215505
3   10   3   9   0.0000000002
3   10   3   10   0.7449000181
3   10   3   11   0.0000000007
3   10   3   12   0.1295606561
3   10   4   8   0.0000000001
3   10   4   9   -0.0089986409
3   10   4   10   0.0000000007
3   10   4   11   0.0654392005
3   10   4   12   0.0000000001
3   10   5   8   -0.0076384584
3   10   5   9   0.0000000001
3   10   5   10   0.1295606561
3   10   5   11   0.0000000001
3   10   5   12   0.0633689489
3   10   6   13   0.0835625961
3   10   6   14   0.0000000001
3   10   7   13   0.0000000001
3   10   7   14   0.0835625960
3   11   1   8   -0.0000000000
3   11   1   9   -0.0245864839
3   11   1   10   0.0000000001
3   11   1   11   0.0121921070
3   11   1   12   -0.0000000003
3   11   2   8   -0.0247911052
3   11   2   10   -0.0085369613
3   11   2   11   -0.0000000001
3   11   2   12   0.0133285273
3   11   3   8   0.0000000003
3   11   3   9   -0.0184759709
3   11   3   10   0.0000000007
3   11   3   11   0.5085100508
3   11   3   12   0.0000000007
3   11   4   8   0.0045565595
3   11   4   9   -0.0000000000
3   11   4   10   0.0692179540
3   11   4   11   -0.0000000001
3   11   4   12   -0.0957340992
3   11   5   8   0.0000000004
3   11   5   9   -0.0067035240
3   11   5   10   0.0000000004
3   11   5   11   0.0074036729
3   11   5   12   0.0000000010
3   11   6   13   -0.0000000001
3   11   6   14   -0.0000000002
3   11   7   13   -0.0000000002
3   11   7   14   0.0000000001
3   12   1   8   -0.0035605290
3   12   1   9   0.0000000000
3   12   1   10   -0.0074016491
3   12   1   11   -0.0000000003
3   12   1   12   0.0080085809
3   12   2   8   0.0000000001
3   12   2   9   -0.0040562437
3   12   2   10   0.0000000002
3   12   2   11   0.0131559925
3   12   2   12   -0.0000000001
3   12   3   8   -0.0263349158
3   12   3   9   0.0000000007
3   12   3   10   0.1295606561
3   12   3   11   0.0000000007
3   12   3   12   0.5478732527
3   12   4   8   0.0000000000
3   12   4   9   -0.0018534726
3   12   4   10   0.0000000004
3   12   4   11   -0.0972629545
3   12   4   12   0.0000000002
3   12   5   8   -0.0159283976
3   12   5   9   0.0000000006
3   12   5   10   0.0671021159
3   12   5   11   0.0000000010
3   12   5   12   0.0320511473
3   12   6   13   -0.0095475309
3   12   6   14   -0.0000000001
3   12   7   13   -0.0000000001
3   12   7   14   -0.0095475308
3   13   1   13   0.0017737003
3   13   1   14   0.0000000000
3   13   2   13   0.0000000000
3   13   2   14   0.0000000000
3   13   3   13   0.5948476323
3   13   3   14   -0.0000000001
3   13   4   13   0.0000000000
3   13   4   14   0.0000000001
3   13   5   13   0.0580655745
3   13   5   14   0.0000000000
3   13   6   8   -0.0158203508
3   13   6   9   -0.0000000000
3   13   6   10   0.0868670673
3   13   6   11   -0.0000000001
3   13   6   12   -0.0098226400
3   13   7   8   -0.0000000000
3   13   7   9   -0.0000000000
3   13   7   10   -0.0000000000
3   13   7   11   0.0000000001
3   13   7   12   0.0000000000
3   14   1   13   0.0000000000
3   14   1   14   0.0017737003
3   14   2   13   0.0000000000
3   14   3   13   -0.0000000001
3   14   3   14   0.5948476323
3   14   4   13   0.0000000001
3   14   4   14   -0.0000000000
3   14   5   13   0.0000000000
3   14   5   14   0.0580655745
3   14   6   8   -0.0000000000
3   14   6   9   -0.0000000000
3   14   6   10   -0.0000000000
3   14   6   11   0.0000000001
3   14   6   12   0.0000000000
3   14   7   8   -0.0158203508
3   14   7   10   0.0868670674
3   14   7   11   -0.0000000002
3   14   7   12   -0.0098226400
4   8   1   8   -0.0000000002
4   8   1   9   -0.1835877051
4   8   1   10   -0.0000000001
4   8   1   11   0.0300009630
4   8   1   12   -0.0000000002
4   8   2   8   -0.1893877897
4   8   2   9   -0.0000000001
4   8   2   10   -0.0258295915
4   8   2   11   -0.0000000001
4   8   2   12   0.0150762256
4   8   3   8   0.0000000001
4   8   3   9   -0.1950216840
4   8   3   10   0.0000000001
4   8   3   11   0.0045565595
4   8   3   12   0.0000000000
4   8   4   8   0.6605800680
4   8   4   9   -0.0000000002
4   8   4   10   0.0121921070
4   8   4   11   -0.0000000005
4   8   4   12   0.0046231451
4   8   5   8   0.0000000001
4   8   5   9   0.2437925563
4   8   5   10   -0.0000000003
4   8   5   11   0.0018848385
4   8   5   12   -0.0000000011
4   8   6   13   -0.0000000000
4   8   6   14   0.0000000000
4   8   7   13   0.0000000000
4   8   7   14   -0.0000000000
4   9   1   8   -0.1835987213
4   9   1   9   -0.0000000001
4   9   1   10   -0.0260144241
4   9   1   11   -0.0000000001
4   9   1   12   0.0147132352
4   9   2   8   -0.0000000000
4   9   2   9   -0.1894719150
4   9   2   10   -0.0000000000
4   9   2   11   0.0301621841
4   9   2   12   -0.0000000002
4   9   3   8   -0.1950014868
4   9   3   9   0.0000000002
4   9   3   10   -0.0089986409
4   9   3   11   -0.0000000000
4   9   3   12   -0.0018534726
4   9   4   8   -0.0000000002
4   9   4   9   0.6606252184
4   9   4   10   -0.0000000001
4   9   4   11   -0.0051508935
4   9   4   12   -0.0000000007
4   9   5   8   0.2437975512
4   9   5   9   -0.0000000001
4   9   5   10   0.0131559925
4   9   5   11   -0.0000000006
4   9   5   12   0.0147084796
4   9   6   13   0.0103026868
4   9   6   14   -0.0000000000
4   9   7   13   -0.0000000000
4   9   7   14   0.0103026868
4   10   1   8   -0.0000000000
4   10   1   9   -0.0247911052
4   10   1   10   0.0000000003
4   10   1   11   0.0045565595
4   10   1   12   0.0000000004
4   10   2   8   -0.0245864839
4   10   2   10   -0.0184759709
4   10   2   11   -0.0000000000
4   10   2   12   -0.0067035240
4   10   3   8   0.0000000001
4   10   3   9   -0.0085369613
4   10   3   10   0.0000000007
4   10   3   11   0.0692179540
4   10   3   12   0.0000000004
4   10   4   8   0.0121921070
4   10   4   9   -0.0000000001
4   10   4   10   0.5085100508
4   10   4   11   -0.0000000001
4   10   4   12   0.0074036729
4   10   5   8   -0.0000000003
4   10   5   9   0.0133285273
4   10   5   10   0.0000000007
4   10   5   11   -0.0957340992
4   10   5   12   0.0000000010
4   10   6   13   -0.0000000001
4   10   6   14   -0.0000000002
4   10   7   13   -0.0000000002
4   10   7   14   0.0000000001
4   11   1   8   0.0275826701
4   11   1   9   -0.0000000002
4   11   1   10   0.0048200451
4   11   1   11   -0.0000000005
4   11   1   12   0.0020160689
4   11   2   8   -0.0000000002
4   11   2   9   0.0277454199
4   11   2   10   -0.0000000001
4   11   2   11   -0.0051508935
4   11   2   12   -0.0000000006
4   11   3   8   0.0048200451
4   11   3   9   -0.0000000001
4   11   3   10   0.0654392005
4   11   3   11   -0.0000000001
4   11   3   12   -0.0972629545
4   11   4   8   -0.0000000005
4   11   4   9   -0.0051508935
4   11   4   10   -0.0000000001
4   11   4   11   0.5151981455
4   11   4   12   -0.0000000015
4   11   5   8   0.0020160689
4   11   5   9   -0.0000000006
4   11   5   10   -0.0972629545
4   11   5   11   -0.0000000015
4   11   5   12   0.1794860220
4   11   6   13   0.0371298039
4   11   6   14   0.0000000001
4   11   7   13   0.0000000001
4   11   7   14   0.0371298037
4   12   1   8   -0.0000000004
4   12   1   9   0.0131118987
4   12   1   10   0.0000000004
4   12   1   11   0.0018848385
4   12   1   12   -0.0000000005
4   12   2   8   0.0134803935
4   12   2   9   -0.0000000004
4   12   2   10   -0.0067054995
4   12   2   11   -0.0000000006
4   12   2   12   -0.0057251151
4   12   3   8   0.0000000000
4   12   3   9   -0.0016829686
4   12   3   10   0.0000000001
4   12   3   11   -0.0957340992
4   12   3   12   0.0000000002
4   12   4   8   0.0046231451
4   12   4   9   -0.0000000007
4   12   4   10   0.0074036729
4   12   4   11   -0.0000000015
4   12   4   12   0.5151503162
4   12   5   8   -0.0000000011
4   12   5   9   0.0148244531
4   12   5   10   0.0000000010
4   12   5   11   0.1796132647
4   12   5   12   -0.0000000015
4   12   6   13   -0.0000000002
4   12   6   14   0.0000000003
4   12   7   13   0.0000000003
4   12   7   14   -0.0000000005
4   13   1   13   0.0000000000
4   13   2   13   -0.0086989426
4   13   2   14   -0.0000000000
4   13   3   13   0.0000000000
4   13   3   14   0.0000000001
4   13   4   13   0.4808442922
4   13   4   14   -0.0000000001
4   13   5   13   -0.0000000000
4   13   5   14   -0.0000000000
4   13   6   8   0.0000000000
4   13   6   9   0.0110275334
4   13   6   10   -0.0000000001
4   13   6   11   0.0410419505
4   13   6   12   -0.0000000001
4   13   7   8   0.0000000000
4   13   7   9   0.0000000000
4   13   7   10   0.0000000001
4   13   7   11   -0.0000000000
4   13   7   12   0.0000000000
4   14   1   14   0.0000000000
4   14   2   13   -0.0000000000
4   14   2   14   -0.0086989426
4   14   3   13   0.0000000001
4   14   3   14   -0.0000000000
4   14   4   13   -0.0000000001
4   14   4   14   0.4808442923
4   14   5   13   -0.0000000000
4   14   5   14   -0.0000000000
4   14   6   8   0.0000000000
4   14   6   9   0.0000000000
4   14   6   10   0.0000000001
4   14   6   11   -0.0000000000
4   14   6   12   0.0000000000
4   14   7   8   -0.0000000000
4   14   7   9   0.0110275334
4   14   7   10   -0.0000000002
4   14   7   11   0.0410419505
4   14   7   12   -0.0000000001
5   8   1   8   -0.0687504916
5   8   1   9   -0.0000000001
5   8   1   10   -0.0026629279
5   8   1   11   -0.0000000002
5   8   1   12   0.0177971181
5   8   2   8   -0.0000000000
5   8   2   9   -0.0549267520
5   8   2   10   -0.0000000001
5   8   2   11   0.0147132352
5   8   2   12   -0.0000000003
5   8   3   8   0.0883658667
5   8   3   9   0.0000000002
5   8   3   10   -0.0076384584
5   8   3   11   0.0000000004
5   8   3   12   -0.0159283976
5   8   4   8   0.0000000001
5   8   4   9   0.2437975512
5   8   4   10   -0.0000000003
5   8   4   11   0.0020160689
5   8   4   12   -0.0000000011
5   8   5   8   0.6829551879
5   8   5   9   -0.0000000001
5   8   5   10   0.0080085809
5   8   5   11   -0.0000000005
5   8   5   12   0.0003996634
5   8   6   13   0.0033692941
5   8   6   14   0.0000000000
5   8   7   13   0.0000000000
5   8   7   14   0.0033692941
5   9   1   8   -0.0000000001
5   9   1   9   -0.0687636238
5   9   1   10   -0.0000000000
5   9   1   11   0.0150762256
5   9   1   12   -0.0000000003
5   9   2   8   -0.0549284478
5   9   2   9   -0.0000000000
5   9   2   10   -0.0031374740
5   9   2   11   -0.0000000002
5   9   2   12   0.0168950593
5   9   3   8   0.0000000002
5   9   3   9   0.0883033160
5   9   3   10   0.0000000001
5   9   3   11   -0.0067035240
5   9   3   12   0.0000000006
5   9   4   8   0.2437925563
5   9   4   9   -0.0000000001
5   9   4   10   0.0133285273
5   9   4   11   -0.0000000006
5   9   4   12   0.0148244531
5   9   5   8   -0.0000000001
5   9   5   9   0.6829539001
5   9   5   10   -0.0000000001
5   9   5   11   -0.0057251151
5   9   5   12   -0.0000000007
5   9   6   13   -0.0000000000
5   9   6   14   0.0000000000
5   9   7   13   0.0000000000
5   9   7   14   -0.0000000000
5   10   1   8   -0.0035605290
5   10   1   9   0.0000000001
5   10   1   10   -0.0263349158
5   10   1   11   0.0000000000
5   10   1   12   -0.0159283976
5   10   2   8   0.0000000000
5   10   2   9   -0.0040562437
5   10   2   10   0.0000000007
5   10   2   11   -0.0018534726
5   10   2   12   0.0000000006
5   10   3   8   -0.0074016491
5   10   3   9   0.0000000002
5   10   3   10   0.1295606561
5   10   3   11   0.0000000004
5   10   3   12   0.0671021159
5   10   4   8   -0.0000000003
5   10   4   9   0.0131559925
5   10   4   10   0.0000000007
5   10   4   11   -0.0972629545
5   10   4   12   0.0000000010
5   10   5   8   0.0080085809
5   10   5   9   -0.0000000001
5   10   5   10   0.5478732527
5   10   5   11   0.0000000002
5   10   5   12   0.0320511473
5   10   6   13   -0.0095475309
5   10   6   14   -0.0000000001
5   10   7   13   -0.0000000001
5   10   7   14   -0.0095475308
5   11   1   8   -0.0000000004
5   11   1   9   0.0134803935
5   11   1   10   0.0000000000
5   11   1   11   0.0046231451
5   11   1   12   -0.0000000011
5   11   2   8   0.0131118987
5   11   2   9   -0.0000000004
5   11   2   10   -0.0016829686
5   11   2   11   -0.0000000007
5   11   2   12   0.0148244531
5   11   3   8   0.0000000004
5   11   3   9   -0.0067054995
5   11   3   10   0.0000000001
5   11   3   11   0.0074036729
5   11   3   12   0.0000000010
5   11   4   8   0.0018848385
5   11   4   9   -0.0000000006
5   11   4   10   -0.0957340992
5   11   4   11   -0.0000000015
5   11   4   12   0.1796132647
5   11   5   8   -0.0000000005
5   11   5   9   -0.0057251151
5   11   5   10   0.0000000002
5   11   5   11   0.5151503162
5   11   5   12   -0.0000000015
5   11   6   13   -0.0000000002
5   11   6   14   0.0000000003
5   11   7   13   0.0000000003
5   11   7   14   -0.0000000005
5   12   1   8   0.0145480849
5   12   1   9   -0.0000000004
5   12   1   10   -0.0155767314
5   12   1   11   -0.0000000011
5   12   1   12   0.0003996634
5   12   2   8   -0.0000000004
5   12   2   9   0.0136219414
5   12   2   10   0.0000000006
5   12   2   11   0.0147084796
5   12   2   12   -0.0000000007
5   12   3   8   -0.0155767314
5   12   3   9   0.0000000006
5   12   3   10   0.0633689489
5   12   3   11   0.0000000010
5   12   3   12   0.0320511473
5   12   4   8   -0.0000000011
5   12   4   9   0.0147084796
5   12   4   10   0.0000000010
5   12   4   11   0.1794860220
5   12   4   12   -0.0000000015
5   12   5   8   0.0003996634
5   12   5   9   -0.0000000007
5   12   5   10   0.0320511473
5   12   5   11   -0.0000000015
5   12   5   12   0.5354957807
5   12   6   13   0.0158926284
5   12   6   14   0.0000000001
5   12   7   13   0.0000000001
5   12   7   14   0.0158926284
5   13   1   13   -0.0097046710
5   13   1   14   -0.0000000000
5   13   2   13   0.0000000001
5   13   2   14   0.0000000000
5   13   3   13   0.0580655745
5   13   3   14   0.0000000000
5   13   4   13   -0.0000000000
5   13   4   14   -0.0000000000
5   13   5   13   0.4888352930
5   13   5   14   0.0000000000
5   13   6   8   0.0038089653
5   13   6   9   -0.0000000000
5   13   6   10   -0.0098226400
5   13   6   11   -0.0000000001
5   13   6   12   0.0207211369
5   13   7   8   0.0000000000
5   13   7   9   0.0000000000
5   13   7   10   0.0000000000
5   13   7   11   0.0000000000
5   13   7   12   -0.0000000000
5   14   1   13   -0.0000000000
5   14   1   14   -0.0097046710
5   14   2   13   0.0000000000
5   14   2   14   0.0000000001
5   14   3   13   0.0000000000
5   14   3   14   0.0580655745
5   14   4   13   -0.0000000000
5   14   4   14   -0.0000000000
5   14   5   13   0.0000000000
5   14   5   14   0.4888352930
5   14   6   8   0.0000000000
5   14   6   9   0.0000000000
5   14   6   10   0.0000000000
5   14   6   11   0.0000000000
5   14   6   12   -0.0000000000
5   14   7   8   0.0038089653
5   14   7   9   -0.0000000000
5   14   7   10   -0.0098226400
5   14   7   11   -0.0000000001
5   14   7   12   0.0207211369
6   8   1   13   0.0132134176
6   8   1   14   -0.0000000000
6   8   2   13   -0.0000000000
6   8   3   13   -0.0158203508
6   8   3   14   -0.0000000000
6   8   4   13   0.0000000000
6   8   4   14   0.0000000000
6   8   5   13   0.0038089653
6   8   5   14   0.0000000000
6   8   6   8   0.6721174130
6   8   6   9   -0.0000000003
6   8   6   10   0.0017737003
6   8   6   11   0.0000000000
6   8   6   12   -0.0097046710
6   8   7   8   0.0000000000
6   8   7   9   0.0000000000
6   8   7   10   0.0000000000
6   8   7   12   -0.0000000000
6   9   1   13   -0.0000000000
6   9   2   13   0.0127633344
6   9   2   14   -0.0000000000
6   9   3   13   -0.0000000000
6   9   3   14   -0.0000000000
6   9   4   13   0.0110275334
6   9   4   14   0.0000000000
6   9   5   13   -0.0000000000
6   9   5   14   0.0000000000
6   9   6   8   -0.0000000003
6   9   6   9   0.6720937794
6   9   6   10   0.0000000000
6   9   6   11   -0.0086989426
6   9   6   12   0.0000000001
6   9   7   8   0.0000000000
6   9   7   9   0.0000000000
6   9   7   10   0.0000000000
6   9   7   11   -0.0000000000
6   9   7   12   0.0000000000
6   10   1   13   -0.0158203508
6   10   1   14   -0.0000000000
6   10   2   13   -0.0000000000
6   10   2   14   -0.0000000000
6   10   3   13   0.0868670673
6   10   3   14   -0.0000000000
6   10   4   13   -0.0000000001
6   10   4   14   0.0000000001
6   10   5   13   -0.0098226400
6   10   5   14   0.0000000000
6   10   6   8   0.0017737003
6   10   6   9   0.0000000000
6   10   6   10   0.5948476323
6   10   6   11   0.0000000000
6   10   6   12   0.0580655745
6   10   7   8   0.0000000000
6   10   7   9   0.0000000000
6   10   7   10   -0.0000000001
6   10   7   11   0.0000000001
6   10   7   12   0.0000000000
6   11   1   13   0.0000000000
6   11   1   14   0.0000000000
6   11   2   13   0.0110275334
6   11   2   14   0.0000000000
6   11   3   13   -0.0000000001
6   11   3   14   0.0000000001
6   11   4   13   0.0410419505
6   11   4   14   -0.0000000000
6   11   5   13   -0.0000000001
6   11   5   14   0.0000000000
6   11   6   8   0.0000000000
6   11   6   9   -0.0086989426
6   11   6   10   0.0000000000
6   11   6   11   0.4808442922
6   11   6   12   -0.0000000000
6   11   7   9   -0.0000000000
6   11   7   10   0.0000000001
6   11   7   11   -0.0000000001
6   11   7   12   -0.0000000000
6   12   1   13   0.0038089653
6   12   1   14   0.0000000000
6   12   2   13   -0.0000000000
6   12   2   14   0.0000000000
6   12   3   13   -0.0098226400
6   12   3   14   0.0000000000
6   12   4   13   -0.0000000001
6   12   4   14   0.0000000000
6   12   5   13   0.0207211369
6   12   5   14   -0.0000000000
6   12   6   8   -0.0097046710
6   12   6   9   0.0000000001
6   12   6   10   0.0580655745
6   12   6   11   -0.0000000000
6   12   6   12   0.4888352930
6   12   7   8   -0.0000000000
6   12   7   9   0.0000000000
6   12   7   10   0.0000000000
6   12   7   11   -0.0000000000
6   12   7   12   0.0000000000
6   13   1   8   0.0100457740
6   13   1   9   -0.0000000001
6   13   1   10   -0.0151052855
6   13   1   11   -0.0000000000
6   13   1   12   0.0033692941
6   13   2   8   -0.0000000001
6   13   2   9   0.0095867544
6   13   2   10   -0.0000000000
6   13   2   11   0.0103026868
6   13   2   12   -0.0000000000
6   13   3   8   -0.0151052855
6   13   3   9   -0.0000000000
6   13   3   10   0.0835625961
6   13   3   11   -0.0000000001
6   13   3   12   -0.0095475309
6   13   4   8   -0.0000000000
6   13   4   9   0.0103026868
6   13   4   10   -0.0000000001
6   13   4   11   0.0371298039
6   13   4   12   -0.0000000002
6   13   5   8   0.0033692941
6   13   5   9   -0.0000000000
6   13   5   10   -0.0095475309
6   13   5   11   -0.0000000002
6   13   5   12   0.0158926284
6   13   6   13   0.5422269149
6   13   6   14   0.0000000011
6   13   7   13   0.0000000011
6   13   7   14   0.0147957613
6   14   1   8   0.0000000000
6   14   1   9   -0.0000000000
6   14   1   10   0.0000000000
6   14   1   11   0.0000000000
6   14   1   12   0.0000000000
6   14   2   8   -0.0000000000
6   14   2   9   0.0000000000
6   14   2   10   -0.0000000000
6   14   2   11   -0.0000000000
6   14   2   12   0.0000000000
6   14   3   8   0.0000000000
6   14   3   9   -0.0000000000
6   14   3   10   0.0000000001
6   14   3   11   -0.0000000002
6   14   3   12   -0.0000000001
6   14   4   8   0.0000000000
6   14   4   9   -0.0000000000
6   14   4   10   -0.0000000002
6   14   4   11   0.0000000001
6   14   4   12   0.0000000003
6   14   5   8   0.0000000000
6   14   5   9   0.0000000000
6   14   5   10   -0.0000000001
6   14   5   11   0.0000000003
6   14   5   12   0.0000000001
6   14   6   13   0.0000000011
6   14   6   14   0.5089495784
6   14   7   13   0.0184815777
6   14   7   14   -0.0000000004
7   8   1   13   -0.0000000000
7   8   1   14   0.0132134176
7   8   2   14   -0.0000000000
7   8   3   13   -0.0000000000
7   8   3   14   -0.0158203508
7   8   4   13   0.0000000000
7   8   4   14   -0.0000000000
7   8   5   13   0.0000000000
7   8   5   14   0.0038089653
7   8   6   8   0.0000000000
7   8   6   9   0.0000000000
7   8   6   10   0.0000000000
7   8   6   12   -0.0000000000
7   8   7   8   0.6721174129
7   8   7   9   -0.0000000003
7   8   7   10   0.0017737003
7   8   7   11   0.0000000000
7   8   7   12   -0.0097046710
7   9   1   14   -0.0000000000
7   9   2   13   -0.0000000000
7   9   2   14   0.0127633344
7   9   3   13   -0.0000000000
7   9   4   13   0.0000000000
7   9   4   14   0.0110275334
7   9   5   13   0.0000000000
7   9   5   14   -0.0000000000
7   9   6   8   0.0000000000
7   9   6   9   0.0000000000
7   9   6   10   0.0000000000
7   9   6   11   -0.0000000000
7   9   6   12   0.0000000000
7   9   7   8   -0.0000000003
7   9   7   9   0.6720937794
7   9   7   11   -0.0086989426
7   9   7   12   0.0000000001
7   10   1   13   -0.0000000000
7   10   1   14   -0.0158203508
7   10   2   13   -0.0000000000
7   10   3   13   -0.0000000000
7   10   3   14   0.0868670674
7   10   4   13   0.0000000001
7   10   4   14   -0.0000000002
7   10   5   13   0.0000000000
7   10   5   14   -0.0098226400
7   10   6   8   0.0000000000
7   10   6   9   0.0000000000
7   10   6   10   -0.0000000001
7   10   6   11   0.0000000001
7   10   6   12   0.0000000000
7   10   7   8   0.0017737003
7   10   7   10   0.5948476323
7   10   7   11   -0.0000000000
7   10   7   12   0.0580655745
7   11   1   13   0.0000000000
7   11   1   14   -0.0000000000
7   11   2   13   0.0000000000
7   11   2   14   0.0110275334
7   11   3   13   0.0000000001
7   11   3   14   -0.0000000002
7   11   4   13   -0.0000000000
7   11   4   14   0.0410419505
7   11   5   13   0.0000000000
7   11   5   14   -0.0000000001
7   11   6   9   -0.0000000000
7   11   6   10   0.0000000001
7   11   6   11   -0.0000000001
7   11   6   12   -0.0000000000
7   11   7   8   0.0000000000
7   11   7   9   -0.0086989426
7   11   7   10   -0.0000000000
7   11   7   11   0.4808442923
7   11   7   12   -0.0000000000
7   12   1   13   0.0000000000
7   12   1   14   0.0038089653
7   12   2   13   0.0000000000
7   12   2   14   -0.0000000000
7   12   3   13   0.0000000000
7   12   3   14   -0.0098226400
7   12   4   13   0.0000000000
7   12   4   14   -0.0000000001
7   12   5   13   -0.0000000000
7   12   5   14   0.0207211369
7   12   6   8   -0.0000000000
7   12   6   9   0.0000000000
7   12   6   10   0.0000000000
7   12   6   11   -0.0000000000
7   12   6   12   0.0000000000
7   12   7   8   -0.0097046710
7   12   7   9   0.0000000001
7   12   7   10   0.0580655745
7   12   7   11   -0.0000000000
7   12   7   12   0.4888352930
7   13   1   8   0.0000000000
7   13   1   9   -0.0000000000
7   13   1   10   0.0000000000
7   13   1   11   0.0000000000
7   13   1   12   0.0000000000
7   13   2   8   -0.0000000000
7   13   2   9   0.0000000000
7   13   2   10   -0.0000000000
7   13   2   11   -0.0000000000
7   13   2   12   0.0000000000
7   13   3   8   0.0000000000
7   13   3   9   -0.0000000000
7   13   3   10   0.0000000001
7   13   3   11   -0.0000000002
7   13   3   12   -0.0000000001
7   13   4   8   0.0000000000
7   13   4   9   -0.0000000000
7   13   4   10   -0.0000000002
7   13   4   11   0.0000000001
7   13   4   12   0.0000000003
7   13   5   8   0.0000000000
7   13   5   9   0.0000000000
7   13   5   10   -0.0000000001
7   13   5   11   0.0000000003
7   13   5   12   0.0000000001
7   13   6   13   0.0000000011
7   13   6   14   0.0184815777
7   13   7   13   0.5089495784
7   13   7   14   -0.0000000004
7   14   1   8   0.0100457740
7   14   1   9   -0.0000000001
7   14   1   10   -0.0151052855
7   14   1   11   -0.0000000000
7   14   1   12   0.0033692941
7   14   2   8   -0.0000000001
7   14   2   9   0.0095867544
7   14   2   10   0.0000000000
7   14   2   11   0.0103026868
7   14   2   12   -0.0000000000
7   14   3   8   -0.0151052855
7   14   3   9   0.0000000000
7   14   3   10   0.0835625960
7   14   3   11   0.0000000001
7   14   3   12   -0.0095475308
7   14   4   8   -0.0000000000
7   14   4   9   0.0103026868
7   14   4   10   0.0000000001
7   14   4   11   0.0371298037
7   14   4   12   -0.0000000005
7   14   5   8   0.0033692941
7   14   5   9   -0.0000000000
7   14   5   10   -0.0095475308
7   14   5   11   -0.0000000005
7   14   5   12   0.0158926284
7   14   6   13   0.0147957613
7   14   6   14   -0.0000000004
7   14   7   13   -0.0000000004
7   14   7   14   0.5422269144

End IJKL Block
Begin ABCD Block
1   4   1   4   0.4431389237
1   4   1   5   0.0000000028
1   4   2   4   0.0000000028
1   4   2   5   0.0163040757
1   4   3   6   0.0078474183
1   5   1   4   0.0000000028
1   5   1   5   0.4106296634
1   5   2   4   0.0162051752
1   5   2   5   -0.0000000028
1   5   3   6   -0.0000000000
1   6   1   6   0.2452721755
1   6   2   6   -0.0000000041
1   6   3   4   0.0078753518
1   6   3   5   0.0000000000
2   4   1   4   0.0000000028
2   4   1   5   0.0162051752
2   4   2   4   0.4106296634
2   4   2   5   -0.0000000028
2   4   3   6   -0.0000000000
2   5   1   4   0.0163040757
2   5   1   5   -0.0000000028
2   5   2   4   -0.0000000028
2   5   2   5   0.4431389237
2   5   3   6   0.0078474183
2   6   1   6   -0.0000000041
2   6   2   6   0.2452721929
2   6   3   4   0.0000000000
2   6   3   5   0.0078753517
3   4   1   6   0.0078753518
3   4   2   6   0.0000000000
3   4   3   4   0.2452721755
3   4   3   5   -0.0000000041
3   5   1   6   0.0000000000
3   5   2   6   0.0078753517
3   5   3   4   -0.0000000041
3   5   3   5   0.2452721929
3   6   1   4   0.0078474183
3   6   1   5   -0.0000000000
3   6   2   4   -0.0000000000
3   6   2   5   0.0078474183
3   6   3   6   0.2577030952

End ABCD Block
Begin AIJB Block
1   8   1   4   0.0112973167
1   8   2   4   0.0000000000
1   8   3   4   -0.0090373683
1   8   3   5   -0.0000000000
1   8   4   4   -0.0000000000
1   8   5   4   0.0055409314
1   8   6   6   0.0004760974
1   8   7   6   0.0004899153
1   9   1   4   0.0000000000
1   9   2   4   0.0115640337
1   9   4   4   0.0122686303
1   9   5   4   0.0000000000
1   9   5   5   0.0000000000
1   9   6   6   0.0000000001
1   9   7   6   0.0000000001
1   10   1   4   -0.0090373683
1   10   1   5   -0.0000000000
1   10   3   4   0.0320410759
1   10   3   5   0.0000000000
1   10   4   4   0.0000000010
1   10   4   5   0.0000000000
1   10   5   4   -0.0181263090
1   10   5   5   -0.0000000000
1   10   6   6   0.0173694320
1   10   7   6   0.0178735500
1   11   1   4   -0.0000000000
1   11   2   4   0.0122686303
1   11   3   4   0.0000000010
1   11   3   5   0.0000000000
1   11   4   4   0.0624273619
1   11   4   5   -0.0000000000
1   11   5   4   -0.0000000015
1   11   5   5   0.0000000000
1   11   6   6   -0.0000000006
1   11   7   6   -0.0000000006
1   12   1   4   0.0055409314
1   12   2   4   0.0000000000
1   12   2   5   0.0000000000
1   12   3   4   -0.0181263090
1   12   3   5   -0.0000000000
1   12   4   4   -0.0000000015
1   12   4   5   0.0000000000
1   12   5   4   0.0311572197
1   12   5   5   0.0000000000
1   12   6   6   0.0000122659
1   12   7   6   0.0000126218
1   13   1   6   -0.0025994513
1   13   2   6   0.0000000000
1   13   3   6   0.0075793704
1   13   4   6   0.0000000041
1   13   5   6   -0.0032135496
1   13   6   4   0.0656008513
1   13   6   5   0.0525744561
1   13   7   4   0.0525744574
1   13   7   5   0.0396553997
1   14   1   6   -0.0026748959
1   14   2   6   -0.0000000000
1   14   3   6   0.0077993487
1   14   4   6   0.0000000040
1   14   5   6   -0.0033068173
1   14   6   4   0.0525744574
1   14   6   5   -0.0366466681
1   14   7   4   0.0686095800
1   14   7   5   -0.0525744561
2   8   1   5   0.0112973167
2   8   2   5   0.0000000000
2   8   3   4   -0.0000000000
2   8   3   5   -0.0090373683
2   8   4   5   -0.0000000000
2   8   5   5   0.0055409314
2   8   6   6   0.0004899153
2   8   7   6   -0.0004760974
2   9   1   5   0.0000000000
2   9   2   5   0.0115640337
2   9   3   5   -0.0000000000
2   9   4   5   0.0122686303
2   9   5   4   0.0000000000
2   9   5   5   -0.0000000000
2   9   6   6   0.0000000001
2   9   7   6   -0.0000000001
2   10   1   4   -0.0000000000
2   10   1   5   -0.0090373683
2   10   2   5   -0.0000000000
2   10   3   4   0.0000000000
2   10   3   5   0.0320410758
2   10   4   4   0.0000000000
2   10   4   5   0.0000000009
2   10   5   4   -0.0000000000
2   10   5   5   -0.0181263090
2   10   6   6   0.0178735500
2   10   7   6   -0.0173694319
2   11   1   5   -0.0000000000
2   11   2   5   0.0122686303
2   11   3   4   0.0000000000
2   11   3   5   0.0000000009
2   11   4   4   -0.0000000000
2   11   4   5   0.0624273619
2   11   5   4   0.0000000000
2   11   5   5   -0.0000000015
2   11   6   6   -0.0000000007
2   11   7   6   0.0000000007
2   12   1   5   0.0055409314
2   12   2   4   0.0000000000
2   12   2   5   -0.0000000000
2   12   3   4   -0.0000000000
2   12   3   5   -0.0181263090
2   12   4   4   0.0000000000
2   12   4   5   -0.0000000015
2   12   5   4   0.0000000000
2   12   5   5   0.0311572197
2   12   6   6   0.0000126216
2   12   7   6   -0.0000122654
2   13   1   6   -0.0026748959
2   13   2   6   -0.0000000000
2   13   3   6   0.0077993486
2   13   4   6   0.0000000038
2   13   5   6   -0.0033068172
2   13   6   4   0.0525744561
2   13   6   5   0.0686095800
2   13   7   4   -0.0366466681
2   13   7   5   -0.0525744573
2   14   1   6   0.0025994513
2   14   2   6   0.0000000000
2   14   3   6   -0.0075793703
2   14   4   6   -0.0000000035
2   14   5   6   0.0032135494
2   14   6   4   0.0396553997
2   14   6   5   -0.0525744573
2   14   7   4   -0.0525744561
2   14   7   5   0.0656008512
3   8   1   6   0.0039190376
3   8   2   6   -0.0000000000
3   8   3   6   0.0007613580
3   8   4   6   -0.0000000000
3   8   5   6   -0.0002466581
3   8   6   4   -0.0025994513
3   8   6   5   -0.0026748959
3   8   7   4   -0.0026748959
3   8   7   5   0.0025994513
3   9   1   6   -0.0000000000
3   9   2   6   0.0039226924
3   9   3   6   0.0000000001
3   9   4   6   -0.0007670939
3   9   5   6   0.0000000002
3   9   6   4   0.0000000000
3   9   6   5   -0.0000000000
3   9   7   4   -0.0000000000
3   9   7   5   0.0000000000
3   10   1   6   0.0007613580
3   10   2   6   0.0000000001
3   10   3   6   0.0081817543
3   10   4   6   -0.0000000004
3   10   5   6   -0.0018526548
3   10   6   4   0.0075793704
3   10   6   5   0.0077993486
3   10   7   4   0.0077993487
3   10   7   5   -0.0075793703
3   11   1   6   -0.0000000000
3   11   2   6   -0.0007670939
3   11   3   6   -0.0000000004
3   11   4   6   0.0143417339
3   11   5   6   0.0000000003
3   11   6   4   0.0000000041
3   11   6   5   0.0000000038
3   11   7   4   0.0000000040
3   11   7   5   -0.0000000035
3   12   1   6   -0.0002466581
3   12   2   6   0.0000000002
3   12   3   6   -0.0018526548
3   12   4   6   0.0000000003
3   12   5   6   0.0095431083
3   12   6   4   -0.0032135496
3   12   6   5   -0.0033068172
3   12   7   4   -0.0033068173
3   12   7   5   0.0032135494
3   13   1   4   0.0004760974
3   13   1   5   0.0004899153
3   13   2   4   0.0000000001
3   13   2   5   0.0000000001
3   13   3   4   0.0173694320
3   13   3   5   0.0178735500
3   13   4   4   -0.0000000006
3   13   4   5   -0.0000000007
3   13   5   4   0.0000122659
3   13   5   5   0.0000126216
3   13   6   6   0.0048495640
3   13   7   6   0.0000000001
3   14   1   4   0.0004899153
3   14   1   5   -0.0004760974
3   14   2   4   0.0000000001
3   14   2   5   -0.0000000001
3   14   3   4   0.0178735500
3   14   3   5   -0.0173694319
3   14   4   4   -0.0000000006
3   14   4   5   0.0000000007
3   14   5   4   0.0000126218
3   14   5   5   -0.0000122654
3   14   6   6   0.0000000001
3   14   7   6   0.0048495639

1   8   8   1   -0.5851481715
1   8   8   2   0.0000000000
1   8   9   1   -0.0000000000
1   8   9   2   -0.0000000000
1   8   10   1   -0.0041365283
1   8   10   2   0.0000000000
1   8   11   1   0.0000000001
1   8   11   2   -0.0000000000
1   8   12   1   0.0021592630
1   8   12   2   0.0000000000
1   8   13   3   0.0027765212
1   8   14   3   0.0028571049
1   9   8   1   -0.0000000000
1   9   8   2   -0.0000000000
1   9   9   1   -0.5851713073
1   9   9   2   0.0000000000
1   9   10   2   -0.0000000000
1   9   11   1   0.0044012795
1   9   11   2   0.0000000000
1   9   12   1   0.0000000002
1   9   12   2   -0.0000000001
1   9   13   3   -0.0000000001
1   9   14   3   -0.0000000001
1   10   8   1   -0.0041365283
1   10   8   2   0.0000000000
1   10   9   2   -0.0000000000
1   10   10   1   -0.4983197538
1   10   10   2   -0.0000000000
1   10   11   1   -0.0000000002
1   10   11   2   -0.0000000000
1   10   12   1   -0.0253958822
1   10   12   2   -0.0000000000
1   10   13   3   -0.0099140457
1   10   14   3   -0.0102017840
1   11   8   1   0.0000000001
1   11   8   2   -0.0000000000
1   11   9   1   0.0044012795
1   11   9   2   0.0000000000
1   11   10   1   -0.0000000002
1   11   10   2   -0.0000000000
1   11   11   1   -0.4589786900
1   11   11   2   0.0000000000
1   11   12   1   0.0000000005
1   11   12   2   -0.0000000000
1   11   13   3   -0.0000000230
1   11   14   3   -0.0000000234
1   12   8   1   0.0021592630
1   12   8   2   0.0000000000
1   12   9   1   0.0000000002
1   12   9   2   -0.0000000001
1   12   10   1   -0.0253958822
1   12   10   2   -0.0000000000
1   12   11   1   0.0000000005
1   12   11   2   -0.0000000000
1   12   12   1   -0.4594761955
1   12   12   2   0.0000000000
1   12   13   3   0.0012724523
1   12   14   3   0.0013093830
1   13   8   3   0.0027988959
1   13   9   3   -0.0000000001
1   13   10   3   -0.0101028109
1   13   11   3   -0.0000000231
1   13   12   3   0.0008698362
1   13   13   1   -0.4671494465
1   13   13   2   -0.0175038785
1   13   14   1   -0.0175038774
1   13   14   2   0.0007394439
1   14   8   3   0.0028801290
1   14   9   3   -0.0000000001
1   14   10   3   -0.0103960277
1   14   11   3   -0.0000000232
1   14   12   3   0.0008950817
1   14   13   1   -0.0175038774
1   14   13   2   -0.0017411543
1   14   14   1   -0.4681511595
1   14   14   2   0.0175038786
2   8   8   1   0.0000000000
2   8   8   2   -0.5851481716
2   8   9   1   -0.0000000000
2   8   9   2   -0.0000000000
2   8   10   1   0.0000000000
2   8   10   2   -0.0041365284
2   8   11   1   -0.0000000000
2   8   11   2   0.0000000002
2   8   12   1   0.0000000000
2   8   12   2   0.0021592628
2   8   13   3   0.0028571049
2   8   14   3   -0.0027765212
2   9   8   1   -0.0000000000
2   9   8   2   -0.0000000000
2   9   9   1   0.0000000000
2   9   9   2   -0.5851713074
2   9   10   1   -0.0000000000
2   9   10   2   0.0000000001
2   9   11   1   0.0000000000
2   9   11   2   0.0044012794
2   9   12   1   -0.0000000001
2   9   12   2   0.0000000004
2   9   13   3   -0.0000000001
2   9   14   3   0.0000000001
2   10   8   1   0.0000000000
2   10   8   2   -0.0041365284
2   10   9   1   -0.0000000000
2   10   9   2   0.0000000001
2   10   10   1   -0.0000000000
2   10   10   2   -0.4983197537
2   10   11   1   -0.0000000000
2   10   11   2   -0.0000000000
2   10   12   1   -0.0000000000
2   10   12   2   -0.0253958822
2   10   13   3   -0.0102017840
2   10   14   3   0.0099140458
2   11   8   1   -0.0000000000
2   11   8   2   0.0000000002
2   11   9   1   0.0000000000
2   11   9   2   0.0044012794
2   11   10   1   -0.0000000000
2   11   10   2   -0.0000000000
2   11   11   1   0.0000000000
2   11   11   2   -0.4589786900
2   11   12   1   -0.0000000000
2   11   12   2   0.0000000007
2   11   13   3   -0.0000000229
2   11   14   3   0.0000000219
2   12   8   1   0.0000000000
2   12   8   2   0.0021592628
2   12   9   1   -0.0000000001
2   12   9   2   0.0000000004
2   12   10   1   -0.0000000000
2   12   10   2   -0.0253958822
2   12   11   1   -0.0000000000
2   12   11   2   0.0000000007
2   12   12   1   0.0000000000
2   12   12   2   -0.4594761955
2   12   13   3   0.0013093830
2   12   14   3   -0.0012724522
2   13   8   3   0.0028801290
2   13   9   3   -0.0000000001
2   13   10   3   -0.0103960277
2   13   11   3   -0.0000000225
2   13   12   3   0.0008950816
2   13   13   1   -0.0175038785
2   13   13   2   -0.4681511596
2   13   14   1   -0.0017411543
2   13   14   2   0.0175038775
2   14   8   3   -0.0027988959
2   14   9   3   0.0000000001
2   14   10   3   0.0101028109
2   14   11   3   0.0000000213
2   14   12   3   -0.0008698360
2   14   13   1   0.0007394439
2   14   13   2   0.0175038775
2   14   14   1   0.0175038786
2   14   14   2   -0.4671494468
3   8   8   3   -0.2695596022
3   8   9   3   0.0000000008
3   8   10   3   -0.0013653452
3   8   11   3   0.0000000146
3   8   12   3   -0.0003636844
3   8   13   1   0.0027988959
3   8   13   2   0.0028801290
3   8   14   1   0.0028801290
3   8   14   2   -0.0027988959
3   9   8   3   0.0000000008
3   9   9   3   -0.2695645532
3   9   10   3   0.0000000012
3   9   11   3   0.0006925730
3   9   12   3   0.0000000193
3   9   13   1   -0.0000000001
3   9   13   2   -0.0000000001
3   9   14   1   -0.0000000001
3   9   14   2   0.0000000001
3   10   8   3   -0.0013653452
3   10   9   3   0.0000000012
3   10   10   3   -0.2499690489
3   10   11   3   -0.0000000203
3   10   12   3   0.0011664463
3   10   13   1   -0.0101028109
3   10   13   2   -0.0103960277
3   10   14   1   -0.0103960277
3   10   14   2   0.0101028109
3   11   8   3   0.0000000146
3   11   9   3   0.0006925730
3   11   10   3   -0.0000000203
3   11   11   3   -0.2595440679
3   11   12   3   0.0000000507
3   11   13   1   -0.0000000231
3   11   13   2   -0.0000000225
3   11   14   1   -0.0000000232
3   11   14   2   0.0000000213
3   12   8   3   -0.0003636844
3   12   9   3   0.0000000193
3   12   10   3   0.0011664463
3   12   11   3   0.0000000507
3   12   12   3   -0.2628482862
3   12   13   1   0.0008698362
3   12   13   2   0.0008950816
3   12   14   1   0.0008950817
3   12   14   2   -0.0008698360
3   13   8   1   0.0027765212
3   13   8   2   0.0028571049
3   13   9   1   -0.0000000001
3   13   9   2   -0.0000000001
3   13   10   1   -0.0099140457
3   13   10   2   -0.0102017840
3   13   11   1   -0.0000000230
3   13   11   2   -0.0000000229
3   13   12   1   0.0012724523
3   13   12   2   0.0013093830
3   13   13   3   -0.2453136308
3   13   14   3   0.0000000020
3   14   8   1   0.0028571049
3   14   8   2   -0.0027765212
3   14   9   1   -0.0000000001
3   14   9   2   0.0000000001
3   14   10   1   -0.0102017840
3   14   10   2   0.0099140458
3   14   11   1   -0.0000000234
3   14   11   2   0.0000000219
3   14   12   1   0.0013093830
3   14   12   2   -0.0012724522
3   14   13   3   0.0000000020
3   14   14   3   -0.2453136326

End AIJB Block
Begin IJKA Block
1   8   1   6   -0.0000000001
1   8   2   6   -0.0690870860
1   8   3   6   -0.0000000001
1   8   4   6   0.0107031546
1   8   5   6   -0.0000000000
1   8   6   4   0.0000000000
1   8   6   5   0.0000000000
1   8   7   4   0.0000000000
1   8   7   5   -0.0000000000
1   9   1   6   -0.0693724794
1   9   2   6   -0.0000000000
1   9   3   6   -0.0110626787
1   9   4   6   0.0000000002
1   9   5   6   0.0037184944
1   9   6   4   -0.0083582999
1   9   6   5   -0.0086008852
1   9   7   4   -0.0086008852
1   9   7   5   0.0083582999
1   10   1   6   -0.0000000009
1   10   2   6   -0.0642080734
1   10   3   6   -0.0000000002
1   10   4   6   0.0024240036
1   10   5   6   0.0000000000
1   10   6   4   0.0000000000
1   10   6   5   0.0000000000
1   10   7   4   0.0000000000
1   10   7   5   -0.0000000000
1   11   1   6   0.0913163744
1   11   2   6   0.0000000027
1   11   3   6   0.0024053697
1   11   4   6   -0.0000000002
1   11   5   6   -0.0006294997
1   11   6   4   -0.0091556454
1   11   6   5   -0.0094213724
1   11   7   4   -0.0094213724
1   11   7   5   0.0091556454
1   12   1   6   0.0000000018
1   12   2   6   0.0138408659
1   12   3   6   -0.0000000006
1   12   4   6   0.0002423655
1   12   5   6   -0.0000000005
1   12   6   4   0.0000000000
1   12   6   5   0.0000000000
1   12   7   4   0.0000000000
1   12   7   5   -0.0000000000
1   13   1   4   -0.0000000009
1   13   1   5   -0.0000000002
1   13   2   4   -0.1373987768
1   13   2   5   -0.1413865410
1   13   3   4   -0.0000000001
1   13   3   5   -0.0000000001
1   13   4   4   0.0001724263
1   13   4   5   0.0001774306
1   13   5   4   0.0000000000
1   13   5   5   0.0000000001
1   13   6   6   -0.0000000000
1   13   7   6   -0.0000000000
1   14   1   4   -0.0000000006
1   14   1   5   -0.0000000001
1   14   2   4   -0.1413865411
1   14   2   5   0.1373987765
1   14   3   4   -0.0000000001
1   14   3   5   0.0000000001
1   14   4   4   0.0001774306
1   14   4   5   -0.0001724262
1   14   5   4   0.0000000001
1   14   5   5   -0.0000000001
1   14   6   6   -0.0000000000
1   14   7   6   -0.0000000000
2   8   1   6   -0.0690918086
2   8   2   6   -0.0000000000
2   8   3   6   -0.0110671908
2   8   4   6   0.0000000002
2   8   5   6   0.0036987623
2   8   6   4   -0.0081147109
2   8   6   5   -0.0083502264
2   8   7   4   -0.0083502265
2   8   7   5   0.0081147108
2   9   1   6   -0.0000000000
2   9   2   6   -0.0694113594
2   9   3   6   -0.0000000001
2   9   4   6   0.0107170265
2   9   5   6   0.0000000000
2   9   6   4   0.0000000000
2   9   6   5   0.0000000000
2   9   7   4   0.0000000000
2   9   7   5   -0.0000000000
2   10   1   6   -0.0641883942
2   10   2   6   -0.0000000008
2   10   3   6   -0.0022029207
2   10   4   6   0.0000000002
2   10   5   6   0.0012868792
2   10   6   4   0.0068433793
2   10   6   5   0.0070419966
2   10   7   4   0.0070419966
2   10   7   5   -0.0068433792
2   11   1   6   0.0000000027
2   11   2   6   0.0913051620
2   11   3   6   0.0000000002
2   11   4   6   -0.0021422543
2   11   5   6   -0.0000000001
2   11   6   4   0.0000000000
2   11   6   5   0.0000000000
2   11   7   4   0.0000000000
2   11   7   5   -0.0000000000
2   12   1   6   0.0138376757
2   12   2   6   0.0000000018
2   12   3   6   0.0019129813
2   12   4   6   0.0000000001
2   12   5   6   0.0021172638
2   12   6   4   -0.0036644654
2   12   6   5   -0.0037708202
2   12   7   4   -0.0037708202
2   12   7   5   0.0036644654
2   13   1   4   -0.1373472227
2   13   1   5   -0.1413334907
2   13   2   4   -0.0000000008
2   13   2   5   -0.0000000001
2   13   3   4   -0.0036180437
2   13   3   5   -0.0037230513
2   13   4   4   0.0000000001
2   13   4   5   0.0000000001
2   13   5   4   -0.0026645508
2   13   5   5   -0.0027418849
2   13   6   6   0.0039270953
2   13   7   6   0.0000000000
2   14   1   4   -0.1413334908
2   14   1   5   0.1373472224
2   14   2   4   -0.0000000005
2   14   2   5   -0.0000000002
2   14   3   4   -0.0037230513
2   14   3   5   0.0036180438
2   14   4   4   0.0000000001
2   14   4   5   -0.0000000001
2   14   5   4   -0.0027418849
2   14   5   5   0.0026645509
2   14   6   6   0.0000000000
2   14   7   6   0.0039270953
3   8   1   6   -0.0000000000
3   8   2   6   -0.0114848263
3   8   3   6   -0.0000000002
3   8   4   6   0.0020245433
3   8   5   6   0.0000000000
3   8   6   4   -0.0000000000
3   8   6   5   -0.0000000000
3   8   7   4   -0.0000000000
3   8   7   5   0.0000000000
3   9   1   6   -0.0114719303
3   9   2   6   0.0000000000
3   9   3   6   -0.0031805094
3   9   4   6   0.0000000000
3   9   5   6   -0.0002151441
3   9   6   4   0.0101717011
3   9   6   5   0.0104669173
3   9   7   4   0.0104669173
3   9   7   5   -0.0101717011
3   10   1   6   -0.0000000001
3   10   2   6   -0.0017265795
3   10   3   6   0.0000000009
3   10   4   6   0.0202030955
3   10   5   6   -0.0000000002
3   10   6   4   0.0000000005
3   10   6   5   0.0000000007
3   10   7   4   0.0000000006
3   10   7   5   -0.0000000007
3   11   1   6   0.0020980000
3   11   2   6   0.0000000001
3   11   3   6   0.0621232017
3   11   4   6   -0.0000000014
3   11   5   6   0.0072934716
3   11   6   4   0.0397445849
3   11   6   5   0.0408981034
3   11   7   4   0.0408981034
3   11   7   5   -0.0397445848
3   12   1   6   -0.0000000007
3   12   2   6   0.0017266832
3   12   3   6   0.0000000017
3   12   4   6   -0.0009631722
3   12   5   6   0.0000000005
3   12   6   4   -0.0000000003
3   12   6   5   -0.0000000000
3   12   7   4   -0.0000000002
3   12   7   5   -0.0000000001
3   13   1   4   -0.0000000001
3   13   1   5   -0.0000000001
3   13   2   4   -0.0026526991
3   13   2   5   -0.0027296891
3   13   3   4   -0.0000000002
3   13   3   5   0.0000000003
3   13   4   4   0.0563347708
3   13   4   5   0.0579697911
3   13   5   4   -0.0000000006
3   13   5   5   -0.0000000002
3   13   6   6   0.0000000069
3   13   7   6   0.0000000008
3   14   1   4   -0.0000000001
3   14   1   5   0.0000000001
3   14   2   4   -0.0027296891
3   14   2   5   0.0026526991
3   14   3   4   0.0000000000
3   14   3   5   -0.0000000006
3   14   4   4   0.0579697911
3   14   4   5   -0.0563347708
3   14   5   4   -0.0000000004
3   14   5   5   0.0000000000
3   14   6   6   0.0000000008
3   14   7   6   0.0000000061
4   8   1   6   0.0112151484
4   8   2   6   -0.0000000001
4   8   3   6   0.0021174170
4   8   4   6   -0.0000000001
4   8   5   6   -0.0014987376
4   8   6   4   -0.0077104090
4   8   6   5   -0.0079341905
4   8   7   4   -0.0079341905
4   8   7   5   0.0077104090
4   9   1   6   -0.0000000001
4   9   2   6   0.0112235993
4   9   3   6   0.0000000000
4   9   4   6   -0.0027913513
4   9   5   6   -0.0000000001
4   9   6   4   0.0000000000
4   9   6   5   0.0000000000
4   9   7   4   0.0000000000
4   9   7   5   -0.0000000000
4   10   1   6   0.0022606329
4   10   2   6   0.0000000001
4   10   3   6   0.0199219493
4   10   4   6   -0.0000000008
4   10   5   6   -0.0207526549
4   10   6   4   0.0237556084
4   10   6   5   0.0244450742
4   10   7   4   0.0244450742
4   10   7   5   -0.0237556082
4   11   1   6   -0.0000000001
4   11   2   6   -0.0020878190
4   11   3   6   0.0000000028
4   11   4   6   0.0480095597
4   11   5   6   -0.0000000006
4   11   6   4   0.0000000018
4   11   6   5   0.0000000013
4   11   7   4   0.0000000016
4   11   7   5   -0.0000000011
4   12   1   6   0.0001548728
4   12   2   6   0.0000000002
4   12   3   6   -0.0009910450
4   12   4   6   0.0000000019
4   12   5   6   0.0011795110
4   12   6   4   -0.0189837648
4   12   6   5   -0.0195347360
4   12   7   4   -0.0195347360
4   12   7   5   0.0189837647
4   13   1   4   0.0002299347
4   13   1   5   0.0002366081
4   13   2   4   0.0000000001
4   13   2   5   0.0000000001
4   13   3   4   0.0546839526
4   13   3   5   0.0562710607
4   13   4   4   -0.0000000002
4   13   4   5   -0.0000000001
4   13   5   4   -0.0765032852
4   13   5   5   -0.0787236621
4   13   6   6   0.0106383430
4   13   7   6   -0.0000000001
4   14   1   4   0.0002366081
4   14   1   5   -0.0002299346
4   14   2   4   0.0000000001
4   14   2   5   -0.0000000001
4   14   3   4   0.0562710608
4   14   3   5   -0.0546839525
4   14   4   4   -0.0000000001
4   14   4   5   0.0000000001
4   14   5   4   -0.0787236621
4   14   5   5   0.0765032851
4   14   6   6   -0.0000000001
4   14   7   6   0.0106383431
5   8   1   6   -0.0000000002
5   8   2   6   0.0039525733
5   8   3   6   -0.0000000000
5   8   4   6   -0.0014891690
5   8   5   6   -0.0000000002
5   8   6   4   -0.0000000000
5   8   6   5   -0.0000000000
5   8   7   4   -0.0000000000
5   8   7   5   0.0000000000
5   9   1   6   0.0039748857
5   9   2   6   -0.0000000002
5   9   3   6   -0.0002481464
5   9   4   6   -0.0000000001
5   9   5   6   -0.0023144281
5   9   6   4   -0.0026766499
5   9   6   5   -0.0027543351
5   9   7   4   -0.0027543351
5   9   7   5   0.0026766499
5   10   1   6   0.0000000001
5   10   2   6   0.0012241489
5   10   3   6   -0.0000000007
5   10   4   6   -0.0206299200
5   10   5   6   -0.0000000005
5   10   6   4   -0.0000000004
5   10   6   5   -0.0000000000
5   10   7   4   -0.0000000003
5   10   7   5   -0.0000000001
5   11   1   6   -0.0005326059
5   11   2   6   -0.0000000001
5   11   3   6   0.0066435096
5   11   4   6   0.0000000014
5   11   5   6   0.0481102213
5   11   6   4   -0.0171605198
5   11   6   5   -0.0176585745
5   11   7   4   -0.0176585745
5   11   7   5   0.0171605198
5   12   1   6   -0.0000000005
5   12   2   6   0.0019761079
5   12   3   6   0.0000000031
5   12   4   6   0.0006780805
5   12   5   6   0.0000000014
5   12   6   4   0.0000000014
5   12   6   5   0.0000000011
5   12   7   4   0.0000000013
5   12   7   5   -0.0000000009
5   13   1   4   0.0000000000
5   13   1   5   0.0000000001
5   13   2   4   -0.0021171034
5   13   2   5   -0.0021785488
5   13   3   4   -0.0000000002
5   13   3   5   -0.0000000003
5   13   4   4   -0.0750657831
5   13   4   5   -0.0772444389
5   13   5   4   -0.0000000002
5   13   5   5   0.0000000002
5   13   6   6   0.0000000016
5   13   7   6   -0.0000000004
5   14   1   4   0.0000000000
5   14   1   5   -0.0000000001
5   14   2   4   -0.0021785487
5   14   2   5   0.0021171035
5   14   3   4   -0.0000000002
5   14   3   5   0.0000000003
5   14   4   4   -0.0772444390
5   14   4   5   0.0750657829
5   14   5   4   -0.0000000000
5   14   5   5   -0.0000000003
5   14   6   6   -0.0000000004
5   14   7   6   0.0000000020
6   8   1   4   -0.0000000000
6   8   1   5   -0.0000000000
6   8   2   4   -0.0087810249
6   8   2   5   -0.0090358792
6   8   3   4   -0.0000000000
6   8   3   5   -0.0000000000
6   8   4   4   -0.0079035704
6   8   4   5   -0.0081329580
6   8   5   4   0.0000000000
6   8   5   5   0.0000000000
6   8   6   6   -0.0000000001
6   8   7   6   -0.0000000000
6   9   1   4   -0.0089910472
6   9   1   5   -0.0092519970
6   9   2   4   -0.0000000000
6   9   2   5   -0.0000000000
6   9   3   4   0.0103563479
6   9   3   5   0.0106569232
6   9   4   4   0.0000000000
6   9   4   5   0.0000000000
6   9   5   4   -0.0028380760
6   9   5   5   -0.0029204463
6   9   6   6   -0.0015784513
6   9   7   6   0.0000000000
6   10   1   4   0.0000000000
6   10   1   5   0.0000000000
6   10   2   4   0.0068477379
6   10   2   5   0.0070464818
6   10   3   4   0.0000000005
6   10   3   5   0.0000000007
6   10   4   4   0.0232131937
6   10   4   5   0.0238869169
6   10   5   4   -0.0000000004
6   10   5   5   -0.0000000002
6   10   6   6   0.0000000017
6   10   7   6   0.0000000012
6   11   1   4   -0.0084274541
6   11   1   5   -0.0086720465
6   11   2   4   -0.0000000000
6   11   2   5   0.0000000000
6   11   3   4   0.0373962893
6   11   3   5   0.0384816526
6   11   4   4   0.0000000001
6   11   4   5   0.0000000001
6   11   5   4   -0.0178114867
6   11   5   5   -0.0183284346
6   11   6   6   0.0527928431
6   11   7   6   -0.0000000001
6   12   1   5   0.0000000000
6   12   2   4   -0.0035162940
6   12   2   5   -0.0036183484
6   12   3   4   0.0000000000
6   12   3   5   -0.0000000000
6   12   4   4   -0.0192382687
6   12   4   5   -0.0197966265
6   12   5   4   0.0000000001
6   12   5   5   0.0000000003
6   12   6   6   0.0000000007
6   12   7   6   -0.0000000005
6   13   1   6   -0.0000000000
6   13   2   6   0.0034845916
6   13   3   6   0.0000000102
6   13   4   6   0.0098442984
6   13   5   6   -0.0000000024
6   13   6   4   0.0000000002
6   13   6   5   0.0000000009
6   13   7   4   0.0000000007
6   13   7   5   -0.0000000004
6   14   1   6   -0.0000000000
6   14   2   6   -0.0000000000
6   14   3   6   -0.0000000002
6   14   4   6   0.0000000003
6   14   5   6   0.0000000002
6   14   6   4   -0.0000000003
6   14   6   5   -0.0000000007
6   14   7   4   -0.0000000002
6   14   7   5   0.0000000003
7   8   1   4   -0.0000000000
7   8   1   5   0.0000000000
7   8   2   4   -0.0090358792
7   8   2   5   0.0087810249
7   8   3   4   -0.0000000000
7   8   3   5   0.0000000000
7   8   4   4   -0.0081329580
7   8   4   5   0.0079035704
7   8   5   4   0.0000000000
7   8   5   5   -0.0000000000
7   8   6   6   -0.0000000000
7   8   7   6   -0.0000000001
7   9   1   4   -0.0092519969
7   9   1   5   0.0089910472
7   9   2   4   -0.0000000000
7   9   2   5   0.0000000000
7   9   3   4   0.0106569232
7   9   3   5   -0.0103563479
7   9   4   4   0.0000000000
7   9   4   5   -0.0000000000
7   9   5   4   -0.0029204463
7   9   5   5   0.0028380760
7   9   6   6   0.0000000000
7   9   7   6   -0.0015784513
7   10   1   4   0.0000000000
7   10   1   5   -0.0000000000
7   10   2   4   0.0070464818
7   10   2   5   -0.0068477379
7   10   3   4   0.0000000006
7   10   3   5   -0.0000000008
7   10   4   4   0.0238869169
7   10   4   5   -0.0232131937
7   10   5   4   -0.0000000003
7   10   5   5   0.0000000000
7   10   6   6   0.0000000012
7   10   7   6   0.0000000006
7   11   1   4   -0.0086720465
7   11   1   5   0.0084274541
7   11   2   4   0.0000000000
7   11   2   5   -0.0000000000
7   11   3   4   0.0384816526
7   11   3   5   -0.0373962892
7   11   4   4   0.0000000001
7   11   4   5   -0.0000000001
7   11   5   4   -0.0183284346
7   11   5   5   0.0178114867
7   11   6   6   -0.0000000001
7   11   7   6   0.0527928432
7   12   1   4   0.0000000000
7   12   1   5   -0.0000000000
7   12   2   4   -0.0036183484
7   12   2   5   0.0035162940
7   12   3   4   -0.0000000000
7   12   3   5   0.0000000001
7   12   4   4   -0.0197966265
7   12   4   5   0.0192382687
7   12   5   4   0.0000000002
7   12   5   5   -0.0000000003
7   12   6   6   -0.0000000005
7   12   7   6   0.0000000012
7   13   1   6   -0.0000000000
7   13   2   6   -0.0000000000
7   13   3   6   -0.0000000002
7   13   4   6   0.0000000003
7   13   5   6   0.0000000002
7   13   6   4   -0.0000000001
7   13   6   5   -0.0000000003
7   13   7   4   -0.0000000007
7   13   7   5   0.0000000004
7   14   1   6   0.0000000000
7   14   2   6   0.0034845917
7   14   3   6   0.0000000104
7   14   4   6   0.0098442982
7   14   5   6   -0.0000000026
7   14   6   4   0.0000000009
7   14   6   5   0.0000000007
7   14   7   4   0.0000000006
7   14   7   5   -0.0000000013

End IJKA Block
Begin IABC Block
1   4   1   6   -0.0000000003
1   4   3   4   -0.0000000000
1   4   3   5   -0.0000000000
1   5   2   6   -0.0000000003
1   5   3   4   -0.0000000000
1   5   3   5   -0.0000000000
1   6   1   4   -0.0000000003
1   6   1   5   -0.0000000000
1   6   2   4   -0.0000000000
1   6   2   5   -0.0000000003
1   6   3   6   -0.0000000066
2   4   1   6   0.0036352947
2   4   3   4   -0.0011535758
2   4   3   5   0.0000000000
2   5   2   6   0.0036352947
2   5   3   4   0.0000000000
2   5   3   5   -0.0011535758
2   6   1   4   0.0036236331
2   6   1   5   0.0000000000
2   6   2   4   0.0000000000
2   6   2   5   0.0036236331
2   6   3   6   -0.0003468734
3   4   1   6   0.0000000480
3   4   2   6   -0.0000000000
3   4   3   4   -0.0000000002
3   4   3   5   0.0000000000
3   5   1   6   -0.0000000000
3   5   2   6   0.0000000480
3   5   3   4   0.0000000000
3   5   3   5   -0.0000000004
3   6   1   4   0.0000000446
3   6   1   5   0.0000000004
3   6   2   4   0.0000000004
3   6   2   5   0.0000000431
3   6   3   6   0.0000000039
4   4   1   6   0.0091607517
4   4   2   6   0.0000000000
4   4   3   4   0.0433708204
4   4   3   5   -0.0000000001
4   5   1   6   0.0000000000
4   5   2   6   0.0091607515
4   5   3   4   -0.0000000001
4   5   3   5   0.0433708206
4   6   1   4   0.0092400261
4   6   1   5   -0.0000000001
4   6   2   4   -0.0000000001
4   6   2   5   0.0092400265
4   6   3   6   -0.0023830622
5   4   1   6   -0.0000000403
5   4   2   6   -0.0000000000
5   4   3   4   0.0000000020
5   4   3   5   0.0000000004
5   5   1   6   -0.0000000000
5   5   2   6   -0.0000000402
5   5   3   4   0.0000000004
5   5   3   5   0.0000000001
5   6   1   4   -0.0000000406
5   6   1   5   -0.0000000005
5   6   2   4   -0.0000000005
5   6   2   5   -0.0000000385
5   6   3   6   -0.0000000305
6   4   1   4   -0.0000000011
6   4   1   5   -0.0000000006
6   4   2   4   -0.0000000005
6   4   2   5   -0.0000000005
6   4   3   6   0.0000001625
6   5   1   4   0.0000000000
6   5   1   5   -0.0000000007
6   5   2   4   -0.0000000004
6   5   2   5   -0.0000000012
6   5   3   6   0.0000001668
6   6   1   6   -0.0000000230
6   6   2   6   -0.0000000233
6   6   3   4   0.0000001445
6   6   3   5   0.0000001484
7   4   1   4   -0.0000000012
7   4   1   5   0.0000000009
7   4   2   4   0.0000000006
7   4   2   5   -0.0000000002
7   4   3   6   0.0000001670
7   5   1   4   -0.0000000000
7   5   1   5   -0.0000000006
7   5   2   4   -0.0000000005
7   5   2   5   0.0000000010
7   5   3   6   -0.0000001619
7   6   1   6   -0.0000000235
7   6   2   6   0.0000000225
7   6   3   4   0.0000001485
7   6   3   5   -0.0000001441

End IABC Block
