Begin IJ Block
1   1   -26.1810404982
1   2   0.0000001365
1   3   0.4753766051
1   4   -0.0000414868
1   5   0.0803974448
2   2   -26.1813046864
2   3   0.0000396834
2   4   0.4968067700
2   5   0.0000067238
3   3   -7.1351134369
3   4   0.0000000561
3   5   0.2817572860
4   4   -7.0267279366
4   5   0.0000000405
5   5   -6.6359045310
6   6   -6.4948825679
6   7   -0.0000000001
7   7   -6.4948825689

End IJ Block
Begin IA Block
1   3   -0.0000081872
2   3   0.0979239288
3   3   0.0000000541
4   3   -0.4816817849
5   3   -0.0000000571
6   1   -0.0000000422
6   2   0.0000000003
7   1   0.0000000010
7   2   0.0000000523

End IA Block
Begin AB Block
1   1   -6.3137375696
1   2   -0.0000000001
2   2   -6.3137375708
3   3   -6.4917028369

End AB Block
Begin IJAB Block
1   8   1   4   0.0138232445
1   8   2   5   0.0138232445
1   8   3   6   0.0174674066
1   9   1   4   -0.0000000040
1   9   2   5   -0.0000000040
1   9   3   6   -0.0000000099
1   10   1   4   0.0135171052
1   10   2   5   0.0135171052
1   10   3   6   0.0135179838
1   11   1   4   -0.0000012333
1   11   1   5   0.0000000000
1   11   2   4   0.0000000000
1   11   2   5   -0.0000012332
1   11   3   6   -0.0000012155
1   12   1   4   0.0023589276
1   12   2   5   0.0023589276
1   12   3   6   0.0013178138
1   13   1   6   -0.0039591099
1   13   2   6   0.0000551181
1   13   3   4   0.0023809345
1   13   3   5   -0.0000331470
1   14   1   6   0.0000551181
1   14   2   6   0.0039591099
1   14   3   4   -0.0000331470
1   14   3   5   -0.0023809347
2   8   1   4   -0.0000000040
2   8   2   5   -0.0000000040
2   8   3   6   -0.0000000099
2   9   1   4   0.0138763960
2   9   2   5   0.0138763960
2   9   3   6   0.0175922799
2   10   1   4   0.0000011289
2   10   1   5   0.0000000000
2   10   2   4   0.0000000000
2   10   2   5   0.0000011290
2   10   3   6   0.0000011294
2   11   1   4   0.0147751169
2   11   2   4   -0.0000000000
2   11   2   5   0.0147751169
2   11   3   6   0.0145677971
2   12   1   4   0.0000001974
2   12   2   5   0.0000001974
2   12   3   6   0.0000001104
2   13   1   6   -0.0000003308
2   13   2   6   0.0000000046
2   13   3   4   0.0000001990
2   13   3   5   -0.0000000028
2   14   1   6   0.0000000046
2   14   2   6   0.0000003308
2   14   3   4   -0.0000000028
2   14   3   5   -0.0000001990
3   8   1   4   0.0135171052
3   8   2   5   0.0135171052
3   8   3   6   0.0135179838
3   9   1   4   0.0000011289
3   9   1   5   0.0000000000
3   9   2   4   0.0000000000
3   9   2   5   0.0000011290
3   9   3   6   0.0000011294
3   10   1   4   0.0574126745
3   10   1   5   -0.0000000000
3   10   2   4   -0.0000000000
3   10   2   5   0.0574126744
3   10   3   6   0.0653694111
3   11   1   4   0.0000000016
3   11   1   5   -0.0000000000
3   11   2   4   -0.0000000000
3   11   2   5   0.0000000015
3   11   3   6   0.0000000031
3   12   1   4   0.0105683463
3   12   2   5   0.0105683462
3   12   3   6   -0.0295274385
3   13   1   6   -0.0157902337
3   13   2   6   0.0002198293
3   13   3   4   -0.0320089622
3   13   3   5   0.0004456240
3   14   1   6   0.0002198293
3   14   2   6   0.0157902337
3   14   3   4   0.0004456240
3   14   3   5   0.0320089618
4   8   1   4   -0.0000012333
4   8   1   5   0.0000000000
4   8   2   4   0.0000000000
4   8   2   5   -0.0000012332
4   8   3   6   -0.0000012155
4   9   1   4   0.0147751169
4   9   1   5   -0.0000000000
4   9   2   5   0.0147751169
4   9   3   6   0.0145677971
4   10   1   4   0.0000000016
4   10   1   5   -0.0000000000
4   10   2   4   -0.0000000000
4   10   2   5   0.0000000015
4   10   3   6   0.0000000031
4   11   1   4   0.0678939094
4   11   1   5   -0.0000000000
4   11   2   4   -0.0000000000
4   11   2   5   0.0678939091
4   11   3   6   0.0636760089
4   12   1   4   0.0000000022
4   12   1   5   -0.0000000000
4   12   2   4   -0.0000000000
4   12   2   5   0.0000000016
4   12   3   6   -0.0000000017
4   13   1   6   -0.0000000017
4   13   2   6   0.0000000001
4   13   3   4   -0.0000000030
4   13   3   5   0.0000000000
4   14   1   6   -0.0000000000
4   14   2   6   0.0000000006
4   14   3   4   0.0000000000
4   14   3   5   0.0000000029
5   8   1   4   0.0023589276
5   8   2   5   0.0023589276
5   8   3   6   0.0013178138
5   9   1   4   0.0000001974
5   9   2   5   0.0000001974
5   9   3   6   0.0000001104
5   10   1   4   0.0105683463
5   10   2   5   0.0105683462
5   10   3   6   -0.0295274385
5   11   1   4   0.0000000022
5   11   1   5   -0.0000000000
5   11   2   4   -0.0000000000
5   11   2   5   0.0000000016
5   11   3   6   -0.0000000017
5   12   1   4   0.0227657236
5   12   1   5   -0.0000000000
5   12   2   4   -0.0000000000
5   12   2   5   0.0227657234
5   12   3   6   0.1755586513
5   13   1   6   0.0161719791
5   13   2   6   -0.0002251439
5   13   3   4   0.1499285782
5   13   3   5   -0.0020872833
5   14   1   6   -0.0002251439
5   14   2   6   -0.0161719787
5   14   3   4   -0.0020872833
5   14   3   5   -0.1499285778
6   8   1   6   0.0023809345
6   8   2   6   -0.0000331470
6   8   3   4   -0.0039591099
6   8   3   5   0.0000551181
6   9   1   6   0.0000001990
6   9   2   6   -0.0000000028
6   9   3   4   -0.0000003308
6   9   3   5   0.0000000046
6   10   1   6   -0.0320089622
6   10   2   6   0.0004456240
6   10   3   4   -0.0157902338
6   10   3   5   0.0002198293
6   11   1   6   -0.0000000030
6   11   2   6   0.0000000000
6   11   3   4   -0.0000000017
6   11   3   5   0.0000000001
6   12   1   6   0.1499285782
6   12   2   6   -0.0020872833
6   12   3   4   0.0161719791
6   12   3   5   -0.0002251439
6   13   1   4   0.2072699060
6   13   1   5   -0.0025688627
6   13   2   4   -0.0025688627
6   13   2   5   0.0227854770
6   13   3   6   0.0241328365
6   14   1   4   -0.0025688624
6   14   1   5   -0.1640741241
6   14   2   4   -0.0204103007
6   14   2   5   0.0025688624
6   14   3   6   0.0000000000
7   8   1   6   -0.0000331470
7   8   2   6   -0.0023809347
7   8   3   4   0.0000551181
7   8   3   5   0.0039591099
7   9   1   6   -0.0000000028
7   9   2   6   -0.0000001990
7   9   3   4   0.0000000046
7   9   3   5   0.0000003308
7   10   1   6   0.0004456240
7   10   2   6   0.0320089618
7   10   3   4   0.0002198293
7   10   3   5   0.0157902337
7   11   1   6   0.0000000000
7   11   2   6   0.0000000029
7   11   3   4   -0.0000000000
7   11   3   5   0.0000000006
7   12   1   6   -0.0020872833
7   12   2   6   -0.1499285778
7   12   3   4   -0.0002251439
7   12   3   5   -0.0161719787
7   13   1   4   -0.0025688624
7   13   1   5   -0.0204103007
7   13   2   4   -0.1640741241
7   13   2   5   0.0025688624
7   13   3   6   0.0000000000
7   14   1   4   0.0227854770
7   14   1   5   0.0025688627
7   14   2   4   0.0025688627
7   14   2   5   0.2072699061
7   14   3   6   0.0241328362

End IJAB Block
Begin IJKL Block
1   8   1   8   2.1793547828
1   8   1   9   -0.0003222542
1   8   1   10   -0.1951837477
1   8   1   11   0.0000511650
1   8   1   12   -0.0270929365
1   8   2   8   -0.0003222542
1   8   2   9   1.9274982218
1   8   2   10   0.0000163790
1   8   2   11   -0.2039148855
1   8   2   12   0.0000019023
1   8   3   8   -0.1951837477
1   8   3   9   0.0000163790
1   8   3   10   0.0283160356
1   8   3   11   -0.0000049042
1   8   3   12   0.0030421175
1   8   4   8   0.0000511650
1   8   4   9   -0.2039148855
1   8   4   10   -0.0000049042
1   8   4   11   0.0311443818
1   8   4   12   -0.0000008698
1   8   5   8   -0.0270929365
1   8   5   9   0.0000019023
1   8   5   10   0.0030421175
1   8   5   11   -0.0000008698
1   8   5   12   0.0112189741
1   8   6   13   0.0113975829
1   8   6   14   0.0000000000
1   8   7   13   0.0000000000
1   8   7   14   0.0113975828
1   9   1   8   -0.0003222542
1   9   1   9   2.1794712982
1   9   1   10   0.0000164167
1   9   1   11   -0.2044757001
1   9   1   12   0.0000015436
1   9   2   8   1.9274966192
1   9   2   9   0.0003222338
1   9   2   10   -0.1956608748
1   9   2   11   -0.0000170636
1   9   2   12   -0.0227927447
1   9   3   8   0.0000163792
1   9   3   9   -0.1952130845
1   9   3   10   -0.0000000052
1   9   3   11   0.0293245943
1   9   3   12   -0.0000000015
1   9   4   8   -0.2039157073
1   9   4   9   -0.0000170167
1   9   4   10   0.0293365744
1   9   4   11   0.0000000037
1   9   4   12   0.0051934421
1   9   5   8   0.0000019022
1   9   5   9   -0.0270837922
1   9   5   10   -0.0000000015
1   9   5   11   0.0052176652
1   9   5   12   0.0000000126
1   9   6   13   0.0000000064
1   9   7   14   0.0000000063
1   10   1   8   -0.1951837477
1   10   1   9   0.0000164167
1   10   1   10   0.6093982636
1   10   1   11   -0.0000596263
1   10   1   12   -0.0124186981
1   10   2   8   0.0000163792
1   10   2   9   -0.1956630052
1   10   2   10   -0.0000000716
1   10   2   11   0.3566343387
1   10   2   12   -0.0000000080
1   10   3   8   0.0301993675
1   10   3   9   -0.0000000066
1   10   3   10   -0.0077244656
1   10   3   11   0.0000007386
1   10   3   12   -0.0016854168
1   10   4   8   -0.0000052317
1   10   4   9   0.0312908930
1   10   4   10   0.0000007740
1   10   4   11   -0.0087003233
1   10   4   12   -0.0000000834
1   10   5   8   0.0030040910
1   10   5   9   -0.0000000014
1   10   5   10   -0.0055231864
1   10   5   11   -0.0000001359
1   10   5   12   0.0138103390
1   10   6   13   0.0136760807
1   10   7   14   0.0136760808
1   11   1   8   0.0000511650
1   11   1   9   -0.2044757001
1   11   1   10   -0.0000596263
1   11   1   11   0.6179385492
1   11   1   12   -0.0000182893
1   11   2   8   -0.2039157073
1   11   2   9   -0.0000170637
1   11   2   10   0.3566442202
1   11   2   11   0.0000000664
1   11   2   12   0.1093920398
1   11   3   8   -0.0000052317
1   11   3   9   0.0312882997
1   11   3   10   0.0000007534
1   11   3   11   -0.0093520741
1   11   3   12   0.0000002338
1   11   4   8   0.0332690926
1   11   4   9   0.0000000046
1   11   4   10   -0.0085539315
1   11   4   11   0.0000007562
1   11   4   12   -0.0003884221
1   11   5   8   -0.0000009428
1   11   5   9   0.0056541016
1   11   5   10   -0.0000001457
1   11   5   11   0.0006098729
1   11   5   12   -0.0000010635
1   11   6   13   -0.0000011098
1   11   6   14   -0.0000000000
1   11   7   13   -0.0000000000
1   11   7   14   -0.0000011097
1   12   1   8   -0.0270929365
1   12   1   9   0.0000015436
1   12   1   10   -0.0124186981
1   12   1   11   -0.0000182893
1   12   1   12   0.5919794190
1   12   2   8   0.0000019022
1   12   2   9   -0.0227922491
1   12   2   10   -0.0000000080
1   12   2   11   0.1093930103
1   12   2   12   -0.0000000123
1   12   3   8   0.0030040910
1   12   3   9   -0.0000000014
1   12   3   10   -0.0017885803
1   12   3   11   0.0000002439
1   12   3   12   -0.0057801937
1   12   4   8   -0.0000009428
1   12   4   9   0.0056298533
1   12   4   10   -0.0000000805
1   12   4   11   -0.0003358248
1   12   4   12   0.0000005157
1   12   5   8   0.0138409323
1   12   5   9   0.0000000118
1   12   5   10   0.0144303836
1   12   5   11   -0.0000011165
1   12   5   12   -0.0009503796
1   12   6   13   0.0012517452
1   12   7   14   0.0012517452
1   13   1   13   0.5848164427
1   13   1   14   0.0000000000
1   13   2   13   -0.0000000179
1   13   2   14   0.0000000000
1   13   3   13   -0.0057672657
1   13   3   14   -0.0000000000
1   13   4   13   0.0000005420
1   13   4   14   -0.0000000000
1   13   5   13   -0.0031559649
1   13   5   14   0.0000000000
1   13   6   8   0.0140666378
1   13   6   9   0.0000000057
1   13   6   10   0.0142612675
1   13   6   11   -0.0000011637
1   13   6   12   0.0013455288
1   13   7   11   -0.0000000000
1   14   1   13   0.0000000000
1   14   1   14   0.5848164430
1   14   2   13   0.0000000000
1   14   2   14   -0.0000000180
1   14   3   13   -0.0000000000
1   14   3   14   -0.0057672657
1   14   4   13   -0.0000000000
1   14   4   14   0.0000005421
1   14   5   13   0.0000000000
1   14   5   14   -0.0031559650
1   14   6   11   -0.0000000000
1   14   7   8   0.0140666378
1   14   7   9   0.0000000057
1   14   7   10   0.0142612676
1   14   7   11   -0.0000011636
1   14   7   12   0.0013455288
2   8   1   8   -0.0003222542
2   8   1   9   1.9274966192
2   8   1   10   0.0000163792
2   8   1   11   -0.2039157073
2   8   1   12   0.0000019022
2   8   2   8   2.1794712982
2   8   2   9   0.0003222338
2   8   2   10   -0.1952130845
2   8   2   11   -0.0000170167
2   8   2   12   -0.0270837922
2   8   3   8   0.0000164167
2   8   3   9   -0.1956608748
2   8   3   10   -0.0000000052
2   8   3   11   0.0293365744
2   8   3   12   -0.0000000015
2   8   4   8   -0.2044757001
2   8   4   9   -0.0000170636
2   8   4   10   0.0293245943
2   8   4   11   0.0000000037
2   8   4   12   0.0052176652
2   8   5   8   0.0000015436
2   8   5   9   -0.0227927447
2   8   5   10   -0.0000000015
2   8   5   11   0.0051934421
2   8   5   12   0.0000000126
2   8   6   13   0.0000000064
2   8   7   14   0.0000000063
2   9   1   8   1.9274982218
2   9   1   9   0.0003222338
2   9   1   10   -0.1956630052
2   9   1   11   -0.0000170637
2   9   1   12   -0.0227922491
2   9   2   8   0.0003222338
2   9   2   9   2.1795936652
2   9   2   10   -0.0000490084
2   9   2   11   -0.2044817033
2   9   2   12   -0.0000060766
2   9   3   8   -0.1956630052
2   9   3   9   -0.0000490084
2   9   3   10   0.0283044680
2   9   3   11   0.0000049030
2   9   3   12   0.0030569131
2   9   4   8   -0.0000170637
2   9   4   9   -0.2044817033
2   9   4   10   0.0000049030
2   9   4   11   0.0311657646
2   9   4   12   0.0000008708
2   9   5   8   -0.0227922491
2   9   5   9   -0.0000060766
2   9   5   10   0.0030569131
2   9   5   11   0.0000008708
2   9   5   12   0.0110666175
2   9   6   13   0.0113126204
2   9   6   14   0.0000000000
2   9   7   13   0.0000000000
2   9   7   14   0.0113126204
2   10   1   8   0.0000163790
2   10   1   9   -0.1956608748
2   10   1   10   -0.0000000716
2   10   1   11   0.3566442202
2   10   1   12   -0.0000000080
2   10   2   8   -0.1952130845
2   10   2   9   -0.0000490084
2   10   2   10   0.6093861337
2   10   2   11   0.0000596216
2   10   2   12   -0.0124053088
2   10   3   8   -0.0000000066
2   10   3   9   0.0302008532
2   10   3   10   -0.0000006429
2   10   3   11   -0.0088239999
2   10   3   12   -0.0000001409
2   10   4   8   0.0312882997
2   10   4   9   0.0000052305
2   10   4   10   -0.0092460562
2   10   4   11   -0.0000007282
2   10   4   12   0.0009928122
2   10   5   8   -0.0000000014
2   10   5   9   0.0030176219
2   10   5   10   -0.0000004619
2   10   5   11   0.0016137106
2   10   5   12   0.0000011531
2   10   6   13   0.0000011411
2   10   7   14   0.0000011411
2   11   1   8   -0.2039148855
2   11   1   9   -0.0000170636
2   11   1   10   0.3566343387
2   11   1   11   0.0000000664
2   11   1   12   0.1093930103
2   11   2   8   -0.0000170167
2   11   2   9   -0.2044817033
2   11   2   10   0.0000596216
2   11   2   11   0.6179608899
2   11   2   12   0.0000182878
2   11   3   8   0.0312908930
2   11   3   9   0.0000052305
2   11   3   10   -0.0090011250
2   11   3   11   -0.0000007826
2   11   3   12   -0.0027997998
2   11   4   8   0.0000000046
2   11   4   9   0.0332840765
2   11   4   10   -0.0000007160
2   11   4   11   -0.0090771846
2   11   4   12   -0.0000000327
2   11   5   8   0.0056298533
2   11   5   9   0.0000009438
2   11   5   10   0.0017306578
2   11   5   11   0.0000000513
2   11   5   12   0.0127389244
2   11   6   13   0.0132824258
2   11   7   14   0.0132824259
2   12   1   8   0.0000019023
2   12   1   9   -0.0227927447
2   12   1   10   -0.0000000080
2   12   1   11   0.1093920398
2   12   1   12   -0.0000000123
2   12   2   8   -0.0270837922
2   12   2   9   -0.0000060766
2   12   2   10   -0.0124053088
2   12   2   11   0.0000182878
2   12   2   12   0.5919781112
2   12   3   8   -0.0000000014
2   12   3   9   0.0030176219
2   12   3   10   -0.0000001495
2   12   3   11   -0.0029200994
2   12   3   12   -0.0000004824
2   12   4   8   0.0056541016
2   12   4   9   0.0000009438
2   12   4   10   0.0009581333
2   12   4   11   -0.0000000284
2   12   4   12   -0.0061732957
2   12   5   8   0.0000000118
2   12   5   9   0.0136957822
2   12   5   10   0.0000012048
2   12   5   11   0.0133714551
2   12   5   12   -0.0000000792
2   12   6   13   0.0000001047
2   12   7   14   0.0000001047
2   13   1   13   -0.0000000179
2   13   1   14   0.0000000000
2   13   2   13   0.5848134612
2   13   2   14   0.0000000000
2   13   3   13   -0.0000004812
2   13   3   14   -0.0000000000
2   13   4   13   -0.0064869580
2   13   4   14   -0.0000000000
2   13   5   13   -0.0000002638
2   13   6   8   0.0000000057
2   13   6   9   0.0139883797
2   13   6   10   0.0000011899
2   13   6   11   0.0139274683
2   13   6   12   0.0000001125
2   13   7   10   -0.0000000000
2   14   1   13   0.0000000000
2   14   1   14   -0.0000000180
2   14   2   13   0.0000000000
2   14   2   14   0.5848134614
2   14   3   13   -0.0000000000
2   14   3   14   -0.0000004811
2   14   4   13   -0.0000000000
2   14   4   14   -0.0064869579
2   14   5   14   -0.0000002638
2   14   6   10   -0.0000000000
2   14   7   8   0.0000000057
2   14   7   9   0.0139883797
2   14   7   10   0.0000011899
2   14   7   11   0.0139274684
2   14   7   12   0.0000001125
3   8   1   8   -0.1951837477
3   8   1   9   0.0000163792
3   8   1   10   0.0301993675
3   8   1   11   -0.0000052317
3   8   1   12   0.0030040910
3   8   2   8   0.0000164167
3   8   2   9   -0.1956630052
3   8   2   10   -0.0000000066
3   8   2   11   0.0312908930
3   8   2   12   -0.0000000014
3   8   3   8   0.6093982636
3   8   3   9   -0.0000000716
3   8   3   10   -0.0077244656
3   8   3   11   0.0000007740
3   8   3   12   -0.0055231864
3   8   4   8   -0.0000596263
3   8   4   9   0.3566343387
3   8   4   10   0.0000007386
3   8   4   11   -0.0087003233
3   8   4   12   -0.0000001359
3   8   5   8   -0.0124186981
3   8   5   9   -0.0000000080
3   8   5   10   -0.0016854168
3   8   5   11   -0.0000000834
3   8   5   12   0.0138103390
3   8   6   13   0.0136760807
3   8   7   14   0.0136760808
3   9   1   8   0.0000163790
3   9   1   9   -0.1952130845
3   9   1   10   -0.0000000066
3   9   1   11   0.0312882997
3   9   1   12   -0.0000000014
3   9   2   8   -0.1956608748
3   9   2   9   -0.0000490084
3   9   2   10   0.0302008532
3   9   2   11   0.0000052305
3   9   2   12   0.0030176219
3   9   3   8   -0.0000000716
3   9   3   9   0.6093861337
3   9   3   10   -0.0000006429
3   9   3   11   -0.0092460562
3   9   3   12   -0.0000004619
3   9   4   8   0.3566442202
3   9   4   9   0.0000596216
3   9   4   10   -0.0088239999
3   9   4   11   -0.0000007282
3   9   4   12   0.0016137106
3   9   5   8   -0.0000000080
3   9   5   9   -0.0124053088
3   9   5   10   -0.0000001409
3   9   5   11   0.0009928122
3   9   5   12   0.0000011531
3   9   6   13   0.0000011411
3   9   7   14   0.0000011411
3   10   1   8   0.0283160356
3   10   1   9   -0.0000000052
3   10   1   10   -0.0077244656
3   10   1   11   0.0000007534
3   10   1   12   -0.0017885803
3   10   2   8   -0.0000000052
3   10   2   9   0.0283044680
3   10   2   10   -0.0000006429
3   10   2   11   -0.0090011250
3   10   2   12   -0.0000001495
3   10   3   8   -0.0077244656
3   10   3   9   -0.0000006429
3   10   3   10   0.4716674348
3   10   3   11   -0.0000000404
3   10   3   12   -0.0349943138
3   10   4   8   0.0000007534
3   10   4   9   -0.0090011250
3   10   4   10   -0.0000000404
3   10   4   11   0.2047708326
3   10   4   12   -0.0000000095
3   10   5   8   -0.0017885803
3   10   5   9   -0.0000001495
3   10   5   10   -0.0349943138
3   10   5   11   -0.0000000095
3   10   5   12   0.0714775521
3   10   6   13   0.0619611689
3   10   6   14   0.0000000000
3   10   7   13   0.0000000000
3   10   7   14   0.0619611688
3   11   1   8   -0.0000049042
3   11   1   9   0.0293245943
3   11   1   10   0.0000007386
3   11   1   11   -0.0093520741
3   11   1   12   0.0000002439
3   11   2   8   0.0293365744
3   11   2   9   0.0000049030
3   11   2   10   -0.0088239999
3   11   2   11   -0.0000007826
3   11   2   12   -0.0029200994
3   11   3   8   0.0000007740
3   11   3   9   -0.0092460562
3   11   3   10   -0.0000000404
3   11   3   11   0.4570932257
3   11   3   12   -0.0000000178
3   11   4   8   -0.0085539315
3   11   4   9   -0.0000007160
3   11   4   10   0.2064812575
3   11   4   11   0.0000000381
3   11   4   12   0.0734101395
3   11   5   8   -0.0000000805
3   11   5   9   0.0009581333
3   11   5   10   -0.0000000096
3   11   5   11   0.0000692407
3   11   5   12   -0.0000000005
3   11   6   13   -0.0000000022
3   11   6   14   0.0000000000
3   11   7   13   0.0000000000
3   11   7   14   -0.0000000027
3   12   1   8   0.0030421175
3   12   1   9   -0.0000000015
3   12   1   10   -0.0016854168
3   12   1   11   0.0000002338
3   12   1   12   -0.0057801937
3   12   2   8   -0.0000000015
3   12   2   9   0.0030569131
3   12   2   10   -0.0000001409
3   12   2   11   -0.0027997998
3   12   2   12   -0.0000004824
3   12   3   8   -0.0055231864
3   12   3   9   -0.0000004619
3   12   3   10   -0.0349943138
3   12   3   11   -0.0000000178
3   12   3   12   0.4562258026
3   12   4   8   -0.0000001457
3   12   4   9   0.0017306578
3   12   4   10   -0.0000000096
3   12   4   11   0.0741530419
3   12   4   12   -0.0000000064
3   12   5   8   0.0144303836
3   12   5   9   0.0000012048
3   12   5   10   0.0732852037
3   12   5   11   -0.0000000007
3   12   5   12   -0.0202716805
3   12   6   13   0.0015220266
3   12   7   14   0.0015220267
3   13   1   13   -0.0057672657
3   13   1   14   -0.0000000000
3   13   2   13   -0.0000004812
3   13   2   14   -0.0000000000
3   13   3   13   0.4461992974
3   13   3   14   0.0000000000
3   13   4   13   -0.0000000103
3   13   4   14   -0.0000000000
3   13   5   13   -0.0221431197
3   13   6   8   0.0142612675
3   13   6   9   0.0000011899
3   13   6   10   0.0640615103
3   13   6   11   -0.0000000023
3   13   6   12   0.0009407352
3   13   7   9   -0.0000000000
3   13   7   10   -0.0000000000
3   13   7   11   0.0000000000
3   13   7   12   -0.0000000000
3   14   1   13   -0.0000000000
3   14   1   14   -0.0057672657
3   14   2   13   -0.0000000000
3   14   2   14   -0.0000004811
3   14   3   13   0.0000000000
3   14   3   14   0.4461992975
3   14   4   13   -0.0000000000
3   14   4   14   -0.0000000101
3   14   5   14   -0.0221431196
3   14   6   9   -0.0000000000
3   14   6   10   -0.0000000000
3   14   6   11   0.0000000000
3   14   6   12   -0.0000000000
3   14   7   8   0.0142612676
3   14   7   9   0.0000011899
3   14   7   10   0.0640615104
3   14   7   11   -0.0000000026
3   14   7   12   0.0009407353
4   8   1   8   0.0000511650
4   8   1   9   -0.2039157073
4   8   1   10   -0.0000052317
4   8   1   11   0.0332690926
4   8   1   12   -0.0000009428
4   8   2   8   -0.2044757001
4   8   2   9   -0.0000170637
4   8   2   10   0.0312882997
4   8   2   11   0.0000000046
4   8   2   12   0.0056541016
4   8   3   8   -0.0000596263
4   8   3   9   0.3566442202
4   8   3   10   0.0000007534
4   8   3   11   -0.0085539315
4   8   3   12   -0.0000001457
4   8   4   8   0.6179385492
4   8   4   9   0.0000000664
4   8   4   10   -0.0093520741
4   8   4   11   0.0000007562
4   8   4   12   0.0006098729
4   8   5   8   -0.0000182893
4   8   5   9   0.1093920398
4   8   5   10   0.0000002338
4   8   5   11   -0.0003884221
4   8   5   12   -0.0000010635
4   8   6   13   -0.0000011098
4   8   6   14   -0.0000000000
4   8   7   13   -0.0000000000
4   8   7   14   -0.0000011097
4   9   1   8   -0.2039148855
4   9   1   9   -0.0000170167
4   9   1   10   0.0312908930
4   9   1   11   0.0000000046
4   9   1   12   0.0056298533
4   9   2   8   -0.0000170636
4   9   2   9   -0.2044817033
4   9   2   10   0.0000052305
4   9   2   11   0.0332840765
4   9   2   12   0.0000009438
4   9   3   8   0.3566343387
4   9   3   9   0.0000596216
4   9   3   10   -0.0090011250
4   9   3   11   -0.0000007160
4   9   3   12   0.0017306578
4   9   4   8   0.0000000664
4   9   4   9   0.6179608899
4   9   4   10   -0.0000007826
4   9   4   11   -0.0090771846
4   9   4   12   0.0000000513
4   9   5   8   0.1093930103
4   9   5   9   0.0000182878
4   9   5   10   -0.0027997998
4   9   5   11   -0.0000000327
4   9   5   12   0.0127389244
4   9   6   13   0.0132824258
4   9   7   14   0.0132824259
4   10   1   8   -0.0000049042
4   10   1   9   0.0293365744
4   10   1   10   0.0000007740
4   10   1   11   -0.0085539315
4   10   1   12   -0.0000000805
4   10   2   8   0.0293245943
4   10   2   9   0.0000049030
4   10   2   10   -0.0092460562
4   10   2   11   -0.0000007160
4   10   2   12   0.0009581333
4   10   3   8   0.0000007386
4   10   3   9   -0.0088239999
4   10   3   10   -0.0000000404
4   10   3   11   0.2064812575
4   10   3   12   -0.0000000096
4   10   4   8   -0.0093520741
4   10   4   9   -0.0000007826
4   10   4   10   0.4570932257
4   10   4   11   0.0000000381
4   10   4   12   0.0000692407
4   10   5   8   0.0000002439
4   10   5   9   -0.0029200994
4   10   5   10   -0.0000000178
4   10   5   11   0.0734101395
4   10   5   12   -0.0000000005
4   10   6   13   -0.0000000022
4   10   6   14   0.0000000000
4   10   7   13   0.0000000000
4   10   7   14   -0.0000000027
4   11   1   8   0.0311443818
4   11   1   9   0.0000000037
4   11   1   10   -0.0087003233
4   11   1   11   0.0000007562
4   11   1   12   -0.0003358248
4   11   2   8   0.0000000037
4   11   2   9   0.0311657646
4   11   2   10   -0.0000007282
4   11   2   11   -0.0090771846
4   11   2   12   -0.0000000284
4   11   3   8   -0.0087003233
4   11   3   9   -0.0000007282
4   11   3   10   0.2047708326
4   11   3   11   0.0000000381
4   11   3   12   0.0741530419
4   11   4   8   0.0000007562
4   11   4   9   -0.0090771846
4   11   4   10   0.0000000381
4   11   4   11   0.4646137506
4   11   4   12   0.0000000141
4   11   5   8   -0.0003358248
4   11   5   9   -0.0000000284
4   11   5   10   0.0741530419
4   11   5   11   0.0000000141
4   11   5   12   0.0732996224
4   11   6   13   0.0545308235
4   11   6   14   0.0000000000
4   11   7   13   0.0000000000
4   11   7   14   0.0545308235
4   12   1   8   -0.0000008698
4   12   1   9   0.0051934421
4   12   1   10   -0.0000000834
4   12   1   11   -0.0003884221
4   12   1   12   0.0000005157
4   12   2   8   0.0052176652
4   12   2   9   0.0000008708
4   12   2   10   0.0009928122
4   12   2   11   -0.0000000327
4   12   2   12   -0.0061732957
4   12   3   8   -0.0000001359
4   12   3   9   0.0016137106
4   12   3   10   -0.0000000095
4   12   3   11   0.0734101395
4   12   3   12   -0.0000000064
4   12   4   8   0.0006098729
4   12   4   9   0.0000000513
4   12   4   10   0.0000692407
4   12   4   11   0.0000000141
4   12   4   12   0.4482424378
4   12   5   8   -0.0000011165
4   12   5   9   0.0133714551
4   12   5   10   -0.0000000007
4   12   5   11   0.0746949467
4   12   5   12   -0.0000000036
4   12   6   13   0.0000000001
4   12   6   14   0.0000000000
4   12   7   13   0.0000000000
4   12   7   14   0.0000000001
4   13   1   13   0.0000005420
4   13   1   14   -0.0000000000
4   13   2   13   -0.0064869580
4   13   2   14   -0.0000000000
4   13   3   13   -0.0000000103
4   13   3   14   -0.0000000000
4   13   4   13   0.4380838608
4   13   4   14   0.0000000000
4   13   5   13   -0.0000000054
4   13   5   14   -0.0000000000
4   13   6   8   -0.0000011637
4   13   6   9   0.0139274683
4   13   6   10   -0.0000000023
4   13   6   11   0.0546032132
4   13   6   12   -0.0000000002
4   13   7   8   -0.0000000000
4   13   7   10   0.0000000000
4   13   7   11   -0.0000000000
4   13   7   12   -0.0000000000
4   14   1   13   -0.0000000000
4   14   1   14   0.0000005421
4   14   2   13   -0.0000000000
4   14   2   14   -0.0064869579
4   14   3   13   -0.0000000000
4   14   3   14   -0.0000000101
4   14   4   13   0.0000000000
4   14   4   14   0.4380838609
4   14   5   13   -0.0000000000
4   14   5   14   -0.0000000052
4   14   6   8   -0.0000000000
4   14   6   10   0.0000000000
4   14   6   11   -0.0000000000
4   14   6   12   -0.0000000000
4   14   7   8   -0.0000011636
4   14   7   9   0.0139274684
4   14   7   10   -0.0000000026
4   14   7   11   0.0546032134
4   14   7   12   0.0000000000
5   8   1   8   -0.0270929365
5   8   1   9   0.0000019022
5   8   1   10   0.0030040910
5   8   1   11   -0.0000009428
5   8   1   12   0.0138409323
5   8   2   8   0.0000015436
5   8   2   9   -0.0227922491
5   8   2   10   -0.0000000014
5   8   2   11   0.0056298533
5   8   2   12   0.0000000118
5   8   3   8   -0.0124186981
5   8   3   9   -0.0000000080
5   8   3   10   -0.0017885803
5   8   3   11   -0.0000000805
5   8   3   12   0.0144303836
5   8   4   8   -0.0000182893
5   8   4   9   0.1093930103
5   8   4   10   0.0000002439
5   8   4   11   -0.0003358248
5   8   4   12   -0.0000011165
5   8   5   8   0.5919794190
5   8   5   9   -0.0000000123
5   8   5   10   -0.0057801937
5   8   5   11   0.0000005157
5   8   5   12   -0.0009503796
5   8   6   13   0.0012517452
5   8   7   14   0.0012517452
5   9   1   8   0.0000019023
5   9   1   9   -0.0270837922
5   9   1   10   -0.0000000014
5   9   1   11   0.0056541016
5   9   1   12   0.0000000118
5   9   2   8   -0.0227927447
5   9   2   9   -0.0000060766
5   9   2   10   0.0030176219
5   9   2   11   0.0000009438
5   9   2   12   0.0136957822
5   9   3   8   -0.0000000080
5   9   3   9   -0.0124053088
5   9   3   10   -0.0000001495
5   9   3   11   0.0009581333
5   9   3   12   0.0000012048
5   9   4   8   0.1093920398
5   9   4   9   0.0000182878
5   9   4   10   -0.0029200994
5   9   4   11   -0.0000000284
5   9   4   12   0.0133714551
5   9   5   8   -0.0000000123
5   9   5   9   0.5919781112
5   9   5   10   -0.0000004824
5   9   5   11   -0.0061732957
5   9   5   12   -0.0000000792
5   9   6   13   0.0000001047
5   9   7   14   0.0000001047
5   10   1   8   0.0030421175
5   10   1   9   -0.0000000015
5   10   1   10   -0.0055231864
5   10   1   11   -0.0000001457
5   10   1   12   0.0144303836
5   10   2   8   -0.0000000015
5   10   2   9   0.0030569131
5   10   2   10   -0.0000004619
5   10   2   11   0.0017306578
5   10   2   12   0.0000012048
5   10   3   8   -0.0016854168
5   10   3   9   -0.0000001409
5   10   3   10   -0.0349943138
5   10   3   11   -0.0000000096
5   10   3   12   0.0732852037
5   10   4   8   0.0000002338
5   10   4   9   -0.0027997998
5   10   4   10   -0.0000000178
5   10   4   11   0.0741530419
5   10   4   12   -0.0000000007
5   10   5   8   -0.0057801937
5   10   5   9   -0.0000004824
5   10   5   10   0.4562258026
5   10   5   11   -0.0000000064
5   10   5   12   -0.0202716805
5   10   6   13   0.0015220266
5   10   7   14   0.0015220267
5   11   1   8   -0.0000008698
5   11   1   9   0.0052176652
5   11   1   10   -0.0000001359
5   11   1   11   0.0006098729
5   11   1   12   -0.0000011165
5   11   2   8   0.0051934421
5   11   2   9   0.0000008708
5   11   2   10   0.0016137106
5   11   2   11   0.0000000513
5   11   2   12   0.0133714551
5   11   3   8   -0.0000000834
5   11   3   9   0.0009928122
5   11   3   10   -0.0000000095
5   11   3   11   0.0000692407
5   11   3   12   -0.0000000007
5   11   4   8   -0.0003884221
5   11   4   9   -0.0000000327
5   11   4   10   0.0734101395
5   11   4   11   0.0000000141
5   11   4   12   0.0746949467
5   11   5   8   0.0000005157
5   11   5   9   -0.0061732957
5   11   5   10   -0.0000000064
5   11   5   11   0.4482424378
5   11   5   12   -0.0000000036
5   11   6   13   0.0000000001
5   11   6   14   0.0000000000
5   11   7   13   0.0000000000
5   11   7   14   0.0000000001
5   12   1   8   0.0112189741
5   12   1   9   0.0000000126
5   12   1   10   0.0138103390
5   12   1   11   -0.0000010635
5   12   1   12   -0.0009503796
5   12   2   8   0.0000000126
5   12   2   9   0.0110666175
5   12   2   10   0.0000011531
5   12   2   11   0.0127389244
5   12   2   12   -0.0000000792
5   12   3   8   0.0138103390
5   12   3   9   0.0000011531
5   12   3   10   0.0714775521
5   12   3   11   -0.0000000005
5   12   3   12   -0.0202716805
5   12   4   8   -0.0000010635
5   12   4   9   0.0127389244
5   12   4   10   -0.0000000005
5   12   4   11   0.0732996224
5   12   4   12   -0.0000000036
5   12   5   8   -0.0009503796
5   12   5   9   -0.0000000792
5   12   5   10   -0.0202716805
5   12   5   11   -0.0000000036
5   12   5   12   0.4619477774
5   12   6   13   0.0134129300
5   12   6   14   0.0000000000
5   12   7   13   0.0000000000
5   12   7   14   0.0134129298
5   13   1   13   -0.0031559649
5   13   1   14   0.0000000000
5   13   2   13   -0.0000002638
5   13   3   13   -0.0221431197
5   13   4   13   -0.0000000054
5   13   4   14   -0.0000000000
5   13   5   13   0.4259951160
5   13   5   14   0.0000000000
5   13   6   8   0.0013455288
5   13   6   9   0.0000001125
5   13   6   10   0.0009407352
5   13   6   11   -0.0000000002
5   13   6   12   0.0132155411
5   13   7   10   -0.0000000000
5   13   7   11   -0.0000000000
5   13   7   12   0.0000000000
5   14   1   13   0.0000000000
5   14   1   14   -0.0031559650
5   14   2   14   -0.0000002638
5   14   3   14   -0.0221431196
5   14   4   13   -0.0000000000
5   14   4   14   -0.0000000052
5   14   5   13   0.0000000000
5   14   5   14   0.4259951159
5   14   6   10   -0.0000000000
5   14   6   11   -0.0000000000
5   14   6   12   0.0000000000
5   14   7   8   0.0013455288
5   14   7   9   0.0000001125
5   14   7   10   0.0009407353
5   14   7   11   0.0000000000
5   14   7   12   0.0132155410
6   8   1   13   0.0140666378
6   8   2   13   0.0000000057
6   8   3   13   0.0142612675
6   8   4   13   -0.0000011637
6   8   4   14   -0.0000000000
6   8   5   13   0.0013455288
6   8   6   8   0.5848164427
6   8   6   9   -0.0000000179
6   8   6   10   -0.0057672657
6   8   6   11   0.0000005420
6   8   6   12   -0.0031559649
6   8   7   8   0.0000000000
6   8   7   9   0.0000000000
6   8   7   10   -0.0000000000
6   8   7   11   -0.0000000000
6   8   7   12   0.0000000000
6   9   1   13   0.0000000057
6   9   2   13   0.0139883797
6   9   3   13   0.0000011899
6   9   3   14   -0.0000000000
6   9   4   13   0.0139274683
6   9   5   13   0.0000001125
6   9   6   8   -0.0000000179
6   9   6   9   0.5848134612
6   9   6   10   -0.0000004812
6   9   6   11   -0.0064869580
6   9   6   12   -0.0000002638
6   9   7   8   0.0000000000
6   9   7   9   0.0000000000
6   9   7   10   -0.0000000000
6   9   7   11   -0.0000000000
6   10   1   13   0.0142612675
6   10   2   13   0.0000011899
6   10   2   14   -0.0000000000
6   10   3   13   0.0640615103
6   10   3   14   -0.0000000000
6   10   4   13   -0.0000000023
6   10   4   14   0.0000000000
6   10   5   13   0.0009407352
6   10   5   14   -0.0000000000
6   10   6   8   -0.0057672657
6   10   6   9   -0.0000004812
6   10   6   10   0.4461992974
6   10   6   11   -0.0000000103
6   10   6   12   -0.0221431197
6   10   7   8   -0.0000000000
6   10   7   9   -0.0000000000
6   10   7   10   0.0000000000
6   10   7   11   -0.0000000000
6   11   1   13   -0.0000011637
6   11   1   14   -0.0000000000
6   11   2   13   0.0139274683
6   11   3   13   -0.0000000023
6   11   3   14   0.0000000000
6   11   4   13   0.0546032132
6   11   4   14   -0.0000000000
6   11   5   13   -0.0000000002
6   11   5   14   -0.0000000000
6   11   6   8   0.0000005420
6   11   6   9   -0.0064869580
6   11   6   10   -0.0000000103
6   11   6   11   0.4380838608
6   11   6   12   -0.0000000054
6   11   7   8   -0.0000000000
6   11   7   9   -0.0000000000
6   11   7   10   -0.0000000000
6   11   7   11   0.0000000000
6   11   7   12   -0.0000000000
6   12   1   13   0.0013455288
6   12   2   13   0.0000001125
6   12   3   13   0.0009407352
6   12   3   14   -0.0000000000
6   12   4   13   -0.0000000002
6   12   4   14   -0.0000000000
6   12   5   13   0.0132155411
6   12   5   14   0.0000000000
6   12   6   8   -0.0031559649
6   12   6   9   -0.0000002638
6   12   6   10   -0.0221431197
6   12   6   11   -0.0000000054
6   12   6   12   0.4259951160
6   12   7   8   0.0000000000
6   12   7   11   -0.0000000000
6   12   7   12   0.0000000000
6   13   1   8   0.0113975829
6   13   1   9   0.0000000064
6   13   1   10   0.0136760807
6   13   1   11   -0.0000011098
6   13   1   12   0.0012517452
6   13   2   8   0.0000000064
6   13   2   9   0.0113126204
6   13   2   10   0.0000011411
6   13   2   11   0.0132824258
6   13   2   12   0.0000001047
6   13   3   8   0.0136760807
6   13   3   9   0.0000011411
6   13   3   10   0.0619611689
6   13   3   11   -0.0000000022
6   13   3   12   0.0015220266
6   13   4   8   -0.0000011098
6   13   4   9   0.0132824258
6   13   4   10   -0.0000000022
6   13   4   11   0.0545308235
6   13   4   12   0.0000000001
6   13   5   8   0.0012517452
6   13   5   9   0.0000001047
6   13   5   10   0.0015220266
6   13   5   11   0.0000000001
6   13   5   12   0.0134129300
6   13   6   13   0.4422234756
6   13   6   14   0.0000000001
6   13   7   13   0.0000000001
6   13   7   14   0.0122723101
6   14   1   8   0.0000000000
6   14   1   11   -0.0000000000
6   14   2   9   0.0000000000
6   14   3   10   0.0000000000
6   14   3   11   0.0000000000
6   14   4   8   -0.0000000000
6   14   4   10   0.0000000000
6   14   4   11   0.0000000000
6   14   4   12   0.0000000000
6   14   5   11   0.0000000000
6   14   5   12   0.0000000000
6   14   6   13   0.0000000001
6   14   6   14   0.4187488644
6   14   7   13   0.0112022987
6   14   7   14   -0.0000000001
7   8   1   14   0.0140666378
7   8   2   14   0.0000000057
7   8   3   14   0.0142612676
7   8   4   13   -0.0000000000
7   8   4   14   -0.0000011636
7   8   5   14   0.0013455288
7   8   6   8   0.0000000000
7   8   6   9   0.0000000000
7   8   6   10   -0.0000000000
7   8   6   11   -0.0000000000
7   8   6   12   0.0000000000
7   8   7   8   0.5848164430
7   8   7   9   -0.0000000180
7   8   7   10   -0.0057672657
7   8   7   11   0.0000005421
7   8   7   12   -0.0031559650
7   9   1   14   0.0000000057
7   9   2   14   0.0139883797
7   9   3   13   -0.0000000000
7   9   3   14   0.0000011899
7   9   4   14   0.0139274684
7   9   5   14   0.0000001125
7   9   6   8   0.0000000000
7   9   6   9   0.0000000000
7   9   6   10   -0.0000000000
7   9   6   11   -0.0000000000
7   9   7   8   -0.0000000180
7   9   7   9   0.5848134614
7   9   7   10   -0.0000004811
7   9   7   11   -0.0064869579
7   9   7   12   -0.0000002638
7   10   1   14   0.0142612676
7   10   2   13   -0.0000000000
7   10   2   14   0.0000011899
7   10   3   13   -0.0000000000
7   10   3   14   0.0640615104
7   10   4   13   0.0000000000
7   10   4   14   -0.0000000026
7   10   5   13   -0.0000000000
7   10   5   14   0.0009407353
7   10   6   8   -0.0000000000
7   10   6   9   -0.0000000000
7   10   6   10   0.0000000000
7   10   6   11   -0.0000000000
7   10   7   8   -0.0057672657
7   10   7   9   -0.0000004811
7   10   7   10   0.4461992975
7   10   7   11   -0.0000000101
7   10   7   12   -0.0221431196
7   11   1   13   -0.0000000000
7   11   1   14   -0.0000011636
7   11   2   14   0.0139274684
7   11   3   13   0.0000000000
7   11   3   14   -0.0000000026
7   11   4   13   -0.0000000000
7   11   4   14   0.0546032134
7   11   5   13   -0.0000000000
7   11   5   14   0.0000000000
7   11   6   8   -0.0000000000
7   11   6   9   -0.0000000000
7   11   6   10   -0.0000000000
7   11   6   11   0.0000000000
7   11   6   12   -0.0000000000
7   11   7   8   0.0000005421
7   11   7   9   -0.0064869579
7   11   7   10   -0.0000000101
7   11   7   11   0.4380838610
7   11   7   12   -0.0000000052
7   12   1   14   0.0013455288
7   12   2   14   0.0000001125
7   12   3   13   -0.0000000000
7   12   3   14   0.0009407353
7   12   4   13   -0.0000000000
7   12   4   14   0.0000000000
7   12   5   13   0.0000000000
7   12   5   14   0.0132155410
7   12   6   8   0.0000000000
7   12   6   11   -0.0000000000
7   12   6   12   0.0000000000
7   12   7   8   -0.0031559650
7   12   7   9   -0.0000002638
7   12   7   10   -0.0221431196
7   12   7   11   -0.0000000052
7   12   7   12   0.4259951159
7   13   1   8   0.0000000000
7   13   1   11   -0.0000000000
7   13   2   9   0.0000000000
7   13   3   10   0.0000000000
7   13   3   11   0.0000000000
7   13   4   8   -0.0000000000
7   13   4   10   0.0000000000
7   13   4   11   0.0000000000
7   13   4   12   0.0000000000
7   13   5   11   0.0000000000
7   13   5   12   0.0000000000
7   13   6   13   0.0000000001
7   13   6   14   0.0112022987
7   13   7   13   0.4187488644
7   13   7   14   -0.0000000001
7   14   1   8   0.0113975828
7   14   1   9   0.0000000063
7   14   1   10   0.0136760808
7   14   1   11   -0.0000011097
7   14   1   12   0.0012517452
7   14   2   8   0.0000000063
7   14   2   9   0.0113126204
7   14   2   10   0.0000011411
7   14   2   11   0.0132824259
7   14   2   12   0.0000001047
7   14   3   8   0.0136760808
7   14   3   9   0.0000011411
7   14   3   10   0.0619611688
7   14   3   11   -0.0000000027
7   14   3   12   0.0015220267
7   14   4   8   -0.0000011097
7   14   4   9   0.0132824259
7   14   4   10   -0.0000000027
7   14   4   11   0.0545308235
7   14   4   12   0.0000000001
7   14   5   8   0.0012517452
7   14   5   9   0.0000001047
7   14   5   10   0.0015220267
7   14   5   11   0.0000000001
7   14   5   12   0.0134129298
7   14   6   13   0.0122723101
7   14   6   14   -0.0000000001
7   14   7   13   -0.0000000001
7   14   7   14   0.4422234755

End IJKL Block
Begin ABCD Block
1   4   1   4   0.4424178623
1   4   1   5   -0.0000000002
1   4   2   4   -0.0000000002
1   4   2   5   0.0167968396
1   4   3   6   0.0189952416
1   5   1   4   -0.0000000002
1   5   1   5   0.4095612370
1   5   2   4   0.0160597816
1   5   2   5   0.0000000002
1   6   1   6   0.4225610430
1   6   2   6   -0.0000000000
1   6   3   4   0.0185540520
2   4   1   4   -0.0000000002
2   4   1   5   0.0160597816
2   4   2   4   0.4095612370
2   4   2   5   0.0000000002
2   5   1   4   0.0167968396
2   5   1   5   0.0000000002
2   5   2   4   0.0000000002
2   5   2   5   0.4424178622
2   5   3   6   0.0189952416
2   6   1   6   -0.0000000000
2   6   2   6   0.4225610426
2   6   3   5   0.0185540520
3   4   1   6   0.0185540520
3   4   3   4   0.4225610430
3   4   3   5   -0.0000000000
3   5   2   6   0.0185540520
3   5   3   4   -0.0000000000
3   5   3   5   0.4225610426
3   6   1   4   0.0189952416
3   6   2   5   0.0189952416
3   6   3   6   0.4736737523

End ABCD Block
Begin AIJB Block
1   8   1   4   0.0128752594
1   8   2   4   -0.0000000039
1   8   3   4   0.0126710006
1   8   4   4   -0.0000011489
1   8   4   5   0.0000000000
1   8   5   4   0.0020735045
1   8   6   6   0.0025533159
1   8   7   6   -0.0000355469
1   9   1   4   -0.0000000039
1   9   2   4   0.0129270394
1   9   3   4   0.0000010583
1   9   3   5   0.0000000000
1   9   4   4   0.0137655030
1   9   5   4   0.0000001735
1   9   6   6   0.0000002134
1   9   7   6   -0.0000000030
1   10   1   4   0.0126710006
1   10   2   4   0.0000010583
1   10   2   5   0.0000000000
1   10   3   4   0.0554090943
1   10   4   4   0.0000000014
1   10   4   5   -0.0000000000
1   10   5   4   0.0098889577
1   10   5   5   -0.0000000000
1   10   6   6   -0.0315162202
1   10   7   6   0.0004387641
1   11   1   4   -0.0000011489
1   11   1   5   0.0000000000
1   11   2   4   0.0137655030
1   11   3   4   0.0000000014
1   11   3   5   -0.0000000000
1   11   4   4   0.0670509613
1   11   4   5   -0.0000000000
1   11   5   4   0.0000000017
1   11   5   5   0.0000000000
1   11   6   6   -0.0000000032
1   11   7   6   0.0000000001
1   12   1   4   0.0020735045
1   12   2   4   0.0000001735
1   12   3   4   0.0098889577
1   12   3   5   -0.0000000000
1   12   4   4   0.0000000017
1   12   4   5   0.0000000000
1   12   5   4   0.0218085382
1   12   5   5   0.0000000000
1   12   6   6   0.1530831425
1   12   7   6   -0.0021312007
1   13   1   6   -0.0034140462
1   13   2   6   -0.0000002853
1   13   3   6   -0.0131130154
1   13   4   6   -0.0000000012
1   13   5   6   0.0153639096
1   13   6   4   0.2052829568
1   13   6   5   -0.0025620419
1   13   7   4   -0.0025620416
1   13   7   5   -0.0183534217
1   14   1   6   0.0000475298
1   14   2   6   0.0000000040
1   14   3   6   0.0001825574
1   14   4   6   0.0000000000
1   14   5   6   -0.0002138941
1   14   6   4   -0.0025620416
1   14   6   5   -0.1656411609
1   14   7   4   0.0212883703
1   14   7   5   0.0025620419
2   8   1   5   0.0128752594
2   8   2   5   -0.0000000039
2   8   3   5   0.0126710006
2   8   4   4   0.0000000000
2   8   4   5   -0.0000011489
2   8   5   5   0.0020735045
2   8   6   6   -0.0000355469
2   8   7   6   -0.0025533161
2   9   1   5   -0.0000000039
2   9   2   5   0.0129270394
2   9   3   4   0.0000000000
2   9   3   5   0.0000010583
2   9   4   5   0.0137655030
2   9   5   5   0.0000001735
2   9   6   6   -0.0000000030
2   9   7   6   -0.0000002133
2   10   1   5   0.0126710006
2   10   2   4   0.0000000000
2   10   2   5   0.0000010583
2   10   3   5   0.0554090943
2   10   4   4   -0.0000000000
2   10   4   5   0.0000000013
2   10   5   4   -0.0000000000
2   10   5   5   0.0098889577
2   10   6   6   0.0004387641
2   10   7   6   0.0315162199
2   11   1   4   0.0000000000
2   11   1   5   -0.0000011489
2   11   2   5   0.0137655030
2   11   3   4   -0.0000000000
2   11   3   5   0.0000000013
2   11   4   4   -0.0000000000
2   11   4   5   0.0670509613
2   11   5   4   0.0000000000
2   11   5   5   0.0000000020
2   11   6   6   0.0000000000
2   11   7   6   0.0000000033
2   12   1   5   0.0020735045
2   12   2   5   0.0000001735
2   12   3   4   -0.0000000000
2   12   3   5   0.0098889577
2   12   4   4   0.0000000000
2   12   4   5   0.0000000020
2   12   5   4   0.0000000000
2   12   5   5   0.0218085383
2   12   6   6   -0.0021312007
2   12   7   6   -0.1530831425
2   13   1   6   0.0000475298
2   13   2   6   0.0000000040
2   13   3   6   0.0001825574
2   13   4   6   0.0000000000
2   13   5   6   -0.0002138941
2   13   6   4   -0.0025620419
2   13   6   5   0.0212883703
2   13   7   4   -0.1656411609
2   13   7   5   0.0025620416
2   14   1   6   0.0034140462
2   14   2   6   0.0000002853
2   14   3   6   0.0131130154
2   14   4   6   0.0000000013
2   14   5   6   -0.0153639095
2   14   6   4   -0.0183534217
2   14   6   5   0.0025620416
2   14   7   4   0.0025620419
2   14   7   5   0.2052829570
3   8   1   6   0.0161698289
3   8   2   6   -0.0000000101
3   8   3   6   0.0124931363
3   8   4   6   -0.0000011423
3   8   5   6   0.0015738397
3   8   6   4   -0.0034140462
3   8   6   5   0.0000475298
3   8   7   4   0.0000475298
3   8   7   5   0.0034140462
3   9   1   6   -0.0000000101
3   9   2   6   0.0162971496
3   9   3   6   0.0000010439
3   9   4   6   0.0136906396
3   9   5   6   0.0000001316
3   9   6   4   -0.0000002853
3   9   6   5   0.0000000040
3   9   7   4   0.0000000040
3   9   7   5   0.0000002853
3   10   1   6   0.0124931363
3   10   2   6   0.0000010439
3   10   3   6   0.0615836675
3   10   4   6   0.0000000024
3   10   5   6   -0.0284377493
3   10   6   4   -0.0131130154
3   10   6   5   0.0001825574
3   10   7   4   0.0001825574
3   10   7   5   0.0131130154
3   11   1   6   -0.0000011423
3   11   2   6   0.0136906396
3   11   3   6   0.0000000024
3   11   4   6   0.0628557883
3   11   5   6   -0.0000000022
3   11   6   4   -0.0000000012
3   11   6   5   0.0000000000
3   11   7   4   0.0000000000
3   11   7   5   0.0000000013
3   12   1   6   0.0015738397
3   12   2   6   0.0000001316
3   12   3   6   -0.0284377493
3   12   4   6   -0.0000000022
3   12   5   6   0.1776146738
3   12   6   4   0.0153639096
3   12   6   5   -0.0002138941
3   12   7   4   -0.0002138941
3   12   7   5   -0.0153639095
3   13   1   4   0.0025533159
3   13   1   5   -0.0000355469
3   13   2   4   0.0000002134
3   13   2   5   -0.0000000030
3   13   3   4   -0.0315162202
3   13   3   5   0.0004387641
3   13   4   4   -0.0000000032
3   13   4   5   0.0000000000
3   13   5   4   0.1530831425
3   13   5   5   -0.0021312007
3   13   6   6   0.0227542845
3   13   7   6   0.0000000000
3   14   1   4   -0.0000355469
3   14   1   5   -0.0025533161
3   14   2   4   -0.0000000030
3   14   2   5   -0.0000002133
3   14   3   4   0.0004387641
3   14   3   5   0.0315162199
3   14   4   4   0.0000000001
3   14   4   5   0.0000000033
3   14   5   4   -0.0021312007
3   14   5   5   -0.1530831425
3   14   6   6   0.0000000000
3   14   7   6   0.0227542845

1   8   8   1   -0.5698225639
1   8   8   2   -0.0000000000
1   8   9   1   -0.0000000128
1   8   9   2   -0.0000000000
1   8   10   1   0.0049009827
1   8   10   2   0.0000000000
1   8   11   1   -0.0000004430
1   8   12   1   0.0016782463
1   8   12   2   -0.0000000000
1   8   13   3   0.0035960425
1   8   14   3   -0.0000500636
1   9   8   1   -0.0000000128
1   9   8   2   -0.0000000000
1   9   9   1   -0.5698243840
1   9   9   2   -0.0000000000
1   9   10   1   0.0000004093
1   9   11   1   0.0053068003
1   9   12   1   0.0000001402
1   9   13   3   0.0000003005
1   9   14   3   -0.0000000042
1   10   8   1   0.0049009827
1   10   8   2   0.0000000000
1   10   9   1   0.0000004093
1   10   10   1   -0.4438184433
1   10   10   2   -0.0000000000
1   10   11   1   -0.0000000080
1   10   11   2   0.0000000000
1   10   12   1   0.0103044835
1   10   12   2   -0.0000000000
1   10   13   3   0.0159541610
1   10   14   3   -0.0002221114
1   11   8   1   -0.0000004430
1   11   9   1   0.0053068003
1   11   10   1   -0.0000000080
1   11   10   2   0.0000000000
1   11   11   1   -0.4451093266
1   11   11   2   -0.0000000000
1   11   12   1   -0.0000000023
1   11   12   2   0.0000000000
1   11   13   3   0.0000000020
1   11   14   3   0.0000000000
1   12   8   1   0.0016782463
1   12   8   2   -0.0000000000
1   12   9   1   0.0000001402
1   12   10   1   0.0103044835
1   12   10   2   -0.0000000000
1   12   11   1   -0.0000000023
1   12   11   2   0.0000000000
1   12   12   1   -0.4286494514
1   12   12   2   -0.0000000000
1   12   13   3   -0.0163746996
1   12   14   3   0.0002279661
1   13   8   3   0.0035436267
1   13   9   3   0.0000002962
1   13   10   3   0.0163128059
1   13   11   3   0.0000000021
1   13   12   3   -0.0186953554
1   13   13   1   -0.4594162302
1   13   13   2   0.0005247122
1   13   14   1   0.0005247119
1   13   14   2   0.0201602004
1   14   8   3   -0.0000493338
1   14   9   3   -0.0000000041
1   14   10   3   -0.0002271044
1   14   11   3   0.0000000000
1   14   12   3   0.0002602739
1   14   13   1   0.0005247119
1   14   13   2   0.0175223127
1   14   14   1   -0.4217337132
1   14   14   2   -0.0005247122
2   8   8   1   -0.0000000000
2   8   8   2   -0.5698225639
2   8   9   1   -0.0000000000
2   8   9   2   -0.0000000130
2   8   10   1   0.0000000000
2   8   10   2   0.0049009827
2   8   11   2   -0.0000004430
2   8   12   1   -0.0000000000
2   8   12   2   0.0016782462
2   8   13   3   -0.0000500636
2   8   14   3   -0.0035960425
2   9   8   1   -0.0000000000
2   9   8   2   -0.0000000130
2   9   9   1   -0.0000000000
2   9   9   2   -0.5698243841
2   9   10   2   0.0000004093
2   9   11   2   0.0053068003
2   9   12   2   0.0000001402
2   9   13   3   -0.0000000042
2   9   14   3   -0.0000003005
2   10   8   1   0.0000000000
2   10   8   2   0.0049009827
2   10   9   2   0.0000004093
2   10   10   1   -0.0000000000
2   10   10   2   -0.4438184434
2   10   11   1   0.0000000000
2   10   11   2   -0.0000000077
2   10   12   1   -0.0000000000
2   10   12   2   0.0103044835
2   10   13   3   -0.0002221115
2   10   14   3   -0.0159541610
2   11   8   2   -0.0000004430
2   11   9   2   0.0053068003
2   11   10   1   0.0000000000
2   11   10   2   -0.0000000077
2   11   11   1   -0.0000000000
2   11   11   2   -0.4451093266
2   11   12   1   0.0000000000
2   11   12   2   -0.0000000021
2   11   13   3   -0.0000000001
2   11   14   3   -0.0000000008
2   12   8   1   -0.0000000000
2   12   8   2   0.0016782462
2   12   9   2   0.0000001402
2   12   10   1   -0.0000000000
2   12   10   2   0.0103044835
2   12   11   1   0.0000000000
2   12   11   2   -0.0000000021
2   12   12   1   -0.0000000000
2   12   12   2   -0.4286494515
2   12   13   3   0.0002279661
2   12   14   3   0.0163746996
2   13   8   3   -0.0000493338
2   13   9   3   -0.0000000041
2   13   10   3   -0.0002271044
2   13   11   3   -0.0000000001
2   13   12   3   0.0002602740
2   13   13   1   0.0005247122
2   13   13   2   -0.4217337131
2   13   14   1   0.0175223127
2   13   14   2   -0.0005247119
2   14   8   3   -0.0035436267
2   14   9   3   -0.0000002961
2   14   10   3   -0.0163128059
2   14   11   3   -0.0000000008
2   14   12   3   0.0186953554
2   14   13   1   0.0201602004
2   14   13   2   -0.0005247119
2   14   14   1   -0.0005247122
2   14   14   2   -0.4594162305
3   8   8   3   -0.6021137354
3   8   9   3   -0.0000000077
3   8   10   3   0.0054323079
3   8   11   3   -0.0000005900
3   8   12   3   0.0078259746
3   8   13   1   0.0035436267
3   8   13   2   -0.0000493338
3   8   14   1   -0.0000493338
3   8   14   2   -0.0035436267
3   9   8   3   -0.0000000077
3   9   9   3   -0.6021102791
3   9   10   3   0.0000004535
3   9   11   3   0.0070665331
3   9   12   3   0.0000006546
3   9   13   1   0.0000002962
3   9   13   2   -0.0000000041
3   9   14   1   -0.0000000041
3   9   14   2   -0.0000002961
3   10   8   3   0.0054323079
3   10   9   3   0.0000004535
3   10   10   3   -0.4650268391
3   10   11   3   -0.0000000049
3   10   12   3   0.0361553423
3   10   13   1   0.0163128059
3   10   13   2   -0.0002271044
3   10   14   1   -0.0002271044
3   10   14   2   -0.0163128059
3   11   8   3   -0.0000005900
3   11   9   3   0.0070665331
3   11   10   3   -0.0000000049
3   11   11   3   -0.4537319900
3   11   12   3   0.0000000026
3   11   13   1   0.0000000021
3   11   13   2   -0.0000000001
3   11   14   1   0.0000000000
3   11   14   2   -0.0000000008
3   12   8   3   0.0078259746
3   12   9   3   0.0000006546
3   12   10   3   0.0361553423
3   12   11   3   0.0000000026
3   12   12   3   -0.4761595418
3   12   13   1   -0.0186953554
3   12   13   2   0.0002602740
3   12   14   1   0.0002602739
3   12   14   2   0.0186953554
3   13   8   1   0.0035960425
3   13   8   2   -0.0000500636
3   13   9   1   0.0000003005
3   13   9   2   -0.0000000042
3   13   10   1   0.0159541610
3   13   10   2   -0.0002221115
3   13   11   1   0.0000000020
3   13   11   2   -0.0000000001
3   13   12   1   -0.0163746996
3   13   12   2   0.0002279661
3   13   13   3   -0.4369471758
3   13   14   3   -0.0000000000
3   14   8   1   -0.0000500636
3   14   8   2   -0.0035960425
3   14   9   1   -0.0000000042
3   14   9   2   -0.0000003005
3   14   10   1   -0.0002221114
3   14   10   2   -0.0159541610
3   14   11   1   0.0000000000
3   14   11   2   -0.0000000008
3   14   12   1   0.0002279661
3   14   12   2   0.0163746996
3   14   13   3   -0.0000000000
3   14   14   3   -0.4369471759

End AIJB Block
Begin IJKA Block
1   8   1   6   0.0000133846
1   8   2   6   -0.0546984335
1   8   3   6   -0.0000015440
1   8   4   6   0.0070684121
1   8   5   6   0.0000020028
1   8   6   4   0.0000021447
1   8   6   5   -0.0000000299
1   8   7   4   -0.0000000299
1   8   7   5   -0.0000021447
1   9   1   6   -0.0507089341
1   9   2   6   -0.0000045697
1   9   3   6   0.0092403104
1   9   4   6   0.0000000026
1   9   5   6   -0.0120476323
1   9   6   4   -0.0128601413
1   9   6   5   0.0001790370
1   9   7   4   0.0001790370
1   9   7   5   0.0128601413
1   10   1   6   -0.0000122235
1   10   2   6   0.0730862091
1   10   3   6   0.0000001113
1   10   4   6   -0.0038601766
1   10   5   6   0.0000010792
1   10   6   4   0.0000010833
1   10   6   5   -0.0000000151
1   10   7   4   -0.0000000151
1   10   7   5   -0.0000010832
1   11   1   6   0.0506282239
1   11   2   6   0.0000000087
1   11   3   6   -0.0006892373
1   11   4   6   0.0000002920
1   11   5   6   -0.0140526025
1   11   6   4   -0.0142072850
1   11   6   5   0.0001977917
1   11   7   4   0.0001977917
1   11   7   5   0.0142072850
1   12   1   6   0.0000473726
1   12   2   6   -0.2833507224
1   12   3   6   -0.0000002899
1   12   4   6   0.0033458840
1   12   5   6   0.0000000439
1   12   6   4   0.0000001702
1   12   6   5   -0.0000000024
1   12   7   4   -0.0000000024
1   12   7   5   -0.0000001702
1   13   1   4   0.0000510331
1   13   1   5   -0.0000007105
1   13   2   4   -0.3052540327
1   13   2   5   0.0042497011
1   13   3   4   -0.0000003202
1   13   3   5   0.0000000045
1   13   4   4   0.0034433159
1   13   4   5   -0.0000479373
1   13   5   4   0.0000001261
1   13   5   5   -0.0000000018
1   13   6   6   -0.0000002801
1   13   7   6   0.0000000000
1   14   1   4   -0.0000007105
1   14   1   5   -0.0000510339
1   14   2   4   0.0042497011
1   14   2   5   0.3052540330
1   14   3   4   0.0000000045
1   14   3   5   0.0000003202
1   14   4   4   -0.0000479373
1   14   4   5   -0.0034433158
1   14   5   4   -0.0000000018
1   14   5   5   -0.0000001261
1   14   6   6   0.0000000000
1   14   7   6   -0.0000002802
2   8   1   6   -0.0547014443
2   8   2   6   -0.0000049034
2   8   3   6   0.0092203668
2   8   4   6   0.0000000025
2   8   5   6   -0.0119125327
2   8   6   4   -0.0127948623
2   8   6   5   0.0001781282
2   8   7   4   0.0001781282
2   8   7   5   0.0127948622
2   9   1   6   -0.0000045700
2   9   2   6   -0.0507292253
2   9   3   6   0.0000015424
2   9   4   6   0.0070477311
2   9   5   6   -0.0000020029
2   9   6   4   -0.0000021444
2   9   6   5   0.0000000299
2   9   7   4   0.0000000299
2   9   7   5   0.0000021444
2   10   1   6   0.0730834718
2   10   2   6   0.0000122135
2   10   3   6   -0.0013265970
2   10   4   6   -0.0000003225
2   10   5   6   -0.0128991477
2   10   6   4   -0.0129407620
2   10   6   5   0.0001801594
2   10   7   4   0.0001801594
2   10   7   5   0.0129407619
2   11   1   6   0.0000000087
2   11   2   6   0.0506134402
2   11   3   6   -0.0000000573
2   11   4   6   -0.0034972428
2   11   5   6   -0.0000011763
2   11   6   4   -0.0000011887
2   11   6   5   0.0000000165
2   11   7   4   0.0000000166
2   11   7   5   0.0000011887
2   12   1   6   -0.2833416469
2   12   2   6   -0.0000473685
2   12   3   6   0.0034643631
2   12   4   6   0.0000002801
2   12   5   6   -0.0005242711
2   12   6   4   -0.0020376295
2   12   6   5   0.0000283676
2   12   7   4   0.0000283676
2   12   7   5   0.0020376294
2   13   1   4   -0.3052439369
2   13   1   5   0.0042495605
2   13   2   4   -0.0000510316
2   13   2   5   0.0000007105
2   13   3   4   0.0038269303
2   13   3   5   -0.0000532780
2   13   4   4   0.0000002883
2   13   4   5   -0.0000000040
2   13   5   4   -0.0015063858
2   13   5   5   0.0000209717
2   13   6   6   0.0033487709
2   13   7   6   -0.0000000000
2   14   1   4   0.0042495605
2   14   1   5   0.3052439372
2   14   2   4   0.0000007104
2   14   2   5   0.0000510309
2   14   3   4   -0.0000532780
2   14   3   5   -0.0038269303
2   14   4   4   -0.0000000040
2   14   4   5   -0.0000002883
2   14   5   4   0.0000209717
2   14   5   5   0.0015063859
2   14   6   6   -0.0000000000
2   14   7   6   0.0033487710
3   8   1   6   -0.0000016024
3   8   2   6   0.0095703906
3   8   3   6   -0.0000002151
3   8   4   6   -0.0048605738
3   8   5   6   0.0000013012
3   8   6   4   0.0000011844
3   8   6   5   -0.0000000165
3   8   7   4   -0.0000000165
3   8   7   5   -0.0000011844
3   9   1   6   0.0095881700
3   9   2   6   0.0000016006
3   9   3   6   0.0025851151
3   9   4   6   -0.0000004054
3   9   5   6   -0.0155545873
3   9   6   4   -0.0141505578
3   9   6   5   0.0001970020
3   9   7   4   0.0001970020
3   9   7   5   0.0141505578
3   10   1   6   0.0000000990
3   10   2   6   -0.0011798165
3   10   3   6   -0.0000000101
3   10   4   6   0.0308763508
3   10   5   6   0.0000000092
3   10   6   4   0.0000000121
3   10   6   5   -0.0000000002
3   10   7   4   -0.0000000001
3   10   7   5   -0.0000000114
3   11   1   6   -0.0005626887
3   11   2   6   -0.0000000468
3   11   3   6   0.0423394943
3   11   4   6   0.0000000065
3   11   5   6   -0.0617396779
3   11   6   4   -0.0621382190
3   11   6   5   0.0008650790
3   11   7   4   0.0008650790
3   11   7   5   0.0621382189
3   12   1   6   -0.0000002946
3   12   2   6   0.0035209571
3   12   3   6   0.0000000356
3   12   4   6   -0.1716773278
3   12   5   6   0.0000000044
3   12   6   4   0.0000000005
3   12   6   5   0.0000000000
3   12   7   4   -0.0000000000
3   12   7   5   -0.0000000010
3   13   1   4   -0.0000003334
3   13   1   5   0.0000000046
3   13   2   4   0.0039854502
3   13   2   5   -0.0000554848
3   13   3   4   0.0000000382
3   13   3   5   -0.0000000005
3   13   4   4   -0.1867172945
3   13   4   5   0.0025994503
3   13   5   4   0.0000000051
3   13   5   5   -0.0000000001
3   13   6   6   -0.0000000022
3   13   7   6   -0.0000000000
3   14   1   4   0.0000000046
3   14   1   5   0.0000003334
3   14   2   4   -0.0000554848
3   14   2   5   -0.0039854502
3   14   3   4   -0.0000000006
3   14   3   5   -0.0000000390
3   14   4   4   0.0025994503
3   14   4   5   0.1867172947
3   14   5   4   -0.0000000001
3   14   5   5   -0.0000000051
3   14   6   6   -0.0000000000
3   14   7   6   -0.0000000010
4   8   1   6   0.0073702912
4   8   2   6   0.0000000023
4   8   3   6   -0.0049453552
4   8   4   6   0.0000003855
4   8   5   6   -0.0150548634
4   8   6   4   -0.0139722395
4   8   6   5   0.0001945194
4   8   7   4   0.0001945194
4   8   7   5   0.0139722395
4   9   1   6   0.0000000023
4   9   2   6   0.0073520249
4   9   3   6   -0.0000004124
4   9   4   6   -0.0046246062
4   9   5   6   -0.0000012604
4   9   6   4   -0.0000011691
4   9   6   5   0.0000000163
4   9   7   4   0.0000000163
4   9   7   5   0.0000011692
4   10   1   6   -0.0035866823
4   10   2   6   -0.0000002997
4   10   3   6   0.0305383949
4   10   4   6   0.0000000045
4   10   5   6   -0.0399436358
4   10   6   4   -0.0546697388
4   10   6   5   0.0007611040
4   10   7   4   0.0007611039
4   10   7   5   0.0546697387
4   11   1   6   0.0000002711
4   11   2   6   -0.0032464969
4   11   3   6   0.0000000064
4   11   4   6   0.0134152376
4   11   5   6   -0.0000000108
4   11   6   4   -0.0000000109
4   11   6   5   0.0000000002
4   11   7   4   0.0000000002
4   11   7   5   0.0000000109
4   12   1   6   0.0034706076
4   12   2   6   0.0000002905
4   12   3   6   -0.1720340624
4   12   4   6   -0.0000000322
4   12   5   6   -0.0642037631
4   12   6   4   -0.0102672686
4   12   6   5   0.0001429394
4   12   7   4   0.0001429394
4   12   7   5   0.0102672684
4   13   1   4   0.0037634750
4   13   1   5   -0.0000523945
4   13   2   4   0.0000003152
4   13   2   5   -0.0000000044
4   13   3   4   -0.1863345734
4   13   3   5   0.0025941221
4   13   4   4   -0.0000000350
4   13   4   5   0.0000000005
4   13   5   4   -0.0649114495
4   13   5   5   0.0009036875
4   13   6   6   0.0085750008
4   13   7   6   -0.0000000000
4   14   1   4   -0.0000523945
4   14   1   5   -0.0037634749
4   14   2   4   -0.0000000044
4   14   2   5   -0.0000003152
4   14   3   4   0.0025941221
4   14   3   5   0.1863345735
4   14   4   4   0.0000000005
4   14   4   5   0.0000000343
4   14   5   4   0.0009036875
4   14   5   5   0.0649114498
4   14   6   6   -0.0000000000
4   14   7   6   0.0085750009
5   8   1   6   0.0000022034
5   8   2   6   -0.0131170830
5   8   3   6   0.0000013459
5   8   4   6   -0.0156220385
5   8   5   6   0.0000001573
5   8   6   4   0.0000001221
5   8   6   5   -0.0000000017
5   8   7   4   -0.0000000017
5   8   7   5   -0.0000001220
5   9   1   6   -0.0132408808
5   9   2   6   -0.0000022032
5   9   3   6   -0.0160876753
5   9   4   6   -0.0000013078
5   9   5   6   -0.0018845061
5   9   6   4   -0.0014615125
5   9   6   5   0.0000203470
5   9   7   4   0.0000203470
5   9   7   5   0.0014615125
5   10   1   6   0.0000010305
5   10   2   6   -0.0123159556
5   10   3   6   0.0000000090
5   10   4   6   -0.0391176150
5   10   5   6   -0.0000000034
5   10   6   4   -0.0000000000
5   10   6   5   0.0000000000
5   10   7   4   -0.0000000000
5   10   7   5   -0.0000000007
5   11   1   6   -0.0131673250
5   11   2   6   -0.0000011021
5   11   3   6   -0.0606681185
5   11   4   6   -0.0000000105
5   11   5   6   0.0180818750
5   11   6   4   -0.0063683849
5   11   6   5   0.0000886597
5   11   7   4   0.0000886597
5   11   7   5   0.0063683848
5   12   1   6   0.0000000191
5   12   2   6   -0.0002259537
5   12   3   6   0.0000000049
5   12   4   6   -0.0650396179
5   12   5   6   0.0000000058
5   12   6   4   0.0000000015
5   12   6   5   -0.0000000001
5   12   7   4   0.0000000001
5   12   7   5   0.0000000007
5   13   1   4   0.0000001036
5   13   1   5   -0.0000000014
5   13   2   4   -0.0012363992
5   13   2   5   0.0000172130
5   13   3   4   0.0000000052
5   13   3   5   -0.0000000001
5   13   4   4   -0.0646153994
5   13   4   5   0.0008995659
5   13   5   4   0.0000000051
5   13   5   5   -0.0000000000
5   13   6   6   0.0000000026
5   13   7   6   0.0000000001
5   14   1   4   -0.0000000014
5   14   1   5   -0.0000001036
5   14   2   4   0.0000172130
5   14   2   5   0.0012363994
5   14   3   4   -0.0000000001
5   14   3   5   -0.0000000050
5   14   4   4   0.0008995660
5   14   4   5   0.0646153996
5   14   5   4   -0.0000000002
5   14   5   5   -0.0000000071
5   14   6   6   0.0000000001
5   14   7   6   -0.0000000013
6   8   1   4   0.0000024114
6   8   1   5   -0.0000000336
6   8   2   4   -0.0143943803
6   8   2   5   0.0002003964
6   8   3   4   0.0000012575
6   8   3   5   -0.0000000175
6   8   4   4   -0.0148430441
6   8   4   5   0.0002066426
6   8   5   4   0.0000001408
6   8   5   5   -0.0000000020
6   8   6   6   -0.0000000926
6   8   7   6   0.0000000000
6   9   1   4   -0.0144500575
6   9   1   5   0.0002011715
6   9   2   4   -0.0000024108
6   9   2   5   0.0000000336
6   9   3   4   -0.0150237952
6   9   3   5   0.0002091590
6   9   4   4   -0.0000012420
6   9   4   5   0.0000000173
6   9   5   4   -0.0016860038
6   9   5   5   0.0000234723
6   9   6   6   0.0011092325
6   9   7   6   -0.0000000000
6   10   1   4   0.0000010670
6   10   1   5   -0.0000000149
6   10   2   4   -0.0127451524
6   10   2   5   0.0001774361
6   10   3   4   0.0000000115
6   10   3   5   -0.0000000002
6   10   4   4   -0.0541241704
6   10   4   5   0.0007535086
6   10   5   4   0.0000000004
6   10   5   5   0.0000000000
6   10   6   6   -0.0000000052
6   10   7   6   -0.0000000000
6   11   1   4   -0.0136781490
6   11   1   5   0.0001904251
6   11   2   4   -0.0000011443
6   11   2   5   0.0000000159
6   11   3   4   -0.0606300529
6   11   3   5   0.0008440825
6   11   4   4   -0.0000000108
6   11   4   5   0.0000000002
6   11   5   4   -0.0084009986
6   11   5   5   0.0001169574
6   11   6   6   0.0328617923
6   11   7   6   -0.0000000000
6   12   1   4   0.0000001467
6   12   1   5   -0.0000000020
6   12   2   4   -0.0017554317
6   12   2   5   0.0000244389
6   12   3   4   0.0000000012
6   12   3   5   -0.0000000000
6   12   4   4   -0.0115409124
6   12   4   5   0.0001606709
6   12   5   4   0.0000000003
6   12   5   5   0.0000000000
6   12   6   6   0.0000000100
6   12   7   6   0.0000000001
6   13   1   6   -0.0000002579
6   13   2   6   0.0030830948
6   13   3   6   -0.0000000018
6   13   4   6   0.0085505377
6   13   5   6   0.0000000009
6   13   6   4   0.0000000119
6   13   6   5   -0.0000000002
6   13   7   4   -0.0000000000
6   13   7   5   -0.0000000007
6   14   1   6   0.0000000000
6   14   3   6   -0.0000000000
6   14   4   6   -0.0000000000
6   14   5   6   0.0000000000
6   14   6   4   -0.0000000002
6   14   6   5   -0.0000000099
6   14   7   4   0.0000000014
6   14   7   5   -0.0000000000
7   8   1   4   -0.0000000336
7   8   1   5   -0.0000024115
7   8   2   4   0.0002003964
7   8   2   5   0.0143943803
7   8   3   4   -0.0000000175
7   8   3   5   -0.0000012576
7   8   4   4   0.0002066426
7   8   4   5   0.0148430441
7   8   5   4   -0.0000000020
7   8   5   5   -0.0000001408
7   8   6   6   0.0000000000
7   8   7   6   -0.0000000926
7   9   1   4   0.0002011715
7   9   1   5   0.0144500576
7   9   2   4   0.0000000336
7   9   2   5   0.0000024108
7   9   3   4   0.0002091590
7   9   3   5   0.0150237952
7   9   4   4   0.0000000173
7   9   4   5   0.0000012420
7   9   5   4   0.0000234723
7   9   5   5   0.0016860038
7   9   6   6   -0.0000000000
7   9   7   6   0.0011092326
7   10   1   4   -0.0000000149
7   10   1   5   -0.0000010670
7   10   2   4   0.0001774361
7   10   2   5   0.0127451524
7   10   3   4   -0.0000000002
7   10   3   5   -0.0000000118
7   10   4   4   0.0007535086
7   10   4   5   0.0541241705
7   10   5   4   -0.0000000000
7   10   5   5   -0.0000000010
7   10   6   6   -0.0000000000
7   10   7   6   -0.0000000046
7   11   1   4   0.0001904252
7   11   1   5   0.0136781491
7   11   2   4   0.0000000159
7   11   2   5   0.0000011443
7   11   3   4   0.0008440826
7   11   3   5   0.0606300529
7   11   4   4   0.0000000001
7   11   4   5   0.0000000101
7   11   5   4   0.0001169574
7   11   5   5   0.0084009986
7   11   6   6   -0.0000000000
7   11   7   6   0.0328617924
7   12   1   4   -0.0000000020
7   12   1   5   -0.0000001467
7   12   2   4   0.0000244389
7   12   2   5   0.0017554317
7   12   3   4   -0.0000000000
7   12   3   5   -0.0000000009
7   12   4   4   0.0001606709
7   12   4   5   0.0115409123
7   12   5   4   -0.0000000000
7   12   5   5   -0.0000000007
7   12   6   6   0.0000000001
7   12   7   6   0.0000000081
7   13   1   6   0.0000000000
7   13   3   6   -0.0000000000
7   13   4   6   -0.0000000000
7   13   5   6   0.0000000000
7   13   6   4   -0.0000000000
7   13   6   5   -0.0000000008
7   13   7   4   0.0000000096
7   13   7   5   -0.0000000001
7   14   1   6   -0.0000002580
7   14   2   6   0.0030830948
7   14   3   6   -0.0000000015
7   14   4   6   0.0085505380
7   14   5   6   0.0000000008
7   14   6   4   0.0000000016
7   14   6   5   -0.0000000000
7   14   7   4   -0.0000000001
7   14   7   5   -0.0000000118

End IJKA Block
Begin IABC Block
1   4   1   6   -0.0000002776
1   4   2   6   -0.0000000000
1   4   3   4   -0.0000000043
1   4   3   5   0.0000000000
1   5   1   6   -0.0000000000
1   5   2   6   -0.0000002776
1   5   3   4   0.0000000000
1   5   3   5   -0.0000000043
1   6   1   4   -0.0000002709
1   6   1   5   -0.0000000000
1   6   2   4   -0.0000000000
1   6   2   5   -0.0000002709
1   6   3   6   -0.0000004659
2   4   1   6   0.0033220503
2   4   3   4   0.0000499641
2   4   3   5   -0.0000000000
2   5   2   6   0.0033220503
2   5   3   4   -0.0000000000
2   5   3   5   0.0000499640
2   6   1   4   0.0032413203
2   6   2   5   0.0032413203
2   6   3   6   0.0055794437
3   4   1   6   -0.0000000009
3   4   2   6   0.0000000000
3   4   3   4   -0.0000000018
3   4   3   5   0.0000000000
3   5   1   6   0.0000000000
3   5   2   6   -0.0000000005
3   5   3   4   0.0000000000
3   5   3   5   -0.0000000011
3   6   1   4   -0.0000000004
3   6   1   5   -0.0000000000
3   6   2   4   -0.0000000000
3   6   2   5   -0.0000000005
3   6   3   6   -0.0000000020
4   4   1   6   0.0109353161
4   4   3   4   0.0279809142
4   4   3   5   -0.0000000000
4   5   2   6   0.0109353160
4   5   3   4   -0.0000000000
4   5   3   5   0.0279809140
4   6   1   4   0.0089821895
4   6   1   5   -0.0000000000
4   6   2   4   -0.0000000000
4   6   2   5   0.0089821894
4   6   3   6   0.0392634179
5   4   1   6   -0.0000000018
5   4   2   6   0.0000000001
5   4   3   4   -0.0000000051
5   4   3   5   -0.0000000000
5   5   1   6   0.0000000001
5   5   2   6   0.0000000016
5   5   3   4   -0.0000000000
5   5   3   5   -0.0000000059
5   6   1   4   -0.0000000029
5   6   1   5   0.0000000002
5   6   2   4   0.0000000002
5   6   2   5   0.0000000019
5   6   3   6   -0.0000000024
6   4   1   4   -0.0000000076
6   4   1   5   -0.0000000000
6   4   2   4   0.0000000001
6   4   2   5   -0.0000000007
6   4   3   6   0.0000000053
6   5   1   4   -0.0000000000
6   5   1   5   -0.0000000073
6   5   2   4   -0.0000000006
6   5   2   5   0.0000000001
6   5   3   6   -0.0000000004
6   6   1   6   -0.0000000031
6   6   2   6   0.0000000000
6   6   3   4   0.0000000044
6   6   3   5   -0.0000000003
7   4   1   4   0.0000000001
7   4   1   5   0.0000000002
7   4   2   4   0.0000000062
7   4   2   5   0.0000000001
7   4   3   6   0.0000000004
7   5   1   4   0.0000000008
7   5   1   5   0.0000000001
7   5   2   4   0.0000000000
7   5   2   5   0.0000000082
7   5   3   6   0.0000000061
7   6   1   6   0.0000000001
7   6   2   6   0.0000000042
7   6   3   4   0.0000000003
7   6   3   5   0.0000000044

End IABC Block
