0   1   5   6       0.172088571155
0   1   6   5      -0.172088571115
0   2   4   6      -0.169265862788
0   2   6   4       0.169265862539
1   0   5   6      -0.172088571155
1   0   6   5       0.172088571115
1   2   4   5       0.169265862763
1   2   5   4      -0.169265862520
2   0   4   6       0.169265862788
2   0   6   4      -0.169265862539
2   1   4   5      -0.169265862763
2   1   5   4       0.169265862520
0   53   5   12      -0.071605185000
0   53   5   13       0.126687561668
0   53   6   12       0.126687561031
0   53   6   13      -0.817489528450
0   54   5   12      -0.126687562281
0   54   5   13       0.458986461058
0   54   6   12       0.286897887468
0   54   6   13       0.126687561562
0   55   4   12       0.076537947879
0   55   4   13      -0.463269054775
0   55   6   11      -0.294003192914
1   53   5   12      -0.126687561740
1   53   5   13       0.286897888278
1   53   6   12       0.458986460379
1   53   6   13       0.126687562483
1   54   5   12      -0.817489528736
1   54   5   13      -0.126687560801
1   54   6   12      -0.126687562039
1   54   6   13      -0.071605185005
1   55   4   12       0.463269054759
1   55   4   13       0.076537947909
1   55   5   11       0.294003193067
2   53   4   13      -0.294003193689
2   53   5   11       0.076537947883
2   53   6   11      -0.463269054738
2   54   4   12       0.294003193594
2   54   5   11       0.463269054952
2   54   6   11       0.076537947917
2   55   4   11      -0.794773383264
0   53   12   5       0.071605185000
0   53   12   6      -0.126687561031
0   53   13   5      -0.126687561668
0   53   13   6       0.817489528450
0   54   12   5       0.126687562281
0   54   12   6      -0.286897887468
0   54   13   5      -0.458986461058
0   54   13   6      -0.126687561562
0   55   11   6       0.294003192914
0   55   12   4      -0.076537947879
0   55   13   4       0.463269054775
1   53   12   5       0.126687561740
1   53   12   6      -0.458986460379
1   53   13   5      -0.286897888278
1   53   13   6      -0.126687562483
1   54   12   5       0.817489528736
1   54   12   6       0.126687562039
1   54   13   5       0.126687560801
1   54   13   6       0.071605185005
1   55   11   5      -0.294003193067
1   55   12   4      -0.463269054759
1   55   13   4      -0.076537947909
2   53   11   5      -0.076537947883
2   53   11   6       0.463269054738
2   53   13   4       0.294003193689
2   54   11   5      -0.463269054952
2   54   11   6      -0.076537947917
2   54   12   4      -0.294003193594
2   55   11   4       0.794773383264
0   61   6   13       0.075503366205
1   60   5   12       0.075503366229
2   59   4   11       0.057714340015
0   61   13   6      -0.075503366205
1   60   12   5      -0.075503366229
2   59   11   4      -0.057714340015
6   55   4   11       0.057714340015
7   54   5   12       0.075503366230
8   53   6   13       0.075503366205
6   55   11   4      -0.057714340015
7   54   12   5      -0.075503366230
8   53   13   6      -0.075503366205
53   0   5   12       0.071605185000
53   0   5   13      -0.126687561668
53   0   6   12      -0.126687561031
53   0   6   13       0.817489528450
53   1   5   12       0.126687561740
53   1   5   13      -0.286897888278
53   1   6   12      -0.458986460379
53   1   6   13      -0.126687562483
53   2   4   13       0.294003193689
53   2   5   11      -0.076537947883
53   2   6   11       0.463269054738
54   0   5   12       0.126687562281
54   0   5   13      -0.458986461058
54   0   6   12      -0.286897887468
54   0   6   13      -0.126687561562
54   1   5   12       0.817489528736
54   1   5   13       0.126687560801
54   1   6   12       0.126687562039
54   1   6   13       0.071605185005
54   2   4   12      -0.294003193594
54   2   5   11      -0.463269054952
54   2   6   11      -0.076537947917
55   0   4   12      -0.076537947879
55   0   4   13       0.463269054775
55   0   6   11       0.294003192914
55   1   4   12      -0.463269054759
55   1   4   13      -0.076537947909
55   1   5   11      -0.294003193067
55   2   4   11       0.794773383264
53   0   12   5      -0.071605185000
53   0   12   6       0.126687561031
53   0   13   5       0.126687561668
53   0   13   6      -0.817489528450
53   1   12   5      -0.126687561740
53   1   12   6       0.458986460379
53   1   13   5       0.286897888278
53   1   13   6       0.126687562483
53   2   11   5       0.076537947883
53   2   11   6      -0.463269054738
53   2   13   4      -0.294003193689
54   0   12   5      -0.126687562281
54   0   12   6       0.286897887468
54   0   13   5       0.458986461058
54   0   13   6       0.126687561562
54   1   12   5      -0.817489528736
54   1   12   6      -0.126687562039
54   1   13   5      -0.126687560801
54   1   13   6      -0.071605185005
54   2   11   5       0.463269054952
54   2   11   6       0.076537947917
54   2   12   4       0.294003193594
55   0   11   6      -0.294003192914
55   0   12   4       0.076537947879
55   0   13   4      -0.463269054775
55   1   11   5       0.294003193067
55   1   12   4       0.463269054759
55   1   13   4       0.076537947909
55   2   11   4      -0.794773383264
53   8   6   13      -0.075503366205
54   7   5   12      -0.075503366230
55   6   4   11      -0.057714340015
53   8   13   6       0.075503366205
54   7   12   5       0.075503366230
55   6   11   4       0.057714340015
53   54   12   13       0.172088571155
53   54   13   12      -0.172088571115
53   55   11   13      -0.169265862788
53   55   13   11       0.169265862539
54   53   12   13      -0.172088571155
54   53   13   12       0.172088571115
54   55   11   12       0.169265862763
54   55   12   11      -0.169265862520
55   53   11   13       0.169265862788
55   53   13   11      -0.169265862539
55   54   11   12      -0.169265862763
55   54   12   11       0.169265862520
59   2   4   11      -0.057714340015
60   1   5   12      -0.075503366229
61   0   6   13      -0.075503366205
59   2   11   4       0.057714340015
60   1   12   5       0.075503366229
61   0   13   6       0.075503366205

