0   103   5   12      -0.319362647627
0   103   5   13       0.120434863121
0   103   6   12       0.120434863078
0   103   6   13      -0.104687858017
0   104   5   12      -0.120434871421
0   104   5   13      -0.091803186851
0   104   6   12      -0.122871607736
0   104   6   13       0.120434870982
0   105   4   12       0.085251280742
0   105   5   11       0.092631412893
1   103   5   12      -0.120434871331
1   103   5   13      -0.122871607991
1   103   6   12      -0.091803186797
1   103   6   13       0.120434871168
1   104   5   12      -0.104687858302
1   104   5   13      -0.120434863299
1   104   6   12      -0.120434863266
1   104   6   13      -0.319362647141
1   105   4   13       0.085251280584
1   105   6   11       0.092631412842
2   103   4   12       0.092631412893
2   103   5   11       0.085251280742
2   104   4   13       0.092631412842
2   104   6   11       0.085251280584
2   105   4   11      -0.180139089187
0   103   12   5       0.319362647627
0   103   12   6      -0.120434863078
0   103   13   5      -0.120434863121
0   103   13   6       0.104687858017
0   104   12   5       0.120434871421
0   104   12   6       0.122871607736
0   104   13   5       0.091803186851
0   104   13   6      -0.120434870982
0   105   11   5      -0.092631412893
0   105   12   4      -0.085251280742
1   103   12   5       0.120434871331
1   103   12   6       0.091803186797
1   103   13   5       0.122871607991
1   103   13   6      -0.120434871168
1   104   12   5       0.104687858302
1   104   12   6       0.120434863266
1   104   13   5       0.120434863299
1   104   13   6       0.319362647141
1   105   11   6      -0.092631412842
1   105   13   4      -0.085251280584
2   103   11   5      -0.085251280742
2   103   12   4      -0.092631412893
2   104   11   6      -0.085251280584
2   104   13   4      -0.092631412842
2   105   11   4       0.180139089187
2   106   4   11       0.050521392695
2   106   11   4      -0.050521392695
3   105   4   11       0.050521392695
3   105   11   4      -0.050521392695
103   0   5   12       0.319362647627
103   0   5   13      -0.120434863121
103   0   6   12      -0.120434863078
103   0   6   13       0.104687858017
103   1   5   12       0.120434871331
103   1   5   13       0.122871607991
103   1   6   12       0.091803186797
103   1   6   13      -0.120434871168
103   2   4   12      -0.092631412893
103   2   5   11      -0.085251280742
104   0   5   12       0.120434871421
104   0   5   13       0.091803186851
104   0   6   12       0.122871607736
104   0   6   13      -0.120434870982
104   1   5   12       0.104687858302
104   1   5   13       0.120434863299
104   1   6   12       0.120434863266
104   1   6   13       0.319362647141
104   2   4   13      -0.092631412842
104   2   6   11      -0.085251280584
105   0   4   12      -0.085251280742
105   0   5   11      -0.092631412893
105   1   4   13      -0.085251280584
105   1   6   11      -0.092631412842
105   2   4   11       0.180139089187
103   0   12   5      -0.319362647627
103   0   12   6       0.120434863078
103   0   13   5       0.120434863121
103   0   13   6      -0.104687858017
103   1   12   5      -0.120434871331
103   1   12   6      -0.091803186797
103   1   13   5      -0.122871607991
103   1   13   6       0.120434871168
103   2   11   5       0.085251280742
103   2   12   4       0.092631412893
104   0   12   5      -0.120434871421
104   0   12   6      -0.122871607736
104   0   13   5      -0.091803186851
104   0   13   6       0.120434870982
104   1   12   5      -0.104687858302
104   1   12   6      -0.120434863266
104   1   13   5      -0.120434863299
104   1   13   6      -0.319362647141
104   2   11   6       0.085251280584
104   2   13   4       0.092631412842
105   0   11   5       0.092631412893
105   0   12   4       0.085251280742
105   1   11   6       0.092631412842
105   1   13   4       0.085251280584
105   2   11   4      -0.180139089187
105   3   4   11      -0.050521392695
105   3   11   4       0.050521392695
106   2   4   11      -0.050521392695
106   2   11   4       0.050521392695

