0   103   5   12      -0.113702496752
0   103   5   13       0.107260038105
0   103   6   12       0.107260038141
0   103   6   13      -0.212573830634
0   104   5   12       0.107260045976
0   104   6   12      -0.052476279652
0   104   6   13      -0.107260046122
0   105   6   11      -0.066029036509
1   103   5   12       0.107260045974
1   103   5   13      -0.052476279668
1   103   6   13      -0.107260046158
1   104   5   12      -0.212573831068
1   104   5   13      -0.107260037946
1   104   6   12      -0.107260038188
1   104   6   13      -0.113702496224
1   105   5   11      -0.066029037802
2   103   4   13      -0.066029036509
2   104   4   12      -0.066029037802
2   105   4   11      -0.115052573534
0   103   12   5       0.113702496752
0   103   12   6      -0.107260038141
0   103   13   5      -0.107260038105
0   103   13   6       0.212573830634
0   104   12   5      -0.107260045976
0   104   12   6       0.052476279652
0   104   13   6       0.107260046122
0   105   11   6       0.066029036509
1   103   12   5      -0.107260045974
1   103   13   5       0.052476279668
1   103   13   6       0.107260046158
1   104   12   5       0.212573831068
1   104   12   6       0.107260038188
1   104   13   5       0.107260037946
1   104   13   6       0.113702496224
1   105   11   5       0.066029037802
2   103   13   4       0.066029036509
2   104   12   4       0.066029037802
2   105   11   4       0.115052573534
103   0   5   12       0.113702496752
103   0   5   13      -0.107260038105
103   0   6   12      -0.107260038141
103   0   6   13       0.212573830634
103   1   5   12      -0.107260045974
103   1   5   13       0.052476279668
103   1   6   13       0.107260046158
103   2   4   13       0.066029036509
104   0   5   12      -0.107260045976
104   0   6   12       0.052476279652
104   0   6   13       0.107260046122
104   1   5   12       0.212573831068
104   1   5   13       0.107260037946
104   1   6   12       0.107260038188
104   1   6   13       0.113702496224
104   2   4   12       0.066029037802
105   0   6   11       0.066029036509
105   1   5   11       0.066029037802
105   2   4   11       0.115052573534
103   0   12   5      -0.113702496752
103   0   12   6       0.107260038141
103   0   13   5       0.107260038105
103   0   13   6      -0.212573830634
103   1   12   5       0.107260045974
103   1   13   5      -0.052476279668
103   1   13   6      -0.107260046158
103   2   13   4      -0.066029036509
104   0   12   5       0.107260045976
104   0   12   6      -0.052476279652
104   0   13   6      -0.107260046122
104   1   12   5      -0.212573831068
104   1   12   6      -0.107260038188
104   1   13   5      -0.107260037946
104   1   13   6      -0.113702496224
104   2   12   4      -0.066029037802
105   0   11   6      -0.066029036509
105   1   11   5      -0.066029037802
105   2   11   4      -0.115052573534

