Begin IJ Block
1   1   -25.5611951682
1   2   -0.0000000080
1   3   0.4835106536
1   4   -0.0000010571
1   5   -0.0164801975
2   2   -25.5612535173
2   3   0.0000010503
2   4   0.4873188771
2   5   -0.0000000373
3   3   -6.4613372013
3   4   -0.0000000070
3   5   -0.1209080821
4   4   -6.4755226888
4   5   0.0000000092
4   6   -0.0000000000
5   5   -5.9716752927
6   6   -5.9693152778
6   7   -0.0000000000
7   7   -5.9693152866

End IJ Block
Begin IA Block
1   3   -0.0000000542
2   3   0.0245271119
3   3   0.0000000009
4   3   -0.2118457022
5   2   -0.0000000000
5   3   -0.0000000091
6   1   -0.0000000007
6   2   -0.0000000032
6   3   0.0000000000
7   1   0.0000000039
7   2   -0.0000000012

End IA Block
Begin AB Block
1   1   -5.7748459927
1   2   -0.0000000002
2   2   -5.7748459934
3   3   -5.8863282682

End AB Block
Begin IJAB Block
1   8   1   4   0.0131343394
1   8   2   5   0.0131343394
1   8   3   6   0.0139387388
1   9   1   4   -0.0000000004
1   9   1   5   0.0000000000
1   9   2   4   0.0000000000
1   9   2   5   -0.0000000004
1   9   3   6   0.0000000005
1   10   1   4   0.0134309863
1   10   1   5   0.0000000000
1   10   2   4   0.0000000000
1   10   2   5   0.0134309864
1   10   3   6   0.0138838778
1   11   1   4   -0.0000000302
1   11   1   5   0.0000000000
1   11   2   4   0.0000000000
1   11   2   5   -0.0000000302
1   11   3   6   -0.0000000303
1   12   1   4   -0.0003875468
1   12   1   5   -0.0000000000
1   12   2   4   -0.0000000000
1   12   2   5   -0.0003875468
1   12   3   6   -0.0001931491
1   13   1   6   -0.0003273496
1   13   2   6   -0.0012056345
1   13   3   4   0.0002545274
1   13   3   5   0.0009374290
1   14   1   6   0.0012056345
1   14   2   6   -0.0003273496
1   14   3   4   -0.0009374290
1   14   3   5   0.0002545274
2   8   1   4   -0.0000000004
2   8   1   5   0.0000000000
2   8   2   4   0.0000000000
2   8   2   5   -0.0000000004
2   8   3   6   0.0000000005
2   9   1   4   0.0131494321
2   9   2   5   0.0131494321
2   9   3   6   0.0139731118
2   10   1   4   0.0000000287
2   10   1   5   0.0000000000
2   10   2   4   0.0000000000
2   10   2   5   0.0000000287
2   10   3   6   0.0000000309
2   11   1   4   0.0137149496
2   11   2   4   -0.0000000000
2   11   2   5   0.0137149496
2   11   3   6   0.0143037265
2   12   1   4   -0.0000000009
2   12   1   5   0.0000000000
2   12   2   4   0.0000000000
2   12   2   5   -0.0000000009
2   12   3   6   -0.0000000005
2   13   1   6   -0.0000000007
2   13   2   6   -0.0000000026
2   13   3   4   0.0000000006
2   13   3   5   0.0000000021
2   14   1   6   0.0000000026
2   14   2   6   -0.0000000007
2   14   3   4   -0.0000000021
2   14   3   5   0.0000000006
3   8   1   4   0.0134309863
3   8   1   5   0.0000000000
3   8   2   4   0.0000000000
3   8   2   5   0.0134309864
3   8   3   6   0.0138838778
3   9   1   4   0.0000000287
3   9   1   5   0.0000000000
3   9   2   4   0.0000000000
3   9   2   5   0.0000000287
3   9   3   6   0.0000000309
3   10   1   4   0.0582428085
3   10   1   5   0.0000000001
3   10   2   4   0.0000000001
3   10   2   5   0.0582428086
3   10   3   6   0.0605365102
3   11   1   4   -0.0000000019
3   11   1   5   0.0000000000
3   11   2   4   0.0000000000
3   11   2   5   -0.0000000019
3   11   3   6   0.0000000031
3   12   1   4   -0.0018665010
3   12   2   5   -0.0018665010
3   12   3   6   0.0087288580
3   13   1   6   -0.0014745857
3   13   2   6   -0.0054309266
3   13   3   4   -0.0016491766
3   13   3   5   -0.0060739478
3   14   1   6   0.0054309266
3   14   2   6   -0.0014745858
3   14   3   4   0.0060739479
3   14   3   5   -0.0016491766
4   8   1   4   -0.0000000302
4   8   1   5   0.0000000000
4   8   2   4   0.0000000000
4   8   2   5   -0.0000000302
4   8   3   6   -0.0000000303
4   9   1   4   0.0137149496
4   9   1   5   -0.0000000000
4   9   2   5   0.0137149496
4   9   3   6   0.0143037265
4   10   1   4   -0.0000000019
4   10   1   5   0.0000000000
4   10   2   4   0.0000000000
4   10   2   5   -0.0000000019
4   10   3   6   0.0000000031
4   11   1   4   0.0606333107
4   11   1   5   0.0000000000
4   11   2   4   0.0000000000
4   11   2   5   0.0606333108
4   11   3   6   0.0633654826
4   12   1   4   -0.0000000001
4   12   1   5   -0.0000000000
4   12   2   4   -0.0000000000
4   12   2   5   -0.0000000001
4   12   3   6   -0.0000000011
4   13   1   6   -0.0000000000
4   13   2   6   -0.0000000000
4   13   3   4   0.0000000002
4   13   3   5   0.0000000007
4   14   1   6   0.0000000001
4   14   2   6   -0.0000000000
4   14   3   4   -0.0000000006
4   14   3   5   0.0000000002
5   8   1   4   -0.0003875468
5   8   1   5   -0.0000000000
5   8   2   4   -0.0000000000
5   8   2   5   -0.0003875468
5   8   3   6   -0.0001931491
5   9   1   4   -0.0000000009
5   9   1   5   0.0000000000
5   9   2   4   0.0000000000
5   9   2   5   -0.0000000009
5   9   3   6   -0.0000000005
5   10   1   4   -0.0018665010
5   10   2   5   -0.0018665010
5   10   3   6   0.0087288580
5   11   1   4   -0.0000000001
5   11   1   5   -0.0000000000
5   11   2   4   -0.0000000000
5   11   2   5   -0.0000000001
5   11   3   6   -0.0000000011
5   12   1   4   0.0231843553
5   12   1   5   -0.0000000000
5   12   2   4   -0.0000000000
5   12   2   5   0.0231843552
5   12   3   6   0.2474483823
5   13   1   6   -0.0065952393
5   13   2   6   -0.0242903882
5   13   3   4   -0.0529601763
5   13   3   5   -0.1950533091
5   14   1   6   0.0242903884
5   14   2   6   -0.0065952393
5   14   3   4   0.1950533099
5   14   3   5   -0.0529601765
6   8   1   6   0.0002545274
6   8   2   6   0.0009374290
6   8   3   4   -0.0003273496
6   8   3   5   -0.0012056345
6   9   1   6   0.0000000006
6   9   2   6   0.0000000021
6   9   3   4   -0.0000000007
6   9   3   5   -0.0000000026
6   10   1   6   -0.0016491766
6   10   2   6   -0.0060739478
6   10   3   4   -0.0014745857
6   10   3   5   -0.0054309266
6   11   1   6   0.0000000002
6   11   2   6   0.0000000007
6   11   3   4   -0.0000000000
6   11   3   5   -0.0000000000
6   12   1   6   -0.0529601763
6   12   2   6   -0.1950533090
6   12   3   4   -0.0065952393
6   12   3   5   -0.0242903882
6   13   1   4   0.0397723914
6   13   1   5   0.0583776103
6   13   2   4   0.0583776103
6   13   2   5   0.2389277300
6   13   3   6   0.0243612853
6   14   1   4   -0.0583776093
6   14   1   5   -0.0101179028
6   14   2   4   -0.1890374328
6   14   2   5   0.0583776093
6   14   3   6   0.0000000000
7   8   1   6   -0.0009374290
7   8   2   6   0.0002545274
7   8   3   4   0.0012056345
7   8   3   5   -0.0003273496
7   9   1   6   -0.0000000021
7   9   2   6   0.0000000006
7   9   3   4   0.0000000026
7   9   3   5   -0.0000000007
7   10   1   6   0.0060739479
7   10   2   6   -0.0016491766
7   10   3   4   0.0054309266
7   10   3   5   -0.0014745858
7   11   1   6   -0.0000000006
7   11   2   6   0.0000000002
7   11   3   4   0.0000000001
7   11   3   5   -0.0000000000
7   12   1   6   0.1950533100
7   12   2   6   -0.0529601765
7   12   3   4   0.0242903884
7   12   3   5   -0.0065952393
7   13   1   4   -0.0583776093
7   13   1   5   -0.1890374328
7   13   2   4   -0.0101179028
7   13   2   5   0.0583776093
7   13   3   6   0.0000000000
7   14   1   4   0.2389277312
7   14   1   5   -0.0583776106
7   14   2   4   -0.0583776106
7   14   2   5   0.0397723915
7   14   3   6   0.0243612856

End IJAB Block
Begin IJKL Block
1   8   1   8   2.1358043836
1   8   1   9   -0.0000085978
1   8   1   10   -0.1988816519
1   8   1   11   0.0000013117
1   8   1   12   0.0038062400
1   8   2   8   -0.0000085978
1   8   2   9   1.9705103553
1   8   2   10   0.0000004361
1   8   2   11   -0.2007638486
1   8   2   12   -0.0000000034
1   8   3   8   -0.1988816519
1   8   3   9   0.0000004361
1   8   3   10   0.0292476376
1   8   3   11   -0.0000001288
1   8   3   12   -0.0003539194
1   8   4   8   0.0000013117
1   8   4   9   -0.2007638486
1   8   4   10   -0.0000001288
1   8   4   11   0.0298137166
1   8   4   12   0.0000000038
1   8   5   8   0.0038062400
1   8   5   9   -0.0000000034
1   8   5   10   -0.0003539194
1   8   5   11   0.0000000038
1   8   5   12   0.0120383088
1   8   6   13   0.0123239092
1   8   7   13   -0.0000000000
1   8   7   14   0.0123239093
1   9   1   8   -0.0000085978
1   9   1   9   2.1358329165
1   9   1   10   0.0000004363
1   9   1   11   -0.2008022707
1   9   1   12   0.0000000008
1   9   2   8   1.9705140529
1   9   2   9   0.0000085977
1   9   2   10   -0.1989665161
1   9   2   11   -0.0000004403
1   9   2   12   0.0018863831
1   9   3   8   0.0000004361
1   9   3   9   -0.1988910994
1   9   3   10   -0.0000000005
1   9   3   11   0.0295115384
1   9   3   12   -0.0000000001
1   9   4   8   -0.2007522668
1   9   4   9   -0.0000004402
1   9   4   10   0.0295243436
1   9   4   11   0.0000000006
1   9   4   12   -0.0008912851
1   9   5   8   -0.0000000034
1   9   5   9   0.0038010115
1   9   5   10   -0.0000000001
1   9   5   11   -0.0008952032
1   9   5   12   -0.0000000007
1   9   6   13   0.0000000005
1   9   6   14   0.0000000000
1   9   7   13   0.0000000000
1   9   7   14   0.0000000005
1   10   1   8   -0.1988816519
1   10   1   9   0.0000004363
1   10   1   10   0.5677069734
1   10   1   11   -0.0000017666
1   10   1   12   0.0063078186
1   10   2   8   0.0000004361
1   10   2   9   -0.1989785783
1   10   2   10   -0.0000000084
1   10   2   11   0.4049335930
1   10   2   12   -0.0000000005
1   10   3   8   0.0313218849
1   10   3   9   -0.0000000006
1   10   3   10   -0.0083484573
1   10   3   11   0.0000000189
1   10   3   12   0.0002227258
1   10   4   8   -0.0000001368
1   10   4   9   0.0313622644
1   10   4   10   0.0000000192
1   10   4   11   -0.0089377884
1   10   4   12   0.0000000009
1   10   5   8   -0.0003766045
1   10   5   9   -0.0000000001
1   10   5   10   0.0011941063
1   10   5   11   0.0000000030
1   10   5   12   0.0140268215
1   10   6   13   0.0141252392
1   10   7   13   -0.0000000000
1   10   7   14   0.0141252393
1   11   1   8   0.0000013117
1   11   1   9   -0.2008022707
1   11   1   10   -0.0000017666
1   11   1   11   0.5719150322
1   11   1   12   0.0000001355
1   11   2   8   -0.2007522668
1   11   2   9   -0.0000004403
1   11   2   10   0.4049559404
1   11   2   11   0.0000000090
1   11   2   12   -0.0312586068
1   11   3   8   -0.0000001368
1   11   3   9   0.0313717090
1   11   3   10   0.0000000196
1   11   3   11   -0.0088186373
1   11   3   12   -0.0000000011
1   11   4   8   0.0319719999
1   11   4   9   0.0000000007
1   11   4   10   -0.0085777283
1   11   4   11   0.0000000184
1   11   4   12   -0.0000902428
1   11   5   8   0.0000000036
1   11   5   9   -0.0008444129
1   11   5   10   0.0000000027
1   11   5   11   -0.0000062687
1   11   5   12   -0.0000000303
1   11   6   13   -0.0000000299
1   11   6   14   0.0000000000
1   11   7   13   0.0000000000
1   11   7   14   -0.0000000299
1   12   1   8   0.0038062400
1   12   1   9   0.0000000008
1   12   1   10   0.0063078186
1   12   1   11   0.0000001355
1   12   1   12   0.5523167465
1   12   2   8   -0.0000000034
1   12   2   9   0.0018883731
1   12   2   10   -0.0000000005
1   12   2   11   -0.0312567114
1   12   2   12   -0.0000000177
1   12   2   13   0.0000000000
1   12   3   8   -0.0003766045
1   12   3   9   -0.0000000001
1   12   3   10   0.0002019059
1   12   3   11   -0.0000000010
1   12   3   12   -0.0060810847
1   12   4   8   0.0000000036
1   12   4   9   -0.0008384325
1   12   4   10   0.0000000007
1   12   4   11   -0.0000226856
1   12   4   12   0.0000000136
1   12   5   8   0.0145762497
1   12   5   9   -0.0000000004
1   12   5   10   0.0148928869
1   12   5   11   -0.0000000322
1   12   5   12   0.0007472396
1   12   6   13   -0.0001656417
1   12   7   14   -0.0001656417
1   13   1   13   0.5569691271
1   13   1   14   0.0000000000
1   13   2   12   0.0000000000
1   13   2   13   0.0000000125
1   13   2   14   0.0000000002
1   13   3   13   -0.0063394628
1   13   4   13   0.0000000137
1   13   4   14   -0.0000000000
1   13   5   13   0.0010077985
1   13   5   14   0.0000000000
1   13   6   8   0.0150809766
1   13   6   9   0.0000000005
1   13   6   10   0.0151315561
1   13   6   11   -0.0000000322
1   13   6   12   -0.0002706767
1   13   7   9   0.0000000000
1   13   7   11   0.0000000000
1   14   1   13   0.0000000000
1   14   1   14   0.5569691284
1   14   2   13   0.0000000002
1   14   2   14   0.0000000102
1   14   3   13   -0.0000000000
1   14   3   14   -0.0063394629
1   14   4   13   -0.0000000000
1   14   4   14   0.0000000137
1   14   5   13   0.0000000000
1   14   5   14   0.0010077985
1   14   6   9   0.0000000000
1   14   6   11   0.0000000000
1   14   7   8   0.0150809767
1   14   7   9   0.0000000003
1   14   7   10   0.0151315561
1   14   7   11   -0.0000000324
1   14   7   12   -0.0002706767
2   8   1   8   -0.0000085978
2   8   1   9   1.9705140529
2   8   1   10   0.0000004361
2   8   1   11   -0.2007522668
2   8   1   12   -0.0000000034
2   8   2   8   2.1358329165
2   8   2   9   0.0000085977
2   8   2   10   -0.1988910994
2   8   2   11   -0.0000004402
2   8   2   12   0.0038010115
2   8   3   8   0.0000004363
2   8   3   9   -0.1989665161
2   8   3   10   -0.0000000005
2   8   3   11   0.0295243436
2   8   3   12   -0.0000000001
2   8   4   8   -0.2008022707
2   8   4   9   -0.0000004403
2   8   4   10   0.0295115384
2   8   4   11   0.0000000006
2   8   4   12   -0.0008952032
2   8   5   8   0.0000000008
2   8   5   9   0.0018863831
2   8   5   10   -0.0000000001
2   8   5   11   -0.0008912851
2   8   5   12   -0.0000000007
2   8   6   13   0.0000000005
2   8   6   14   0.0000000000
2   8   7   13   0.0000000000
2   8   7   14   0.0000000005
2   9   1   8   1.9705103553
2   9   1   9   0.0000085977
2   9   1   10   -0.1989785783
2   9   1   11   -0.0000004403
2   9   1   12   0.0018883731
2   9   2   8   0.0000085977
2   9   2   9   2.1358576863
2   9   2   10   -0.0000013000
2   9   2   11   -0.2008003133
2   9   2   12   0.0000000172
2   9   3   8   -0.1989785783
2   9   3   9   -0.0000013000
2   9   3   10   0.0292256739
2   9   3   11   0.0000001288
2   9   3   12   -0.0003539135
2   9   4   8   -0.0000004403
2   9   4   9   -0.2008003133
2   9   4   10   0.0000001288
2   9   4   11   0.0298382306
2   9   4   12   -0.0000000040
2   9   5   8   0.0018883731
2   9   5   9   0.0000000172
2   9   5   10   -0.0003539135
2   9   5   11   -0.0000000040
2   9   5   12   0.0119920906
2   9   6   13   0.0122988963
2   9   7   13   -0.0000000000
2   9   7   14   0.0122988964
2   10   1   8   0.0000004361
2   10   1   9   -0.1989665161
2   10   1   10   -0.0000000084
2   10   1   11   0.4049559404
2   10   1   12   -0.0000000005
2   10   2   8   -0.1988910994
2   10   2   9   -0.0000013000
2   10   2   10   0.5676946817
2   10   2   11   0.0000017671
2   10   2   12   0.0063030254
2   10   3   8   -0.0000000006
2   10   3   9   0.0313227892
2   10   3   10   -0.0000000179
2   10   3   11   -0.0086179006
2   10   3   12   0.0000000005
2   10   4   8   0.0313717090
2   10   4   9   0.0000001369
2   10   4   10   -0.0087591501
2   10   4   11   -0.0000000196
2   10   4   12   -0.0003826516
2   10   5   8   -0.0000000001
2   10   5   9   -0.0003784357
2   10   5   10   0.0000000026
2   10   5   11   -0.0013557383
2   10   5   12   0.0000000296
2   10   6   13   0.0000000312
2   10   6   14   0.0000000000
2   10   7   13   0.0000000000
2   10   7   14   0.0000000311
2   11   1   8   -0.2007638486
2   11   1   9   -0.0000004403
2   11   1   10   0.4049335930
2   11   1   11   0.0000000090
2   11   1   12   -0.0312567114
2   11   2   8   -0.0000004402
2   11   2   9   -0.2008003133
2   11   2   10   0.0000017671
2   11   2   11   0.5719305569
2   11   2   12   -0.0000001373
2   11   3   8   0.0313622644
2   11   3   9   0.0000001369
2   11   3   10   -0.0089666713
2   11   3   11   -0.0000000193
2   11   3   12   0.0004952532
2   11   4   8   0.0000000007
2   11   4   9   0.0319749675
2   11   4   10   -0.0000000188
2   11   4   11   -0.0085553720
2   11   4   12   -0.0000000002
2   11   5   8   -0.0008384325
2   11   5   9   -0.0000000038
2   11   5   10   -0.0012234529
2   11   5   11   0.0000000000
2   11   5   12   0.0136208115
2   11   6   13   0.0140010066
2   11   7   14   0.0140010067
2   12   1   8   -0.0000000034
2   12   1   9   0.0018863831
2   12   1   10   -0.0000000005
2   12   1   11   -0.0312586068
2   12   1   12   -0.0000000177
2   12   1   13   0.0000000000
2   12   2   8   0.0038010115
2   12   2   9   0.0000000172
2   12   2   10   0.0063030254
2   12   2   11   -0.0000001373
2   12   2   12   0.5523167840
2   12   3   8   -0.0000000001
2   12   3   9   -0.0003784357
2   12   3   10   0.0000000005
2   12   3   11   0.0004606110
2   12   3   12   -0.0000000130
2   12   4   8   -0.0008444129
2   12   4   9   -0.0000000038
2   12   4   10   -0.0002841468
2   12   4   11   -0.0000000001
2   12   4   12   -0.0061487872
2   12   5   8   -0.0000000004
2   12   5   9   0.0145340586
2   12   5   10   0.0000000317
2   12   5   11   0.0145630014
2   12   5   12   0.0000000016
2   12   6   13   -0.0000000004
2   12   7   14   -0.0000000004
2   13   1   12   0.0000000000
2   13   1   13   0.0000000125
2   13   1   14   0.0000000002
2   13   2   13   0.5569693416
2   13   2   14   0.0000000000
2   13   3   13   -0.0000000140
2   13   3   14   -0.0000000000
2   13   4   13   -0.0064022742
2   13   5   13   0.0000000022
2   13   5   14   -0.0000000000
2   13   6   8   0.0000000005
2   13   6   9   0.0150591652
2   13   6   10   0.0000000334
2   13   6   11   0.0150888517
2   13   6   12   -0.0000000007
2   13   7   8   0.0000000000
2   13   7   10   0.0000000000
2   14   1   13   0.0000000002
2   14   1   14   0.0000000102
2   14   2   13   0.0000000000
2   14   2   14   0.5569693429
2   14   3   13   -0.0000000000
2   14   3   14   -0.0000000139
2   14   4   13   -0.0000000000
2   14   4   14   -0.0064022743
2   14   5   13   -0.0000000000
2   14   5   14   0.0000000021
2   14   6   8   0.0000000000
2   14   6   10   0.0000000000
2   14   7   8   0.0000000003
2   14   7   9   0.0150591653
2   14   7   10   0.0000000332
2   14   7   11   0.0150888518
2   14   7   12   -0.0000000006
3   8   1   8   -0.1988816519
3   8   1   9   0.0000004361
3   8   1   10   0.0313218849
3   8   1   11   -0.0000001368
3   8   1   12   -0.0003766045
3   8   2   8   0.0000004363
3   8   2   9   -0.1989785783
3   8   2   10   -0.0000000006
3   8   2   11   0.0313622644
3   8   2   12   -0.0000000001
3   8   3   8   0.5677069734
3   8   3   9   -0.0000000084
3   8   3   10   -0.0083484573
3   8   3   11   0.0000000192
3   8   3   12   0.0011941063
3   8   4   8   -0.0000017666
3   8   4   9   0.4049335930
3   8   4   10   0.0000000189
3   8   4   11   -0.0089377884
3   8   4   12   0.0000000030
3   8   5   8   0.0063078186
3   8   5   9   -0.0000000005
3   8   5   10   0.0002227258
3   8   5   11   0.0000000009
3   8   5   12   0.0140268215
3   8   6   13   0.0141252392
3   8   7   14   0.0141252393
3   9   1   8   0.0000004361
3   9   1   9   -0.1988910994
3   9   1   10   -0.0000000006
3   9   1   11   0.0313717090
3   9   1   12   -0.0000000001
3   9   2   8   -0.1989665161
3   9   2   9   -0.0000013000
3   9   2   10   0.0313227892
3   9   2   11   0.0000001369
3   9   2   12   -0.0003784357
3   9   3   8   -0.0000000084
3   9   3   9   0.5676946817
3   9   3   10   -0.0000000179
3   9   3   11   -0.0087591501
3   9   3   12   0.0000000026
3   9   4   8   0.4049559404
3   9   4   9   0.0000017671
3   9   4   10   -0.0086179006
3   9   4   11   -0.0000000196
3   9   4   12   -0.0013557383
3   9   5   8   -0.0000000005
3   9   5   9   0.0063030254
3   9   5   10   0.0000000005
3   9   5   11   -0.0003826516
3   9   5   12   0.0000000296
3   9   6   13   0.0000000312
3   9   6   14   0.0000000000
3   9   7   13   0.0000000000
3   9   7   14   0.0000000311
3   10   1   8   0.0292476376
3   10   1   9   -0.0000000005
3   10   1   10   -0.0083484573
3   10   1   11   0.0000000196
3   10   1   12   0.0002019059
3   10   2   8   -0.0000000005
3   10   2   9   0.0292256739
3   10   2   10   -0.0000000179
3   10   2   11   -0.0089666713
3   10   2   12   0.0000000005
3   10   3   8   -0.0083484573
3   10   3   9   -0.0000000179
3   10   3   10   0.4197514644
3   10   3   11   -0.0000000052
3   10   3   12   0.0095039587
3   10   4   8   0.0000000196
3   10   4   9   -0.0089666713
3   10   4   10   -0.0000000052
3   10   4   11   0.2530817656
3   10   4   12   -0.0000000000
3   10   5   8   0.0002019059
3   10   5   9   0.0000000005
3   10   5   10   0.0095039587
3   10   5   11   -0.0000000000
3   10   5   12   0.0611815274
3   10   6   13   0.0590587147
3   10   7   13   -0.0000000000
3   10   7   14   0.0590587148
3   11   1   8   -0.0000001288
3   11   1   9   0.0295115384
3   11   1   10   0.0000000189
3   11   1   11   -0.0088186373
3   11   1   12   -0.0000000010
3   11   2   8   0.0295243436
3   11   2   9   0.0000001288
3   11   2   10   -0.0086179006
3   11   2   11   -0.0000000193
3   11   2   12   0.0004606110
3   11   3   8   0.0000000192
3   11   3   9   -0.0087591501
3   11   3   10   -0.0000000052
3   11   3   11   0.4183220153
3   11   3   12   -0.0000000000
3   11   4   8   -0.0085777283
3   11   4   9   -0.0000000188
3   11   4   10   0.2559051786
3   11   4   11   0.0000000057
3   11   4   12   -0.0253932691
3   11   5   8   0.0000000007
3   11   5   9   -0.0002841468
3   11   5   10   0.0000000000
3   11   5   11   0.0036746993
3   11   5   12   -0.0000000033
3   11   6   13   0.0000000022
3   11   6   14   0.0000000000
3   11   7   13   0.0000000000
3   11   7   14   0.0000000019
3   12   1   8   -0.0003539194
3   12   1   9   -0.0000000001
3   12   1   10   0.0002227258
3   12   1   11   -0.0000000011
3   12   1   12   -0.0060810847
3   12   2   8   -0.0000000001
3   12   2   9   -0.0003539135
3   12   2   10   0.0000000005
3   12   2   11   0.0004952532
3   12   2   12   -0.0000000130
3   12   3   8   0.0011941063
3   12   3   9   0.0000000026
3   12   3   10   0.0095039587
3   12   3   11   -0.0000000000
3   12   3   12   0.4059360402
3   12   4   8   0.0000000027
3   12   4   9   -0.0012234529
3   12   4   10   0.0000000000
3   12   4   11   -0.0248312647
3   12   4   12   -0.0000000114
3   12   4   13   0.0000000000
3   12   5   8   0.0148928869
3   12   5   9   0.0000000317
3   12   5   10   0.0614749069
3   12   5   11   -0.0000000029
3   12   5   12   0.0108914036
3   12   6   13   -0.0001205660
3   12   7   14   -0.0001205661
3   13   1   13   -0.0063394628
3   13   1   14   -0.0000000000
3   13   2   13   -0.0000000140
3   13   2   14   -0.0000000000
3   13   3   13   0.4057438499
3   13   3   14   0.0000000000
3   13   4   12   0.0000000000
3   13   4   13   0.0000000081
3   13   4   14   0.0000000001
3   13   5   13   0.0092970656
3   13   5   14   -0.0000000000
3   13   6   8   0.0151315561
3   13   6   9   0.0000000334
3   13   6   10   0.0599890525
3   13   6   11   0.0000000024
3   13   6   12   0.0005813559
3   13   7   9   0.0000000000
3   13   7   10   -0.0000000000
3   13   7   11   0.0000000000
3   14   1   14   -0.0063394629
3   14   2   13   -0.0000000000
3   14   2   14   -0.0000000139
3   14   3   13   0.0000000000
3   14   3   14   0.4057438507
3   14   4   13   0.0000000001
3   14   4   14   0.0000000068
3   14   5   13   -0.0000000000
3   14   5   14   0.0092970654
3   14   6   9   0.0000000000
3   14   6   11   0.0000000000
3   14   7   8   0.0151315561
3   14   7   9   0.0000000332
3   14   7   10   0.0599890525
3   14   7   11   0.0000000015
3   14   7   12   0.0005813559
4   8   1   8   0.0000013117
4   8   1   9   -0.2007522668
4   8   1   10   -0.0000001368
4   8   1   11   0.0319719999
4   8   1   12   0.0000000036
4   8   2   8   -0.2008022707
4   8   2   9   -0.0000004403
4   8   2   10   0.0313717090
4   8   2   11   0.0000000007
4   8   2   12   -0.0008444129
4   8   3   8   -0.0000017666
4   8   3   9   0.4049559404
4   8   3   10   0.0000000196
4   8   3   11   -0.0085777283
4   8   3   12   0.0000000027
4   8   4   8   0.5719150322
4   8   4   9   0.0000000090
4   8   4   10   -0.0088186373
4   8   4   11   0.0000000184
4   8   4   12   -0.0000062687
4   8   5   8   0.0000001355
4   8   5   9   -0.0312586068
4   8   5   10   -0.0000000011
4   8   5   11   -0.0000902428
4   8   5   12   -0.0000000303
4   8   6   13   -0.0000000299
4   8   6   14   0.0000000000
4   8   7   13   0.0000000000
4   8   7   14   -0.0000000299
4   9   1   8   -0.2007638486
4   9   1   9   -0.0000004402
4   9   1   10   0.0313622644
4   9   1   11   0.0000000007
4   9   1   12   -0.0008384325
4   9   2   8   -0.0000004403
4   9   2   9   -0.2008003133
4   9   2   10   0.0000001369
4   9   2   11   0.0319749675
4   9   2   12   -0.0000000038
4   9   3   8   0.4049335930
4   9   3   9   0.0000017671
4   9   3   10   -0.0089666713
4   9   3   11   -0.0000000188
4   9   3   12   -0.0012234529
4   9   4   8   0.0000000090
4   9   4   9   0.5719305569
4   9   4   10   -0.0000000193
4   9   4   11   -0.0085553720
4   9   4   12   0.0000000000
4   9   5   8   -0.0312567114
4   9   5   9   -0.0000001373
4   9   5   10   0.0004952532
4   9   5   11   -0.0000000002
4   9   5   12   0.0136208115
4   9   6   13   0.0140010066
4   9   7   14   0.0140010067
4   10   1   8   -0.0000001288
4   10   1   9   0.0295243436
4   10   1   10   0.0000000192
4   10   1   11   -0.0085777283
4   10   1   12   0.0000000007
4   10   2   8   0.0295115384
4   10   2   9   0.0000001288
4   10   2   10   -0.0087591501
4   10   2   11   -0.0000000188
4   10   2   12   -0.0002841468
4   10   3   8   0.0000000189
4   10   3   9   -0.0086179006
4   10   3   10   -0.0000000052
4   10   3   11   0.2559051786
4   10   3   12   0.0000000000
4   10   4   8   -0.0088186373
4   10   4   9   -0.0000000193
4   10   4   10   0.4183220153
4   10   4   11   0.0000000057
4   10   4   12   0.0036746993
4   10   5   8   -0.0000000010
4   10   5   9   0.0004606110
4   10   5   10   -0.0000000000
4   10   5   11   -0.0253932691
4   10   5   12   -0.0000000033
4   10   6   13   0.0000000022
4   10   6   14   0.0000000000
4   10   7   13   0.0000000000
4   10   7   14   0.0000000019
4   11   1   8   0.0298137166
4   11   1   9   0.0000000006
4   11   1   10   -0.0089377884
4   11   1   11   0.0000000184
4   11   1   12   -0.0000226856
4   11   2   8   0.0000000006
4   11   2   9   0.0298382306
4   11   2   10   -0.0000000196
4   11   2   11   -0.0085553720
4   11   2   12   -0.0000000001
4   11   3   8   -0.0089377884
4   11   3   9   -0.0000000196
4   11   3   10   0.2530817656
4   11   3   11   0.0000000057
4   11   3   12   -0.0248312647
4   11   4   8   0.0000000184
4   11   4   9   -0.0085553720
4   11   4   10   0.0000000057
4   11   4   11   0.4227172551
4   11   4   12   -0.0000000010
4   11   5   8   -0.0000226856
4   11   5   9   -0.0000000001
4   11   5   10   -0.0248312647
4   11   5   11   -0.0000000010
4   11   5   12   0.0571147457
4   11   6   13   0.0572878435
4   11   6   14   0.0000000000
4   11   7   13   -0.0000000000
4   11   7   14   0.0572878437
4   12   1   8   0.0000000038
4   12   1   9   -0.0008912851
4   12   1   10   0.0000000009
4   12   1   11   -0.0000902428
4   12   1   12   0.0000000136
4   12   2   8   -0.0008952032
4   12   2   9   -0.0000000040
4   12   2   10   -0.0003826516
4   12   2   11   -0.0000000002
4   12   2   12   -0.0061487872
4   12   3   8   0.0000000030
4   12   3   9   -0.0013557383
4   12   3   10   -0.0000000000
4   12   3   11   -0.0253932691
4   12   3   12   -0.0000000114
4   12   3   13   0.0000000000
4   12   4   8   -0.0000062687
4   12   4   9   0.0000000000
4   12   4   10   0.0036746993
4   12   4   11   -0.0000000010
4   12   4   12   0.4056631020
4   12   5   8   -0.0000000322
4   12   5   9   0.0145630014
4   12   5   10   -0.0000000029
4   12   5   11   0.0566309294
4   12   5   12   0.0000000004
4   12   6   13   -0.0000000005
4   12   6   14   0.0000000000
4   12   7   13   0.0000000000
4   12   7   14   0.0000000001
4   13   1   13   0.0000000137
4   13   1   14   -0.0000000000
4   13   2   13   -0.0064022742
4   13   2   14   -0.0000000000
4   13   3   12   0.0000000000
4   13   3   13   0.0000000081
4   13   3   14   0.0000000001
4   13   4   13   0.4057226427
4   13   4   14   0.0000000000
4   13   5   13   -0.0000000012
4   13   5   14   -0.0000000000
4   13   6   8   -0.0000000322
4   13   6   9   0.0150888517
4   13   6   10   0.0000000024
4   13   6   11   0.0566941930
4   13   6   12   -0.0000000002
4   13   7   8   0.0000000000
4   13   7   10   0.0000000000
4   13   7   11   -0.0000000000
4   13   7   12   -0.0000000000
4   14   1   13   -0.0000000000
4   14   1   14   0.0000000137
4   14   2   14   -0.0064022743
4   14   3   13   0.0000000001
4   14   3   14   0.0000000068
4   14   4   13   0.0000000000
4   14   4   14   0.4057226435
4   14   5   13   -0.0000000000
4   14   5   14   -0.0000000013
4   14   6   8   0.0000000000
4   14   6   10   0.0000000000
4   14   6   12   -0.0000000000
4   14   7   8   -0.0000000324
4   14   7   9   0.0150888518
4   14   7   10   0.0000000015
4   14   7   11   0.0566941930
4   14   7   12   -0.0000000002
5   8   1   8   0.0038062400
5   8   1   9   -0.0000000034
5   8   1   10   -0.0003766045
5   8   1   11   0.0000000036
5   8   1   12   0.0145762497
5   8   2   8   0.0000000008
5   8   2   9   0.0018883731
5   8   2   10   -0.0000000001
5   8   2   11   -0.0008384325
5   8   2   12   -0.0000000004
5   8   3   8   0.0063078186
5   8   3   9   -0.0000000005
5   8   3   10   0.0002019059
5   8   3   11   0.0000000007
5   8   3   12   0.0148928869
5   8   4   8   0.0000001355
5   8   4   9   -0.0312567114
5   8   4   10   -0.0000000010
5   8   4   11   -0.0000226856
5   8   4   12   -0.0000000322
5   8   5   8   0.5523167465
5   8   5   9   -0.0000000177
5   8   5   10   -0.0060810847
5   8   5   11   0.0000000136
5   8   5   12   0.0007472396
5   8   6   9   0.0000000000
5   8   6   13   -0.0001656417
5   8   7   14   -0.0001656417
5   9   1   8   -0.0000000034
5   9   1   9   0.0038010115
5   9   1   10   -0.0000000001
5   9   1   11   -0.0008444129
5   9   1   12   -0.0000000004
5   9   2   8   0.0018863831
5   9   2   9   0.0000000172
5   9   2   10   -0.0003784357
5   9   2   11   -0.0000000038
5   9   2   12   0.0145340586
5   9   3   8   -0.0000000005
5   9   3   9   0.0063030254
5   9   3   10   0.0000000005
5   9   3   11   -0.0002841468
5   9   3   12   0.0000000317
5   9   4   8   -0.0312586068
5   9   4   9   -0.0000001373
5   9   4   10   0.0004606110
5   9   4   11   -0.0000000001
5   9   4   12   0.0145630014
5   9   5   8   -0.0000000177
5   9   5   9   0.5523167840
5   9   5   10   -0.0000000130
5   9   5   11   -0.0061487872
5   9   5   12   0.0000000016
5   9   6   8   0.0000000000
5   9   6   13   -0.0000000004
5   9   7   14   -0.0000000004
5   10   1   8   -0.0003539194
5   10   1   9   -0.0000000001
5   10   1   10   0.0011941063
5   10   1   11   0.0000000027
5   10   1   12   0.0148928869
5   10   2   8   -0.0000000001
5   10   2   9   -0.0003539135
5   10   2   10   0.0000000026
5   10   2   11   -0.0012234529
5   10   2   12   0.0000000317
5   10   3   8   0.0002227258
5   10   3   9   0.0000000005
5   10   3   10   0.0095039587
5   10   3   11   0.0000000000
5   10   3   12   0.0614749069
5   10   4   8   -0.0000000011
5   10   4   9   0.0004952532
5   10   4   10   -0.0000000000
5   10   4   11   -0.0248312647
5   10   4   12   -0.0000000029
5   10   5   8   -0.0060810847
5   10   5   9   -0.0000000130
5   10   5   10   0.4059360402
5   10   5   11   -0.0000000114
5   10   5   12   0.0108914036
5   10   6   11   0.0000000000
5   10   6   13   -0.0001205660
5   10   7   14   -0.0001205661
5   11   1   8   0.0000000038
5   11   1   9   -0.0008952032
5   11   1   10   0.0000000030
5   11   1   11   -0.0000062687
5   11   1   12   -0.0000000322
5   11   2   8   -0.0008912851
5   11   2   9   -0.0000000040
5   11   2   10   -0.0013557383
5   11   2   11   0.0000000000
5   11   2   12   0.0145630014
5   11   3   8   0.0000000009
5   11   3   9   -0.0003826516
5   11   3   10   -0.0000000000
5   11   3   11   0.0036746993
5   11   3   12   -0.0000000029
5   11   4   8   -0.0000902428
5   11   4   9   -0.0000000002
5   11   4   10   -0.0253932691
5   11   4   11   -0.0000000010
5   11   4   12   0.0566309294
5   11   5   8   0.0000000136
5   11   5   9   -0.0061487872
5   11   5   10   -0.0000000114
5   11   5   11   0.4056631020
5   11   5   12   0.0000000004
5   11   6   10   0.0000000000
5   11   6   13   -0.0000000005
5   11   6   14   0.0000000000
5   11   7   13   0.0000000000
5   11   7   14   0.0000000001
5   12   1   8   0.0120383088
5   12   1   9   -0.0000000007
5   12   1   10   0.0140268215
5   12   1   11   -0.0000000303
5   12   1   12   0.0007472396
5   12   2   8   -0.0000000007
5   12   2   9   0.0119920906
5   12   2   10   0.0000000296
5   12   2   11   0.0136208115
5   12   2   12   0.0000000016
5   12   3   8   0.0140268215
5   12   3   9   0.0000000296
5   12   3   10   0.0611815274
5   12   3   11   -0.0000000033
5   12   3   12   0.0108914036
5   12   4   8   -0.0000000303
5   12   4   9   0.0136208115
5   12   4   10   -0.0000000033
5   12   4   11   0.0571147457
5   12   4   12   0.0000000004
5   12   5   8   0.0007472396
5   12   5   9   0.0000000016
5   12   5   10   0.0108914036
5   12   5   11   0.0000000004
5   12   5   12   0.4080483755
5   12   6   13   0.0136176487
5   12   6   14   0.0000000000
5   12   7   13   0.0000000000
5   12   7   14   0.0136176490
5   13   1   13   0.0010077985
5   13   1   14   0.0000000000
5   13   2   13   0.0000000022
5   13   2   14   -0.0000000000
5   13   3   13   0.0092970656
5   13   3   14   -0.0000000000
5   13   4   13   -0.0000000012
5   13   4   14   -0.0000000000
5   13   5   13   0.3866073435
5   13   5   14   0.0000000000
5   13   6   8   -0.0002706767
5   13   6   9   -0.0000000007
5   13   6   10   0.0005813559
5   13   6   11   -0.0000000002
5   13   6   12   0.0049831768
5   13   7   11   -0.0000000000
5   14   1   13   0.0000000000
5   14   1   14   0.0010077985
5   14   2   13   -0.0000000000
5   14   2   14   0.0000000021
5   14   3   13   -0.0000000000
5   14   3   14   0.0092970654
5   14   4   13   -0.0000000000
5   14   4   14   -0.0000000013
5   14   5   13   0.0000000000
5   14   5   14   0.3866073442
5   14   6   11   -0.0000000000
5   14   6   12   0.0000000000
5   14   7   8   -0.0002706767
5   14   7   9   -0.0000000006
5   14   7   10   0.0005813559
5   14   7   11   -0.0000000002
5   14   7   12   0.0049831772
6   8   1   13   0.0150809766
6   8   2   13   0.0000000005
6   8   2   14   0.0000000000
6   8   3   13   0.0151315561
6   8   4   13   -0.0000000322
6   8   4   14   0.0000000000
6   8   5   9   0.0000000000
6   8   5   13   -0.0002706767
6   8   6   8   0.5569691271
6   8   6   9   0.0000000125
6   8   6   10   -0.0063394628
6   8   6   11   0.0000000137
6   8   6   12   0.0010077985
6   8   7   8   0.0000000000
6   8   7   9   0.0000000002
6   8   7   10   -0.0000000000
6   8   7   11   -0.0000000000
6   8   7   12   0.0000000000
6   9   1   13   0.0000000005
6   9   1   14   0.0000000000
6   9   2   13   0.0150591652
6   9   3   13   0.0000000334
6   9   3   14   0.0000000000
6   9   4   13   0.0150888517
6   9   5   8   0.0000000000
6   9   5   13   -0.0000000007
6   9   6   8   0.0000000125
6   9   6   9   0.5569693416
6   9   6   10   -0.0000000140
6   9   6   11   -0.0064022742
6   9   6   12   0.0000000022
6   9   7   8   0.0000000002
6   9   7   9   0.0000000000
6   9   7   10   -0.0000000000
6   9   7   12   -0.0000000000
6   10   1   13   0.0151315561
6   10   2   13   0.0000000334
6   10   2   14   0.0000000000
6   10   3   13   0.0599890525
6   10   4   13   0.0000000024
6   10   4   14   0.0000000000
6   10   5   11   0.0000000000
6   10   5   13   0.0005813559
6   10   6   8   -0.0063394628
6   10   6   9   -0.0000000140
6   10   6   10   0.4057438499
6   10   6   11   0.0000000081
6   10   6   12   0.0092970656
6   10   7   8   -0.0000000000
6   10   7   9   -0.0000000000
6   10   7   10   0.0000000000
6   10   7   11   0.0000000001
6   10   7   12   -0.0000000000
6   11   1   13   -0.0000000322
6   11   1   14   0.0000000000
6   11   2   13   0.0150888517
6   11   3   13   0.0000000024
6   11   3   14   0.0000000000
6   11   4   13   0.0566941930
6   11   5   10   0.0000000000
6   11   5   13   -0.0000000002
6   11   5   14   -0.0000000000
6   11   6   8   0.0000000137
6   11   6   9   -0.0064022742
6   11   6   10   0.0000000081
6   11   6   11   0.4057226427
6   11   6   12   -0.0000000012
6   11   7   8   -0.0000000000
6   11   7   9   -0.0000000000
6   11   7   10   0.0000000001
6   11   7   11   0.0000000000
6   11   7   12   -0.0000000000
6   12   1   13   -0.0002706767
6   12   2   13   -0.0000000007
6   12   3   13   0.0005813559
6   12   4   13   -0.0000000002
6   12   4   14   -0.0000000000
6   12   5   13   0.0049831768
6   12   5   14   0.0000000000
6   12   6   8   0.0010077985
6   12   6   9   0.0000000022
6   12   6   10   0.0092970656
6   12   6   11   -0.0000000012
6   12   6   12   0.3866073435
6   12   7   8   0.0000000000
6   12   7   9   -0.0000000000
6   12   7   10   -0.0000000000
6   12   7   11   -0.0000000000
6   12   7   12   0.0000000000
6   13   1   8   0.0123239092
6   13   1   9   0.0000000005
6   13   1   10   0.0141252392
6   13   1   11   -0.0000000299
6   13   1   12   -0.0001656417
6   13   2   8   0.0000000005
6   13   2   9   0.0122988963
6   13   2   10   0.0000000312
6   13   2   11   0.0140010066
6   13   2   12   -0.0000000004
6   13   3   8   0.0141252392
6   13   3   9   0.0000000312
6   13   3   10   0.0590587147
6   13   3   11   0.0000000022
6   13   3   12   -0.0001205660
6   13   4   8   -0.0000000299
6   13   4   9   0.0140010066
6   13   4   10   0.0000000022
6   13   4   11   0.0572878435
6   13   4   12   -0.0000000005
6   13   5   8   -0.0001656417
6   13   5   9   -0.0000000004
6   13   5   10   -0.0001205660
6   13   5   11   -0.0000000005
6   13   5   12   0.0136176487
6   13   6   13   0.4025545145
6   13   6   14   -0.0000000000
6   13   7   13   -0.0000000001
6   13   7   14   0.0134572995
6   14   1   9   0.0000000000
6   14   1   11   0.0000000000
6   14   2   8   0.0000000000
6   14   2   10   0.0000000000
6   14   3   9   0.0000000000
6   14   3   11   0.0000000000
6   14   4   8   0.0000000000
6   14   4   10   0.0000000000
6   14   4   11   0.0000000000
6   14   4   12   0.0000000000
6   14   5   11   0.0000000000
6   14   5   12   0.0000000000
6   14   6   13   -0.0000000000
6   14   6   14   0.3858767660
6   14   7   13   0.0032204461
6   14   7   14   0.0000000001
7   8   1   14   0.0150809767
7   8   2   13   0.0000000000
7   8   2   14   0.0000000003
7   8   3   14   0.0151315561
7   8   4   13   0.0000000000
7   8   4   14   -0.0000000324
7   8   5   14   -0.0002706767
7   8   6   8   0.0000000000
7   8   6   9   0.0000000002
7   8   6   10   -0.0000000000
7   8   6   11   -0.0000000000
7   8   6   12   0.0000000000
7   8   7   8   0.5569691284
7   8   7   9   0.0000000102
7   8   7   10   -0.0063394629
7   8   7   11   0.0000000137
7   8   7   12   0.0010077985
7   9   1   13   0.0000000000
7   9   1   14   0.0000000003
7   9   2   14   0.0150591653
7   9   3   13   0.0000000000
7   9   3   14   0.0000000332
7   9   4   14   0.0150888518
7   9   5   14   -0.0000000006
7   9   6   8   0.0000000002
7   9   6   9   0.0000000000
7   9   6   10   -0.0000000000
7   9   6   11   -0.0000000000
7   9   6   12   -0.0000000000
7   9   7   8   0.0000000102
7   9   7   9   0.5569693429
7   9   7   10   -0.0000000139
7   9   7   11   -0.0064022743
7   9   7   12   0.0000000021
7   10   1   14   0.0151315561
7   10   2   13   0.0000000000
7   10   2   14   0.0000000332
7   10   3   13   -0.0000000000
7   10   3   14   0.0599890525
7   10   4   13   0.0000000000
7   10   4   14   0.0000000015
7   10   5   14   0.0005813559
7   10   6   8   -0.0000000000
7   10   6   9   -0.0000000000
7   10   6   10   0.0000000000
7   10   6   11   0.0000000001
7   10   6   12   -0.0000000000
7   10   7   8   -0.0063394629
7   10   7   9   -0.0000000139
7   10   7   10   0.4057438507
7   10   7   11   0.0000000068
7   10   7   12   0.0092970654
7   11   1   13   0.0000000000
7   11   1   14   -0.0000000324
7   11   2   14   0.0150888518
7   11   3   13   0.0000000000
7   11   3   14   0.0000000015
7   11   4   13   -0.0000000000
7   11   4   14   0.0566941930
7   11   5   13   -0.0000000000
7   11   5   14   -0.0000000002
7   11   6   8   -0.0000000000
7   11   6   9   -0.0000000000
7   11   6   10   0.0000000001
7   11   6   11   0.0000000000
7   11   6   12   -0.0000000000
7   11   7   8   0.0000000137
7   11   7   9   -0.0064022743
7   11   7   10   0.0000000068
7   11   7   11   0.4057226435
7   11   7   12   -0.0000000013
7   12   1   14   -0.0002706767
7   12   2   14   -0.0000000006
7   12   3   14   0.0005813559
7   12   4   13   -0.0000000000
7   12   4   14   -0.0000000002
7   12   5   13   0.0000000000
7   12   5   14   0.0049831772
7   12   6   8   0.0000000000
7   12   6   9   -0.0000000000
7   12   6   10   -0.0000000000
7   12   6   11   -0.0000000000
7   12   6   12   0.0000000000
7   12   7   8   0.0010077985
7   12   7   9   0.0000000021
7   12   7   10   0.0092970654
7   12   7   11   -0.0000000013
7   12   7   12   0.3866073442
7   13   1   8   -0.0000000000
7   13   1   9   0.0000000000
7   13   1   10   -0.0000000000
7   13   1   11   0.0000000000
7   13   2   8   0.0000000000
7   13   2   9   -0.0000000000
7   13   2   10   0.0000000000
7   13   2   11   -0.0000000000
7   13   3   9   0.0000000000
7   13   3   10   -0.0000000000
7   13   3   11   0.0000000000
7   13   4   8   0.0000000000
7   13   4   10   0.0000000000
7   13   4   11   -0.0000000000
7   13   4   12   0.0000000000
7   13   5   11   0.0000000000
7   13   5   12   0.0000000000
7   13   6   13   -0.0000000001
7   13   6   14   0.0032204461
7   13   7   13   0.3858767660
7   13   7   14   0.0000000000
7   14   1   8   0.0123239093
7   14   1   9   0.0000000005
7   14   1   10   0.0141252393
7   14   1   11   -0.0000000299
7   14   1   12   -0.0001656417
7   14   2   8   0.0000000005
7   14   2   9   0.0122988964
7   14   2   10   0.0000000311
7   14   2   11   0.0140010067
7   14   2   12   -0.0000000004
7   14   3   8   0.0141252393
7   14   3   9   0.0000000311
7   14   3   10   0.0590587148
7   14   3   11   0.0000000019
7   14   3   12   -0.0001205661
7   14   4   8   -0.0000000299
7   14   4   9   0.0140010067
7   14   4   10   0.0000000019
7   14   4   11   0.0572878437
7   14   4   12   0.0000000001
7   14   5   8   -0.0001656417
7   14   5   9   -0.0000000004
7   14   5   10   -0.0001205661
7   14   5   11   0.0000000001
7   14   5   12   0.0136176490
7   14   6   13   0.0134572995
7   14   6   14   0.0000000001
7   14   7   13   0.0000000000
7   14   7   14   0.4025545157

End IJKL Block
Begin ABCD Block
1   4   1   4   0.3991472404
1   4   1   5   -0.0000000007
1   4   2   4   -0.0000000007
1   4   2   5   0.0154930031
1   4   3   6   0.0160995119
1   5   1   4   -0.0000000007
1   5   1   5   0.3704223838
1   5   2   4   0.0132318521
1   5   2   5   0.0000000007
1   5   3   6   0.0000000000
1   6   1   6   0.3780448407
1   6   2   6   0.0000000002
1   6   3   4   0.0139985857
1   6   3   5   -0.0000000000
2   4   1   4   -0.0000000007
2   4   1   5   0.0132318521
2   4   2   4   0.3704223838
2   4   2   5   0.0000000007
2   4   3   6   0.0000000000
2   5   1   4   0.0154930031
2   5   1   5   0.0000000007
2   5   2   4   0.0000000007
2   5   2   5   0.3991472404
2   5   3   6   0.0160995119
2   6   1   6   0.0000000002
2   6   2   6   0.3780448413
2   6   3   4   -0.0000000000
2   6   3   5   0.0139985857
3   4   1   6   0.0139985857
3   4   2   6   -0.0000000000
3   4   3   4   0.3780448407
3   4   3   5   0.0000000002
3   5   1   6   -0.0000000000
3   5   2   6   0.0139985857
3   5   3   4   0.0000000002
3   5   3   5   0.3780448413
3   6   1   4   0.0160995119
3   6   1   5   0.0000000000
3   6   2   4   0.0000000000
3   6   2   5   0.0160995119
3   6   3   6   0.4166884288

End ABCD Block
Begin AIJB Block
1   8   1   4   0.0123985742
1   8   1   5   -0.0000000000
1   8   2   4   -0.0000000004
1   8   2   5   0.0000000000
1   8   3   4   0.0125781591
1   8   3   5   0.0000000000
1   8   4   4   -0.0000000283
1   8   4   5   0.0000000000
1   8   5   4   -0.0002422609
1   8   6   6   0.0002798019
1   8   7   6   -0.0010305156
1   9   1   4   -0.0000000004
1   9   1   5   0.0000000000
1   9   2   4   0.0124132635
1   9   2   5   -0.0000000000
1   9   3   4   0.0000000269
1   9   3   5   0.0000000000
1   9   4   4   0.0128332342
1   9   5   4   -0.0000000006
1   9   5   5   0.0000000000
1   9   6   6   0.0000000006
1   9   7   6   -0.0000000023
1   10   1   4   0.0125781591
1   10   1   5   0.0000000000
1   10   2   4   0.0000000269
1   10   2   5   0.0000000000
1   10   3   4   0.0612026138
1   10   3   5   -0.0000000000
1   10   4   4   -0.0000000022
1   10   4   5   0.0000000001
1   10   5   4   -0.0028115779
1   10   5   5   0.0000000000
1   10   6   6   -0.0013149206
1   10   7   6   0.0048428769
1   11   1   4   -0.0000000283
1   11   1   5   0.0000000000
1   11   2   4   0.0128332342
1   11   3   4   -0.0000000022
1   11   3   5   0.0000000001
1   11   4   4   0.0652488103
1   11   4   5   -0.0000000001
1   11   5   4   0.0000000002
1   11   5   5   -0.0000000002
1   11   6   6   0.0000000002
1   11   7   6   -0.0000000010
1   12   1   4   -0.0002422609
1   12   2   4   -0.0000000006
1   12   2   5   0.0000000000
1   12   3   4   -0.0028115779
1   12   3   5   0.0000000000
1   12   4   4   0.0000000002
1   12   4   5   -0.0000000002
1   12   5   4   0.0281123985
1   12   5   5   0.0000000000
1   12   6   6   -0.0525637325
1   12   7   6   0.1935931995
1   13   1   6   -0.0002518949
1   13   2   6   -0.0000000005
1   13   3   6   -0.0008938969
1   13   4   6   -0.0000000002
1   13   5   6   -0.0049058687
1   13   6   4   0.0453171101
1   13   6   5   0.0561873082
1   13   7   4   -0.0561873073
1   13   7   5   -0.1878476527
1   14   1   6   0.0009277335
1   14   2   6   0.0000000020
1   14   3   6   0.0032922388
1   14   4   6   -0.0000000006
1   14   5   6   0.0180684052
1   14   6   4   -0.0561873073
1   14   6   5   -0.0038354631
1   14   7   4   0.2370002296
1   14   7   5   -0.0561873084
2   8   1   5   0.0123985742
2   8   2   4   0.0000000000
2   8   2   5   -0.0000000004
2   8   3   4   0.0000000000
2   8   3   5   0.0125781591
2   8   4   4   0.0000000000
2   8   4   5   -0.0000000283
2   8   5   5   -0.0002422609
2   8   6   6   0.0010305156
2   8   7   6   0.0002798019
2   9   1   4   0.0000000000
2   9   1   5   -0.0000000004
2   9   2   5   0.0124132635
2   9   3   4   0.0000000000
2   9   3   5   0.0000000269
2   9   4   5   0.0128332342
2   9   5   4   0.0000000000
2   9   5   5   -0.0000000006
2   9   6   6   0.0000000023
2   9   7   6   0.0000000006
2   10   1   4   0.0000000000
2   10   1   5   0.0125781591
2   10   2   4   0.0000000000
2   10   2   5   0.0000000269
2   10   3   4   -0.0000000000
2   10   3   5   0.0612026138
2   10   4   4   0.0000000001
2   10   4   5   -0.0000000019
2   10   5   4   0.0000000000
2   10   5   5   -0.0028115779
2   10   6   6   -0.0048428769
2   10   7   6   -0.0013149206
2   11   1   4   0.0000000000
2   11   1   5   -0.0000000283
2   11   2   5   0.0128332342
2   11   3   4   0.0000000001
2   11   3   5   -0.0000000019
2   11   4   4   -0.0000000001
2   11   4   5   0.0652488101
2   11   5   4   -0.0000000002
2   11   5   5   -0.0000000004
2   11   6   6   0.0000000006
2   11   7   6   0.0000000003
2   12   1   5   -0.0002422609
2   12   2   4   0.0000000000
2   12   2   5   -0.0000000006
2   12   3   4   0.0000000000
2   12   3   5   -0.0028115779
2   12   4   4   -0.0000000002
2   12   4   5   -0.0000000004
2   12   5   4   0.0000000000
2   12   5   5   0.0281123986
2   12   6   6   -0.1935931991
2   12   7   6   -0.0525637326
2   13   1   6   -0.0009277335
2   13   2   6   -0.0000000020
2   13   3   6   -0.0032922389
2   13   4   6   -0.0000000005
2   13   5   6   -0.0180684052
2   13   6   4   0.0561873082
2   13   6   5   0.2370002287
2   13   7   4   -0.0038354631
2   13   7   5   0.0561873073
2   14   1   6   -0.0002518949
2   14   2   6   -0.0000000005
2   14   3   6   -0.0008938969
2   14   4   6   0.0000000002
2   14   5   6   -0.0049058687
2   14   6   4   -0.1878476527
2   14   6   5   0.0561873073
2   14   7   4   -0.0561873084
2   14   7   5   0.0453171103
3   8   1   6   0.0131040856
3   8   2   6   0.0000000006
3   8   3   6   0.0129259527
3   8   4   6   -0.0000000283
3   8   5   6   -0.0004443089
3   8   6   4   -0.0002518949
3   8   6   5   -0.0009277335
3   8   7   4   0.0009277335
3   8   7   5   -0.0002518949
3   9   1   6   0.0000000006
3   9   2   6   0.0131382667
3   9   3   6   0.0000000288
3   9   4   6   0.0133612383
3   9   5   6   -0.0000000010
3   9   6   4   -0.0000000005
3   9   6   5   -0.0000000020
3   9   7   4   0.0000000020
3   9   7   5   -0.0000000005
3   10   1   6   0.0129259527
3   10   2   6   0.0000000288
3   10   3   6   0.0618831032
3   10   4   6   0.0000000033
3   10   5   6   0.0047342590
3   10   6   4   -0.0008938969
3   10   6   5   -0.0032922389
3   10   7   4   0.0032922388
3   10   7   5   -0.0008938969
3   11   1   6   -0.0000000283
3   11   2   6   0.0133612383
3   11   3   6   0.0000000033
3   11   4   6   0.0665815735
3   11   5   6   -0.0000000008
3   11   6   4   -0.0000000002
3   11   6   5   -0.0000000005
3   11   7   4   -0.0000000006
3   11   7   5   0.0000000002
3   12   1   6   -0.0004443089
3   12   2   6   -0.0000000010
3   12   3   6   0.0047342590
3   12   4   6   -0.0000000008
3   12   5   6   0.2441908532
3   12   6   4   -0.0049058687
3   12   6   5   -0.0180684052
3   12   7   4   0.0180684052
3   12   7   5   -0.0049058687
3   13   1   4   0.0002798019
3   13   1   5   0.0010305156
3   13   2   4   0.0000000006
3   13   2   5   0.0000000023
3   13   3   4   -0.0013149206
3   13   3   5   -0.0048428769
3   13   4   4   0.0000000002
3   13   4   5   0.0000000006
3   13   5   4   -0.0525637325
3   13   5   5   -0.1935931991
3   13   6   6   0.0296444324
3   13   7   6   0.0000000000
3   14   1   4   -0.0010305156
3   14   1   5   0.0002798019
3   14   2   4   -0.0000000023
3   14   2   5   0.0000000006
3   14   3   4   0.0048428769
3   14   3   5   -0.0013149206
3   14   4   4   -0.0000000010
3   14   4   5   0.0000000003
3   14   5   4   0.1935931995
3   14   5   5   -0.0525637326
3   14   6   6   -0.0000000000
3   14   7   6   0.0296444324

1   8   8   1   -0.5263186563
1   8   8   2   -0.0000000000
1   8   9   1   0.0000000119
1   8   9   2   -0.0000000004
1   8   10   1   0.0049719463
1   8   10   2   0.0000000000
1   8   11   1   -0.0000000111
1   8   11   2   0.0000000000
1   8   12   1   -0.0007859114
1   8   12   2   -0.0000000000
1   8   13   3   0.0002843764
1   8   14   3   -0.0010473635
1   9   8   1   0.0000000119
1   9   8   2   -0.0000000004
1   9   9   1   -0.5263184075
1   9   9   2   -0.0000000000
1   9   10   1   0.0000000106
1   9   10   2   0.0000000000
1   9   11   1   0.0050653789
1   9   11   2   0.0000000000
1   9   12   1   -0.0000000018
1   9   12   2   0.0000000000
1   9   13   3   0.0000000006
1   9   14   3   -0.0000000023
1   10   8   1   0.0049719463
1   10   8   2   0.0000000000
1   10   9   1   0.0000000106
1   10   9   2   0.0000000000
1   10   10   1   -0.4043434160
1   10   10   2   -0.0000000001
1   10   11   1   0.0000000080
1   10   11   2   -0.0000000003
1   10   12   1   -0.0060253934
1   10   12   2   0.0000000000
1   10   13   3   0.0010007763
1   10   14   3   -0.0036858776
1   11   8   1   -0.0000000111
1   11   8   2   0.0000000000
1   11   9   1   0.0050653789
1   11   9   2   0.0000000000
1   11   10   1   0.0000000080
1   11   10   2   -0.0000000003
1   11   11   1   -0.4064230797
1   11   11   2   -0.0000000001
1   11   12   1   -0.0000000003
1   11   12   2   0.0000000001
1   11   13   3   -0.0000000001
1   11   14   3   -0.0000000001
1   12   8   1   -0.0007859114
1   12   8   2   -0.0000000000
1   12   9   1   -0.0000000018
1   12   9   2   0.0000000000
1   12   10   1   -0.0060253934
1   12   10   2   0.0000000000
1   12   11   1   -0.0000000003
1   12   11   2   0.0000000001
1   12   12   1   -0.3921759749
1   12   12   2   0.0000000000
1   12   13   3   0.0050670497
1   12   14   3   -0.0186620378
1   13   8   3   0.0002695303
1   13   9   3   0.0000000006
1   13   10   3   0.0011009621
1   13   11   3   0.0000000000
1   13   12   3   0.0053766593
1   13   13   1   -0.3961526664
1   13   13   2   -0.0102577189
1   13   14   1   0.0102577179
1   13   14   2   0.0171310666
1   14   8   3   -0.0009926849
1   14   9   3   -0.0000000022
1   14   10   3   -0.0040548639
1   14   11   3   0.0000000002
1   14   12   3   -0.0198023356
1   14   13   1   0.0102577178
1   14   13   2   0.0178631594
1   14   14   1   -0.4311468964
1   14   14   2   0.0102577190
2   8   8   1   -0.0000000000
2   8   8   2   -0.5263186564
2   8   9   1   -0.0000000004
2   8   9   2   0.0000000113
2   8   9   3   -0.0000000000
2   8   10   1   0.0000000000
2   8   10   2   0.0049719463
2   8   11   1   0.0000000000
2   8   11   2   -0.0000000111
2   8   12   1   -0.0000000000
2   8   12   2   -0.0007859114
2   8   13   3   0.0010473635
2   8   14   3   0.0002843764
2   9   8   1   -0.0000000004
2   9   8   2   0.0000000113
2   9   8   3   -0.0000000000
2   9   9   1   -0.0000000000
2   9   9   2   -0.5263184076
2   9   10   1   0.0000000000
2   9   10   2   0.0000000107
2   9   11   1   0.0000000000
2   9   11   2   0.0050653790
2   9   12   1   0.0000000000
2   9   12   2   -0.0000000017
2   9   13   3   0.0000000022
2   9   14   3   0.0000000006
2   10   8   1   0.0000000000
2   10   8   2   0.0049719463
2   10   9   1   0.0000000000
2   10   9   2   0.0000000107
2   10   10   1   -0.0000000001
2   10   10   2   -0.4043434163
2   10   11   1   -0.0000000003
2   10   11   2   0.0000000076
2   10   11   3   -0.0000000000
2   10   12   1   0.0000000000
2   10   12   2   -0.0060253933
2   10   13   3   0.0036858776
2   10   14   3   0.0010007763
2   11   8   1   0.0000000000
2   11   8   2   -0.0000000111
2   11   9   1   0.0000000000
2   11   9   2   0.0050653790
2   11   10   1   -0.0000000003
2   11   10   2   0.0000000076
2   11   10   3   -0.0000000000
2   11   11   1   -0.0000000001
2   11   11   2   -0.4064230800
2   11   12   1   0.0000000001
2   11   12   2   -0.0000000000
2   11   13   3   -0.0000000002
2   11   14   3   0.0000000000
2   12   8   1   -0.0000000000
2   12   8   2   -0.0007859114
2   12   9   1   0.0000000000
2   12   9   2   -0.0000000017
2   12   10   1   0.0000000000
2   12   10   2   -0.0060253933
2   12   11   1   0.0000000001
2   12   11   2   -0.0000000000
2   12   12   1   0.0000000000
2   12   12   2   -0.3921759748
2   12   13   3   0.0186620378
2   12   14   3   0.0050670497
2   13   8   3   0.0009926849
2   13   9   3   0.0000000021
2   13   10   3   0.0040548639
2   13   11   3   0.0000000001
2   13   12   3   0.0198023356
2   13   13   1   -0.0102577189
2   13   13   2   -0.4311468957
2   13   14   1   0.0178631594
2   13   14   2   -0.0102577178
2   14   8   3   0.0002695303
2   14   9   3   0.0000000006
2   14   10   3   0.0011009621
2   14   11   3   -0.0000000001
2   14   12   3   0.0053766593
2   14   13   1   0.0171310666
2   14   13   2   -0.0102577179
2   14   14   1   0.0102577190
2   14   14   2   -0.3961526669
3   8   8   3   -0.5404495980
3   8   9   2   -0.0000000000
3   8   9   3   -0.0000000187
3   8   10   3   0.0052105467
3   8   11   3   -0.0000000115
3   8   12   3   -0.0027086330
3   8   13   1   0.0002695303
3   8   13   2   0.0009926849
3   8   14   1   -0.0009926849
3   8   14   2   0.0002695303
3   9   8   2   -0.0000000000
3   9   8   3   -0.0000000187
3   9   9   3   -0.5404490870
3   9   10   3   0.0000000115
3   9   11   3   0.0053677360
3   9   12   3   -0.0000000059
3   9   13   1   0.0000000006
3   9   13   2   0.0000000021
3   9   14   1   -0.0000000022
3   9   14   2   0.0000000006
3   10   8   3   0.0052105467
3   10   9   3   0.0000000115
3   10   10   3   -0.4134085504
3   10   11   2   -0.0000000000
3   10   11   3   -0.0000000129
3   10   12   3   -0.0129892444
3   10   13   1   0.0011009621
3   10   13   2   0.0040548639
3   10   14   1   -0.0040548639
3   10   14   2   0.0011009621
3   11   8   3   -0.0000000115
3   11   9   3   0.0053677360
3   11   10   2   -0.0000000000
3   11   10   3   -0.0000000129
3   11   11   3   -0.4143859975
3   11   12   3   0.0000000016
3   11   13   1   0.0000000000
3   11   13   2   0.0000000001
3   11   14   1   0.0000000002
3   11   14   2   -0.0000000001
3   12   8   3   -0.0027086330
3   12   9   3   -0.0000000059
3   12   10   3   -0.0129892444
3   12   11   3   0.0000000016
3   12   12   3   -0.4392060958
3   12   13   1   0.0053766593
3   12   13   2   0.0198023356
3   12   14   1   -0.0198023356
3   12   14   2   0.0053766593
3   13   8   1   0.0002843764
3   13   8   2   0.0010473635
3   13   9   1   0.0000000006
3   13   9   2   0.0000000022
3   13   10   1   0.0010007763
3   13   10   2   0.0036858776
3   13   11   1   -0.0000000001
3   13   11   2   -0.0000000002
3   13   12   1   0.0050670497
3   13   12   2   0.0186620378
3   13   13   3   -0.4011815887
3   13   14   3   -0.0000000000
3   14   8   1   -0.0010473635
3   14   8   2   0.0002843764
3   14   9   1   -0.0000000023
3   14   9   2   0.0000000006
3   14   10   1   -0.0036858776
3   14   10   2   0.0010007763
3   14   11   1   -0.0000000001
3   14   11   2   0.0000000000
3   14   12   1   -0.0186620378
3   14   12   2   0.0050670497
3   14   13   3   -0.0000000000
3   14   14   3   -0.4011815898

End AIJB Block
Begin IJKA Block
1   8   1   6   0.0000000992
1   8   2   6   -0.0156462343
1   8   3   6   -0.0000000105
1   8   4   6   0.0018978523
1   8   5   6   -0.0000000562
1   8   6   4   0.0000000149
1   8   6   5   0.0000000548
1   8   7   4   -0.0000000548
1   8   7   5   0.0000000149
1   9   1   6   -0.0140260501
1   9   2   6   -0.0000000338
1   9   3   6   0.0024018774
1   9   4   6   -0.0000000000
1   9   5   6   0.0128962283
1   9   6   4   -0.0034108080
1   9   6   5   -0.0125620690
1   9   7   4   0.0125620691
1   9   7   5   -0.0034108080
1   10   1   6   -0.0000000750
1   10   2   6   0.0171190508
1   10   3   6   0.0000000013
1   10   4   6   -0.0011385103
1   10   5   6   -0.0000000295
1   10   6   4   0.0000000079
1   10   6   5   0.0000000290
1   10   7   4   -0.0000000290
1   10   7   5   0.0000000079
1   11   1   6   0.0189996057
1   11   2   6   -0.0000000010
1   11   3   6   -0.0003670094
1   11   4   6   0.0000000021
1   11   5   6   0.0139444591
1   11   6   4   -0.0036706930
1   11   6   5   -0.0135192301
1   11   7   4   0.0135192302
1   11   7   5   -0.0036706930
1   12   1   6   -0.0000015279
1   12   2   6   0.3500767656
1   12   3   6   0.0000000079
1   12   4   6   -0.0035815567
1   12   5   6   0.0000000010
1   12   6   4   -0.0000000001
1   12   6   5   -0.0000000005
1   12   7   4   0.0000000004
1   12   7   5   -0.0000000001
1   13   1   4   0.0000004043
1   13   1   5   0.0000014890
1   13   2   4   -0.0926329061
1   13   2   5   -0.3411687070
1   13   3   4   -0.0000000021
1   13   3   5   -0.0000000076
1   13   4   4   0.0009193866
1   13   4   5   0.0033861178
1   13   5   4   -0.0000000007
1   13   5   5   -0.0000000024
1   13   6   6   -0.0000000021
1   14   1   4   -0.0000014891
1   14   1   5   0.0000004043
1   14   2   4   0.3411687080
1   14   2   5   -0.0926329063
1   14   3   4   0.0000000076
1   14   3   5   -0.0000000020
1   14   4   4   -0.0033861179
1   14   4   5   0.0009193866
1   14   5   4   0.0000000025
1   14   5   5   -0.0000000007
1   14   7   6   -0.0000000021
2   8   1   6   -0.0156470942
2   8   2   6   -0.0000000373
2   8   3   6   0.0023960970
2   8   4   6   -0.0000000000
2   8   5   6   0.0128588295
2   8   6   4   -0.0034060018
2   8   6   5   -0.0125443676
2   8   7   4   0.0125443677
2   8   7   5   -0.0034060018
2   9   1   6   -0.0000000338
2   9   2   6   -0.0140329356
2   9   3   6   0.0000000104
2   9   4   6   0.0018958708
2   9   5   6   0.0000000561
2   9   6   4   -0.0000000149
2   9   6   5   -0.0000000548
2   9   7   4   0.0000000548
2   9   7   5   -0.0000000149
2   10   1   6   0.0171191120
2   10   2   6   0.0000000744
2   10   3   6   -0.0005986949
2   10   4   6   -0.0000000025
2   10   5   6   0.0134657502
2   10   6   4   -0.0035899600
2   10   6   5   -0.0132218891
2   10   7   4   0.0132218892
2   10   7   5   -0.0035899600
2   11   1   6   -0.0000000010
2   11   2   6   0.0189930175
2   11   3   6   -0.0000000008
2   11   4   6   -0.0009432320
2   11   5   6   0.0000000306
2   11   6   4   -0.0000000080
2   11   6   5   -0.0000000296
2   11   7   4   0.0000000296
2   11   7   5   -0.0000000080
2   12   1   6   0.3500733737
2   12   2   6   0.0000015270
2   12   3   6   -0.0035917334
2   12   4   6   -0.0000000078
2   12   5   6   -0.0004877748
2   12   6   4   0.0000623265
2   12   6   5   0.0002295496
2   12   7   4   -0.0002295497
2   12   7   5   0.0000623265
2   13   1   4   -0.0926321638
2   13   1   5   -0.3411659731
2   13   2   4   -0.0000004041
2   13   2   5   -0.0000014882
2   13   3   4   0.0009298546
2   13   3   5   0.0034246718
2   13   4   4   0.0000000020
2   13   4   5   0.0000000074
2   13   5   4   0.0003027499
2   13   5   5   0.0011150333
2   13   6   6   0.0009660901
2   14   1   4   0.3411659741
2   14   1   5   -0.0926321641
2   14   2   4   0.0000014880
2   14   2   5   -0.0000004040
2   14   3   4   -0.0034246718
2   14   3   5   0.0009298546
2   14   4   4   -0.0000000074
2   14   4   5   0.0000000020
2   14   5   4   -0.0011150333
2   14   5   5   0.0003027499
2   14   7   6   0.0009660901
3   8   1   6   -0.0000000110
3   8   2   6   0.0025064068
3   8   3   6   -0.0000000008
3   8   4   6   -0.0019102566
3   8   5   6   -0.0000000317
3   8   6   4   0.0000000082
3   8   6   5   0.0000000301
3   8   7   4   -0.0000000301
3   8   7   5   0.0000000082
3   9   1   6   0.0025123972
3   9   2   6   0.0000000109
3   9   3   6   0.0003923920
3   9   4   6   -0.0000000042
3   9   5   6   0.0144432285
3   9   6   4   -0.0037290492
3   9   6   5   -0.0137341571
3   9   7   4   0.0137341571
3   9   7   5   -0.0037290492
3   10   1   6   0.0000000013
3   10   2   6   -0.0005926428
3   10   3   6   -0.0000000001
3   10   4   6   0.0047693802
3   10   5   6   -0.0000000012
3   10   6   4   0.0000000003
3   10   6   5   0.0000000012
3   10   7   4   -0.0000000014
3   10   7   5   0.0000000004
3   11   1   6   -0.0003313856
3   11   2   6   -0.0000000007
3   11   3   6   0.0146408889
3   11   4   6   -0.0000000007
3   11   5   6   0.0617689546
3   11   6   4   -0.0160163695
3   11   6   5   -0.0589885852
3   11   7   4   0.0589885854
3   11   7   5   -0.0160163696
3   12   1   6   0.0000000090
3   12   2   6   -0.0041174318
3   12   3   6   -0.0000000057
3   12   4   6   0.2273877343
3   12   5   6   -0.0000000000
3   12   6   4   -0.0000000000
3   12   6   5   -0.0000000001
3   12   7   4   -0.0000000005
3   12   7   5   0.0000000001
3   13   1   4   -0.0000000024
3   13   1   5   -0.0000000088
3   13   2   4   0.0010837356
3   13   2   5   0.0039914183
3   13   3   4   0.0000000012
3   13   3   5   0.0000000044
3   13   4   4   -0.0602898204
3   13   4   5   -0.2220485238
3   13   5   4   0.0000000001
3   13   5   5   0.0000000003
3   13   6   6   0.0000000000
3   13   7   6   0.0000000000
3   14   1   4   0.0000000088
3   14   1   5   -0.0000000024
3   14   2   4   -0.0039914183
3   14   2   5   0.0010837356
3   14   3   4   -0.0000000047
3   14   3   5   0.0000000013
3   14   4   4   0.2220485243
3   14   4   5   -0.0602898205
3   14   5   4   0.0000000001
3   14   5   5   -0.0000000000
3   14   6   6   0.0000000000
3   14   7   6   0.0000000001
4   8   1   6   0.0019975219
4   8   2   6   -0.0000000000
4   8   3   6   -0.0019217958
4   8   4   6   0.0000000020
4   8   5   6   0.0141061654
4   8   6   4   -0.0037121515
4   8   6   5   -0.0136719226
4   8   7   4   0.0136719226
4   8   7   5   -0.0037121515
4   9   1   6   -0.0000000000
4   9   2   6   0.0019960320
4   9   3   6   -0.0000000042
4   9   4   6   -0.0009117310
4   9   5   6   0.0000000309
4   9   6   4   -0.0000000082
4   9   6   5   -0.0000000300
4   9   7   4   0.0000000300
4   9   7   5   -0.0000000081
4   10   1   6   -0.0011012912
4   10   2   6   -0.0000000024
4   10   3   6   0.0042722036
4   10   4   6   0.0000000001
4   10   5   6   0.0563362909
4   10   6   4   -0.0154372328
4   10   6   5   -0.0568556139
4   10   7   4   0.0568556140
4   10   7   5   -0.0154372328
4   11   1   6   0.0000000020
4   11   2   6   -0.0009101821
4   11   3   6   -0.0000000008
4   11   4   6   0.0085946424
4   11   5   6   0.0000000012
4   11   6   4   -0.0000000004
4   11   6   5   -0.0000000014
4   11   7   4   0.0000000012
4   11   7   5   -0.0000000003
4   12   1   6   -0.0041240539
4   12   2   6   -0.0000000090
4   12   3   6   0.2275725393
4   12   4   6   0.0000000042
4   12   5   6   -0.0226911616
4   12   6   4   0.0004473813
4   12   6   5   0.0016477136
4   12   7   4   -0.0016477136
4   12   7   5   0.0004473813
4   13   1   4   0.0010849405
4   13   1   5   0.0039958560
4   13   2   4   0.0000000024
4   13   2   5   0.0000000087
4   13   3   4   -0.0602533761
4   13   3   5   -0.2219142990
4   13   4   4   -0.0000000014
4   13   4   5   -0.0000000052
4   13   5   4   0.0057755904
4   13   5   5   0.0212716063
4   13   6   6   0.0010563874
4   13   7   6   -0.0000000000
4   14   1   4   -0.0039958560
4   14   1   5   0.0010849405
4   14   2   4   -0.0000000087
4   14   2   5   0.0000000023
4   14   3   4   0.2219142995
4   14   3   5   -0.0602533763
4   14   4   4   0.0000000049
4   14   4   5   -0.0000000013
4   14   5   4   -0.0212716064
4   14   5   5   0.0057755904
4   14   6   6   -0.0000000000
4   14   7   6   0.0010563873
5   8   1   6   -0.0000000679
5   8   2   6   0.0155803965
5   8   3   6   -0.0000000351
5   8   4   6   0.0157424034
5   8   5   6   0.0000000004
5   8   6   4   -0.0000000001
5   8   6   5   -0.0000000005
5   8   7   4   0.0000000005
5   8   7   5   -0.0000000001
5   9   1   6   0.0156139888
5   9   2   6   0.0000000682
5   9   3   6   0.0160522389
5   9   4   6   0.0000000346
5   9   5   6   -0.0002259962
5   9   6   4   0.0000660463
5   9   6   5   0.0002432496
5   9   7   4   -0.0002432496
5   9   7   5   0.0000660463
5   10   1   6   -0.0000000300
5   10   2   6   0.0137582777
5   10   3   6   -0.0000000014
5   10   4   6   0.0581699198
5   10   5   6   -0.0000000003
5   10   6   4   0.0000000001
5   10   6   5   0.0000000003
5   10   7   4   -0.0000000001
5   10   7   5   0.0000000000
5   11   1   6   0.0141651853
5   11   2   6   0.0000000312
5   11   3   6   0.0636391195
5   11   4   6   0.0000000011
5   11   5   6   0.0109078638
5   11   6   4   0.0003022458
5   11   6   5   0.0011131770
5   11   7   4   -0.0011131771
5   11   7   5   0.0003022459
5   12   1   6   0.0000000003
5   12   2   6   -0.0001418666
5   12   3   6   -0.0000000005
5   12   4   6   -0.0230144895
5   12   5   6   -0.0000000155
5   12   6   4   -0.0000000000
5   12   6   5   0.0000000001
5   12   6   6   0.0000000000
5   12   7   4   -0.0000000021
5   12   7   5   0.0000000006
5   13   1   4   -0.0000000005
5   13   1   5   -0.0000000017
5   13   2   4   0.0002183074
5   13   2   5   0.0008040301
5   13   3   4   0.0000000000
5   13   3   5   0.0000000001
5   13   4   4   0.0056813899
5   13   4   5   0.0209246640
5   13   5   4   0.0000000030
5   13   5   5   0.0000000110
5   13   6   5   -0.0000000000
5   13   6   6   0.0000000001
5   13   7   6   0.0000000000
5   14   1   4   0.0000000018
5   14   1   5   -0.0000000005
5   14   2   4   -0.0008040301
5   14   2   5   0.0002183074
5   14   3   4   -0.0000000005
5   14   3   5   0.0000000001
5   14   4   4   -0.0209246640
5   14   4   5   0.0056813899
5   14   5   4   -0.0000000091
5   14   5   5   0.0000000024
5   14   6   4   0.0000000000
5   14   6   6   0.0000000000
5   14   7   6   -0.0000000008
6   8   1   4   0.0000000180
6   8   1   5   0.0000000663
6   8   2   4   -0.0041257760
6   8   2   5   -0.0151953094
6   8   3   4   0.0000000091
6   8   3   5   0.0000000335
6   8   4   4   -0.0041387976
6   8   4   5   -0.0152432680
6   8   5   4   -0.0000000004
6   8   5   5   -0.0000000014
6   8   6   6   -0.0000000010
6   8   7   6   -0.0000000000
6   9   1   4   -0.0041295405
6   9   1   5   -0.0152091742
6   9   2   4   -0.0000000180
6   9   2   5   -0.0000000663
6   9   3   4   -0.0041549983
6   9   3   5   -0.0153029356
6   9   4   4   -0.0000000091
6   9   4   5   -0.0000000335
6   9   5   4   0.0001755995
6   9   5   5   0.0006467362
6   9   6   6   0.0004443531
6   9   7   6   0.0000000000
6   10   1   4   0.0000000080
6   10   1   5   0.0000000295
6   10   2   4   -0.0036556739
6   10   2   5   -0.0134639147
6   10   3   4   0.0000000003
6   10   3   5   0.0000000011
6   10   4   4   -0.0157595728
6   10   4   5   -0.0580427983
6   10   5   4   0.0000000001
6   10   5   5   0.0000000004
6   10   6   6   0.0000000002
6   11   1   4   -0.0037141111
6   11   1   5   -0.0136791399
6   11   2   4   -0.0000000081
6   11   2   5   -0.0000000300
6   11   3   4   -0.0162857811
6   11   3   5   -0.0599808329
6   11   4   4   -0.0000000004
6   11   4   5   -0.0000000016
6   11   5   4   0.0006995217
6   11   5   5   0.0025763515
6   11   6   6   0.0132250419
6   12   1   4   0.0000000000
6   12   1   5   0.0000000000
6   12   2   4   0.0000049319
6   12   2   5   0.0000181642
6   12   3   4   0.0000000001
6   12   3   5   0.0000000002
6   12   4   4   0.0006145028
6   12   4   5   0.0022632251
6   12   5   4   0.0000000004
6   12   5   5   0.0000000013
6   12   5   6   0.0000000000
6   12   6   6   0.0000000066
6   12   7   6   0.0000000001
6   13   1   6   -0.0000000018
6   13   2   6   0.0008393079
6   13   3   6   0.0000000005
6   13   4   6   0.0018304320
6   13   5   5   -0.0000000000
6   13   5   6   -0.0000000011
6   13   6   4   -0.0000000025
6   13   6   5   -0.0000000092
6   13   7   4   0.0000000007
6   13   7   5   -0.0000000003
6   14   1   6   0.0000000000
6   14   3   6   -0.0000000000
6   14   5   4   0.0000000000
6   14   5   6   0.0000000001
6   14   6   4   0.0000000071
6   14   6   5   -0.0000000020
6   14   7   4   -0.0000000002
6   14   7   5   -0.0000000013
7   8   1   4   -0.0000000664
7   8   1   5   0.0000000180
7   8   2   4   0.0151953094
7   8   2   5   -0.0041257760
7   8   3   4   -0.0000000336
7   8   3   5   0.0000000091
7   8   4   4   0.0152432681
7   8   4   5   -0.0041387976
7   8   5   4   0.0000000014
7   8   5   5   -0.0000000004
7   8   6   6   -0.0000000000
7   8   7   6   -0.0000000010
7   9   1   4   0.0152091742
7   9   1   5   -0.0041295405
7   9   2   4   0.0000000663
7   9   2   5   -0.0000000180
7   9   3   4   0.0153029356
7   9   3   5   -0.0041549983
7   9   4   4   0.0000000334
7   9   4   5   -0.0000000091
7   9   5   4   -0.0006467362
7   9   5   5   0.0001755995
7   9   6   6   0.0000000000
7   9   7   6   0.0004443532
7   10   1   4   -0.0000000295
7   10   1   5   0.0000000080
7   10   2   4   0.0134639147
7   10   2   5   -0.0036556739
7   10   3   4   -0.0000000012
7   10   3   5   0.0000000003
7   10   4   4   0.0580427983
7   10   4   5   -0.0157595729
7   10   5   4   0.0000000001
7   10   5   5   -0.0000000000
7   10   7   6   -0.0000000000
7   11   1   4   0.0136791399
7   11   1   5   -0.0037141111
7   11   2   4   0.0000000300
7   11   2   5   -0.0000000081
7   11   3   4   0.0599808329
7   11   3   5   -0.0162857811
7   11   4   4   0.0000000014
7   11   4   5   -0.0000000004
7   11   5   4   -0.0025763515
7   11   5   5   0.0006995217
7   11   6   6   -0.0000000000
7   11   7   6   0.0132250419
7   12   1   4   -0.0000000000
7   12   1   5   0.0000000000
7   12   2   4   -0.0000181642
7   12   2   5   0.0000049319
7   12   3   4   -0.0000000005
7   12   3   5   0.0000000001
7   12   4   4   -0.0022632250
7   12   4   5   0.0006145027
7   12   5   4   -0.0000000005
7   12   5   5   0.0000000001
7   12   6   6   0.0000000001
7   12   7   6   0.0000000041
7   13   1   6   0.0000000000
7   13   3   6   -0.0000000000
7   13   4   6   -0.0000000000
7   13   5   6   0.0000000001
7   13   6   4   0.0000000013
7   13   6   5   -0.0000000005
7   13   7   4   -0.0000000017
7   13   7   5   -0.0000000065
7   14   1   6   -0.0000000018
7   14   2   6   0.0008393079
7   14   3   6   -0.0000000003
7   14   4   6   0.0018304320
7   14   5   6   0.0000000018
7   14   6   4   -0.0000000001
7   14   6   5   -0.0000000010
7   14   7   4   0.0000000085
7   14   7   5   -0.0000000023

End IJKA Block
Begin IABC Block
1   4   1   6   -0.0000000021
1   4   2   6   -0.0000000000
1   4   3   4   -0.0000000007
1   4   3   5   -0.0000000000
1   5   1   6   -0.0000000000
1   5   2   6   -0.0000000021
1   5   3   4   -0.0000000000
1   5   3   5   -0.0000000007
1   6   1   4   -0.0000000019
1   6   1   5   -0.0000000000
1   6   2   4   -0.0000000000
1   6   2   5   -0.0000000020
1   6   3   6   -0.0000000044
2   4   1   6   0.0009385711
2   4   3   4   0.0003482847
2   4   3   5   0.0000000000
2   5   2   6   0.0009385711
2   5   3   4   0.0000000000
2   5   3   5   0.0003482847
2   6   1   4   0.0008874244
2   6   2   5   0.0008874244
2   6   3   6   0.0020563135
3   4   1   6   -0.0000000006
3   4   2   6   0.0000000002
3   4   3   4   -0.0000000003
3   4   3   5   0.0000000000
3   5   1   6   0.0000000002
3   5   2   6   0.0000000000
3   5   3   4   0.0000000000
3   5   3   5   -0.0000000002
3   6   1   4   -0.0000000005
3   6   1   5   0.0000000001
3   6   2   4   0.0000000001
3   6   2   5   -0.0000000001
3   6   3   6   0.0000000004
4   4   1   6   0.0038039389
4   4   2   6   -0.0000000000
4   4   3   4   0.0130857393
4   4   3   5   0.0000000000
4   5   1   6   -0.0000000000
4   5   2   6   0.0038039389
4   5   3   4   0.0000000000
4   5   3   5   0.0130857395
4   6   1   4   0.0025471167
4   6   1   5   -0.0000000000
4   6   2   4   -0.0000000000
4   6   2   5   0.0025471167
4   6   3   6   0.0178579665
5   4   1   6   0.0000000004
5   4   2   6   -0.0000000002
5   4   3   4   -0.0000000069
5   4   3   5   0.0000000005
5   5   1   6   -0.0000000002
5   5   2   6   -0.0000000005
5   5   3   4   0.0000000005
5   5   3   5   -0.0000000057
5   5   3   6   0.0000000000
5   6   1   4   0.0000000008
5   6   1   5   -0.0000000007
5   6   2   4   -0.0000000007
5   6   2   5   -0.0000000015
5   6   3   5   0.0000000000
5   6   3   6   0.0000000144
6   4   1   4   0.0000000024
6   4   1   5   0.0000000009
6   4   2   4   0.0000000071
6   4   2   5   -0.0000000004
6   4   3   6   -0.0000000008
6   5   1   4   0.0000000006
6   5   1   5   0.0000000015
6   5   2   4   -0.0000000003
6   5   2   5   0.0000000075
6   5   2   6   -0.0000000000
6   5   3   6   -0.0000000027
6   6   1   6   -0.0000000028
6   6   2   5   -0.0000000000
6   6   2   6   -0.0000000103
6   6   3   4   -0.0000000005
6   6   3   5   -0.0000000019
7   4   1   4   -0.0000000096
7   4   1   5   0.0000000007
7   4   2   4   0.0000000022
7   4   2   5   -0.0000000009
7   4   3   6   -0.0000000011
7   5   1   4   0.0000000007
7   5   1   5   -0.0000000069
7   5   1   6   0.0000000000
7   5   2   4   -0.0000000009
7   5   2   5   0.0000000023
7   5   3   6   0.0000000004
7   6   1   5   0.0000000000
7   6   1   6   0.0000000099
7   6   2   6   -0.0000000027
7   6   3   4   0.0000000002
7   6   3   5   -0.0000000000

End IABC Block
