0   103   5   12      -0.062769137119
0   103   6   13      -0.065423585925
1   104   5   12      -0.065423586182
1   104   6   13      -0.062769136336
0   103   12   5       0.062769137119
0   103   13   6       0.065423585925
1   104   12   5       0.065423586182
1   104   13   6       0.062769136336
103   0   5   12       0.062769137119
103   0   6   13       0.065423585925
104   1   5   12       0.065423586182
104   1   6   13       0.062769136336
103   0   12   5      -0.062769137119
103   0   13   6      -0.065423585925
104   1   12   5      -0.065423586182
104   1   13   6      -0.062769136336

