0   1   5   6      -0.079848305235
0   1   6   5       0.079848305239
1   0   5   6       0.079848305235
1   0   6   5      -0.079848305239
0   103   5   12      -0.455773663637
0   103   5   13       0.133657464965
0   103   6   12       0.133657465016
0   103   6   13      -0.096955643230
0   104   5   12       0.133657466282
0   104   5   13       0.139484864190
0   104   6   12       0.219333171572
0   104   6   13      -0.133657467132
0   105   4   12      -0.163164260242
0   105   4   13       0.054096745459
0   105   5   11      -0.127036345171
1   103   5   12       0.133657466215
1   103   5   13       0.219333171422
1   103   6   12       0.139484864348
1   103   6   13      -0.133657467192
1   104   5   12      -0.096955642687
1   104   5   13      -0.133657464215
1   104   6   12      -0.133657464268
1   104   6   13      -0.455773663896
1   105   4   12       0.054096744538
1   105   4   13       0.163164260375
1   105   6   11       0.127036345252
2   103   4   12      -0.127036345171
2   103   5   11      -0.163164260242
2   103   6   11       0.054096745459
2   104   4   13       0.127036345253
2   104   5   11       0.054096744538
2   104   6   11       0.163164260375
2   105   4   11      -0.281599836182
0   103   12   5       0.455773663637
0   103   12   6      -0.133657465016
0   103   13   5      -0.133657464965
0   103   13   6       0.096955643230
0   104   12   5      -0.133657466282
0   104   12   6      -0.219333171572
0   104   13   5      -0.139484864190
0   104   13   6       0.133657467132
0   105   11   5       0.127036345171
0   105   12   4       0.163164260242
0   105   13   4      -0.054096745459
1   103   12   5      -0.133657466215
1   103   12   6      -0.139484864348
1   103   13   5      -0.219333171422
1   103   13   6       0.133657467192
1   104   12   5       0.096955642687
1   104   12   6       0.133657464268
1   104   13   5       0.133657464215
1   104   13   6       0.455773663896
1   105   11   6      -0.127036345252
1   105   12   4      -0.054096744538
1   105   13   4      -0.163164260375
2   103   11   5       0.163164260242
2   103   11   6      -0.054096745459
2   103   12   4       0.127036345171
2   104   11   5      -0.054096744538
2   104   11   6      -0.163164260375
2   104   13   4      -0.127036345253
2   105   11   4       0.281599836182
0   111   5   12      -0.056589494087
1   110   6   13      -0.056589494283
2   106   4   11       0.057339302365
0   111   12   5       0.056589494087
1   110   13   6       0.056589494283
2   106   11   4      -0.057339302365
3   105   4   11       0.057339302365
7   104   6   13      -0.056589494280
8   103   5   12      -0.056589494084
3   105   11   4      -0.057339302365
7   104   13   6       0.056589494280
8   103   12   5       0.056589494084
103   0   5   12       0.455773663637
103   0   5   13      -0.133657464965
103   0   6   12      -0.133657465016
103   0   6   13       0.096955643230
103   1   5   12      -0.133657466215
103   1   5   13      -0.219333171422
103   1   6   12      -0.139484864348
103   1   6   13       0.133657467192
103   2   4   12       0.127036345171
103   2   5   11       0.163164260242
103   2   6   11      -0.054096745459
104   0   5   12      -0.133657466282
104   0   5   13      -0.139484864190
104   0   6   12      -0.219333171572
104   0   6   13       0.133657467132
104   1   5   12       0.096955642687
104   1   5   13       0.133657464215
104   1   6   12       0.133657464268
104   1   6   13       0.455773663896
104   2   4   13      -0.127036345253
104   2   5   11      -0.054096744538
104   2   6   11      -0.163164260375
105   0   4   12       0.163164260242
105   0   4   13      -0.054096745459
105   0   5   11       0.127036345171
105   1   4   12      -0.054096744538
105   1   4   13      -0.163164260375
105   1   6   11      -0.127036345252
105   2   4   11       0.281599836182
103   0   12   5      -0.455773663637
103   0   12   6       0.133657465016
103   0   13   5       0.133657464965
103   0   13   6      -0.096955643230
103   1   12   5       0.133657466215
103   1   12   6       0.139484864348
103   1   13   5       0.219333171422
103   1   13   6      -0.133657467192
103   2   11   5      -0.163164260242
103   2   11   6       0.054096745459
103   2   12   4      -0.127036345171
104   0   12   5       0.133657466282
104   0   12   6       0.219333171572
104   0   13   5       0.139484864190
104   0   13   6      -0.133657467132
104   1   12   5      -0.096955642687
104   1   12   6      -0.133657464268
104   1   13   5      -0.133657464215
104   1   13   6      -0.455773663896
104   2   11   5       0.054096744538
104   2   11   6       0.163164260375
104   2   13   4       0.127036345253
105   0   11   5      -0.127036345171
105   0   12   4      -0.163164260242
105   0   13   4       0.054096745459
105   1   11   6       0.127036345252
105   1   12   4       0.054096744538
105   1   13   4       0.163164260375
105   2   11   4      -0.281599836182
103   8   5   12       0.056589494084
104   7   6   13       0.056589494280
105   3   4   11      -0.057339302365
103   8   12   5      -0.056589494084
104   7   13   6      -0.056589494280
105   3   11   4       0.057339302365
103   104   12   13      -0.079848305235
103   104   13   12       0.079848305239
104   103   12   13       0.079848305235
104   103   13   12      -0.079848305239
106   2   4   11      -0.057339302365
110   1   6   13       0.056589494283
111   0   5   12       0.056589494087
106   2   11   4       0.057339302365
110   1   13   6      -0.056589494283
111   0   12   5      -0.056589494087

