Begin IJ Block
1   1   -25.7318106195
1   2   0.0000004823
1   3   0.4820385656
1   4   -0.0002415295
1   5   -0.0287220138
2   2   -25.7318589365
2   3   0.0002377388
2   4   0.4895800737
2   5   -0.0000141995
3   3   -6.6295843876
3   4   0.0000003481
3   5   -0.1499257011
4   4   -6.6426504669
4   5   -0.0000001544
5   5   -6.1453465982
6   6   -6.1346761761
6   7   0.0000000044
7   7   -6.1346761907

End IJ Block
Begin IA Block
1   3   -0.0000190293
2   3   0.0384905673
3   3   0.0000002601
4   3   -0.2798812144
5   3   0.0000001931
6   1   0.0000001317
6   2   -0.0000001374
7   1   0.0000001374
7   2   0.0000001317

End IA Block
Begin AB Block
1   1   -5.9501842591
1   2   0.0000000009
2   2   -5.9501842581
3   3   -6.1050392616

End AB Block
Begin IJAB Block
1   8   1   4   0.0131521148
1   8   1   5   -0.0000000000
1   8   2   4   -0.0000000000
1   8   2   5   0.0131521147
1   8   3   6   0.0145316134
1   9   1   4   -0.0000000093
1   9   2   5   -0.0000000093
1   9   3   6   -0.0000000246
1   10   1   4   0.0137344139
1   10   1   5   0.0000000000
1   10   2   4   0.0000000000
1   10   2   5   0.0137344139
1   10   3   6   0.0143610939
1   11   1   4   -0.0000070102
1   11   2   5   -0.0000070102
1   11   3   6   -0.0000073946
1   12   1   4   -0.0007468450
1   12   1   5   0.0000000000
1   12   2   4   0.0000000000
1   12   2   5   -0.0007468450
1   12   3   6   -0.0003898658
1   13   1   6   0.0012890210
1   13   2   6   -0.0013447752
1   13   3   4   -0.0009219494
1   13   3   5   0.0009618265
1   14   1   6   0.0013447753
1   14   2   6   0.0012890212
1   14   3   4   -0.0009618264
1   14   3   5   -0.0009219492
2   8   1   4   -0.0000000093
2   8   2   5   -0.0000000093
2   8   3   6   -0.0000000246
2   9   1   4   0.0131755560
2   9   1   5   -0.0000000000
2   9   2   4   -0.0000000000
2   9   2   5   0.0131755560
2   9   3   6   0.0145845232
2   10   1   4   0.0000067765
2   10   2   5   0.0000067765
2   10   3   6   0.0000070847
2   11   1   4   0.0142153447
2   11   1   5   0.0000000000
2   11   2   4   0.0000000000
2   11   2   5   0.0142153447
2   11   3   6   0.0149927159
2   12   1   4   -0.0000003694
2   12   2   5   -0.0000003694
2   12   3   6   -0.0000001934
2   13   1   6   0.0000006368
2   13   2   6   -0.0000006644
2   13   3   4   -0.0000004557
2   13   3   5   0.0000004754
2   14   1   6   0.0000006644
2   14   2   6   0.0000006368
2   14   3   4   -0.0000004754
2   14   3   5   -0.0000004557
3   8   1   4   0.0137344139
3   8   1   5   0.0000000000
3   8   2   4   0.0000000000
3   8   2   5   0.0137344139
3   8   3   6   0.0143610939
3   9   1   4   0.0000067765
3   9   2   5   0.0000067765
3   9   3   6   0.0000070847
3   10   1   4   0.0593829352
3   10   1   5   -0.0000000002
3   10   2   4   -0.0000000002
3   10   2   5   0.0593829350
3   10   3   6   0.0628688065
3   11   1   4   0.0000000074
3   11   1   5   -0.0000000000
3   11   2   4   -0.0000000000
3   11   2   5   0.0000000074
3   11   3   6   0.0000000061
3   12   1   4   -0.0035110157
3   12   1   5   -0.0000000005
3   12   2   4   -0.0000000005
3   12   2   5   -0.0035110163
3   12   3   6   0.0131146292
3   13   1   6   0.0055525667
3   13   2   6   -0.0057927323
3   13   3   4   0.0077030450
3   13   3   5   -0.0080362260
3   14   1   6   0.0057927322
3   14   2   6   0.0055525661
3   14   3   4   0.0080362261
3   14   3   5   0.0077030454
4   8   1   4   -0.0000070102
4   8   2   5   -0.0000070102
4   8   3   6   -0.0000073946
4   9   1   4   0.0142153447
4   9   1   5   0.0000000000
4   9   2   4   0.0000000000
4   9   2   5   0.0142153447
4   9   3   6   0.0149927159
4   10   1   4   0.0000000074
4   10   1   5   -0.0000000000
4   10   2   4   -0.0000000000
4   10   2   5   0.0000000074
4   10   3   6   0.0000000061
4   11   1   4   0.0632705942
4   11   1   5   -0.0000000003
4   11   2   4   -0.0000000003
4   11   2   5   0.0632705939
4   11   3   6   0.0660744676
4   12   1   4   -0.0000000043
4   12   2   5   -0.0000000043
4   12   3   6   0.0000000076
4   13   1   6   0.0000000042
4   13   2   6   -0.0000000043
4   13   3   4   0.0000000051
4   13   3   5   -0.0000000053
4   14   1   6   0.0000000043
4   14   2   6   0.0000000042
4   14   3   4   0.0000000053
4   14   3   5   0.0000000051
5   8   1   4   -0.0007468450
5   8   1   5   0.0000000000
5   8   2   4   0.0000000000
5   8   2   5   -0.0007468450
5   8   3   6   -0.0003898658
5   9   1   4   -0.0000003694
5   9   2   5   -0.0000003694
5   9   3   6   -0.0000001934
5   10   1   4   -0.0035110157
5   10   1   5   -0.0000000005
5   10   2   4   -0.0000000005
5   10   2   5   -0.0035110163
5   10   3   6   0.0131146292
5   11   1   4   -0.0000000043
5   11   2   5   -0.0000000043
5   11   3   6   0.0000000076
5   12   1   4   0.0228771487
5   12   1   5   -0.0000000001
5   12   2   4   -0.0000000001
5   12   2   5   0.0228771487
5   12   3   6   0.2335238439
5   13   1   6   0.0163575841
5   13   2   6   -0.0170651006
5   13   3   4   0.1336373013
5   13   3   5   -0.1394175328
5   14   1   6   0.0170651004
5   14   2   6   0.0163575835
5   14   3   4   0.1394175324
5   14   3   5   0.1336373002
6   8   1   6   -0.0009219494
6   8   2   6   0.0009618265
6   8   3   4   0.0012890210
6   8   3   5   -0.0013447752
6   9   1   6   -0.0000004557
6   9   2   6   0.0000004754
6   9   3   4   0.0000006368
6   9   3   5   -0.0000006644
6   10   1   6   0.0077030450
6   10   2   6   -0.0080362260
6   10   3   4   0.0055525667
6   10   3   5   -0.0057927323
6   11   1   6   0.0000000051
6   11   2   6   -0.0000000053
6   11   3   4   0.0000000042
6   11   3   5   -0.0000000043
6   12   1   6   0.1336373013
6   12   2   6   -0.1394175328
6   12   3   4   0.0163575841
6   12   3   5   -0.0170651006
6   13   1   4   0.1314585160
6   13   1   5   -0.1119439297
6   13   2   4   -0.1119439297
6   13   2   5   0.1409416284
6   13   3   6   0.0247766697
6   14   1   4   0.1119439334
6   14   1   5   0.0821816219
6   14   2   4   -0.0916647215
6   14   2   5   -0.1119439338
6   14   3   6   0.0000000000
7   8   1   6   -0.0009618264
7   8   2   6   -0.0009219492
7   8   3   4   0.0013447753
7   8   3   5   0.0012890212
7   9   1   6   -0.0000004754
7   9   2   6   -0.0000004557
7   9   3   4   0.0000006644
7   9   3   5   0.0000006368
7   10   1   6   0.0080362261
7   10   2   6   0.0077030454
7   10   3   4   0.0057927322
7   10   3   5   0.0055525661
7   11   1   6   0.0000000053
7   11   2   6   0.0000000051
7   11   3   4   0.0000000043
7   11   3   5   0.0000000042
7   12   1   6   0.1394175325
7   12   2   6   0.1336373002
7   12   3   4   0.0170651004
7   12   3   5   0.0163575835
7   13   1   4   0.1119439334
7   13   1   5   -0.0916647215
7   13   2   4   0.0821816219
7   13   2   5   -0.1119439338
7   13   3   6   0.0000000001
7   14   1   4   0.1409416286
7   14   1   5   0.1119439303
7   14   2   4   0.1119439303
7   14   2   5   0.1314585168
7   14   3   6   0.0247766695

End IJAB Block
Begin IJKL Block
1   8   1   8   2.1540686470
1   8   1   9   -0.0019423445
1   8   1   10   -0.1991681983
1   8   1   11   0.0003003323
1   8   1   12   0.0082116952
1   8   2   8   -0.0019423445
1   8   2   9   1.9651147998
1   8   2   10   0.0000986859
1   8   2   11   -0.2026562994
1   8   2   12   -0.0000028288
1   8   3   8   -0.1991681983
1   8   3   9   0.0000986859
1   8   3   10   0.0290191840
1   8   3   11   -0.0000291401
1   8   3   12   -0.0008959307
1   8   4   8   0.0003003323
1   8   4   9   -0.2026562994
1   8   4   10   -0.0000291401
1   8   4   11   0.0300837806
1   8   4   12   0.0000016973
1   8   5   8   0.0082116952
1   8   5   9   -0.0000028288
1   8   5   10   -0.0008959307
1   8   5   11   0.0000016973
1   8   5   12   0.0120227990
1   8   6   13   0.0125768799
1   8   6   14   -0.0000000000
1   8   7   13   -0.0000000000
1   8   7   14   0.0125768800
1   9   1   8   -0.0019423445
1   9   1   9   2.1540857597
1   9   1   10   0.0000987436
1   9   1   11   -0.2027707726
1   9   1   12   -0.0000016089
1   9   2   8   1.9651179293
1   9   2   9   0.0019423243
1   9   2   10   -0.1992831589
1   9   2   11   -0.0001003365
1   9   2   12   0.0057346657
1   9   3   8   0.0000986906
1   9   3   9   -0.1991761619
1   9   3   10   -0.0000000464
1   9   3   11   0.0294730567
1   9   3   12   0.0000000020
1   9   4   8   -0.2026475247
1   9   4   9   -0.0001002755
1   9   4   10   0.0294850376
1   9   4   11   0.0000000423
1   9   4   12   -0.0017152266
1   9   5   8   -0.0000028301
1   9   5   9   0.0082061688
1   9   5   10   0.0000000020
1   9   5   11   -0.0017215249
1   9   5   12   0.0000000316
1   9   6   13   0.0000000146
1   9   7   14   0.0000000146
1   10   1   8   -0.1991681983
1   10   1   9   0.0000987436
1   10   1   10   0.5785703896
1   10   1   11   -0.0003887500
1   10   1   12   0.0066030228
1   10   2   8   0.0000986906
1   10   2   9   -0.1992927384
1   10   2   10   -0.0000007406
1   10   2   11   0.3932814517
1   10   2   12   0.0000000446
1   10   3   8   0.0313188449
1   10   3   9   -0.0000000605
1   10   3   10   -0.0083154212
1   10   3   11   0.0000043131
1   10   3   12   0.0004743308
1   10   4   8   -0.0000312790
1   10   4   9   0.0316394263
1   10   4   10   0.0000043870
1   10   4   11   -0.0089590381
1   10   4   12   0.0000002254
1   10   5   8   -0.0009252601
1   10   5   9   0.0000000030
1   10   5   10   0.0019315827
1   10   5   11   0.0000007646
1   10   5   12   0.0139812923
1   10   6   13   0.0142246593
1   10   6   14   -0.0000000000
1   10   7   13   -0.0000000000
1   10   7   14   0.0142246594
1   11   1   8   0.0003003323
1   11   1   9   -0.2027707726
1   11   1   10   -0.0003887500
1   11   1   11   0.5855639313
1   11   1   12   0.0000469974
1   11   2   8   -0.2026475247
1   11   2   9   -0.0001003321
1   11   2   10   0.3933005734
1   11   2   11   0.0000007170
1   11   2   12   -0.0475467303
1   11   3   8   -0.0000312790
1   11   3   9   0.0316461484
1   11   3   10   0.0000044568
1   11   3   11   -0.0089666428
1   11   3   12   -0.0000004354
1   11   4   8   0.0325118570
1   11   4   9   0.0000000547
1   11   4   10   -0.0086692216
1   11   4   11   0.0000042998
1   11   4   12   -0.0000015781
1   11   5   8   0.0000017050
1   11   5   9   -0.0017305979
1   11   5   10   0.0000007164
1   11   5   11   -0.0000779262
1   11   5   12   -0.0000066205
1   11   6   13   -0.0000069480
1   11   7   14   -0.0000069480
1   12   1   8   0.0082116952
1   12   1   9   -0.0000016089
1   12   1   10   0.0066030228
1   12   1   11   0.0000469974
1   12   1   12   0.5617505596
1   12   2   8   -0.0000028301
1   12   2   9   0.0057372540
1   12   2   10   0.0000000446
1   12   2   11   -0.0475445996
1   12   2   12   -0.0000000660
1   12   3   8   -0.0009252601
1   12   3   9   0.0000000030
1   12   3   10   0.0004750545
1   12   3   11   -0.0000004315
1   12   3   12   -0.0059109576
1   12   4   8   0.0000017050
1   12   4   9   -0.0017219823
1   12   4   10   0.0000001768
1   12   4   11   0.0000454006
1   12   4   12   0.0000029831
1   12   5   8   0.0141996395
1   12   5   9   0.0000000271
1   12   5   10   0.0147414254
1   12   5   11   -0.0000070428
1   12   5   12   0.0008472126
1   12   6   13   -0.0003973804
1   12   6   14   -0.0000000000
1   12   7   13   -0.0000000000
1   12   7   14   -0.0003973804
1   13   1   13   0.5681072832
1   13   1   14   -0.0000000005
1   13   2   13   -0.0000000969
1   13   2   14   0.0000000000
1   13   3   13   -0.0062784171
1   13   3   14   0.0000000001
1   13   4   13   0.0000031686
1   13   5   13   0.0014415451
1   13   5   14   -0.0000000000
1   13   6   8   0.0149855968
1   13   6   9   0.0000000111
1   13   6   10   0.0151023737
1   13   6   11   -0.0000074395
1   13   6   12   -0.0005195720
1   13   7   8   -0.0000000000
1   13   7   10   -0.0000000000
1   13   7   12   -0.0000000000
1   14   1   13   -0.0000000005
1   14   1   14   0.5681072850
1   14   2   13   0.0000000000
1   14   2   14   -0.0000000969
1   14   3   13   0.0000000001
1   14   3   14   -0.0062784174
1   14   4   14   0.0000031686
1   14   5   13   -0.0000000000
1   14   5   14   0.0014415452
1   14   6   8   -0.0000000000
1   14   6   10   -0.0000000000
1   14   6   12   -0.0000000000
1   14   7   8   0.0149855968
1   14   7   9   0.0000000111
1   14   7   10   0.0151023738
1   14   7   11   -0.0000074395
1   14   7   12   -0.0005195720
2   8   1   8   -0.0019423445
2   8   1   9   1.9651179293
2   8   1   10   0.0000986906
2   8   1   11   -0.2026475247
2   8   1   12   -0.0000028301
2   8   2   8   2.1540857597
2   8   2   9   0.0019423243
2   8   2   10   -0.1991761619
2   8   2   11   -0.0001002755
2   8   2   12   0.0082061688
2   8   3   8   0.0000987436
2   8   3   9   -0.1992831589
2   8   3   10   -0.0000000464
2   8   3   11   0.0294850376
2   8   3   12   0.0000000020
2   8   4   8   -0.2027707726
2   8   4   9   -0.0001003365
2   8   4   10   0.0294730567
2   8   4   11   0.0000000423
2   8   4   12   -0.0017215249
2   8   5   8   -0.0000016089
2   8   5   9   0.0057346657
2   8   5   10   0.0000000020
2   8   5   11   -0.0017152266
2   8   5   12   0.0000000316
2   8   6   13   0.0000000146
2   8   7   14   0.0000000146
2   9   1   8   1.9651147998
2   9   1   9   0.0019423243
2   9   1   10   -0.1992927384
2   9   1   11   -0.0001003321
2   9   1   12   0.0057372540
2   9   2   8   0.0019423243
2   9   2   9   2.1541068333
2   9   2   10   -0.0002952154
2   9   2   11   -0.2027651159
2   9   2   12   0.0000097273
2   9   3   8   -0.1992927384
2   9   3   9   -0.0002952154
2   9   3   10   0.0289978795
2   9   3   11   0.0000291344
2   9   3   12   -0.0008973466
2   9   4   8   -0.0001003321
2   9   4   9   -0.2027651159
2   9   4   10   0.0000291344
2   9   4   11   0.0301060712
2   9   4   12   -0.0000016996
2   9   5   8   0.0057372540
2   9   5   9   0.0000097273
2   9   5   10   -0.0008973466
2   9   5   11   -0.0000016996
2   9   5   12   0.0119550981
2   9   6   13   0.0125397935
2   9   6   14   -0.0000000000
2   9   7   13   -0.0000000000
2   9   7   14   0.0125397936
2   10   1   8   0.0000986859
2   10   1   9   -0.1992831589
2   10   1   10   -0.0000007406
2   10   1   11   0.3933005734
2   10   1   12   0.0000000446
2   10   2   8   -0.1991761619
2   10   2   9   -0.0002952154
2   10   2   10   0.5785572060
2   10   2   11   0.0003887126
2   10   2   12   0.0065973543
2   10   3   8   -0.0000000605
2   10   3   9   0.0313174689
2   10   3   10   -0.0000040841
2   10   3   11   -0.0087078288
2   10   3   12   0.0000002342
2   10   4   8   0.0316461484
2   10   4   9   0.0000312728
2   10   4   10   -0.0088580749
2   10   4   11   -0.0000044352
2   10   4   12   -0.0004547090
2   10   5   8   0.0000000030
2   10   5   9   -0.0009285759
2   10   5   10   0.0000009575
2   10   5   11   -0.0015423676
2   10   5   12   0.0000068944
2   10   6   13   0.0000070125
2   10   7   14   0.0000070125
2   11   1   8   -0.2026562994
2   11   1   9   -0.0001003365
2   11   1   10   0.3932814517
2   11   1   11   0.0000007170
2   11   1   12   -0.0475445996
2   11   2   8   -0.0001002755
2   11   2   9   -0.2027651159
2   11   2   10   0.0003887126
2   11   2   11   0.5855805240
2   11   2   12   -0.0000469914
2   11   3   8   0.0316394263
2   11   3   9   0.0000312728
2   11   3   10   -0.0089991802
2   11   3   11   -0.0000044392
2   11   3   12   0.0008822694
2   11   4   8   0.0000000547
2   11   4   9   0.0325165960
2   11   4   10   -0.0000042922
2   11   4   11   -0.0087497577
2   11   4   12   -0.0000000002
2   11   5   8   -0.0017219823
2   11   5   9   -0.0000017075
2   11   5   10   -0.0014451310
2   11   5   11   -0.0000000412
2   11   5   12   0.0134178382
2   11   6   13   0.0140775206
2   11   6   14   -0.0000000000
2   11   7   13   -0.0000000000
2   11   7   14   0.0140775206
2   12   1   8   -0.0000028288
2   12   1   9   0.0057346657
2   12   1   10   0.0000000446
2   12   1   11   -0.0475467303
2   12   1   12   -0.0000000660
2   12   2   8   0.0082061688
2   12   2   9   0.0000097273
2   12   2   10   0.0065973543
2   12   2   11   -0.0000469914
2   12   2   12   0.5617507862
2   12   3   8   0.0000000030
2   12   3   9   -0.0009285759
2   12   3   10   0.0000002345
2   12   3   11   0.0008743493
2   12   3   12   -0.0000029142
2   12   4   8   -0.0017305979
2   12   4   9   -0.0000017075
2   12   4   10   -0.0003567388
2   12   4   11   0.0000000230
2   12   4   12   -0.0060446176
2   12   5   8   0.0000000271
2   12   5   9   0.0141377988
2   12   5   10   0.0000072685
2   12   5   11   0.0142719028
2   12   5   12   0.0000004184
2   12   6   13   -0.0000001965
2   12   7   14   -0.0000001965
2   13   1   13   -0.0000000969
2   13   1   14   0.0000000000
2   13   2   13   0.5681085754
2   13   2   14   -0.0000000005
2   13   3   13   -0.0000030951
2   13   4   13   -0.0064200067
2   13   4   14   0.0000000001
2   13   5   13   0.0000007125
2   13   6   8   0.0000000111
2   13   6   9   0.0149537769
2   13   6   10   0.0000074447
2   13   6   11   0.0150721807
2   13   6   12   -0.0000002569
2   13   7   9   -0.0000000000
2   13   7   11   -0.0000000000
2   14   1   13   0.0000000000
2   14   1   14   -0.0000000969
2   14   2   13   -0.0000000005
2   14   2   14   0.5681085771
2   14   3   14   -0.0000030951
2   14   4   13   0.0000000001
2   14   4   14   -0.0064200069
2   14   5   14   0.0000007125
2   14   6   9   -0.0000000000
2   14   6   11   -0.0000000000
2   14   7   8   0.0000000111
2   14   7   9   0.0149537770
2   14   7   10   0.0000074447
2   14   7   11   0.0150721807
2   14   7   12   -0.0000002569
3   8   1   8   -0.1991681983
3   8   1   9   0.0000986906
3   8   1   10   0.0313188449
3   8   1   11   -0.0000312790
3   8   1   12   -0.0009252601
3   8   2   8   0.0000987436
3   8   2   9   -0.1992927384
3   8   2   10   -0.0000000605
3   8   2   11   0.0316394263
3   8   2   12   0.0000000030
3   8   3   8   0.5785703896
3   8   3   9   -0.0000007406
3   8   3   10   -0.0083154212
3   8   3   11   0.0000043870
3   8   3   12   0.0019315827
3   8   4   8   -0.0003887500
3   8   4   9   0.3932814517
3   8   4   10   0.0000043131
3   8   4   11   -0.0089590381
3   8   4   12   0.0000007646
3   8   5   8   0.0066030228
3   8   5   9   0.0000000446
3   8   5   10   0.0004743308
3   8   5   11   0.0000002254
3   8   5   12   0.0139812923
3   8   6   13   0.0142246593
3   8   6   14   -0.0000000000
3   8   7   13   -0.0000000000
3   8   7   14   0.0142246594
3   9   1   8   0.0000986859
3   9   1   9   -0.1991761619
3   9   1   10   -0.0000000605
3   9   1   11   0.0316461484
3   9   1   12   0.0000000030
3   9   2   8   -0.1992831589
3   9   2   9   -0.0002952154
3   9   2   10   0.0313174689
3   9   2   11   0.0000312728
3   9   2   12   -0.0009285759
3   9   3   8   -0.0000007406
3   9   3   9   0.5785572060
3   9   3   10   -0.0000040841
3   9   3   11   -0.0088580749
3   9   3   12   0.0000009575
3   9   4   8   0.3933005734
3   9   4   9   0.0003887126
3   9   4   10   -0.0087078288
3   9   4   11   -0.0000044352
3   9   4   12   -0.0015423676
3   9   5   8   0.0000000446
3   9   5   9   0.0065973543
3   9   5   10   0.0000002342
3   9   5   11   -0.0004547090
3   9   5   12   0.0000068944
3   9   6   13   0.0000070125
3   9   7   14   0.0000070125
3   10   1   8   0.0290191840
3   10   1   9   -0.0000000464
3   10   1   10   -0.0083154212
3   10   1   11   0.0000044568
3   10   1   12   0.0004750545
3   10   2   8   -0.0000000464
3   10   2   9   0.0289978795
3   10   2   10   -0.0000040841
3   10   2   11   -0.0089991802
3   10   2   12   0.0000002345
3   10   3   8   -0.0083154212
3   10   3   9   -0.0000040841
3   10   3   10   0.4319406593
3   10   3   11   -0.0000004636
3   10   3   12   0.0133421202
3   10   4   8   0.0000044568
3   10   4   9   -0.0089991802
3   10   4   10   -0.0000004636
3   10   4   11   0.2419579665
3   10   4   12   0.0000000441
3   10   5   8   0.0004750545
3   10   5   9   0.0000002345
3   10   5   10   0.0133421202
3   10   5   11   0.0000000441
3   10   5   12   0.0639759066
3   10   6   13   0.0605181329
3   10   6   14   -0.0000000001
3   10   7   13   -0.0000000001
3   10   7   14   0.0605181334
3   11   1   8   -0.0000291401
3   11   1   9   0.0294730567
3   11   1   10   0.0000043131
3   11   1   11   -0.0089666428
3   11   1   12   -0.0000004315
3   11   2   8   0.0294850376
3   11   2   9   0.0000291344
3   11   2   10   -0.0087078288
3   11   2   11   -0.0000044392
3   11   2   12   0.0008743493
3   11   3   8   0.0000043870
3   11   3   9   -0.0088580749
3   11   3   10   -0.0000004636
3   11   3   11   0.4303312642
3   11   3   12   0.0000000805
3   11   4   8   -0.0086692216
3   11   4   9   -0.0000042922
3   11   4   10   0.2443580138
3   11   4   11   0.0000004401
3   11   4   12   -0.0366618049
3   11   5   8   0.0000001768
3   11   5   9   -0.0003567388
3   11   5   10   0.0000000435
3   11   5   11   0.0029284906
3   11   5   12   -0.0000000042
3   11   6   13   -0.0000000141
3   11   7   14   -0.0000000141
3   12   1   8   -0.0008959307
3   12   1   9   0.0000000020
3   12   1   10   0.0004743308
3   12   1   11   -0.0000004354
3   12   1   12   -0.0059109576
3   12   2   8   0.0000000020
3   12   2   9   -0.0008973466
3   12   2   10   0.0000002342
3   12   2   11   0.0008822694
3   12   2   12   -0.0000029142
3   12   3   8   0.0019315827
3   12   3   9   0.0000009575
3   12   3   10   0.0133421202
3   12   3   11   0.0000000805
3   12   3   12   0.4190119502
3   12   4   8   0.0000007164
3   12   4   9   -0.0014451310
3   12   4   10   0.0000000435
3   12   4   11   -0.0362906440
3   12   4   12   -0.0000000418
3   12   5   8   0.0147414254
3   12   5   9   0.0000072685
3   12   5   10   0.0643416553
3   12   5   11   -0.0000000056
3   12   5   12   0.0132952866
3   12   6   13   -0.0005523533
3   12   6   14   -0.0000000002
3   12   7   13   -0.0000000002
3   12   7   14   -0.0005523527
3   13   1   13   -0.0062784171
3   13   1   14   0.0000000001
3   13   2   13   -0.0000030951
3   13   3   13   0.4180325016
3   13   3   14   -0.0000000004
3   13   4   13   -0.0000000619
3   13   4   14   0.0000000000
3   13   5   13   0.0114749858
3   13   5   14   -0.0000000003
3   13   6   8   0.0151023737
3   13   6   9   0.0000074447
3   13   6   10   0.0614492961
3   13   6   11   -0.0000000139
3   13   6   12   0.0001776053
3   13   7   8   -0.0000000000
3   13   7   10   -0.0000000001
3   13   7   12   -0.0000000001
3   14   1   13   0.0000000001
3   14   1   14   -0.0062784174
3   14   2   14   -0.0000030951
3   14   3   13   -0.0000000004
3   14   3   14   0.4180325028
3   14   4   13   0.0000000000
3   14   4   14   -0.0000000619
3   14   5   13   -0.0000000003
3   14   5   14   0.0114749868
3   14   6   8   -0.0000000000
3   14   6   10   -0.0000000001
3   14   6   12   -0.0000000001
3   14   7   8   0.0151023738
3   14   7   9   0.0000074447
3   14   7   10   0.0614492965
3   14   7   11   -0.0000000139
3   14   7   12   0.0001776057
4   8   1   8   0.0003003323
4   8   1   9   -0.2026475247
4   8   1   10   -0.0000312790
4   8   1   11   0.0325118570
4   8   1   12   0.0000017050
4   8   2   8   -0.2027707726
4   8   2   9   -0.0001003321
4   8   2   10   0.0316461484
4   8   2   11   0.0000000547
4   8   2   12   -0.0017305979
4   8   3   8   -0.0003887500
4   8   3   9   0.3933005734
4   8   3   10   0.0000044568
4   8   3   11   -0.0086692216
4   8   3   12   0.0000007164
4   8   4   8   0.5855639313
4   8   4   9   0.0000007170
4   8   4   10   -0.0089666428
4   8   4   11   0.0000042998
4   8   4   12   -0.0000779262
4   8   5   8   0.0000469974
4   8   5   9   -0.0475467303
4   8   5   10   -0.0000004354
4   8   5   11   -0.0000015781
4   8   5   12   -0.0000066205
4   8   6   13   -0.0000069480
4   8   7   14   -0.0000069480
4   9   1   8   -0.2026562994
4   9   1   9   -0.0001002755
4   9   1   10   0.0316394263
4   9   1   11   0.0000000547
4   9   1   12   -0.0017219823
4   9   2   8   -0.0001003365
4   9   2   9   -0.2027651159
4   9   2   10   0.0000312728
4   9   2   11   0.0325165960
4   9   2   12   -0.0000017075
4   9   3   8   0.3932814517
4   9   3   9   0.0003887126
4   9   3   10   -0.0089991802
4   9   3   11   -0.0000042922
4   9   3   12   -0.0014451310
4   9   4   8   0.0000007170
4   9   4   9   0.5855805240
4   9   4   10   -0.0000044392
4   9   4   11   -0.0087497577
4   9   4   12   -0.0000000412
4   9   5   8   -0.0475445996
4   9   5   9   -0.0000469914
4   9   5   10   0.0008822694
4   9   5   11   -0.0000000002
4   9   5   12   0.0134178382
4   9   6   13   0.0140775206
4   9   6   14   -0.0000000000
4   9   7   13   -0.0000000000
4   9   7   14   0.0140775206
4   10   1   8   -0.0000291401
4   10   1   9   0.0294850376
4   10   1   10   0.0000043870
4   10   1   11   -0.0086692216
4   10   1   12   0.0000001768
4   10   2   8   0.0294730567
4   10   2   9   0.0000291344
4   10   2   10   -0.0088580749
4   10   2   11   -0.0000042922
4   10   2   12   -0.0003567388
4   10   3   8   0.0000043131
4   10   3   9   -0.0087078288
4   10   3   10   -0.0000004636
4   10   3   11   0.2443580138
4   10   3   12   0.0000000435
4   10   4   8   -0.0089666428
4   10   4   9   -0.0000044392
4   10   4   10   0.4303312642
4   10   4   11   0.0000004401
4   10   4   12   0.0029284906
4   10   5   8   -0.0000004315
4   10   5   9   0.0008743493
4   10   5   10   0.0000000805
4   10   5   11   -0.0366618049
4   10   5   12   -0.0000000042
4   10   6   13   -0.0000000141
4   10   7   14   -0.0000000141
4   11   1   8   0.0300837806
4   11   1   9   0.0000000423
4   11   1   10   -0.0089590381
4   11   1   11   0.0000042998
4   11   1   12   0.0000454006
4   11   2   8   0.0000000423
4   11   2   9   0.0301060712
4   11   2   10   -0.0000044352
4   11   2   11   -0.0087497577
4   11   2   12   0.0000000230
4   11   3   8   -0.0089590381
4   11   3   9   -0.0000044352
4   11   3   10   0.2419579665
4   11   3   11   0.0000004401
4   11   3   12   -0.0362906440
4   11   4   8   0.0000042998
4   11   4   9   -0.0087497577
4   11   4   10   0.0000004401
4   11   4   11   0.4357389388
4   11   4   12   -0.0000000658
4   11   5   8   0.0000454006
4   11   5   9   0.0000000230
4   11   5   10   -0.0362906440
4   11   5   11   -0.0000000658
4   11   5   12   0.0589026836
4   11   6   13   0.0579969704
4   11   6   14   0.0000000000
4   11   7   13   0.0000000000
4   11   7   14   0.0579969702
4   12   1   8   0.0000016973
4   12   1   9   -0.0017152266
4   12   1   10   0.0000002254
4   12   1   11   -0.0000015781
4   12   1   12   0.0000029831
4   12   2   8   -0.0017215249
4   12   2   9   -0.0000016996
4   12   2   10   -0.0004547090
4   12   2   11   -0.0000000002
4   12   2   12   -0.0060446176
4   12   3   8   0.0000007646
4   12   3   9   -0.0015423676
4   12   3   10   0.0000000441
4   12   3   11   -0.0366618049
4   12   3   12   -0.0000000418
4   12   4   8   -0.0000779262
4   12   4   9   -0.0000000412
4   12   4   10   0.0029284906
4   12   4   11   -0.0000000658
4   12   4   12   0.4180341290
4   12   5   8   -0.0000070428
4   12   5   9   0.0142719028
4   12   5   10   -0.0000000056
4   12   5   11   0.0584784427
4   12   5   12   0.0000000168
4   12   6   13   -0.0000000001
4   12   7   14   -0.0000000001
4   13   1   13   0.0000031686
4   13   2   13   -0.0064200067
4   13   2   14   0.0000000001
4   13   3   13   -0.0000000619
4   13   3   14   0.0000000000
4   13   4   13   0.4178045233
4   13   4   14   -0.0000000002
4   13   5   13   0.0000000172
4   13   6   8   -0.0000074395
4   13   6   9   0.0150721807
4   13   6   10   -0.0000000139
4   13   6   11   0.0568827391
4   13   6   12   0.0000000007
4   13   7   9   -0.0000000000
4   13   7   11   0.0000000001
4   14   1   14   0.0000031686
4   14   2   13   0.0000000001
4   14   2   14   -0.0064200069
4   14   3   13   0.0000000000
4   14   3   14   -0.0000000619
4   14   4   13   -0.0000000002
4   14   4   14   0.4178045240
4   14   5   14   0.0000000172
4   14   6   9   -0.0000000000
4   14   6   11   0.0000000001
4   14   7   8   -0.0000074395
4   14   7   9   0.0150721807
4   14   7   10   -0.0000000139
4   14   7   11   0.0568827389
4   14   7   12   0.0000000007
5   8   1   8   0.0082116952
5   8   1   9   -0.0000028301
5   8   1   10   -0.0009252601
5   8   1   11   0.0000017050
5   8   1   12   0.0141996395
5   8   2   8   -0.0000016089
5   8   2   9   0.0057372540
5   8   2   10   0.0000000030
5   8   2   11   -0.0017219823
5   8   2   12   0.0000000271
5   8   3   8   0.0066030228
5   8   3   9   0.0000000446
5   8   3   10   0.0004750545
5   8   3   11   0.0000001768
5   8   3   12   0.0147414254
5   8   4   8   0.0000469974
5   8   4   9   -0.0475445996
5   8   4   10   -0.0000004315
5   8   4   11   0.0000454006
5   8   4   12   -0.0000070428
5   8   5   8   0.5617505596
5   8   5   9   -0.0000000660
5   8   5   10   -0.0059109576
5   8   5   11   0.0000029831
5   8   5   12   0.0008472126
5   8   6   13   -0.0003973804
5   8   6   14   -0.0000000000
5   8   7   13   -0.0000000000
5   8   7   14   -0.0003973804
5   9   1   8   -0.0000028288
5   9   1   9   0.0082061688
5   9   1   10   0.0000000030
5   9   1   11   -0.0017305979
5   9   1   12   0.0000000271
5   9   2   8   0.0057346657
5   9   2   9   0.0000097273
5   9   2   10   -0.0009285759
5   9   2   11   -0.0000017075
5   9   2   12   0.0141377988
5   9   3   8   0.0000000446
5   9   3   9   0.0065973543
5   9   3   10   0.0000002345
5   9   3   11   -0.0003567388
5   9   3   12   0.0000072685
5   9   4   8   -0.0475467303
5   9   4   9   -0.0000469914
5   9   4   10   0.0008743493
5   9   4   11   0.0000000230
5   9   4   12   0.0142719028
5   9   5   8   -0.0000000660
5   9   5   9   0.5617507862
5   9   5   10   -0.0000029142
5   9   5   11   -0.0060446176
5   9   5   12   0.0000004184
5   9   6   13   -0.0000001965
5   9   7   14   -0.0000001965
5   10   1   8   -0.0008959307
5   10   1   9   0.0000000020
5   10   1   10   0.0019315827
5   10   1   11   0.0000007164
5   10   1   12   0.0147414254
5   10   2   8   0.0000000020
5   10   2   9   -0.0008973466
5   10   2   10   0.0000009575
5   10   2   11   -0.0014451310
5   10   2   12   0.0000072685
5   10   3   8   0.0004743308
5   10   3   9   0.0000002342
5   10   3   10   0.0133421202
5   10   3   11   0.0000000435
5   10   3   12   0.0643416553
5   10   4   8   -0.0000004354
5   10   4   9   0.0008822694
5   10   4   10   0.0000000805
5   10   4   11   -0.0362906440
5   10   4   12   -0.0000000056
5   10   5   8   -0.0059109576
5   10   5   9   -0.0000029142
5   10   5   10   0.4190119502
5   10   5   11   -0.0000000418
5   10   5   12   0.0132952866
5   10   6   13   -0.0005523533
5   10   6   14   -0.0000000002
5   10   7   13   -0.0000000002
5   10   7   14   -0.0005523527
5   11   1   8   0.0000016973
5   11   1   9   -0.0017215249
5   11   1   10   0.0000007646
5   11   1   11   -0.0000779262
5   11   1   12   -0.0000070428
5   11   2   8   -0.0017152266
5   11   2   9   -0.0000016996
5   11   2   10   -0.0015423676
5   11   2   11   -0.0000000412
5   11   2   12   0.0142719028
5   11   3   8   0.0000002254
5   11   3   9   -0.0004547090
5   11   3   10   0.0000000441
5   11   3   11   0.0029284906
5   11   3   12   -0.0000000056
5   11   4   8   -0.0000015781
5   11   4   9   -0.0000000002
5   11   4   10   -0.0366618049
5   11   4   11   -0.0000000658
5   11   4   12   0.0584784427
5   11   5   8   0.0000029831
5   11   5   9   -0.0060446176
5   11   5   10   -0.0000000418
5   11   5   11   0.4180341290
5   11   5   12   0.0000000168
5   11   6   13   -0.0000000001
5   11   7   14   -0.0000000001
5   12   1   8   0.0120227990
5   12   1   9   0.0000000316
5   12   1   10   0.0139812923
5   12   1   11   -0.0000066205
5   12   1   12   0.0008472126
5   12   2   8   0.0000000316
5   12   2   9   0.0119550981
5   12   2   10   0.0000068944
5   12   2   11   0.0134178382
5   12   2   12   0.0000004184
5   12   3   8   0.0139812923
5   12   3   9   0.0000068944
5   12   3   10   0.0639759066
5   12   3   11   -0.0000000042
5   12   3   12   0.0132952866
5   12   4   8   -0.0000066205
5   12   4   9   0.0134178382
5   12   4   10   -0.0000000042
5   12   4   11   0.0589026836
5   12   4   12   0.0000000168
5   12   5   8   0.0008472126
5   12   5   9   0.0000004184
5   12   5   10   0.0132952866
5   12   5   11   0.0000000168
5   12   5   12   0.4252517832
5   12   6   13   0.0140111013
5   12   6   14   0.0000000000
5   12   7   13   0.0000000001
5   12   7   14   0.0140111011
5   13   1   13   0.0014415451
5   13   1   14   -0.0000000000
5   13   2   13   0.0000007125
5   13   3   13   0.0114749858
5   13   3   14   -0.0000000003
5   13   4   13   0.0000000172
5   13   5   13   0.3997391211
5   13   5   14   -0.0000000002
5   13   6   8   -0.0005195720
5   13   6   9   -0.0000002569
5   13   6   10   0.0001776053
5   13   6   11   0.0000000007
5   13   6   12   0.0083211103
5   13   7   8   -0.0000000000
5   13   7   10   -0.0000000001
5   13   7   12   0.0000000001
5   14   1   13   -0.0000000000
5   14   1   14   0.0014415452
5   14   2   14   0.0000007125
5   14   3   13   -0.0000000003
5   14   3   14   0.0114749868
5   14   4   14   0.0000000172
5   14   5   13   -0.0000000002
5   14   5   14   0.3997391219
5   14   6   8   -0.0000000000
5   14   6   10   -0.0000000001
5   14   6   12   0.0000000002
5   14   7   8   -0.0005195720
5   14   7   9   -0.0000002569
5   14   7   10   0.0001776057
5   14   7   11   0.0000000007
5   14   7   12   0.0083211098
6   8   1   13   0.0149855968
6   8   1   14   -0.0000000000
6   8   2   13   0.0000000111
6   8   3   13   0.0151023737
6   8   3   14   -0.0000000000
6   8   4   13   -0.0000074395
6   8   5   13   -0.0005195720
6   8   5   14   -0.0000000000
6   8   6   8   0.5681072832
6   8   6   9   -0.0000000969
6   8   6   10   -0.0062784171
6   8   6   11   0.0000031686
6   8   6   12   0.0014415451
6   8   7   8   -0.0000000005
6   8   7   9   0.0000000000
6   8   7   10   0.0000000001
6   8   7   12   -0.0000000000
6   9   1   13   0.0000000111
6   9   2   13   0.0149537769
6   9   2   14   -0.0000000000
6   9   3   13   0.0000074447
6   9   4   13   0.0150721807
6   9   4   14   -0.0000000000
6   9   5   13   -0.0000002569
6   9   6   8   -0.0000000969
6   9   6   9   0.5681085754
6   9   6   10   -0.0000030951
6   9   6   11   -0.0064200067
6   9   6   12   0.0000007125
6   9   7   8   0.0000000000
6   9   7   9   -0.0000000005
6   9   7   11   0.0000000001
6   10   1   13   0.0151023737
6   10   1   14   -0.0000000000
6   10   2   13   0.0000074447
6   10   3   13   0.0614492961
6   10   3   14   -0.0000000001
6   10   4   13   -0.0000000139
6   10   5   13   0.0001776053
6   10   5   14   -0.0000000001
6   10   6   8   -0.0062784171
6   10   6   9   -0.0000030951
6   10   6   10   0.4180325016
6   10   6   11   -0.0000000619
6   10   6   12   0.0114749858
6   10   7   8   0.0000000001
6   10   7   10   -0.0000000004
6   10   7   11   0.0000000000
6   10   7   12   -0.0000000003
6   11   1   13   -0.0000074395
6   11   2   13   0.0150721807
6   11   2   14   -0.0000000000
6   11   3   13   -0.0000000139
6   11   4   13   0.0568827391
6   11   4   14   0.0000000001
6   11   5   13   0.0000000007
6   11   6   8   0.0000031686
6   11   6   9   -0.0064200067
6   11   6   10   -0.0000000619
6   11   6   11   0.4178045233
6   11   6   12   0.0000000172
6   11   7   9   0.0000000001
6   11   7   10   0.0000000000
6   11   7   11   -0.0000000002
6   12   1   13   -0.0005195720
6   12   1   14   -0.0000000000
6   12   2   13   -0.0000002569
6   12   3   13   0.0001776053
6   12   3   14   -0.0000000001
6   12   4   13   0.0000000007
6   12   5   13   0.0083211103
6   12   5   14   0.0000000002
6   12   6   8   0.0014415451
6   12   6   9   0.0000007125
6   12   6   10   0.0114749858
6   12   6   11   0.0000000172
6   12   6   12   0.3997391211
6   12   7   8   -0.0000000000
6   12   7   10   -0.0000000003
6   12   7   12   -0.0000000002
6   13   1   8   0.0125768799
6   13   1   9   0.0000000146
6   13   1   10   0.0142246593
6   13   1   11   -0.0000069480
6   13   1   12   -0.0003973804
6   13   2   8   0.0000000146
6   13   2   9   0.0125397935
6   13   2   10   0.0000070125
6   13   2   11   0.0140775206
6   13   2   12   -0.0000001965
6   13   3   8   0.0142246593
6   13   3   9   0.0000070125
6   13   3   10   0.0605181329
6   13   3   11   -0.0000000141
6   13   3   12   -0.0005523533
6   13   4   8   -0.0000069480
6   13   4   9   0.0140775206
6   13   4   10   -0.0000000141
6   13   4   11   0.0579969704
6   13   4   12   -0.0000000001
6   13   5   8   -0.0003973804
6   13   5   9   -0.0000001965
6   13   5   10   -0.0005523533
6   13   5   11   -0.0000000001
6   13   5   12   0.0140111013
6   13   6   13   0.4191484146
6   13   6   14   -0.0000000026
6   13   7   13   -0.0000000026
6   13   7   14   0.0139079574
6   14   1   8   -0.0000000000
6   14   1   10   -0.0000000000
6   14   1   12   -0.0000000000
6   14   2   9   -0.0000000000
6   14   2   11   -0.0000000000
6   14   3   8   -0.0000000000
6   14   3   10   -0.0000000001
6   14   3   12   -0.0000000002
6   14   4   9   -0.0000000000
6   14   4   11   0.0000000000
6   14   5   8   -0.0000000000
6   14   5   10   -0.0000000002
6   14   5   12   0.0000000000
6   14   6   13   -0.0000000026
6   14   6   14   0.3988576754
6   14   7   13   0.0063827876
6   14   7   14   0.0000000021
7   8   1   13   -0.0000000000
7   8   1   14   0.0149855968
7   8   2   14   0.0000000111
7   8   3   13   -0.0000000000
7   8   3   14   0.0151023738
7   8   4   14   -0.0000074395
7   8   5   13   -0.0000000000
7   8   5   14   -0.0005195720
7   8   6   8   -0.0000000005
7   8   6   9   0.0000000000
7   8   6   10   0.0000000001
7   8   6   12   -0.0000000000
7   8   7   8   0.5681072850
7   8   7   9   -0.0000000969
7   8   7   10   -0.0062784174
7   8   7   11   0.0000031686
7   8   7   12   0.0014415452
7   9   1   14   0.0000000111
7   9   2   13   -0.0000000000
7   9   2   14   0.0149537770
7   9   3   14   0.0000074447
7   9   4   13   -0.0000000000
7   9   4   14   0.0150721807
7   9   5   14   -0.0000002569
7   9   6   8   0.0000000000
7   9   6   9   -0.0000000005
7   9   6   11   0.0000000001
7   9   7   8   -0.0000000969
7   9   7   9   0.5681085771
7   9   7   10   -0.0000030951
7   9   7   11   -0.0064200069
7   9   7   12   0.0000007125
7   10   1   13   -0.0000000000
7   10   1   14   0.0151023738
7   10   2   14   0.0000074447
7   10   3   13   -0.0000000001
7   10   3   14   0.0614492965
7   10   4   14   -0.0000000139
7   10   5   13   -0.0000000001
7   10   5   14   0.0001776057
7   10   6   8   0.0000000001
7   10   6   10   -0.0000000004
7   10   6   11   0.0000000000
7   10   6   12   -0.0000000003
7   10   7   8   -0.0062784174
7   10   7   9   -0.0000030951
7   10   7   10   0.4180325028
7   10   7   11   -0.0000000619
7   10   7   12   0.0114749868
7   11   1   14   -0.0000074395
7   11   2   13   -0.0000000000
7   11   2   14   0.0150721807
7   11   3   14   -0.0000000139
7   11   4   13   0.0000000001
7   11   4   14   0.0568827389
7   11   5   14   0.0000000007
7   11   6   9   0.0000000001
7   11   6   10   0.0000000000
7   11   6   11   -0.0000000002
7   11   7   8   0.0000031686
7   11   7   9   -0.0064200069
7   11   7   10   -0.0000000619
7   11   7   11   0.4178045240
7   11   7   12   0.0000000172
7   12   1   13   -0.0000000000
7   12   1   14   -0.0005195720
7   12   2   14   -0.0000002569
7   12   3   13   -0.0000000001
7   12   3   14   0.0001776057
7   12   4   14   0.0000000007
7   12   5   13   0.0000000001
7   12   5   14   0.0083211098
7   12   6   8   -0.0000000000
7   12   6   10   -0.0000000003
7   12   6   12   -0.0000000002
7   12   7   8   0.0014415452
7   12   7   9   0.0000007125
7   12   7   10   0.0114749868
7   12   7   11   0.0000000172
7   12   7   12   0.3997391219
7   13   1   8   -0.0000000000
7   13   1   10   -0.0000000000
7   13   1   12   -0.0000000000
7   13   2   9   -0.0000000000
7   13   2   11   -0.0000000000
7   13   3   8   -0.0000000000
7   13   3   10   -0.0000000001
7   13   3   12   -0.0000000002
7   13   4   9   -0.0000000000
7   13   4   11   0.0000000000
7   13   5   8   -0.0000000000
7   13   5   10   -0.0000000002
7   13   5   12   0.0000000001
7   13   6   13   -0.0000000026
7   13   6   14   0.0063827876
7   13   7   13   0.3988576754
7   13   7   14   0.0000000021
7   14   1   8   0.0125768800
7   14   1   9   0.0000000146
7   14   1   10   0.0142246594
7   14   1   11   -0.0000069480
7   14   1   12   -0.0003973804
7   14   2   8   0.0000000146
7   14   2   9   0.0125397936
7   14   2   10   0.0000070125
7   14   2   11   0.0140775206
7   14   2   12   -0.0000001965
7   14   3   8   0.0142246594
7   14   3   9   0.0000070125
7   14   3   10   0.0605181334
7   14   3   11   -0.0000000141
7   14   3   12   -0.0005523527
7   14   4   8   -0.0000069480
7   14   4   9   0.0140775206
7   14   4   10   -0.0000000141
7   14   4   11   0.0579969702
7   14   4   12   -0.0000000001
7   14   5   8   -0.0003973804
7   14   5   9   -0.0000001965
7   14   5   10   -0.0005523527
7   14   5   11   -0.0000000001
7   14   5   12   0.0140111011
7   14   6   13   0.0139079574
7   14   6   14   0.0000000021
7   14   7   13   0.0000000021
7   14   7   14   0.4191484163

End IJKL Block
Begin ABCD Block
1   4   1   4   0.4152078284
1   4   1   5   0.0000000039
1   4   2   4   0.0000000039
1   4   2   5   0.0160398263
1   4   3   6   0.0169900510
1   5   1   4   0.0000000039
1   5   1   5   0.3846688753
1   5   2   4   0.0144991186
1   5   2   5   -0.0000000030
1   5   3   6   0.0000000000
1   6   1   6   0.3951466152
1   6   2   6   -0.0000000001
1   6   3   4   0.0156376680
1   6   3   5   0.0000000001
2   4   1   4   0.0000000039
2   4   1   5   0.0144991186
2   4   2   4   0.3846688753
2   4   2   5   -0.0000000030
2   4   3   6   0.0000000000
2   5   1   4   0.0160398263
2   5   1   5   -0.0000000030
2   5   2   4   -0.0000000030
2   5   2   5   0.4152078294
2   5   3   6   0.0169900510
2   6   1   6   -0.0000000001
2   6   2   6   0.3951466152
2   6   3   4   0.0000000001
2   6   3   5   0.0156376680
3   4   1   6   0.0156376680
3   4   2   6   0.0000000001
3   4   3   4   0.3951466152
3   4   3   5   -0.0000000001
3   5   1   6   0.0000000001
3   5   2   6   0.0156376680
3   5   3   4   -0.0000000001
3   5   3   5   0.3951466152
3   6   1   4   0.0169900510
3   6   1   5   0.0000000000
3   6   2   4   0.0000000000
3   6   2   5   0.0169900510
3   6   3   6   0.4394374877

End ABCD Block
Begin AIJB Block
1   8   1   4   0.0126280653
1   8   1   5   0.0000000000
1   8   2   4   -0.0000000089
1   8   3   4   0.0128188167
1   8   3   5   0.0000000000
1   8   4   4   -0.0000065305
1   8   5   4   -0.0005516405
1   8   5   5   -0.0000000000
1   8   6   6   -0.0010074825
1   8   7   6   -0.0010510592
1   9   1   4   -0.0000000089
1   9   2   4   0.0126502986
1   9   2   5   0.0000000000
1   9   3   4   0.0000063249
1   9   4   4   0.0132430023
1   9   4   5   0.0000000000
1   9   5   4   -0.0000002728
1   9   6   6   -0.0000004979
1   9   7   6   -0.0000005194
1   10   1   4   0.0128188167
1   10   1   5   0.0000000000
1   10   2   4   0.0000063249
1   10   3   4   0.0606681493
1   10   3   5   -0.0000000000
1   10   4   4   0.0000000057
1   10   4   5   -0.0000000000
1   10   5   4   -0.0043057067
1   10   5   5   -0.0000000002
1   10   6   6   0.0068058919
1   10   7   6   0.0071002686
1   11   1   4   -0.0000065305
1   11   2   4   0.0132430023
1   11   2   5   0.0000000000
1   11   3   4   0.0000000057
1   11   3   5   -0.0000000000
1   11   4   4   0.0667562847
1   11   4   5   0.0000000000
1   11   5   4   -0.0000000047
1   11   6   6   0.0000000043
1   11   7   6   0.0000000045
1   12   1   4   -0.0005516405
1   12   1   5   -0.0000000000
1   12   2   4   -0.0000002728
1   12   3   4   -0.0043057067
1   12   3   5   -0.0000000002
1   12   4   4   -0.0000000047
1   12   5   4   0.0255612761
1   12   5   5   -0.0000000001
1   12   6   6   0.1326953645
1   12   7   6   0.1384348542
1   13   1   6   0.0010134198
1   13   2   6   0.0000005007
1   13   3   6   0.0036792532
1   13   4   6   0.0000000018
1   13   5   6   0.0127257716
1   13   6   4   0.1310636542
1   13   6   5   -0.1078657184
1   13   7   4   0.1078657219
1   13   7   5   -0.0934329726
1   14   1   6   0.0010572534
1   14   2   6   0.0000005224
1   14   3   6   0.0038383927
1   14   4   6   0.0000000019
1   14   5   6   0.0132762011
1   14   6   4   0.1078657218
1   14   6   5   0.0842953498
1   14   7   4   0.1402012883
1   14   7   5   0.1078657191
2   8   1   4   0.0000000000
2   8   1   5   0.0126280653
2   8   2   5   -0.0000000089
2   8   3   4   0.0000000000
2   8   3   5   0.0128188167
2   8   4   5   -0.0000065305
2   8   5   4   -0.0000000000
2   8   5   5   -0.0005516405
2   8   6   6   0.0010510592
2   8   7   6   -0.0010074824
2   9   1   5   -0.0000000089
2   9   2   4   0.0000000000
2   9   2   5   0.0126502986
2   9   3   5   0.0000063249
2   9   4   4   0.0000000000
2   9   4   5   0.0132430023
2   9   5   5   -0.0000002728
2   9   6   6   0.0000005194
2   9   7   6   -0.0000004979
2   10   1   4   0.0000000000
2   10   1   5   0.0128188167
2   10   2   5   0.0000063249
2   10   3   4   -0.0000000000
2   10   3   5   0.0606681492
2   10   4   4   -0.0000000000
2   10   4   5   0.0000000057
2   10   5   4   -0.0000000002
2   10   5   5   -0.0043057069
2   10   6   6   -0.0071002684
2   10   7   6   0.0068058927
2   11   1   5   -0.0000065305
2   11   2   4   0.0000000000
2   11   2   5   0.0132430023
2   11   3   4   -0.0000000000
2   11   3   5   0.0000000057
2   11   4   4   0.0000000000
2   11   4   5   0.0667562847
2   11   5   5   -0.0000000047
2   11   6   6   -0.0000000045
2   11   7   6   0.0000000043
2   12   1   4   -0.0000000000
2   12   1   5   -0.0005516405
2   12   2   5   -0.0000002728
2   12   3   4   -0.0000000002
2   12   3   5   -0.0043057069
2   12   4   5   -0.0000000047
2   12   5   4   -0.0000000001
2   12   5   5   0.0255612760
2   12   6   6   -0.1384348544
2   12   7   6   0.1326953637
2   13   1   6   -0.0010572534
2   13   2   6   -0.0000005224
2   13   3   6   -0.0038383926
2   13   4   6   -0.0000000019
2   13   5   6   -0.0132762011
2   13   6   4   -0.1078657184
2   13   6   5   0.1402012884
2   13   7   4   0.0842953498
2   13   7   5   -0.1078657220
2   14   1   6   0.0010134198
2   14   2   6   0.0000005007
2   14   3   6   0.0036792536
2   14   4   6   0.0000000018
2   14   5   6   0.0127257716
2   14   6   4   -0.0934329726
2   14   6   5   -0.1078657221
2   14   7   4   0.1078657191
2   14   7   5   0.1310636548
3   8   1   6   0.0138654294
3   8   2   6   -0.0000000247
3   8   3   6   0.0132894291
3   8   4   6   -0.0000068788
3   8   5   6   -0.0007050393
3   8   6   4   0.0010134198
3   8   6   5   -0.0010572534
3   8   7   4   0.0010572534
3   8   7   5   0.0010134198
3   9   1   6   -0.0000000247
3   9   2   6   0.0139177852
3   9   3   6   0.0000065560
3   9   4   6   0.0139468802
3   9   5   6   -0.0000003487
3   9   6   4   0.0000005007
3   9   6   5   -0.0000005224
3   9   7   4   0.0000005224
3   9   7   5   0.0000005007
3   10   1   6   0.0132894291
3   10   2   6   0.0000065560
3   10   3   6   0.0618942880
3   10   4   6   0.0000000020
3   10   5   6   0.0091584433
3   10   6   4   0.0036792532
3   10   6   5   -0.0038383926
3   10   7   4   0.0038383927
3   10   7   5   0.0036792536
3   11   1   6   -0.0000068788
3   11   2   6   0.0139468802
3   11   3   6   0.0000000020
3   11   4   6   0.0676022004
3   11   5   6   0.0000000029
3   11   6   4   0.0000000018
3   11   6   5   -0.0000000019
3   11   7   4   0.0000000019
3   11   7   5   0.0000000018
3   12   1   6   -0.0007050393
3   12   2   6   -0.0000003487
3   12   3   6   0.0091584433
3   12   4   6   0.0000000029
3   12   5   6   0.2297860694
3   12   6   4   0.0127257716
3   12   6   5   -0.0132762011
3   12   7   4   0.0132762011
3   12   7   5   0.0127257716
3   13   1   4   -0.0010074825
3   13   1   5   0.0010510592
3   13   2   4   -0.0000004979
3   13   2   5   0.0000005194
3   13   3   4   0.0068058919
3   13   3   5   -0.0071002684
3   13   4   4   0.0000000043
3   13   4   5   -0.0000000045
3   13   5   4   0.1326953645
3   13   5   5   -0.1384348544
3   13   6   6   0.0272811005
3   13   7   6   -0.0000000002
3   14   1   4   -0.0010510592
3   14   1   5   -0.0010074824
3   14   2   4   -0.0000005194
3   14   2   5   -0.0000004979
3   14   3   4   0.0071002686
3   14   3   5   0.0068058927
3   14   4   4   0.0000000045
3   14   4   5   0.0000000043
3   14   5   4   0.1384348541
3   14   5   5   0.1326953637
3   14   6   6   -0.0000000002
3   14   7   6   0.0272811010

1   8   8   1   -0.5407965108
1   8   8   2   0.0000000001
1   8   9   1   -0.0000000673
1   8   9   2   0.0000000000
1   8   10   1   0.0049561051
1   8   10   2   -0.0000000001
1   8   11   1   -0.0000025248
1   8   12   1   -0.0010395694
1   8   12   2   0.0000000000
1   8   13   3   -0.0011250319
1   8   14   3   -0.0011736930
1   9   8   1   -0.0000000673
1   9   8   2   0.0000000000
1   9   9   1   -0.5407962834
1   9   9   2   0.0000000001
1   9   10   1   0.0000024453
1   9   11   1   0.0051197482
1   9   11   2   -0.0000000001
1   9   12   1   -0.0000005136
1   9   13   3   -0.0000005560
1   9   14   3   -0.0000005800
1   10   8   1   0.0049561051
1   10   8   2   -0.0000000001
1   10   9   1   0.0000024453
1   10   10   1   -0.4166980457
1   10   10   2   0.0000000001
1   10   11   1   -0.0000000379
1   10   11   2   0.0000000000
1   10   12   1   -0.0070552813
1   10   12   2   0.0000000003
1   10   13   3   -0.0042948348
1   10   14   3   -0.0044805999
1   11   8   1   -0.0000025248
1   11   9   1   0.0051197482
1   11   9   2   -0.0000000001
1   11   10   1   -0.0000000379
1   11   10   2   0.0000000000
1   11   11   1   -0.4196517614
1   11   11   2   -0.0000000000
1   11   12   1   0.0000000014
1   11   13   3   -0.0000000044
1   11   14   3   -0.0000000046
1   12   8   1   -0.0010395694
1   12   8   2   0.0000000000
1   12   9   1   -0.0000005136
1   12   10   1   -0.0070552813
1   12   10   2   0.0000000003
1   12   11   1   0.0000000014
1   12   12   1   -0.4032231379
1   12   12   2   0.0000000002
1   12   13   3   -0.0125496177
1   12   14   3   -0.0130924279
1   13   8   3   -0.0010796708
1   13   9   3   -0.0000005336
1   13   10   3   -0.0045620609
1   13   11   3   -0.0000000041
1   13   12   3   -0.0140799730
1   13   13   1   -0.4231202171
1   13   13   2   0.0196408175
1   13   14   1   -0.0196408208
1   13   14   2   -0.0000975575
1   14   8   3   -0.0011263699
1   14   9   3   -0.0000005567
1   14   10   3   -0.0047593845
1   14   11   3   -0.0000000043
1   14   12   3   -0.0146889760
1   14   13   1   -0.0196408208
1   14   13   2   0.0017613851
1   14   14   1   -0.4247840540
1   14   14   2   -0.0196408177
2   8   8   1   0.0000000001
2   8   8   2   -0.5407965107
2   8   9   1   0.0000000000
2   8   9   2   -0.0000000673
2   8   10   1   -0.0000000001
2   8   10   2   0.0049561051
2   8   11   2   -0.0000025248
2   8   12   1   0.0000000000
2   8   12   2   -0.0010395694
2   8   13   3   0.0011736930
2   8   14   3   -0.0011250319
2   9   8   1   0.0000000000
2   9   8   2   -0.0000000673
2   9   9   1   0.0000000001
2   9   9   2   -0.5407962833
2   9   10   2   0.0000024453
2   9   11   1   -0.0000000001
2   9   11   2   0.0051197481
2   9   12   2   -0.0000005136
2   9   13   3   0.0000005800
2   9   14   3   -0.0000005560
2   10   8   1   -0.0000000001
2   10   8   2   0.0049561051
2   10   9   2   0.0000024453
2   10   10   1   0.0000000001
2   10   10   2   -0.4166980456
2   10   11   1   0.0000000000
2   10   11   2   -0.0000000379
2   10   12   1   0.0000000003
2   10   12   2   -0.0070552810
2   10   13   3   0.0044805999
2   10   14   3   -0.0042948348
2   11   8   2   -0.0000025248
2   11   9   1   -0.0000000001
2   11   9   2   0.0051197481
2   11   10   1   0.0000000000
2   11   10   2   -0.0000000379
2   11   11   1   -0.0000000000
2   11   11   2   -0.4196517614
2   11   12   2   0.0000000014
2   11   13   3   0.0000000046
2   11   14   3   -0.0000000044
2   12   8   1   0.0000000000
2   12   8   2   -0.0010395694
2   12   9   2   -0.0000005136
2   12   10   1   0.0000000003
2   12   10   2   -0.0070552810
2   12   11   2   0.0000000014
2   12   12   1   0.0000000002
2   12   12   2   -0.4032231378
2   12   13   3   0.0130924279
2   12   14   3   -0.0125496176
2   13   8   3   0.0011263699
2   13   9   3   0.0000005567
2   13   10   3   0.0047593844
2   13   11   3   0.0000000043
2   13   12   3   0.0146889760
2   13   13   1   0.0196408175
2   13   13   2   -0.4247840549
2   13   14   1   0.0017613851
2   13   14   2   0.0196408203
2   14   8   3   -0.0010796707
2   14   9   3   -0.0000005336
2   14   10   3   -0.0045620611
2   14   11   3   -0.0000000041
2   14   12   3   -0.0140799731
2   14   13   1   -0.0000975575
2   14   13   2   0.0196408203
2   14   14   1   -0.0196408177
2   14   14   2   -0.4231202164
3   8   8   3   -0.5616268466
3   8   9   3   -0.0000000458
3   8   10   3   0.0053436524
3   8   11   3   -0.0000027973
3   8   12   3   -0.0038529009
3   8   13   1   -0.0010796708
3   8   13   2   0.0011263699
3   8   14   1   -0.0011263699
3   8   14   2   -0.0010796707
3   9   8   3   -0.0000000458
3   9   9   3   -0.5616253694
3   9   10   3   0.0000026361
3   9   11   3   0.0056715496
3   9   12   3   -0.0000019037
3   9   13   1   -0.0000005336
3   9   13   2   0.0000005567
3   9   14   1   -0.0000005567
3   9   14   2   -0.0000005336
3   10   8   3   0.0053436524
3   10   9   3   0.0000026361
3   10   10   3   -0.4296147607
3   10   11   3   -0.0000000253
3   10   12   3   -0.0178054007
3   10   13   1   -0.0045620609
3   10   13   2   0.0047593844
3   10   14   1   -0.0047593845
3   10   14   2   -0.0045620611
3   11   8   3   -0.0000027973
3   11   9   3   0.0056715496
3   11   10   3   -0.0000000253
3   11   11   3   -0.4301339401
3   11   12   3   -0.0000000090
3   11   13   1   -0.0000000041
3   11   13   2   0.0000000043
3   11   14   1   -0.0000000043
3   11   14   2   -0.0000000041
3   12   8   3   -0.0038529009
3   12   9   3   -0.0000019037
3   12   10   3   -0.0178054007
3   12   11   3   -0.0000000090
3   12   12   3   -0.4519115227
3   12   13   1   -0.0140799730
3   12   13   2   0.0146889760
3   12   14   1   -0.0146889760
3   12   14   2   -0.0140799731
3   13   8   1   -0.0011250319
3   13   8   2   0.0011736930
3   13   9   1   -0.0000005560
3   13   9   2   0.0000005800
3   13   10   1   -0.0042948348
3   13   10   2   0.0044805999
3   13   11   1   -0.0000000044
3   13   11   2   0.0000000046
3   13   12   1   -0.0125496177
3   13   12   2   0.0130924279
3   13   13   3   -0.4153276916
3   13   14   3   0.0000000005
3   14   8   1   -0.0011736930
3   14   8   2   -0.0011250319
3   14   9   1   -0.0000005800
3   14   9   2   -0.0000005560
3   14   10   1   -0.0044805999
3   14   10   2   -0.0042948348
3   14   11   1   -0.0000000046
3   14   11   2   -0.0000000044
3   14   12   1   -0.0130924279
3   14   12   2   -0.0125496176
3   14   13   3   0.0000000005
3   14   14   3   -0.4153276931

End AIJB Block
Begin IJKA Block
1   8   1   6   0.0000335542
1   8   2   6   -0.0233539258
1   8   3   6   -0.0000036262
1   8   4   6   0.0028930453
1   8   5   6   -0.0000126904
1   8   6   4   -0.0000089214
1   8   6   5   0.0000093073
1   8   7   4   -0.0000093073
1   8   7   5   -0.0000089214
1   9   1   6   -0.0211823814
1   9   2   6   -0.0000115363
1   9   3   6   0.0036696476
1   9   4   6   0.0000000050
1   9   5   6   0.0128668614
1   9   6   4   0.0090352412
1   9   6   5   -0.0094260437
1   9   7   4   0.0094260437
1   9   7   5   0.0090352413
1   10   1   6   -0.0000271193
1   10   2   6   0.0274127826
1   10   3   6   0.0000003912
1   10   4   6   -0.0016520258
1   10   5   6   -0.0000066367
1   10   6   4   -0.0000046946
1   10   6   5   0.0000048977
1   10   7   4   -0.0000048977
1   10   7   5   -0.0000046946
1   11   1   6   0.0262508139
1   11   2   6   0.0000000250
1   11   3   6   -0.0004928182
1   11   4   6   0.0000007030
1   11   5   6   0.0141013197
1   11   6   4   0.0098290481
1   11   6   5   -0.0102541853
1   11   7   4   0.0102541853
1   11   7   5   0.0098290481
1   12   1   6   -0.0003337846
1   12   2   6   0.3377023309
1   12   3   6   0.0000017899
1   12   4   6   -0.0035994490
1   12   5   6   0.0000002777
1   12   6   4   0.0000001909
1   12   6   5   -0.0000001992
1   12   7   4   0.0000001992
1   12   7   5   0.0000001909
1   13   1   4   -0.0002366953
1   13   1   5   0.0002469331
1   13   2   4   0.2394725886
1   13   2   5   -0.2498305282
1   13   3   4   0.0000012515
1   13   3   5   -0.0000013057
1   13   4   4   -0.0024754125
1   13   4   5   0.0025824817
1   13   5   4   0.0000004619
1   13   5   5   -0.0000004819
1   13   6   6   -0.0000007216
1   14   1   4   -0.0002469331
1   14   1   5   -0.0002366953
1   14   2   4   0.2498305282
1   14   2   5   0.2394725890
1   14   3   4   0.0000013057
1   14   3   5   0.0000012515
1   14   4   4   -0.0025824816
1   14   4   5   -0.0024754122
1   14   5   4   0.0000004819
1   14   5   5   0.0000004619
1   14   7   6   -0.0000007216
2   8   1   6   -0.0233552031
2   8   2   6   -0.0000126100
2   8   3   6   0.0036615596
2   8   4   6   0.0000000050
2   8   5   6   0.0128106001
2   8   6   4   0.0090161657
2   8   6   5   -0.0094061431
2   8   7   4   0.0094061432
2   8   7   5   0.0090161657
2   9   1   6   -0.0000115369
2   9   2   6   -0.0211892450
2   9   3   6   0.0000036200
2   9   4   6   0.0028888877
2   9   5   6   0.0000126893
2   9   6   4   0.0000089207
2   9   6   5   -0.0000093066
2   9   7   4   0.0000093066
2   9   7   5   0.0000089207
2   10   1   6   0.0274129652
2   10   2   6   0.0000270708
2   10   3   6   -0.0007873830
2   10   4   6   -0.0000008159
2   10   5   6   0.0134011125
2   10   6   4   0.0094799181
2   10   6   5   -0.0098899543
2   10   7   4   0.0098899543
2   10   7   5   0.0094799181
2   11   1   6   0.0000000250
2   11   2   6   0.0262428200
2   11   3   6   -0.0000002429
2   11   4   6   -0.0014264603
2   11   5   6   0.0000069807
2   11   6   4   0.0000048660
2   11   6   5   -0.0000050764
2   11   7   4   0.0000050764
2   11   7   5   0.0000048660
2   12   1   6   0.3376974661
2   12   2   6   0.0003337848
2   12   3   6   -0.0036163610
2   12   4   6   -0.0000017829
2   12   5   6   -0.0005620964
2   12   6   4   -0.0003864747
2   12   6   5   0.0004031910
2   12   7   4   -0.0004031910
2   12   7   5   -0.0003864748
2   13   1   4   0.2394697133
2   13   1   5   -0.2498275286
2   13   2   4   0.0002366943
2   13   2   5   -0.0002469321
2   13   3   4   -0.0025285236
2   13   3   5   0.0026378900
2   13   4   4   -0.0000012261
2   13   4   5   0.0000012791
2   13   5   4   -0.0009342096
2   13   5   5   0.0009746171
2   13   6   6   0.0014591247
2   13   7   6   0.0000000000
2   14   1   4   0.2498275286
2   14   1   5   0.2394697137
2   14   2   4   0.0002469321
2   14   2   5   0.0002366943
2   14   3   4   -0.0026378900
2   14   3   5   -0.0025285233
2   14   4   4   -0.0000012791
2   14   4   5   -0.0000012261
2   14   5   4   -0.0009746171
2   14   5   5   -0.0009342096
2   14   6   6   0.0000000000
2   14   7   6   0.0014591247
3   8   1   6   -0.0000038072
3   8   2   6   0.0038443035
3   8   3   6   -0.0000003364
3   8   4   6   -0.0026177724
3   8   5   6   -0.0000073709
3   8   6   4   -0.0000049487
3   8   6   5   0.0000051627
3   8   7   4   -0.0000051627
3   8   7   5   -0.0000049487
3   9   1   6   0.0038526876
3   9   2   6   0.0000038005
3   9   3   6   0.0006910624
3   9   4   6   -0.0000012915
3   9   5   6   0.0148860264
3   9   6   4   0.0099935078
3   9   6   5   -0.0104257583
3   9   7   4   0.0104257583
3   9   7   5   0.0099935078
3   10   1   6   0.0000003777
3   10   2   6   -0.0007607465
3   10   3   6   -0.0000000356
3   10   4   6   0.0093406916
3   10   5   6   -0.0000001122
3   10   6   4   -0.0000000799
3   10   6   5   0.0000000834
3   10   7   4   -0.0000000834
3   10   7   5   -0.0000000799
3   11   1   6   -0.0004215272
3   11   2   6   -0.0000002078
3   11   3   6   0.0204673318
3   11   4   6   0.0000000153
3   11   5   6   0.0630863827
3   11   6   4   0.0430878003
3   11   6   5   -0.0449514828
3   11   7   4   0.0449514829
3   11   7   5   0.0430878006
3   12   1   6   0.0000020137
3   12   2   6   -0.0040697300
3   12   3   6   -0.0000004104
3   12   4   6   0.2162726105
3   12   5   6   0.0000000293
3   12   6   4   0.0000000012
3   12   6   5   -0.0000000012
3   12   7   4   0.0000000012
3   12   7   5   0.0000000012
3   13   1   4   0.0000014443
3   13   1   5   -0.0000015068
3   13   2   4   -0.0029188628
3   13   2   5   0.0030451127
3   13   3   4   -0.0000002924
3   13   3   5   0.0000003051
3   13   4   4   0.1535722167
3   13   4   5   -0.1602146962
3   13   5   4   0.0000000208
3   13   5   5   -0.0000000217
3   13   6   6   -0.0000000032
3   14   1   4   0.0000015068
3   14   1   5   0.0000014443
3   14   2   4   -0.0030451126
3   14   2   5   -0.0029188626
3   14   3   4   -0.0000003050
3   14   3   5   -0.0000002924
3   14   4   4   0.1602146963
3   14   4   5   0.1535722170
3   14   5   4   0.0000000217
3   14   5   5   0.0000000208
3   14   7   6   -0.0000000032
4   8   1   6   0.0030482755
4   8   2   6   0.0000000046
4   8   3   6   -0.0026514197
4   8   4   6   0.0000007609
4   8   5   6   0.0144383312
4   8   6   4   0.0099576388
4   8   6   5   -0.0103883378
4   8   7   4   0.0103883378
4   8   7   5   0.0099576388
4   9   1   6   0.0000000046
4   9   2   6   0.0030449353
4   9   3   6   -0.0000013082
4   9   4   6   -0.0015494670
4   9   5   6   0.0000071487
4   9   6   4   0.0000049299
4   9   6   5   -0.0000051431
4   9   7   4   0.0000051431
4   9   7   5   0.0000049299
4   10   1   6   -0.0015829176
4   10   2   6   -0.0000007819
4   10   3   6   0.0087256361
4   10   4   6   0.0000000074
4   10   5   6   0.0546772590
4   10   6   4   0.0408329001
4   10   6   5   -0.0425990511
4   10   7   4   0.0425990511
4   10   7   5   0.0408329004
4   11   1   6   0.0000006737
4   11   2   6   -0.0013672769
4   11   3   6   0.0000000145
4   11   4   6   0.0103106859
4   11   5   6   0.0000001083
4   11   6   4   0.0000000770
4   11   6   5   -0.0000000803
4   11   7   4   0.0000000803
4   11   7   5   0.0000000770
4   12   1   6   -0.0040749941
4   12   2   6   -0.0000020191
4   12   3   6   0.2165306690
4   12   4   6   0.0000004003
4   12   5   6   -0.0329603712
4   12   6   4   -0.0022942270
4   12   6   5   0.0023934594
4   12   7   4   -0.0023934594
4   12   7   5   -0.0022942268
4   13   1   4   -0.0029139701
4   13   1   5   0.0030400084
4   13   2   4   -0.0000014438
4   13   2   5   0.0000015062
4   13   3   4   0.1534088047
4   13   3   5   -0.1600442161
4   13   4   4   0.0000002821
4   13   4   5   -0.0000002943
4   13   5   4   -0.0222306982
4   13   5   5   0.0231922454
4   13   6   6   0.0022724685
4   13   7   6   0.0000000000
4   14   1   4   -0.0030400083
4   14   1   5   -0.0029139699
4   14   2   4   -0.0000015062
4   14   2   5   -0.0000014438
4   14   3   4   0.1600442161
4   14   3   5   0.1534088049
4   14   4   4   0.0000002943
4   14   4   5   0.0000002821
4   14   5   4   -0.0231922452
4   14   5   5   -0.0222306977
4   14   6   6   0.0000000000
4   14   7   6   0.0022724684
5   8   1   6   -0.0000150999
5   8   2   6   0.0152483973
5   8   3   6   -0.0000080693
5   8   4   6   0.0158820205
5   8   5   6   0.0000002512
5   8   6   4   0.0000001753
5   8   6   5   -0.0000001829
5   8   7   4   0.0000001829
5   8   7   5   0.0000001753
5   9   1   6   0.0152995553
5   9   2   6   0.0000150939
5   9   3   6   0.0162944939
5   9   4   6   0.0000078625
5   9   5   6   -0.0005078462
5   9   6   4   -0.0003549636
5   9   6   5   0.0003703170
5   9   7   4   -0.0003703170
5   9   7   5   -0.0003549637
5   10   1   6   -0.0000067633
5   10   2   6   0.0136529364
5   10   3   6   -0.0000001158
5   10   4   6   0.0559755711
5   10   5   6   -0.0000000131
5   10   6   4   0.0000000011
5   10   6   5   -0.0000000012
5   10   7   4   0.0000000012
5   10   7   5   0.0000000011
5   11   1   6   0.0142427805
5   11   2   6   0.0000070488
5   11   3   6   0.0643911565
5   11   4   6   0.0000001092
5   11   5   6   0.0137208910
5   11   6   4   -0.0014934958
5   11   6   5   0.0015580939
5   11   7   4   -0.0015580938
5   11   7   5   -0.0014934952
5   12   1   6   0.0000000795
5   12   2   6   -0.0001608259
5   12   3   6   0.0000000295
5   12   4   6   -0.0333370664
5   12   5   6   -0.0000000286
5   12   6   4   -0.0000000040
5   12   6   5   0.0000000042
5   12   7   4   -0.0000000042
5   12   7   5   -0.0000000040
5   13   1   4   0.0000003359
5   13   1   5   -0.0000003504
5   13   2   4   -0.0006790610
5   13   2   5   0.0007084325
5   13   3   4   0.0000000203
5   13   3   5   -0.0000000212
5   13   4   4   -0.0218988246
5   13   4   5   0.0228460170
5   13   5   4   -0.0000000211
5   13   5   5   0.0000000220
5   13   6   6   -0.0000000022
5   14   1   4   0.0000003504
5   14   1   5   0.0000003359
5   14   2   4   -0.0007084325
5   14   2   5   -0.0006790609
5   14   3   4   0.0000000212
5   14   3   5   0.0000000203
5   14   4   4   -0.0228460168
5   14   4   5   -0.0218988237
5   14   5   4   -0.0000000220
5   14   5   5   -0.0000000211
5   14   7   6   -0.0000000022
6   8   1   4   -0.0000106683
6   8   1   5   0.0000111297
6   8   2   4   0.0107840010
6   8   2   5   -0.0112504429
6   8   3   4   -0.0000054643
6   8   3   5   0.0000057006
6   8   4   4   0.0110026280
6   8   4   5   -0.0114785261
6   8   5   4   0.0000003291
6   8   5   5   -0.0000003433
6   8   6   6   -0.0000002807
6   9   1   4   0.0107993409
6   9   1   5   -0.0112664463
6   9   2   4   0.0000106648
6   9   2   5   -0.0000111261
6   9   3   4   0.0110338340
6   9   3   5   -0.0115110819
6   9   4   4   0.0000054468
6   9   4   5   -0.0000056824
6   9   5   4   -0.0006660343
6   9   5   5   0.0006948424
6   9   6   6   0.0005690552
6   9   7   6   0.0000000000
6   10   1   4   -0.0000047934
6   10   1   5   0.0000050007
6   10   2   4   0.0096770762
6   10   2   5   -0.0100956401
6   10   3   4   -0.0000000818
6   10   3   5   0.0000000853
6   10   4   4   0.0413285871
6   10   4   5   -0.0431161780
6   10   5   4   0.0000000030
6   10   5   5   -0.0000000031
6   10   6   6   -0.0000000189
6   11   1   4   0.0099408956
6   11   1   5   -0.0103708705
6   11   2   4   0.0000049202
6   11   2   5   -0.0000051330
6   11   3   4   0.0433053681
6   11   3   5   -0.0451784610
6   11   4   4   0.0000000762
6   11   4   5   -0.0000000795
6   11   5   4   -0.0027548133
6   11   5   5   0.0028739673
6   11   6   6   0.0178470636
6   11   7   6   0.0000000000
6   12   1   4   0.0000000991
6   12   1   5   -0.0000001033
6   12   2   4   -0.0002003845
6   12   2   5   0.0002090518
6   12   3   4   0.0000000026
6   12   3   5   -0.0000000027
6   12   4   4   -0.0028286975
6   12   4   5   0.0029510474
6   12   5   4   -0.0000000009
6   12   5   5   0.0000000009
6   12   6   6   -0.0000000479
6   12   7   6   0.0000000000
6   13   1   6   -0.0000006478
6   13   2   6   0.0013098957
6   13   3   6   -0.0000000042
6   13   4   6   0.0031003034
6   13   5   6   -0.0000000000
6   13   6   4   -0.0000000418
6   13   6   5   0.0000000437
6   13   7   4   -0.0000000038
6   13   7   5   -0.0000000037
6   14   2   6   -0.0000000000
6   14   4   6   -0.0000000001
6   14   6   4   -0.0000000363
6   14   6   5   -0.0000000349
6   14   7   4   -0.0000000033
6   14   7   5   0.0000000034
7   8   1   4   -0.0000111297
7   8   1   5   -0.0000106683
7   8   2   4   0.0112504429
7   8   2   5   0.0107840011
7   8   3   4   -0.0000057006
7   8   3   5   -0.0000054643
7   8   4   4   0.0114785262
7   8   4   5   0.0110026280
7   8   5   4   0.0000003433
7   8   5   5   0.0000003291
7   8   7   6   -0.0000002807
7   9   1   4   0.0112664463
7   9   1   5   0.0107993410
7   9   2   4   0.0000111261
7   9   2   5   0.0000106648
7   9   3   4   0.0115110819
7   9   3   5   0.0110338340
7   9   4   4   0.0000056824
7   9   4   5   0.0000054468
7   9   5   4   -0.0006948424
7   9   5   5   -0.0006660344
7   9   6   6   0.0000000000
7   9   7   6   0.0005690551
7   10   1   4   -0.0000050007
7   10   1   5   -0.0000047934
7   10   2   4   0.0100956401
7   10   2   5   0.0096770762
7   10   3   4   -0.0000000853
7   10   3   5   -0.0000000818
7   10   4   4   0.0431161780
7   10   4   5   0.0413285871
7   10   5   4   0.0000000031
7   10   5   5   0.0000000030
7   10   7   6   -0.0000000189
7   11   1   4   0.0103708705
7   11   1   5   0.0099408956
7   11   2   4   0.0000051330
7   11   2   5   0.0000049202
7   11   3   4   0.0451784611
7   11   3   5   0.0433053683
7   11   4   4   0.0000000795
7   11   4   5   0.0000000762
7   11   5   4   -0.0028739670
7   11   5   5   -0.0027548124
7   11   6   6   0.0000000000
7   11   7   6   0.0178470635
7   12   1   4   0.0000001033
7   12   1   5   0.0000000991
7   12   2   4   -0.0002090518
7   12   2   5   -0.0002003845
7   12   3   4   0.0000000027
7   12   3   5   0.0000000026
7   12   4   4   -0.0029510472
7   12   4   5   -0.0028286970
7   12   5   4   -0.0000000009
7   12   5   5   -0.0000000009
7   12   6   6   0.0000000000
7   12   7   6   -0.0000000479
7   13   2   6   -0.0000000000
7   13   4   6   -0.0000000001
7   13   6   4   -0.0000000034
7   13   6   5   -0.0000000033
7   13   7   4   -0.0000000349
7   13   7   5   0.0000000363
7   14   1   6   -0.0000006478
7   14   2   6   0.0013098957
7   14   3   6   -0.0000000042
7   14   4   6   0.0031003039
7   14   5   6   -0.0000000000
7   14   6   4   -0.0000000037
7   14   6   5   0.0000000039
7   14   7   4   -0.0000000436
7   14   7   5   -0.0000000418

End IJKA Block
Begin IABC Block
1   4   1   6   -0.0000007110
1   4   3   4   -0.0000001876
1   5   2   6   -0.0000007110
1   5   3   5   -0.0000001876
1   6   1   4   -0.0000006790
1   6   2   5   -0.0000006790
1   6   3   6   -0.0000014570
2   4   1   6   0.0014393046
2   4   3   4   0.0003792257
2   4   3   5   0.0000000000
2   5   2   6   0.0014393046
2   5   3   4   0.0000000000
2   5   3   5   0.0003792257
2   6   1   4   0.0013745708
2   6   1   5   0.0000000000
2   6   2   4   0.0000000000
2   6   2   5   0.0013745708
2   6   3   6   0.0029480620
3   4   1   6   -0.0000000043
3   4   3   4   -0.0000000136
3   5   2   6   -0.0000000043
3   5   3   5   -0.0000000136
3   6   1   4   -0.0000000022
3   6   2   5   -0.0000000022
3   6   3   6   -0.0000000201
4   4   1   6   0.0055325528
4   4   2   6   0.0000000002
4   4   3   4   0.0170780287
4   4   3   5   0.0000000002
4   5   1   6   0.0000000002
4   5   2   6   0.0055325530
4   5   3   4   0.0000000002
4   5   3   5   0.0170780289
4   6   1   4   0.0039599526
4   6   1   5   -0.0000000002
4   6   2   4   -0.0000000002
4   6   2   5   0.0039599524
4   6   3   6   0.0236682167
5   4   1   6   0.0000000018
5   4   3   4   0.0000000355
5   4   3   5   -0.0000000000
5   5   2   6   0.0000000018
5   5   3   4   -0.0000000000
5   5   3   5   0.0000000355
5   6   1   4   0.0000000076
5   6   2   5   0.0000000076
5   6   3   6   0.0000000229
6   4   1   4   0.0000000285
6   4   1   5   -0.0000000002
6   4   2   4   -0.0000000269
6   4   2   5   0.0000000025
6   4   3   6   -0.0000000021
6   5   1   4   -0.0000000026
6   5   1   5   0.0000000258
6   5   2   4   0.0000000002
6   5   2   5   -0.0000000297
6   5   3   6   0.0000000022
6   6   1   6   0.0000000177
6   6   2   6   -0.0000000185
6   6   3   4   -0.0000000028
6   6   3   5   0.0000000029
7   4   1   4   0.0000000297
7   4   1   5   0.0000000002
7   4   2   4   0.0000000258
7   4   2   5   0.0000000026
7   4   3   6   -0.0000000022
7   5   1   4   0.0000000025
7   5   1   5   0.0000000269
7   5   2   4   0.0000000002
7   5   2   5   0.0000000285
7   5   3   6   -0.0000000021
7   6   1   6   0.0000000185
7   6   2   6   0.0000000177
7   6   3   4   -0.0000000029
7   6   3   5   -0.0000000028

End IABC Block
