0   1   5   6       0.148417051852
0   1   6   5      -0.148417051584
0   2   4   5       0.130196593403
0   2   5   4      -0.130196593386
1   0   5   6      -0.148417051852
1   0   6   5       0.148417051584
1   2   4   6       0.130196593261
1   2   6   4      -0.130196593254
2   0   4   5      -0.130196593403
2   0   5   4       0.130196593386
2   1   4   6      -0.130196593261
2   1   6   4       0.130196593254
0   103   5   12      -0.721580594983
0   103   6   13      -0.052117721600
0   104   5   13      -0.260522911919
0   104   6   12      -0.408939967370
0   105   4   12       0.351309257566
0   105   5   11       0.221112660492
0   111   5   12      -0.073697627114
1   103   5   13      -0.408939967290
1   103   6   12      -0.260522911360
1   104   5   12      -0.052117722006
1   104   6   13      -0.721580592971
1   105   4   13       0.351309257275
1   105   6   11       0.221112660374
1   110   6   13      -0.073697626556
2   103   4   12       0.221112660516
2   103   5   11       0.351309257575
2   104   4   13       0.221112660364
2   104   6   11       0.351309257300
2   105   4   11      -0.549102286155
2   107   4   11       0.067906794429
4   105   4   11       0.067906794429
7   104   6   13      -0.073697626557
8   103   5   12      -0.073697627114
0   103   12   5       0.721580594983
0   103   13   6       0.052117721600
0   104   12   6       0.408939967370
0   104   13   5       0.260522911919
0   105   11   5      -0.221112660492
0   105   12   4      -0.351309257566
0   111   12   5       0.073697627114
1   103   12   6       0.260522911360
1   103   13   5       0.408939967290
1   104   12   5       0.052117722006
1   104   13   6       0.721580592971
1   105   11   6      -0.221112660374
1   105   13   4      -0.351309257275
1   110   13   6       0.073697626556
2   103   11   5      -0.351309257575
2   103   12   4      -0.221112660516
2   104   11   6      -0.351309257300
2   104   13   4      -0.221112660364
2   105   11   4       0.549102286155
2   107   11   4      -0.067906794429
4   105   11   4      -0.067906794429
7   104   13   6       0.073697626557
8   103   12   5       0.073697627114
103   0   5   12       0.721580594983
103   0   6   13       0.052117721600
103   1   5   13       0.408939967290
103   1   6   12       0.260522911360
103   2   4   12      -0.221112660516
103   2   5   11      -0.351309257575
103   8   5   12       0.073697627114
104   0   5   13       0.260522911919
104   0   6   12       0.408939967370
104   1   5   12       0.052117722006
104   1   6   13       0.721580592971
104   2   4   13      -0.221112660364
104   2   6   11      -0.351309257300
104   7   6   13       0.073697626557
105   0   4   12      -0.351309257566
105   0   5   11      -0.221112660492
105   1   4   13      -0.351309257275
105   1   6   11      -0.221112660374
105   2   4   11       0.549102286155
105   4   4   11      -0.067906794429
107   2   4   11      -0.067906794429
110   1   6   13       0.073697626556
111   0   5   12       0.073697627114
103   0   12   5      -0.721580594983
103   0   13   6      -0.052117721600
103   1   12   6      -0.260522911360
103   1   13   5      -0.408939967290
103   2   11   5       0.351309257575
103   2   12   4       0.221112660516
103   8   12   5      -0.073697627114
104   0   12   6      -0.408939967370
104   0   13   5      -0.260522911919
104   1   12   5      -0.052117722006
104   1   13   6      -0.721580592971
104   2   11   6       0.351309257300
104   2   13   4       0.221112660364
104   7   13   6      -0.073697626557
105   0   11   5       0.221112660492
105   0   12   4       0.351309257566
105   1   11   6       0.221112660374
105   1   13   4       0.351309257275
105   2   11   4      -0.549102286155
105   4   11   4       0.067906794429
107   2   11   4       0.067906794429
110   1   13   6      -0.073697626556
111   0   12   5      -0.073697627114
103   104   12   13       0.148417051852
103   104   13   12      -0.148417051584
103   105   11   12       0.130196593403
103   105   12   11      -0.130196593386
104   103   12   13      -0.148417051852
104   103   13   12       0.148417051584
104   105   11   13       0.130196593261
104   105   13   11      -0.130196593254
105   103   11   12      -0.130196593403
105   103   12   11       0.130196593386
105   104   11   13      -0.130196593261
105   104   13   11       0.130196593254

