0   1   5   6       0.168768524259
0   1   6   5      -0.168768524642
0   2   4   6      -0.160381615316
0   2   6   4       0.160381615322
1   0   5   6      -0.168768524259
1   0   6   5       0.168768524642
1   2   4   5       0.160381614723
1   2   5   4      -0.160381614782
2   0   4   6       0.160381615316
2   0   6   4      -0.160381615322
2   1   4   5      -0.160381614723
2   1   5   4       0.160381614782
0   103   5   12      -0.103477060297
0   103   5   13       0.193369770687
0   103   6   12       0.193369770603
0   103   6   13      -0.763158447074
0   104   5   12      -0.193369772045
0   104   5   13       0.414224950483
0   104   6   12       0.245456423522
0   104   6   13       0.193369777057
0   105   4   12       0.117818546521
0   105   4   13      -0.433927889413
0   105   5   11       0.074272304336
0   105   6   11      -0.273546273725
1   103   5   12      -0.193369775803
1   103   5   13       0.245456425676
1   103   6   12       0.414224947152
1   103   6   13       0.193369773360
1   104   5   12      -0.763158443551
1   104   5   13      -0.193369770680
1   104   6   12      -0.193369771464
1   104   6   13      -0.103477061051
1   105   4   12       0.433927885839
1   105   4   13       0.117818547862
1   105   5   11       0.273546270315
1   105   6   11       0.074272305448
2   103   4   12       0.074272304240
2   103   4   13      -0.273546273453
2   103   5   11       0.117818546587
2   103   6   11      -0.433927889668
2   104   4   12       0.273546270124
2   104   4   13       0.074272305363
2   104   5   11       0.433927885869
2   104   6   11       0.117818547912
2   105   4   11      -0.750323276717
0   103   12   5       0.103477060297
0   103   12   6      -0.193369770603
0   103   13   5      -0.193369770687
0   103   13   6       0.763158447074
0   104   12   5       0.193369772045
0   104   12   6      -0.245456423522
0   104   13   5      -0.414224950483
0   104   13   6      -0.193369777057
0   105   11   5      -0.074272304336
0   105   11   6       0.273546273725
0   105   12   4      -0.117818546521
0   105   13   4       0.433927889413
1   103   12   5       0.193369775803
1   103   12   6      -0.414224947152
1   103   13   5      -0.245456425676
1   103   13   6      -0.193369773360
1   104   12   5       0.763158443551
1   104   12   6       0.193369771464
1   104   13   5       0.193369770680
1   104   13   6       0.103477061051
1   105   11   5      -0.273546270315
1   105   11   6      -0.074272305448
1   105   12   4      -0.433927885839
1   105   13   4      -0.117818547862
2   103   11   5      -0.117818546587
2   103   11   6       0.433927889668
2   103   12   4      -0.074272304240
2   103   13   4       0.273546273453
2   104   11   5      -0.433927885869
2   104   11   6      -0.117818547912
2   104   12   4      -0.273546270124
2   104   13   4      -0.074272305363
2   105   11   4       0.750323276717
0   111   6   13       0.052725498693
0   112   6   13       0.059710833268
1   111   5   12       0.059710834215
1   112   5   12      -0.052725499474
2   107   4   11       0.062438346845
0   111   13   6      -0.052725498693
0   112   13   6      -0.059710833268
1   111   12   5      -0.059710834215
1   112   12   5       0.052725499474
2   107   11   4      -0.062438346845
4   105   4   11       0.062438346845
8   103   6   13       0.052725498797
8   104   5   12       0.059710834062
9   103   6   13       0.059710833117
9   104   5   12      -0.052725499580
4   105   11   4      -0.062438346845
8   103   13   6      -0.052725498797
8   104   12   5      -0.059710834062
9   103   13   6      -0.059710833117
9   104   12   5       0.052725499580
103   0   5   12       0.103477060297
103   0   5   13      -0.193369770687
103   0   6   12      -0.193369770603
103   0   6   13       0.763158447074
103   1   5   12       0.193369775803
103   1   5   13      -0.245456425676
103   1   6   12      -0.414224947152
103   1   6   13      -0.193369773360
103   2   4   12      -0.074272304240
103   2   4   13       0.273546273453
103   2   5   11      -0.117818546587
103   2   6   11       0.433927889668
104   0   5   12       0.193369772045
104   0   5   13      -0.414224950483
104   0   6   12      -0.245456423522
104   0   6   13      -0.193369777057
104   1   5   12       0.763158443551
104   1   5   13       0.193369770680
104   1   6   12       0.193369771464
104   1   6   13       0.103477061051
104   2   4   12      -0.273546270124
104   2   4   13      -0.074272305363
104   2   5   11      -0.433927885869
104   2   6   11      -0.117818547912
105   0   4   12      -0.117818546521
105   0   4   13       0.433927889413
105   0   5   11      -0.074272304336
105   0   6   11       0.273546273725
105   1   4   12      -0.433927885839
105   1   4   13      -0.117818547862
105   1   5   11      -0.273546270315
105   1   6   11      -0.074272305448
105   2   4   11       0.750323276717
103   0   12   5      -0.103477060297
103   0   12   6       0.193369770603
103   0   13   5       0.193369770687
103   0   13   6      -0.763158447074
103   1   12   5      -0.193369775803
103   1   12   6       0.414224947152
103   1   13   5       0.245456425676
103   1   13   6       0.193369773360
103   2   11   5       0.117818546587
103   2   11   6      -0.433927889668
103   2   12   4       0.074272304240
103   2   13   4      -0.273546273453
104   0   12   5      -0.193369772045
104   0   12   6       0.245456423522
104   0   13   5       0.414224950483
104   0   13   6       0.193369777057
104   1   12   5      -0.763158443551
104   1   12   6      -0.193369771464
104   1   13   5      -0.193369770680
104   1   13   6      -0.103477061051
104   2   11   5       0.433927885869
104   2   11   6       0.117818547912
104   2   12   4       0.273546270124
104   2   13   4       0.074272305363
105   0   11   5       0.074272304336
105   0   11   6      -0.273546273725
105   0   12   4       0.117818546521
105   0   13   4      -0.433927889413
105   1   11   5       0.273546270315
105   1   11   6       0.074272305448
105   1   12   4       0.433927885839
105   1   13   4       0.117818547862
105   2   11   4      -0.750323276717
103   8   6   13      -0.052725498797
103   9   6   13      -0.059710833117
104   8   5   12      -0.059710834062
104   9   5   12       0.052725499580
105   4   4   11      -0.062438346845
103   8   13   6       0.052725498797
103   9   13   6       0.059710833117
104   8   12   5       0.059710834062
104   9   12   5      -0.052725499580
105   4   11   4       0.062438346845
103   104   12   13       0.168768524259
103   104   13   12      -0.168768524642
103   105   11   13      -0.160381615316
103   105   13   11       0.160381615322
104   103   12   13      -0.168768524259
104   103   13   12       0.168768524642
104   105   11   12       0.160381614723
104   105   12   11      -0.160381614782
105   103   11   13       0.160381615316
105   103   13   11      -0.160381615322
105   104   11   12      -0.160381614723
105   104   12   11       0.160381614782
107   2   4   11      -0.062438346845
111   0   6   13      -0.052725498693
111   1   5   12      -0.059710834215
112   0   6   13      -0.059710833268
112   1   5   12       0.052725499474
107   2   11   4       0.062438346845
111   0   13   6       0.052725498693
111   1   12   5       0.059710834215
112   0   13   6       0.059710833268
112   1   12   5      -0.052725499474

