0   1   5   6       0.064470349334
0   1   6   5      -0.064470348023
1   0   5   6      -0.064470349334
1   0   6   5       0.064470348023
0   53   5   12      -0.052326478547
0   53   6   13      -0.458947142399
0   54   5   13       0.235545504603
0   54   6   12       0.171075151932
0   55   4   13       0.140333174693
0   55   6   11       0.120647174692
1   53   5   13       0.171075153368
1   53   6   12       0.235545505325
1   54   5   12      -0.458947142188
1   54   6   13      -0.052326478364
1   55   4   12      -0.140333174763
1   55   5   11      -0.120647174614
2   53   4   13       0.120647174692
2   53   6   11       0.140333174693
2   54   4   12      -0.120647174614
2   54   5   11      -0.140333174763
2   55   4   11      -0.240308027058
0   53   12   5       0.052326478547
0   53   13   6       0.458947142399
0   54   12   6      -0.171075151932
0   54   13   5      -0.235545504603
0   55   11   6      -0.120647174692
0   55   13   4      -0.140333174693
1   53   12   6      -0.235545505325
1   53   13   5      -0.171075153368
1   54   12   5       0.458947142188
1   54   13   6       0.052326478364
1   55   11   5       0.120647174614
1   55   12   4       0.140333174763
2   53   11   6      -0.140333174693
2   53   13   4      -0.120647174692
2   54   11   5       0.140333174763
2   54   12   4       0.120647174614
2   55   11   4       0.240308027058
0   61   6   13      -0.054109499556
1   60   5   12      -0.054109500171
0   61   13   6       0.054109499556
1   60   12   5       0.054109500171
7   54   5   12      -0.054109500176
8   53   6   13      -0.054109499555
7   54   12   5       0.054109500176
8   53   13   6       0.054109499555
53   0   5   12       0.052326478547
53   0   6   13       0.458947142399
53   1   5   13      -0.171075153368
53   1   6   12      -0.235545505325
53   2   4   13      -0.120647174692
53   2   6   11      -0.140333174693
54   0   5   13      -0.235545504603
54   0   6   12      -0.171075151932
54   1   5   12       0.458947142188
54   1   6   13       0.052326478364
54   2   4   12       0.120647174614
54   2   5   11       0.140333174763
55   0   4   13      -0.140333174693
55   0   6   11      -0.120647174692
55   1   4   12       0.140333174763
55   1   5   11       0.120647174614
55   2   4   11       0.240308027058
53   0   12   5      -0.052326478547
53   0   13   6      -0.458947142399
53   1   12   6       0.235545505325
53   1   13   5       0.171075153368
53   2   11   6       0.140333174693
53   2   13   4       0.120647174692
54   0   12   6       0.171075151932
54   0   13   5       0.235545504603
54   1   12   5      -0.458947142188
54   1   13   6      -0.052326478364
54   2   11   5      -0.140333174763
54   2   12   4      -0.120647174614
55   0   11   6       0.120647174692
55   0   13   4       0.140333174693
55   1   11   5      -0.120647174614
55   1   12   4      -0.140333174763
55   2   11   4      -0.240308027058
53   8   6   13       0.054109499555
54   7   5   12       0.054109500176
53   8   13   6      -0.054109499555
54   7   12   5      -0.054109500176
53   54   12   13       0.064470349334
53   54   13   12      -0.064470348023
54   53   12   13      -0.064470349334
54   53   13   12       0.064470348023
60   1   5   12       0.054109500171
61   0   6   13       0.054109499556
60   1   12   5      -0.054109500171
61   0   13   6      -0.054109499556

