Begin IJ Block
1   1   -27.2775271533
1   2   0.0000000004
1   3   0.4588868801
1   4   0.0000000015
1   5   0.2124632458
2   2   -27.2783817601
2   3   -0.0000000006
2   4   -0.4967574804
2   5   -0.0000000021
3   3   -9.0041249761
3   4   0.0000000010
3   5   0.8170900039
4   4   -7.5179269400
4   5   -0.0000000074
5   5   -7.5839146955
6   6   -7.5658343507
6   7   -0.0000000006
7   7   -7.5658343628

End IJ Block
Begin IA Block
1   3   -0.0000000002
2   3   -0.1736073108
3   3   -0.0000000278
4   3   -0.7893314234
5   3   0.0000000019
6   1   0.0000000055
6   2   -0.0000000061
7   1   0.0000000099
7   2   0.0000000082

End IA Block
Begin AB Block
1   1   -6.6808409857
1   2   -0.0000000001
2   2   -6.6808409857
3   3   -3.4586872150

End AB Block
Begin IJAB Block
1   8   1   4   0.0129764452
1   8   1   5   0.0000000000
1   8   2   4   0.0000000000
1   8   2   5   0.0129764452
1   8   3   6   0.0057308075
1   9   1   4   -0.0000000001
1   9   1   5   0.0000000000
1   9   2   4   0.0000000000
1   9   2   5   -0.0000000001
1   9   3   6   -0.0000000015
1   10   1   4   0.0108469741
1   10   1   5   -0.0000000000
1   10   2   4   -0.0000000000
1   10   2   5   0.0108469741
1   10   3   6   -0.0006708725
1   11   1   4   -0.0000000000
1   11   1   5   0.0000000000
1   11   2   4   0.0000000000
1   11   2   5   -0.0000000000
1   11   3   6   -0.0000000011
1   12   1   4   0.0054531237
1   12   1   5   -0.0000000000
1   12   2   4   -0.0000000000
1   12   2   5   0.0054531237
1   12   3   6   -0.0004544162
1   13   1   6   -0.0032719287
1   13   2   6   0.0038122481
1   13   3   4   0.0005082122
1   13   3   5   -0.0005921373
1   14   1   6   -0.0038122481
1   14   2   6   -0.0032719287
1   14   3   4   0.0005921373
1   14   3   5   0.0005082122
2   8   1   4   -0.0000000001
2   8   1   5   0.0000000000
2   8   2   4   0.0000000000
2   8   2   5   -0.0000000001
2   8   3   6   -0.0000000015
2   9   1   4   0.0131942037
2   9   1   5   0.0000000000
2   9   2   4   0.0000000000
2   9   2   5   0.0131942037
2   9   3   6   0.0057330442
2   10   1   4   0.0000000000
2   10   1   5   0.0000000000
2   10   2   4   0.0000000000
2   10   2   5   0.0000000000
2   10   3   6   0.0000000009
2   11   1   4   -0.0137580785
2   11   1   5   0.0000000000
2   11   2   4   0.0000000000
2   11   2   5   -0.0137580785
2   11   3   6   0.0008388307
2   12   1   4   -0.0000000001
2   12   1   5   -0.0000000000
2   12   2   4   -0.0000000000
2   12   2   5   -0.0000000001
2   12   3   6   0.0000000003
2   13   1   6   -0.0000000005
2   13   2   6   0.0000000006
2   13   3   4   -0.0000000005
2   13   3   5   0.0000000006
2   14   1   6   -0.0000000005
2   14   2   6   -0.0000000005
2   14   3   4   -0.0000000005
2   14   3   5   -0.0000000005
3   8   1   4   0.0108469741
3   8   1   5   -0.0000000000
3   8   2   4   -0.0000000000
3   8   2   5   0.0108469741
3   8   3   6   -0.0006708725
3   9   1   4   0.0000000000
3   9   1   5   0.0000000000
3   9   2   4   0.0000000000
3   9   2   5   0.0000000000
3   9   3   6   0.0000000009
3   10   1   4   0.0400375496
3   10   1   5   0.0000000003
3   10   2   4   0.0000000003
3   10   2   5   0.0400375495
3   10   3   6   0.0186709583
3   11   1   4   0.0000000009
3   11   1   5   0.0000000001
3   11   2   4   0.0000000001
3   11   2   5   0.0000000008
3   11   3   6   0.0000000103
3   12   1   4   0.0186817208
3   12   1   5   -0.0000000001
3   12   2   4   -0.0000000001
3   12   2   5   0.0186817208
3   12   3   6   -0.0020128202
3   13   1   6   -0.0118295598
3   13   2   6   0.0137830682
3   13   3   4   -0.0236911548
3   13   3   5   0.0276034619
3   14   1   6   -0.0137830666
3   14   2   6   -0.0118295586
3   14   3   4   -0.0276034590
3   14   3   5   -0.0236911528
4   8   1   4   -0.0000000000
4   8   1   5   0.0000000000
4   8   2   4   0.0000000000
4   8   2   5   -0.0000000000
4   8   3   6   -0.0000000011
4   9   1   4   -0.0137580785
4   9   1   5   0.0000000000
4   9   2   4   0.0000000000
4   9   2   5   -0.0137580785
4   9   3   6   0.0008388307
4   10   1   4   0.0000000009
4   10   1   5   0.0000000001
4   10   2   4   0.0000000001
4   10   2   5   0.0000000008
4   10   3   6   0.0000000103
4   11   1   4   0.0682030879
4   11   1   5   0.0000000001
4   11   2   4   0.0000000001
4   11   2   5   0.0682030878
4   11   3   6   0.0181694246
4   12   1   4   0.0000000007
4   12   1   5   0.0000000002
4   12   2   4   0.0000000002
4   12   2   5   0.0000000006
4   12   3   6   0.0000000104
4   13   1   6   -0.0000000023
4   13   2   6   0.0000000026
4   13   3   4   -0.0000000056
4   13   3   5   0.0000000064
4   14   1   6   -0.0000000032
4   14   2   6   -0.0000000027
4   14   3   4   -0.0000000075
4   14   3   5   -0.0000000063
5   8   1   4   0.0054531237
5   8   1   5   -0.0000000000
5   8   2   4   -0.0000000000
5   8   2   5   0.0054531237
5   8   3   6   -0.0004544162
5   9   1   4   -0.0000000001
5   9   1   5   -0.0000000000
5   9   2   4   -0.0000000000
5   9   2   5   -0.0000000001
5   9   3   6   0.0000000003
5   10   1   4   0.0186817208
5   10   1   5   -0.0000000001
5   10   2   4   -0.0000000001
5   10   2   5   0.0186817208
5   10   3   6   -0.0020128202
5   11   1   4   0.0000000007
5   11   1   5   0.0000000002
5   11   2   4   0.0000000002
5   11   2   5   0.0000000006
5   11   3   6   0.0000000104
5   12   1   4   0.0340883476
5   12   1   5   0.0000000000
5   12   2   4   0.0000000000
5   12   2   5   0.0340883476
5   12   3   6   0.0142285387
5   13   1   6   -0.0029578868
5   13   2   6   0.0034463458
5   13   3   4   0.0075174679
5   13   3   5   -0.0087588868
5   14   1   6   -0.0034463468
5   14   2   6   -0.0029578875
5   14   3   4   0.0087588843
5   14   3   5   0.0075174661
6   8   1   6   0.0005082122
6   8   2   6   -0.0005921373
6   8   3   4   -0.0032719287
6   8   3   5   0.0038122481
6   9   1   6   -0.0000000005
6   9   2   6   0.0000000006
6   9   3   4   -0.0000000005
6   9   3   5   0.0000000006
6   10   1   6   -0.0236911548
6   10   2   6   0.0276034619
6   10   3   4   -0.0118295598
6   10   3   5   0.0137830682
6   11   1   6   -0.0000000056
6   11   2   6   0.0000000064
6   11   3   4   -0.0000000023
6   11   3   5   0.0000000026
6   12   1   6   0.0075174679
6   12   2   6   -0.0087588868
6   12   3   4   -0.0029578868
6   12   3   5   0.0034463458
6   13   1   4   0.0647944438
6   13   1   5   -0.0543970752
6   13   2   4   -0.0543970752
6   13   2   5   0.0814872931
6   13   3   6   0.0085389136
6   14   1   4   0.0543970739
6   14   1   5   0.0307104763
6   14   2   4   -0.0474033245
6   14   2   5   -0.0543970738
6   14   3   6   0.0000000006
7   8   1   6   0.0005921373
7   8   2   6   0.0005082122
7   8   3   4   -0.0038122481
7   8   3   5   -0.0032719287
7   9   1   6   -0.0000000005
7   9   2   6   -0.0000000005
7   9   3   4   -0.0000000005
7   9   3   5   -0.0000000005
7   10   1   6   -0.0276034590
7   10   2   6   -0.0236911528
7   10   3   4   -0.0137830666
7   10   3   5   -0.0118295586
7   11   1   6   -0.0000000075
7   11   2   6   -0.0000000063
7   11   3   4   -0.0000000032
7   11   3   5   -0.0000000027
7   12   1   6   0.0087588843
7   12   2   6   0.0075174661
7   12   3   4   -0.0034463468
7   12   3   5   -0.0029578875
7   13   1   4   0.0543970739
7   13   1   5   -0.0474033245
7   13   2   4   0.0307104763
7   13   2   5   -0.0543970738
7   13   3   6   0.0000000006
7   14   1   4   0.0814872942
7   14   1   5   0.0543970763
7   14   2   4   0.0543970763
7   14   2   5   0.0647944443
7   14   3   6   0.0085389256

End IJAB Block
Begin IJKL Block
1   8   1   8   2.2555262386
1   8   1   9   -0.0000000006
1   8   1   10   -0.1890798759
1   8   1   11   -0.0000000004
1   8   1   12   -0.0658102199
1   8   2   8   -0.0000000006
1   8   2   9   1.8487964674
1   8   2   10   0.0000000001
1   8   2   11   0.1893331419
1   8   2   12   0.0000000008
1   8   3   8   -0.1890798759
1   8   3   9   0.0000000001
1   8   3   10   0.0284372989
1   8   3   11   0.0000000001
1   8   3   12   0.0042790106
1   8   4   8   -0.0000000004
1   8   4   9   0.1893331419
1   8   4   10   0.0000000001
1   8   4   11   0.0286020291
1   8   4   12   -0.0000000000
1   8   5   8   -0.0658102199
1   8   5   9   0.0000000008
1   8   5   10   0.0042790106
1   8   5   11   -0.0000000000
1   8   5   12   0.0139125633
1   8   6   13   0.0099061800
1   8   6   14   -0.0000000000
1   8   7   13   -0.0000000000
1   8   7   14   0.0099061800
1   9   1   8   -0.0000000006
1   9   1   9   2.2559834696
1   9   1   10   0.0000000001
1   9   1   11   0.1937076095
1   9   1   12   0.0000000008
1   9   2   8   1.8488091881
1   9   2   9   -0.0000000000
1   9   2   10   -0.1944721963
1   9   2   11   -0.0000000004
1   9   2   12   -0.0541990497
1   9   3   8   0.0000000001
1   9   3   9   -0.1891422478
1   9   3   10   -0.0000000001
1   9   3   11   -0.0254414848
1   9   3   12   -0.0000000001
1   9   4   8   0.1893240119
1   9   4   9   -0.0000000004
1   9   4   10   -0.0255643805
1   9   4   11   -0.0000000001
1   9   4   12   -0.0125338696
1   9   5   8   0.0000000008
1   9   5   9   -0.0658215387
1   9   5   10   -0.0000000000
1   9   5   11   -0.0127868370
1   9   5   12   0.0000000001
1   9   6   13   -0.0000000000
1   9   6   14   0.0000000000
1   9   7   13   0.0000000000
1   9   7   14   0.0000000001
1   10   1   8   -0.1890798759
1   10   1   9   0.0000000001
1   10   1   10   0.7499784535
1   10   1   11   0.0000000000
1   10   1   12   -0.0753075145
1   10   2   8   0.0000000001
1   10   2   9   -0.1944944426
1   10   2   10   0.0000000001
1   10   2   11   -0.2213289434
1   10   2   12   -0.0000000008
1   10   3   8   0.0309747852
1   10   3   9   -0.0000000002
1   10   3   10   -0.0002668352
1   10   3   11   0.0000000002
1   10   3   12   -0.0063670242
1   10   4   8   0.0000000003
1   10   4   9   -0.0269540418
1   10   4   10   -0.0000000003
1   10   4   11   -0.0055942283
1   10   4   12   0.0000000003
1   10   5   8   0.0034188674
1   10   5   9   -0.0000000001
1   10   5   10   -0.0224486151
1   10   5   11   0.0000000000
1   10   5   12   0.0151791597
1   10   6   13   0.0142766681
1   10   6   14   0.0000000000
1   10   7   13   0.0000000000
1   10   7   14   0.0142766682
1   11   1   8   -0.0000000004
1   11   1   9   0.1937076095
1   11   1   10   0.0000000000
1   11   1   11   0.6560511181
1   11   1   12   0.0000000010
1   11   2   8   0.1893240119
1   11   2   9   -0.0000000004
1   11   2   10   -0.2213468646
1   11   2   11   -0.0000000003
1   11   2   12   -0.2343511669
1   11   3   8   0.0000000003
1   11   3   9   -0.0268491689
1   11   3   10   0.0000000001
1   11   3   11   -0.0114180759
1   11   3   12   0.0000000002
1   11   4   8   0.0310036002
1   11   4   9   -0.0000000003
1   11   4   10   -0.0053366630
1   11   4   11   0.0000000001
1   11   4   12   0.0010466551
1   11   5   8   0.0000000001
1   11   5   9   -0.0142676177
1   11   5   10   0.0000000000
1   11   5   11   0.0039219061
1   11   5   12   0.0000000000
1   11   6   13   0.0000000000
1   11   6   14   0.0000000000
1   11   7   13   0.0000000000
1   11   7   14   0.0000000001
1   12   1   8   -0.0658102199
1   12   1   9   0.0000000008
1   12   1   10   -0.0753075145
1   12   1   11   0.0000000010
1   12   1   12   0.6738132172
1   12   2   8   0.0000000008
1   12   2   9   -0.0541960265
1   12   2   10   -0.0000000008
1   12   2   11   -0.2343557955
1   12   2   12   0.0000000006
1   12   3   8   0.0034188674
1   12   3   9   -0.0000000002
1   12   3   10   -0.0066773723
1   12   3   11   0.0000000001
1   12   3   12   -0.0076335894
1   12   4   8   0.0000000001
1   12   4   9   -0.0140200124
1   12   4   10   0.0000000003
1   12   4   11   0.0012065485
1   12   4   12   -0.0000000002
1   12   5   8   0.0173050658
1   12   5   9   -0.0000000000
1   12   5   10   0.0156841096
1   12   5   11   0.0000000001
1   12   5   12   0.0004090109
1   12   6   13   0.0030899071
1   12   7   14   0.0030899071
1   13   1   13   0.6524276404
1   13   1   14   0.0000000001
1   13   2   13   0.0000000003
1   13   2   14   -0.0000000000
1   13   3   13   -0.0026370065
1   13   3   14   0.0000000000
1   13   4   13   0.0000000002
1   13   4   14   -0.0000000000
1   13   5   13   -0.0085739561
1   13   5   14   -0.0000000000
1   13   6   8   0.0130034857
1   13   6   9   0.0000000000
1   13   6   10   0.0149925065
1   13   6   11   0.0000000001
1   13   6   12   0.0035005954
1   13   7   8   0.0000000000
1   13   7   10   0.0000000000
1   13   7   11   0.0000000000
1   13   7   12   0.0000000000
1   14   1   13   0.0000000001
1   14   1   14   0.6524276420
1   14   2   13   -0.0000000000
1   14   2   14   -0.0000000005
1   14   3   13   0.0000000000
1   14   3   14   -0.0026370063
1   14   4   13   -0.0000000000
1   14   4   14   0.0000000001
1   14   5   13   -0.0000000000
1   14   5   14   -0.0085739562
1   14   6   8   0.0000000000
1   14   6   10   0.0000000000
1   14   6   11   0.0000000000
1   14   6   12   0.0000000000
1   14   7   8   0.0130034858
1   14   7   9   0.0000000000
1   14   7   10   0.0149925067
1   14   7   11   0.0000000001
1   14   7   12   0.0035005955
2   8   1   8   -0.0000000006
2   8   1   9   1.8488091881
2   8   1   10   0.0000000001
2   8   1   11   0.1893240119
2   8   1   12   0.0000000008
2   8   2   8   2.2559834696
2   8   2   9   -0.0000000000
2   8   2   10   -0.1891422478
2   8   2   11   -0.0000000004
2   8   2   12   -0.0658215387
2   8   3   8   0.0000000001
2   8   3   9   -0.1944721963
2   8   3   10   -0.0000000001
2   8   3   11   -0.0255643805
2   8   3   12   -0.0000000000
2   8   4   8   0.1937076095
2   8   4   9   -0.0000000004
2   8   4   10   -0.0254414848
2   8   4   11   -0.0000000001
2   8   4   12   -0.0127868370
2   8   5   8   0.0000000008
2   8   5   9   -0.0541990497
2   8   5   10   -0.0000000001
2   8   5   11   -0.0125338696
2   8   5   12   0.0000000001
2   8   6   13   -0.0000000000
2   8   6   14   0.0000000000
2   8   7   13   0.0000000000
2   8   7   14   0.0000000001
2   9   1   8   1.8487964674
2   9   1   9   -0.0000000000
2   9   1   10   -0.1944944426
2   9   1   11   -0.0000000004
2   9   1   12   -0.0541960265
2   9   2   8   -0.0000000000
2   9   2   9   2.2564184694
2   9   2   10   0.0000000001
2   9   2   11   0.1937688500
2   9   2   12   0.0000000007
2   9   3   8   -0.1944944426
2   9   3   9   0.0000000001
2   9   3   10   0.0282928900
2   9   3   11   0.0000000000
2   9   3   12   0.0046044408
2   9   4   8   -0.0000000004
2   9   4   9   0.1937688500
2   9   4   10   0.0000000000
2   9   4   11   0.0287064713
2   9   4   12   0.0000000001
2   9   5   8   -0.0541960265
2   9   5   9   0.0000000007
2   9   5   10   0.0046044408
2   9   5   11   0.0000000001
2   9   5   12   0.0132003747
2   9   6   13   0.0095570691
2   9   6   14   -0.0000000000
2   9   7   13   -0.0000000000
2   9   7   14   0.0095570690
2   10   1   8   0.0000000001
2   10   1   9   -0.1944721963
2   10   1   10   0.0000000001
2   10   1   11   -0.2213468646
2   10   1   12   -0.0000000008
2   10   2   8   -0.1891422478
2   10   2   9   0.0000000001
2   10   2   10   0.7499521816
2   10   2   11   -0.0000000000
2   10   2   12   -0.0752671736
2   10   3   8   -0.0000000002
2   10   3   9   0.0308767726
2   10   3   10   0.0000000002
2   10   3   11   0.0084456258
2   10   3   12   -0.0000000001
2   10   4   8   -0.0268491689
2   10   4   9   0.0000000002
2   10   4   10   0.0158474740
2   10   4   11   -0.0000000001
2   10   4   12   -0.0056311486
2   10   5   8   -0.0000000002
2   10   5   9   0.0037250189
2   10   5   10   0.0000000003
2   10   5   11   -0.0014288512
2   10   5   12   -0.0000000002
2   10   6   13   -0.0000000000
2   10   6   14   -0.0000000000
2   10   7   13   -0.0000000000
2   10   7   14   -0.0000000000
2   11   1   8   0.1893331419
2   11   1   9   -0.0000000004
2   11   1   10   -0.2213289434
2   11   1   11   -0.0000000003
2   11   1   12   -0.2343557955
2   11   2   8   -0.0000000004
2   11   2   9   0.1937688500
2   11   2   10   -0.0000000000
2   11   2   11   0.6560832216
2   11   2   12   0.0000000009
2   11   3   8   -0.0269540418
2   11   3   9   0.0000000002
2   11   3   10   0.0089293541
2   11   3   11   0.0000000000
2   11   3   12   0.0111968081
2   11   4   8   -0.0000000003
2   11   4   9   0.0311061567
2   11   4   10   -0.0000000001
2   11   4   11   0.0061441987
2   11   4   12   -0.0000000002
2   11   5   8   -0.0140200124
2   11   5   9   0.0000000002
2   11   5   10   -0.0017219290
2   11   5   11   -0.0000000002
2   11   5   12   -0.0141449545
2   11   6   13   -0.0106904412
2   11   6   14   -0.0000000000
2   11   7   13   -0.0000000000
2   11   7   14   -0.0106904412
2   12   1   8   0.0000000008
2   12   1   9   -0.0541990497
2   12   1   10   -0.0000000008
2   12   1   11   -0.2343511669
2   12   1   12   0.0000000006
2   12   2   8   -0.0658215387
2   12   2   9   0.0000000007
2   12   2   10   -0.0752671736
2   12   2   11   0.0000000009
2   12   2   12   0.6738087445
2   12   3   8   -0.0000000001
2   12   3   9   0.0037250189
2   12   3   10   -0.0000000001
2   12   3   11   0.0114568595
2   12   3   12   0.0000000003
2   12   4   8   -0.0142676177
2   12   4   9   0.0000000002
2   12   4   10   -0.0056574397
2   12   4   11   -0.0000000002
2   12   4   12   0.0060327636
2   12   5   8   -0.0000000000
2   12   5   9   0.0166180994
2   12   5   10   -0.0000000003
2   12   5   11   -0.0144152071
2   12   5   12   -0.0000000000
2   12   6   13   -0.0000000000
2   12   7   14   -0.0000000001
2   13   1   13   0.0000000003
2   13   1   14   -0.0000000000
2   13   2   13   0.6524098664
2   13   2   14   0.0000000001
2   13   3   13   -0.0000000002
2   13   3   14   0.0000000000
2   13   4   13   0.0080317507
2   13   4   14   -0.0000000000
2   13   5   13   -0.0000000001
2   13   5   14   0.0000000000
2   13   6   8   0.0000000000
2   13   6   9   0.0126636793
2   13   6   10   -0.0000000000
2   13   6   11   -0.0114141472
2   13   6   12   -0.0000000001
2   13   7   9   0.0000000000
2   13   7   10   -0.0000000000
2   13   7   11   -0.0000000000
2   13   7   12   -0.0000000000
2   14   1   13   -0.0000000000
2   14   1   14   -0.0000000005
2   14   2   13   0.0000000001
2   14   2   14   0.6524098679
2   14   3   13   0.0000000000
2   14   3   14   -0.0000000001
2   14   4   13   -0.0000000000
2   14   4   14   0.0080317507
2   14   5   13   0.0000000000
2   14   5   14   0.0000000000
2   14   6   9   0.0000000000
2   14   6   10   -0.0000000000
2   14   6   11   -0.0000000000
2   14   6   12   -0.0000000000
2   14   7   8   0.0000000000
2   14   7   9   0.0126636794
2   14   7   10   -0.0000000001
2   14   7   11   -0.0114141473
2   14   7   12   -0.0000000001
3   8   1   8   -0.1890798759
3   8   1   9   0.0000000001
3   8   1   10   0.0309747852
3   8   1   11   0.0000000003
3   8   1   12   0.0034188674
3   8   2   8   0.0000000001
3   8   2   9   -0.1944944426
3   8   2   10   -0.0000000002
3   8   2   11   -0.0269540418
3   8   2   12   -0.0000000001
3   8   3   8   0.7499784535
3   8   3   9   0.0000000001
3   8   3   10   -0.0002668352
3   8   3   11   -0.0000000003
3   8   3   12   -0.0224486151
3   8   4   8   0.0000000000
3   8   4   9   -0.2213289434
3   8   4   10   0.0000000002
3   8   4   11   -0.0055942283
3   8   4   12   0.0000000000
3   8   5   8   -0.0753075145
3   8   5   9   -0.0000000008
3   8   5   10   -0.0063670242
3   8   5   11   0.0000000003
3   8   5   12   0.0151791597
3   8   6   13   0.0142766681
3   8   6   14   0.0000000000
3   8   7   13   0.0000000000
3   8   7   14   0.0142766682
3   9   1   8   0.0000000001
3   9   1   9   -0.1891422478
3   9   1   10   -0.0000000002
3   9   1   11   -0.0268491689
3   9   1   12   -0.0000000002
3   9   2   8   -0.1944721963
3   9   2   9   0.0000000001
3   9   2   10   0.0308767726
3   9   2   11   0.0000000002
3   9   2   12   0.0037250189
3   9   3   8   0.0000000001
3   9   3   9   0.7499521816
3   9   3   10   0.0000000002
3   9   3   11   0.0158474740
3   9   3   12   0.0000000003
3   9   4   8   -0.2213468646
3   9   4   9   -0.0000000000
3   9   4   10   0.0084456258
3   9   4   11   -0.0000000001
3   9   4   12   -0.0014288512
3   9   5   8   -0.0000000008
3   9   5   9   -0.0752671736
3   9   5   10   -0.0000000001
3   9   5   11   -0.0056311486
3   9   5   12   -0.0000000002
3   9   6   13   -0.0000000000
3   9   6   14   -0.0000000000
3   9   7   13   -0.0000000000
3   9   7   14   -0.0000000000
3   10   1   8   0.0284372989
3   10   1   9   -0.0000000001
3   10   1   10   -0.0002668352
3   10   1   11   0.0000000001
3   10   1   12   -0.0066773723
3   10   2   8   -0.0000000001
3   10   2   9   0.0282928900
3   10   2   10   0.0000000002
3   10   2   11   0.0089293541
3   10   2   12   -0.0000000001
3   10   3   8   -0.0002668352
3   10   3   9   0.0000000002
3   10   3   10   0.6902415884
3   10   3   11   -0.0000000003
3   10   3   12   -0.1185684142
3   10   4   8   0.0000000001
3   10   4   9   0.0089293541
3   10   4   10   -0.0000000003
3   10   4   11   0.0830439741
3   10   4   12   0.0000000003
3   10   5   8   -0.0066773723
3   10   5   9   -0.0000000001
3   10   5   10   -0.1185684142
3   10   5   11   0.0000000003
3   10   5   12   0.0658937041
3   10   6   13   0.0783061676
3   10   6   14   0.0000000000
3   10   7   13   0.0000000000
3   10   7   14   0.0783061682
3   11   1   8   0.0000000001
3   11   1   9   -0.0254414848
3   11   1   10   0.0000000002
3   11   1   11   -0.0114180759
3   11   1   12   0.0000000001
3   11   2   8   -0.0255643805
3   11   2   9   0.0000000000
3   11   2   10   0.0084456258
3   11   2   11   0.0000000000
3   11   2   12   0.0114568595
3   11   3   8   -0.0000000003
3   11   3   9   0.0158474740
3   11   3   10   -0.0000000003
3   11   3   11   0.5004277925
3   11   3   12   0.0000000001
3   11   4   8   -0.0053366630
3   11   4   9   -0.0000000001
3   11   4   10   0.0868209025
3   11   4   11   -0.0000000000
3   11   4   12   0.1020003960
3   11   5   8   0.0000000003
3   11   5   9   -0.0056574397
3   11   5   10   0.0000000004
3   11   5   11   -0.0050474687
3   11   5   12   0.0000000003
3   11   6   13   -0.0000000003
3   11   6   14   0.0000000000
3   11   7   13   0.0000000000
3   11   7   14   -0.0000000001
3   12   1   8   0.0042790106
3   12   1   9   -0.0000000001
3   12   1   10   -0.0063670242
3   12   1   11   0.0000000002
3   12   1   12   -0.0076335894
3   12   2   8   -0.0000000000
3   12   2   9   0.0046044408
3   12   2   10   -0.0000000001
3   12   2   11   0.0111968081
3   12   2   12   0.0000000003
3   12   3   8   -0.0224486151
3   12   3   9   0.0000000003
3   12   3   10   -0.1185684142
3   12   3   11   0.0000000001
3   12   3   12   0.5354525783
3   12   4   8   0.0000000000
3   12   4   9   -0.0017219290
3   12   4   10   0.0000000004
3   12   4   11   0.1039862401
3   12   4   12   -0.0000000005
3   12   5   8   0.0156841096
3   12   5   9   -0.0000000003
3   12   5   10   0.0700685810
3   12   5   11   0.0000000005
3   12   5   12   -0.0288604805
3   12   6   13   0.0078337645
3   12   6   14   -0.0000000000
3   12   7   13   -0.0000000000
3   12   7   14   0.0078337645
3   13   1   13   -0.0026370065
3   13   1   14   0.0000000000
3   13   2   13   -0.0000000002
3   13   2   14   0.0000000000
3   13   3   13   0.5654911827
3   13   3   14   0.0000000000
3   13   4   13   0.0000000002
3   13   4   14   0.0000000000
3   13   5   13   -0.0536195480
3   13   5   14   0.0000000000
3   13   6   8   0.0149925065
3   13   6   9   -0.0000000000
3   13   6   10   0.0815194594
3   13   6   11   -0.0000000003
3   13   6   12   0.0084459491
3   13   7   8   0.0000000000
3   13   7   9   -0.0000000000
3   13   7   10   0.0000000000
3   13   7   11   0.0000000000
3   13   7   12   0.0000000000
3   14   1   13   0.0000000000
3   14   1   14   -0.0026370063
3   14   2   13   0.0000000000
3   14   2   14   -0.0000000001
3   14   3   13   0.0000000000
3   14   3   14   0.5654911833
3   14   4   13   0.0000000000
3   14   4   14   0.0000000006
3   14   5   13   0.0000000000
3   14   5   14   -0.0536195479
3   14   6   8   0.0000000000
3   14   6   9   -0.0000000000
3   14   6   10   0.0000000000
3   14   6   11   0.0000000000
3   14   6   12   0.0000000000
3   14   7   8   0.0149925067
3   14   7   9   -0.0000000001
3   14   7   10   0.0815194595
3   14   7   11   -0.0000000001
3   14   7   12   0.0084459492
4   8   1   8   -0.0000000004
4   8   1   9   0.1893240119
4   8   1   10   0.0000000003
4   8   1   11   0.0310036002
4   8   1   12   0.0000000001
4   8   2   8   0.1937076095
4   8   2   9   -0.0000000004
4   8   2   10   -0.0268491689
4   8   2   11   -0.0000000003
4   8   2   12   -0.0142676177
4   8   3   8   0.0000000000
4   8   3   9   -0.2213468646
4   8   3   10   0.0000000001
4   8   3   11   -0.0053366630
4   8   3   12   0.0000000000
4   8   4   8   0.6560511181
4   8   4   9   -0.0000000003
4   8   4   10   -0.0114180759
4   8   4   11   0.0000000001
4   8   4   12   0.0039219061
4   8   5   8   0.0000000010
4   8   5   9   -0.2343511669
4   8   5   10   0.0000000002
4   8   5   11   0.0010466551
4   8   5   12   0.0000000000
4   8   6   13   0.0000000000
4   8   6   14   0.0000000000
4   8   7   13   0.0000000000
4   8   7   14   0.0000000001
4   9   1   8   0.1893331419
4   9   1   9   -0.0000000004
4   9   1   10   -0.0269540418
4   9   1   11   -0.0000000003
4   9   1   12   -0.0140200124
4   9   2   8   -0.0000000004
4   9   2   9   0.1937688500
4   9   2   10   0.0000000002
4   9   2   11   0.0311061567
4   9   2   12   0.0000000002
4   9   3   8   -0.2213289434
4   9   3   9   -0.0000000000
4   9   3   10   0.0089293541
4   9   3   11   -0.0000000001
4   9   3   12   -0.0017219290
4   9   4   8   -0.0000000003
4   9   4   9   0.6560832216
4   9   4   10   0.0000000000
4   9   4   11   0.0061441987
4   9   4   12   -0.0000000002
4   9   5   8   -0.2343557955
4   9   5   9   0.0000000009
4   9   5   10   0.0111968081
4   9   5   11   -0.0000000002
4   9   5   12   -0.0141449545
4   9   6   13   -0.0106904412
4   9   6   14   -0.0000000000
4   9   7   13   -0.0000000000
4   9   7   14   -0.0106904412
4   10   1   8   0.0000000001
4   10   1   9   -0.0255643805
4   10   1   10   -0.0000000003
4   10   1   11   -0.0053366630
4   10   1   12   0.0000000003
4   10   2   8   -0.0254414848
4   10   2   9   0.0000000000
4   10   2   10   0.0158474740
4   10   2   11   -0.0000000001
4   10   2   12   -0.0056574397
4   10   3   8   0.0000000002
4   10   3   9   0.0084456258
4   10   3   10   -0.0000000003
4   10   3   11   0.0868209025
4   10   3   12   0.0000000004
4   10   4   8   -0.0114180759
4   10   4   9   0.0000000000
4   10   4   10   0.5004277925
4   10   4   11   -0.0000000000
4   10   4   12   -0.0050474687
4   10   5   8   0.0000000001
4   10   5   9   0.0114568595
4   10   5   10   0.0000000001
4   10   5   11   0.1020003960
4   10   5   12   0.0000000003
4   10   6   13   -0.0000000003
4   10   6   14   0.0000000000
4   10   7   13   0.0000000000
4   10   7   14   -0.0000000001
4   11   1   8   0.0286020291
4   11   1   9   -0.0000000001
4   11   1   10   -0.0055942283
4   11   1   11   0.0000000001
4   11   1   12   0.0012065485
4   11   2   8   -0.0000000001
4   11   2   9   0.0287064713
4   11   2   10   -0.0000000001
4   11   2   11   0.0061441987
4   11   2   12   -0.0000000002
4   11   3   8   -0.0055942283
4   11   3   9   -0.0000000001
4   11   3   10   0.0830439741
4   11   3   11   -0.0000000000
4   11   3   12   0.1039862401
4   11   4   8   0.0000000001
4   11   4   9   0.0061441987
4   11   4   10   -0.0000000000
4   11   4   11   0.5082708763
4   11   4   12   0.0000000007
4   11   5   8   0.0012065485
4   11   5   9   -0.0000000002
4   11   5   10   0.1039862401
4   11   5   11   0.0000000007
4   11   5   12   0.1657587624
4   11   6   13   0.0398948703
4   11   6   14   0.0000000000
4   11   7   13   0.0000000000
4   11   7   14   0.0398948708
4   12   1   8   -0.0000000000
4   12   1   9   -0.0125338696
4   12   1   10   0.0000000003
4   12   1   11   0.0010466551
4   12   1   12   -0.0000000002
4   12   2   8   -0.0127868370
4   12   2   9   0.0000000001
4   12   2   10   -0.0056311486
4   12   2   11   -0.0000000002
4   12   2   12   0.0060327636
4   12   3   8   0.0000000000
4   12   3   9   -0.0014288512
4   12   3   10   0.0000000003
4   12   3   11   0.1020003960
4   12   3   12   -0.0000000005
4   12   4   8   0.0039219061
4   12   4   9   -0.0000000002
4   12   4   10   -0.0050474687
4   12   4   11   0.0000000007
4   12   4   12   0.5080664159
4   12   5   8   0.0000000001
4   12   5   9   -0.0144152071
4   12   5   10   0.0000000005
4   12   5   11   0.1665314145
4   12   5   12   -0.0000000001
4   12   6   13   -0.0000000002
4   12   6   14   0.0000000000
4   12   7   13   0.0000000000
4   12   7   14   0.0000000001
4   13   1   13   0.0000000002
4   13   1   14   -0.0000000000
4   13   2   13   0.0080317507
4   13   2   14   -0.0000000000
4   13   3   13   0.0000000002
4   13   3   14   0.0000000000
4   13   4   13   0.4736851794
4   13   4   14   0.0000000001
4   13   5   13   0.0000000006
4   13   5   14   0.0000000000
4   13   6   8   0.0000000001
4   13   6   9   -0.0114141472
4   13   6   10   -0.0000000003
4   13   6   11   0.0434406139
4   13   6   12   -0.0000000001
4   13   7   8   0.0000000000
4   13   7   9   -0.0000000000
4   13   7   10   0.0000000000
4   13   7   11   0.0000000000
4   13   7   12   0.0000000000
4   14   1   13   -0.0000000000
4   14   1   14   0.0000000001
4   14   2   13   -0.0000000000
4   14   2   14   0.0080317507
4   14   3   13   0.0000000000
4   14   3   14   0.0000000006
4   14   4   13   0.0000000001
4   14   4   14   0.4736851804
4   14   5   13   0.0000000000
4   14   5   14   0.0000000011
4   14   6   8   0.0000000000
4   14   6   9   -0.0000000000
4   14   6   10   0.0000000000
4   14   6   11   0.0000000000
4   14   6   12   0.0000000000
4   14   7   8   0.0000000001
4   14   7   9   -0.0114141473
4   14   7   10   -0.0000000001
4   14   7   11   0.0434406142
4   14   7   12   0.0000000003
5   8   1   8   -0.0658102199
5   8   1   9   0.0000000008
5   8   1   10   0.0034188674
5   8   1   11   0.0000000001
5   8   1   12   0.0173050658
5   8   2   8   0.0000000008
5   8   2   9   -0.0541960265
5   8   2   10   -0.0000000002
5   8   2   11   -0.0140200124
5   8   2   12   -0.0000000000
5   8   3   8   -0.0753075145
5   8   3   9   -0.0000000008
5   8   3   10   -0.0066773723
5   8   3   11   0.0000000003
5   8   3   12   0.0156841096
5   8   4   8   0.0000000010
5   8   4   9   -0.2343557955
5   8   4   10   0.0000000001
5   8   4   11   0.0012065485
5   8   4   12   0.0000000001
5   8   5   8   0.6738132172
5   8   5   9   0.0000000006
5   8   5   10   -0.0076335894
5   8   5   11   -0.0000000002
5   8   5   12   0.0004090109
5   8   6   13   0.0030899071
5   8   7   14   0.0030899071
5   9   1   8   0.0000000008
5   9   1   9   -0.0658215387
5   9   1   10   -0.0000000001
5   9   1   11   -0.0142676177
5   9   1   12   -0.0000000000
5   9   2   8   -0.0541990497
5   9   2   9   0.0000000007
5   9   2   10   0.0037250189
5   9   2   11   0.0000000002
5   9   2   12   0.0166180994
5   9   3   8   -0.0000000008
5   9   3   9   -0.0752671736
5   9   3   10   -0.0000000001
5   9   3   11   -0.0056574397
5   9   3   12   -0.0000000003
5   9   4   8   -0.2343511669
5   9   4   9   0.0000000009
5   9   4   10   0.0114568595
5   9   4   11   -0.0000000002
5   9   4   12   -0.0144152071
5   9   5   8   0.0000000006
5   9   5   9   0.6738087445
5   9   5   10   0.0000000003
5   9   5   11   0.0060327636
5   9   5   12   -0.0000000000
5   9   6   13   -0.0000000000
5   9   7   14   -0.0000000001
5   10   1   8   0.0042790106
5   10   1   9   -0.0000000000
5   10   1   10   -0.0224486151
5   10   1   11   0.0000000000
5   10   1   12   0.0156841096
5   10   2   8   -0.0000000001
5   10   2   9   0.0046044408
5   10   2   10   0.0000000003
5   10   2   11   -0.0017219290
5   10   2   12   -0.0000000003
5   10   3   8   -0.0063670242
5   10   3   9   -0.0000000001
5   10   3   10   -0.1185684142
5   10   3   11   0.0000000004
5   10   3   12   0.0700685810
5   10   4   8   0.0000000002
5   10   4   9   0.0111968081
5   10   4   10   0.0000000001
5   10   4   11   0.1039862401
5   10   4   12   0.0000000005
5   10   5   8   -0.0076335894
5   10   5   9   0.0000000003
5   10   5   10   0.5354525783
5   10   5   11   -0.0000000005
5   10   5   12   -0.0288604805
5   10   6   13   0.0078337645
5   10   6   14   -0.0000000000
5   10   7   13   -0.0000000000
5   10   7   14   0.0078337645
5   11   1   8   -0.0000000000
5   11   1   9   -0.0127868370
5   11   1   10   0.0000000000
5   11   1   11   0.0039219061
5   11   1   12   0.0000000001
5   11   2   8   -0.0125338696
5   11   2   9   0.0000000001
5   11   2   10   -0.0014288512
5   11   2   11   -0.0000000002
5   11   2   12   -0.0144152071
5   11   3   8   0.0000000003
5   11   3   9   -0.0056311486
5   11   3   10   0.0000000003
5   11   3   11   -0.0050474687
5   11   3   12   0.0000000005
5   11   4   8   0.0010466551
5   11   4   9   -0.0000000002
5   11   4   10   0.1020003960
5   11   4   11   0.0000000007
5   11   4   12   0.1665314145
5   11   5   8   -0.0000000002
5   11   5   9   0.0060327636
5   11   5   10   -0.0000000005
5   11   5   11   0.5080664159
5   11   5   12   -0.0000000001
5   11   6   13   -0.0000000002
5   11   6   14   0.0000000000
5   11   7   13   0.0000000000
5   11   7   14   0.0000000001
5   12   1   8   0.0139125633
5   12   1   9   0.0000000001
5   12   1   10   0.0151791597
5   12   1   11   0.0000000000
5   12   1   12   0.0004090109
5   12   2   8   0.0000000001
5   12   2   9   0.0132003747
5   12   2   10   -0.0000000002
5   12   2   11   -0.0141449545
5   12   2   12   -0.0000000000
5   12   3   8   0.0151791597
5   12   3   9   -0.0000000002
5   12   3   10   0.0658937041
5   12   3   11   0.0000000003
5   12   3   12   -0.0288604805
5   12   4   8   0.0000000000
5   12   4   9   -0.0141449545
5   12   4   10   0.0000000003
5   12   4   11   0.1657587624
5   12   4   12   -0.0000000001
5   12   5   8   0.0004090109
5   12   5   9   -0.0000000000
5   12   5   10   -0.0288604805
5   12   5   11   -0.0000000001
5   12   5   12   0.5296790752
5   12   6   13   0.0148855771
5   12   6   14   0.0000000000
5   12   7   13   0.0000000000
5   12   7   14   0.0148855775
5   13   1   13   -0.0085739561
5   13   1   14   -0.0000000000
5   13   2   13   -0.0000000001
5   13   2   14   0.0000000000
5   13   3   13   -0.0536195480
5   13   3   14   0.0000000000
5   13   4   13   0.0000000006
5   13   4   14   0.0000000000
5   13   5   13   0.4790085172
5   13   5   14   0.0000000000
5   13   6   8   0.0035005954
5   13   6   9   -0.0000000001
5   13   6   10   0.0084459491
5   13   6   11   -0.0000000001
5   13   6   12   0.0191732091
5   13   7   8   0.0000000000
5   13   7   9   -0.0000000000
5   13   7   10   0.0000000000
5   13   7   11   0.0000000000
5   13   7   12   0.0000000000
5   14   1   13   -0.0000000000
5   14   1   14   -0.0085739562
5   14   2   13   0.0000000000
5   14   2   14   0.0000000000
5   14   3   13   0.0000000000
5   14   3   14   -0.0536195479
5   14   4   13   0.0000000000
5   14   4   14   0.0000000011
5   14   5   13   0.0000000000
5   14   5   14   0.4790085179
5   14   6   8   0.0000000000
5   14   6   9   -0.0000000000
5   14   6   10   0.0000000000
5   14   6   11   0.0000000000
5   14   6   12   0.0000000000
5   14   7   8   0.0035005955
5   14   7   9   -0.0000000001
5   14   7   10   0.0084459492
5   14   7   11   0.0000000003
5   14   7   12   0.0191732093
6   8   1   13   0.0130034857
6   8   1   14   0.0000000000
6   8   2   13   0.0000000000
6   8   3   13   0.0149925065
6   8   3   14   0.0000000000
6   8   4   13   0.0000000001
6   8   4   14   0.0000000000
6   8   5   13   0.0035005954
6   8   5   14   0.0000000000
6   8   6   8   0.6524276404
6   8   6   9   0.0000000003
6   8   6   10   -0.0026370065
6   8   6   11   0.0000000002
6   8   6   12   -0.0085739561
6   8   7   8   0.0000000001
6   8   7   9   -0.0000000000
6   8   7   10   0.0000000000
6   8   7   11   -0.0000000000
6   8   7   12   -0.0000000000
6   9   1   13   0.0000000000
6   9   2   13   0.0126636793
6   9   2   14   0.0000000000
6   9   3   13   -0.0000000000
6   9   3   14   -0.0000000000
6   9   4   13   -0.0114141472
6   9   4   14   -0.0000000000
6   9   5   13   -0.0000000001
6   9   5   14   -0.0000000000
6   9   6   8   0.0000000003
6   9   6   9   0.6524098664
6   9   6   10   -0.0000000002
6   9   6   11   0.0080317507
6   9   6   12   -0.0000000001
6   9   7   8   -0.0000000000
6   9   7   9   0.0000000001
6   9   7   10   0.0000000000
6   9   7   11   -0.0000000000
6   9   7   12   0.0000000000
6   10   1   13   0.0149925065
6   10   1   14   0.0000000000
6   10   2   13   -0.0000000000
6   10   2   14   -0.0000000000
6   10   3   13   0.0815194594
6   10   3   14   0.0000000000
6   10   4   13   -0.0000000003
6   10   4   14   0.0000000000
6   10   5   13   0.0084459491
6   10   5   14   0.0000000000
6   10   6   8   -0.0026370065
6   10   6   9   -0.0000000002
6   10   6   10   0.5654911827
6   10   6   11   0.0000000002
6   10   6   12   -0.0536195480
6   10   7   8   0.0000000000
6   10   7   9   0.0000000000
6   10   7   10   0.0000000000
6   10   7   11   0.0000000000
6   10   7   12   0.0000000000
6   11   1   13   0.0000000001
6   11   1   14   0.0000000000
6   11   2   13   -0.0114141472
6   11   2   14   -0.0000000000
6   11   3   13   -0.0000000003
6   11   3   14   0.0000000000
6   11   4   13   0.0434406139
6   11   4   14   0.0000000000
6   11   5   13   -0.0000000001
6   11   5   14   0.0000000000
6   11   6   8   0.0000000002
6   11   6   9   0.0080317507
6   11   6   10   0.0000000002
6   11   6   11   0.4736851794
6   11   6   12   0.0000000006
6   11   7   8   -0.0000000000
6   11   7   9   -0.0000000000
6   11   7   10   0.0000000000
6   11   7   11   0.0000000001
6   11   7   12   0.0000000000
6   12   1   13   0.0035005954
6   12   1   14   0.0000000000
6   12   2   13   -0.0000000001
6   12   2   14   -0.0000000000
6   12   3   13   0.0084459491
6   12   3   14   0.0000000000
6   12   4   13   -0.0000000001
6   12   4   14   0.0000000000
6   12   5   13   0.0191732091
6   12   5   14   0.0000000000
6   12   6   8   -0.0085739561
6   12   6   9   -0.0000000001
6   12   6   10   -0.0536195480
6   12   6   11   0.0000000006
6   12   6   12   0.4790085172
6   12   7   8   -0.0000000000
6   12   7   9   0.0000000000
6   12   7   10   0.0000000000
6   12   7   11   0.0000000000
6   12   7   12   0.0000000000
6   13   1   8   0.0099061800
6   13   1   9   -0.0000000000
6   13   1   10   0.0142766681
6   13   1   11   0.0000000000
6   13   1   12   0.0030899071
6   13   2   8   -0.0000000000
6   13   2   9   0.0095570691
6   13   2   10   -0.0000000000
6   13   2   11   -0.0106904412
6   13   2   12   -0.0000000000
6   13   3   8   0.0142766681
6   13   3   9   -0.0000000000
6   13   3   10   0.0783061676
6   13   3   11   -0.0000000003
6   13   3   12   0.0078337645
6   13   4   8   0.0000000000
6   13   4   9   -0.0106904412
6   13   4   10   -0.0000000003
6   13   4   11   0.0398948703
6   13   4   12   -0.0000000002
6   13   5   8   0.0030899071
6   13   5   9   -0.0000000000
6   13   5   10   0.0078337645
6   13   5   11   -0.0000000002
6   13   5   12   0.0148855771
6   13   6   13   0.5223607382
6   13   6   14   -0.0000000000
6   13   7   13   -0.0000000000
6   13   7   14   0.0138535943
6   14   1   8   -0.0000000000
6   14   1   9   0.0000000000
6   14   1   10   0.0000000000
6   14   1   11   0.0000000000
6   14   2   8   0.0000000000
6   14   2   9   -0.0000000000
6   14   2   10   -0.0000000000
6   14   2   11   -0.0000000000
6   14   3   8   0.0000000000
6   14   3   9   -0.0000000000
6   14   3   10   0.0000000000
6   14   3   11   0.0000000000
6   14   3   12   -0.0000000000
6   14   4   8   0.0000000000
6   14   4   9   -0.0000000000
6   14   4   10   0.0000000000
6   14   4   11   0.0000000000
6   14   4   12   0.0000000000
6   14   5   10   -0.0000000000
6   14   5   11   0.0000000000
6   14   5   12   0.0000000000
6   14   6   13   -0.0000000000
6   14   6   14   0.4912351694
6   14   7   13   0.0172719740
6   14   7   14   0.0000000001
7   8   1   13   0.0000000000
7   8   1   14   0.0130034858
7   8   2   14   0.0000000000
7   8   3   13   0.0000000000
7   8   3   14   0.0149925067
7   8   4   13   0.0000000000
7   8   4   14   0.0000000001
7   8   5   13   0.0000000000
7   8   5   14   0.0035005955
7   8   6   8   0.0000000001
7   8   6   9   -0.0000000000
7   8   6   10   0.0000000000
7   8   6   11   -0.0000000000
7   8   6   12   -0.0000000000
7   8   7   8   0.6524276420
7   8   7   9   -0.0000000005
7   8   7   10   -0.0026370063
7   8   7   11   0.0000000001
7   8   7   12   -0.0085739562
7   9   1   14   0.0000000000
7   9   2   13   0.0000000000
7   9   2   14   0.0126636794
7   9   3   13   -0.0000000000
7   9   3   14   -0.0000000001
7   9   4   13   -0.0000000000
7   9   4   14   -0.0114141473
7   9   5   13   -0.0000000000
7   9   5   14   -0.0000000001
7   9   6   8   -0.0000000000
7   9   6   9   0.0000000001
7   9   6   10   0.0000000000
7   9   6   11   -0.0000000000
7   9   6   12   0.0000000000
7   9   7   8   -0.0000000005
7   9   7   9   0.6524098679
7   9   7   10   -0.0000000001
7   9   7   11   0.0080317507
7   9   7   12   0.0000000000
7   10   1   13   0.0000000000
7   10   1   14   0.0149925067
7   10   2   13   -0.0000000000
7   10   2   14   -0.0000000001
7   10   3   13   0.0000000000
7   10   3   14   0.0815194595
7   10   4   13   0.0000000000
7   10   4   14   -0.0000000001
7   10   5   13   0.0000000000
7   10   5   14   0.0084459492
7   10   6   8   0.0000000000
7   10   6   9   0.0000000000
7   10   6   10   0.0000000000
7   10   6   11   0.0000000000
7   10   6   12   0.0000000000
7   10   7   8   -0.0026370063
7   10   7   9   -0.0000000001
7   10   7   10   0.5654911833
7   10   7   11   0.0000000006
7   10   7   12   -0.0536195479
7   11   1   13   0.0000000000
7   11   1   14   0.0000000001
7   11   2   13   -0.0000000000
7   11   2   14   -0.0114141473
7   11   3   13   0.0000000000
7   11   3   14   -0.0000000001
7   11   4   13   0.0000000000
7   11   4   14   0.0434406142
7   11   5   13   0.0000000000
7   11   5   14   0.0000000003
7   11   6   8   -0.0000000000
7   11   6   9   -0.0000000000
7   11   6   10   0.0000000000
7   11   6   11   0.0000000001
7   11   6   12   0.0000000000
7   11   7   8   0.0000000001
7   11   7   9   0.0080317507
7   11   7   10   0.0000000006
7   11   7   11   0.4736851804
7   11   7   12   0.0000000011
7   12   1   13   0.0000000000
7   12   1   14   0.0035005955
7   12   2   13   -0.0000000000
7   12   2   14   -0.0000000001
7   12   3   13   0.0000000000
7   12   3   14   0.0084459492
7   12   4   13   0.0000000000
7   12   4   14   0.0000000003
7   12   5   13   0.0000000000
7   12   5   14   0.0191732093
7   12   6   8   -0.0000000000
7   12   6   9   0.0000000000
7   12   6   10   0.0000000000
7   12   6   11   0.0000000000
7   12   6   12   0.0000000000
7   12   7   8   -0.0085739562
7   12   7   9   0.0000000000
7   12   7   10   -0.0536195479
7   12   7   11   0.0000000011
7   12   7   12   0.4790085179
7   13   1   8   -0.0000000000
7   13   1   9   0.0000000000
7   13   1   10   0.0000000000
7   13   1   11   0.0000000000
7   13   2   8   0.0000000000
7   13   2   9   -0.0000000000
7   13   2   10   -0.0000000000
7   13   2   11   -0.0000000000
7   13   3   8   0.0000000000
7   13   3   9   -0.0000000000
7   13   3   10   0.0000000000
7   13   3   11   0.0000000000
7   13   3   12   -0.0000000000
7   13   4   8   0.0000000000
7   13   4   9   -0.0000000000
7   13   4   10   0.0000000000
7   13   4   11   0.0000000000
7   13   4   12   0.0000000000
7   13   5   10   -0.0000000000
7   13   5   11   0.0000000000
7   13   5   12   0.0000000000
7   13   6   13   -0.0000000000
7   13   6   14   0.0172719740
7   13   7   13   0.4912351694
7   13   7   14   0.0000000001
7   14   1   8   0.0099061800
7   14   1   9   0.0000000001
7   14   1   10   0.0142766682
7   14   1   11   0.0000000001
7   14   1   12   0.0030899071
7   14   2   8   0.0000000001
7   14   2   9   0.0095570690
7   14   2   10   -0.0000000000
7   14   2   11   -0.0106904412
7   14   2   12   -0.0000000001
7   14   3   8   0.0142766682
7   14   3   9   -0.0000000000
7   14   3   10   0.0783061682
7   14   3   11   -0.0000000001
7   14   3   12   0.0078337645
7   14   4   8   0.0000000001
7   14   4   9   -0.0106904412
7   14   4   10   -0.0000000001
7   14   4   11   0.0398948708
7   14   4   12   0.0000000001
7   14   5   8   0.0030899071
7   14   5   9   -0.0000000001
7   14   5   10   0.0078337645
7   14   5   11   0.0000000001
7   14   5   12   0.0148855775
7   14   6   13   0.0138535943
7   14   6   14   0.0000000001
7   14   7   13   0.0000000001
7   14   7   14   0.5223607399

End IJKL Block
Begin ABCD Block
1   4   1   4   0.4547207551
1   4   1   5   -0.0000000004
1   4   2   4   -0.0000000004
1   4   2   5   0.0168423523
1   4   3   6   0.0089494006
1   5   1   4   -0.0000000004
1   5   1   5   0.4211406330
1   5   2   4   0.0167377686
1   5   2   5   -0.0000000001
1   5   3   6   0.0000000002
1   6   1   6   0.2571988622
1   6   2   6   -0.0000000275
1   6   3   4   0.0090042167
1   6   3   5   -0.0000000000
2   4   1   4   -0.0000000004
2   4   1   5   0.0167377686
2   4   2   4   0.4211406330
2   4   2   5   -0.0000000001
2   4   3   6   0.0000000002
2   5   1   4   0.0168423523
2   5   1   5   -0.0000000001
2   5   2   4   -0.0000000001
2   5   2   5   0.4547207553
2   5   3   6   0.0089494005
2   6   1   6   -0.0000000275
2   6   2   6   0.2571988763
2   6   3   4   -0.0000000000
2   6   3   5   0.0090042168
3   4   1   6   0.0090042167
3   4   2   6   -0.0000000000
3   4   3   4   0.2571988622
3   4   3   5   -0.0000000275
3   5   1   6   -0.0000000000
3   5   2   6   0.0090042168
3   5   3   4   -0.0000000275
3   5   3   5   0.2571988763
3   6   1   4   0.0089494006
3   6   1   5   0.0000000002
3   6   2   4   0.0000000002
3   6   2   5   0.0089494005
3   6   3   6   0.2605477045

End ABCD Block
Begin AIJB Block
1   8   1   4   0.0120258907
1   8   2   4   0.0000000000
1   8   3   4   0.0099601749
1   8   3   5   -0.0000000000
1   8   4   4   0.0000000000
1   8   4   5   0.0000000000
1   8   5   4   0.0054248775
1   8   5   5   0.0000000000
1   8   6   6   0.0008202778
1   8   7   6   0.0009557367
1   9   1   4   0.0000000000
1   9   2   4   0.0122502646
1   9   3   4   -0.0000000000
1   9   4   4   -0.0130184204
1   9   4   5   -0.0000000000
1   9   5   4   -0.0000000001
1   9   5   5   -0.0000000000
1   9   6   6   0.0000000000
1   9   7   6   0.0000000000
1   10   1   4   0.0099601749
1   10   1   5   -0.0000000000
1   10   2   4   -0.0000000000
1   10   3   4   0.0365795712
1   10   3   5   0.0000000000
1   10   4   4   -0.0000000011
1   10   4   5   0.0000000000
1   10   5   4   0.0179463845
1   10   5   5   -0.0000000000
1   10   6   6   -0.0213327534
1   10   7   6   -0.0248555987
1   11   1   4   0.0000000000
1   11   1   5   0.0000000000
1   11   2   4   -0.0130184204
1   11   2   5   -0.0000000000
1   11   3   4   -0.0000000011
1   11   3   5   0.0000000000
1   11   4   4   0.0644986577
1   11   4   5   0.0000000000
1   11   5   4   -0.0000000008
1   11   5   5   0.0000000001
1   11   6   6   -0.0000000010
1   11   7   6   -0.0000000013
1   12   1   4   0.0054248775
1   12   1   5   0.0000000000
1   12   2   4   -0.0000000001
1   12   2   5   -0.0000000000
1   12   3   4   0.0179463845
1   12   3   5   -0.0000000000
1   12   4   4   -0.0000000008
1   12   4   5   0.0000000001
1   12   5   4   0.0301604597
1   12   5   5   0.0000000000
1   12   6   6   0.0073921654
1   12   7   6   0.0086128907
1   13   1   6   -0.0028653935
1   13   2   6   0.0000000000
1   13   3   6   -0.0089690200
1   13   4   6   0.0000000037
1   13   5   6   -0.0022106082
1   13   6   4   0.0640168059
1   13   6   5   -0.0565971434
1   13   7   4   0.0565971418
1   13   7   5   -0.0506306672
1   14   1   6   -0.0033385785
1   14   2   6   -0.0000000000
1   14   3   6   -0.0104501448
1   14   4   6   0.0000000043
1   14   5   6   -0.0025756638
1   14   6   4   0.0565971418
1   14   6   5   0.0332626833
1   14   7   4   0.0813847910
1   14   7   5   0.0565971434
2   8   1   5   0.0120258907
2   8   2   5   0.0000000000
2   8   3   4   -0.0000000000
2   8   3   5   0.0099601750
2   8   4   4   0.0000000000
2   8   4   5   0.0000000000
2   8   5   4   0.0000000000
2   8   5   5   0.0054248775
2   8   6   6   -0.0009557367
2   8   7   6   0.0008202778
2   9   1   5   0.0000000000
2   9   2   5   0.0122502646
2   9   3   5   -0.0000000000
2   9   4   4   -0.0000000000
2   9   4   5   -0.0130184204
2   9   5   4   -0.0000000000
2   9   5   5   -0.0000000001
2   9   6   6   -0.0000000000
2   9   7   6   0.0000000000
2   10   1   4   -0.0000000000
2   10   1   5   0.0099601750
2   10   2   5   -0.0000000000
2   10   3   4   0.0000000000
2   10   3   5   0.0365795712
2   10   4   4   0.0000000000
2   10   4   5   -0.0000000011
2   10   5   4   -0.0000000000
2   10   5   5   0.0179463845
2   10   6   6   0.0248555989
2   10   7   6   -0.0213327533
2   11   1   4   0.0000000000
2   11   1   5   0.0000000000
2   11   2   4   -0.0000000000
2   11   2   5   -0.0130184204
2   11   3   4   0.0000000000
2   11   3   5   -0.0000000011
2   11   4   4   0.0000000000
2   11   4   5   0.0644986577
2   11   5   4   0.0000000001
2   11   5   5   -0.0000000008
2   11   6   6   0.0000000011
2   11   7   6   -0.0000000011
2   12   1   4   0.0000000000
2   12   1   5   0.0054248775
2   12   2   4   -0.0000000000
2   12   2   5   -0.0000000001
2   12   3   4   -0.0000000000
2   12   3   5   0.0179463845
2   12   4   4   0.0000000001
2   12   4   5   -0.0000000008
2   12   5   4   0.0000000000
2   12   5   5   0.0301604597
2   12   6   6   -0.0086128919
2   12   7   6   0.0073921645
2   13   1   6   0.0033385785
2   13   2   6   -0.0000000000
2   13   3   6   0.0104501448
2   13   4   6   -0.0000000044
2   13   5   6   0.0025756633
2   13   6   4   -0.0565971434
2   13   6   5   0.0813847910
2   13   7   4   0.0332626833
2   13   7   5   -0.0565971418
2   14   1   6   -0.0028653935
2   14   2   6   -0.0000000000
2   14   3   6   -0.0089690199
2   14   4   6   0.0000000037
2   14   5   6   -0.0022106085
2   14   6   4   -0.0506306672
2   14   6   5   -0.0565971418
2   14   7   4   0.0565971434
2   14   7   5   0.0640168060
3   8   1   6   0.0051420653
3   8   2   6   -0.0000000000
3   8   3   6   -0.0007938757
3   8   4   6   -0.0000000001
3   8   5   6   -0.0003593635
3   8   6   4   -0.0028653935
3   8   6   5   0.0033385785
3   8   7   4   -0.0033385785
3   8   7   5   -0.0028653935
3   9   1   6   -0.0000000000
3   9   2   6   0.0051499316
3   9   3   6   -0.0000000001
3   9   4   6   0.0007687645
3   9   5   6   0.0000000002
3   9   6   4   0.0000000000
3   9   6   5   -0.0000000000
3   9   7   4   -0.0000000000
3   9   7   5   -0.0000000000
3   10   1   6   -0.0007938757
3   10   2   6   -0.0000000001
3   10   3   6   0.0142848538
3   10   4   6   0.0000000005
3   10   5   6   -0.0015493875
3   10   6   4   -0.0089690200
3   10   6   5   0.0104501448
3   10   7   4   -0.0104501448
3   10   7   5   -0.0089690199
3   11   1   6   -0.0000000001
3   11   2   6   0.0007687645
3   11   3   6   0.0000000005
3   11   4   6   0.0158400707
3   11   5   6   -0.0000000026
3   11   6   4   0.0000000037
3   11   6   5   -0.0000000044
3   11   7   4   0.0000000043
3   11   7   5   0.0000000037
3   12   1   6   -0.0003593635
3   12   2   6   0.0000000002
3   12   3   6   -0.0015493875
3   12   4   6   -0.0000000026
3   12   5   6   0.0120452054
3   12   6   4   -0.0022106082
3   12   6   5   0.0025756633
3   12   7   4   -0.0025756638
3   12   7   5   -0.0022106085
3   13   1   4   0.0008202778
3   13   1   5   -0.0009557367
3   13   2   4   0.0000000000
3   13   2   5   -0.0000000000
3   13   3   4   -0.0213327534
3   13   3   5   0.0248555989
3   13   4   4   -0.0000000010
3   13   4   5   0.0000000011
3   13   5   4   0.0073921654
3   13   5   5   -0.0086128919
3   13   6   6   0.0067694249
3   13   7   6   -0.0000000000
3   14   1   4   0.0009557367
3   14   1   5   0.0008202778
3   14   2   4   0.0000000000
3   14   2   5   0.0000000000
3   14   3   4   -0.0248555987
3   14   3   5   -0.0213327533
3   14   4   4   -0.0000000013
3   14   4   5   -0.0000000011
3   14   5   4   0.0086128907
3   14   5   5   0.0073921645
3   14   6   6   -0.0000000000
3   14   7   6   0.0067694242

1   8   8   1   -0.5940819971
1   8   8   2   0.0000000001
1   8   9   1   -0.0000000001
1   8   9   2   -0.0000000000
1   8   10   1   0.0043020935
1   8   10   2   0.0000000001
1   8   11   1   -0.0000000004
1   8   11   2   -0.0000000001
1   8   12   1   0.0022996529
1   8   12   2   -0.0000000002
1   8   13   3   0.0030520540
1   8   14   3   0.0035560637
1   9   8   1   -0.0000000001
1   9   8   2   -0.0000000000
1   9   9   1   -0.5940993454
1   9   9   2   0.0000000001
1   9   10   1   0.0000000002
1   9   10   2   0.0000000000
1   9   11   1   -0.0047718668
1   9   11   2   0.0000000000
1   9   12   1   0.0000000003
1   9   12   2   0.0000000001
1   9   13   3   -0.0000000005
1   9   14   3   -0.0000000006
1   10   8   1   0.0043020935
1   10   8   2   0.0000000001
1   10   9   1   0.0000000002
1   10   9   2   0.0000000000
1   10   10   1   -0.4970966951
1   10   10   2   0.0000000001
1   10   11   1   -0.0000000003
1   10   11   2   -0.0000000001
1   10   12   1   0.0256253399
1   10   12   2   -0.0000000002
1   10   13   3   0.0119592561
1   10   14   3   0.0139341819
1   11   8   1   -0.0000000004
1   11   8   2   -0.0000000001
1   11   9   1   -0.0047718668
1   11   9   2   0.0000000000
1   11   10   1   -0.0000000003
1   11   10   2   -0.0000000001
1   11   11   1   -0.4633799439
1   11   11   2   -0.0000000002
1   11   12   1   -0.0000000013
1   11   12   2   -0.0000000003
1   11   13   3   -0.0000000160
1   11   14   3   -0.0000000191
1   12   8   1   0.0022996529
1   12   8   2   -0.0000000002
1   12   9   1   0.0000000003
1   12   9   2   0.0000000001
1   12   10   1   0.0256253399
1   12   10   2   -0.0000000002
1   12   11   1   -0.0000000013
1   12   11   2   -0.0000000003
1   12   12   1   -0.4640635405
1   12   12   2   -0.0000000003
1   12   13   3   0.0004598521
1   12   14   3   0.0005357910
1   13   8   3   0.0030539482
1   13   9   3   -0.0000000005
1   13   10   3   0.0121417894
1   13   11   3   -0.0000000159
1   13   12   3   -0.0001107192
1   13   13   1   -0.4654855332
1   13   13   2   0.0176334624
1   13   14   1   -0.0176334608
1   13   14   2   0.0013660383
1   14   8   3   0.0035582707
1   14   9   3   -0.0000000005
1   14   10   3   0.0141468583
1   14   11   3   -0.0000000188
1   14   12   3   -0.0001290030
1   14   13   1   -0.0176334608
1   14   13   2   0.0040451474
1   14   14   1   -0.4708967207
1   14   14   2   -0.0176334622
2   8   8   1   0.0000000001
2   8   8   2   -0.5940819971
2   8   9   1   -0.0000000000
2   8   9   2   -0.0000000001
2   8   10   1   0.0000000001
2   8   10   2   0.0043020935
2   8   11   1   -0.0000000001
2   8   11   2   -0.0000000003
2   8   12   1   -0.0000000002
2   8   12   2   0.0022996530
2   8   13   3   -0.0035560637
2   8   14   3   0.0030520540
2   9   8   1   -0.0000000000
2   9   8   2   -0.0000000001
2   9   9   1   0.0000000001
2   9   9   2   -0.5940993455
2   9   10   1   0.0000000000
2   9   10   2   0.0000000002
2   9   11   1   0.0000000000
2   9   11   2   -0.0047718668
2   9   12   1   0.0000000001
2   9   12   2   0.0000000002
2   9   13   3   0.0000000006
2   9   14   3   -0.0000000005
2   10   8   1   0.0000000001
2   10   8   2   0.0043020935
2   10   9   1   0.0000000000
2   10   9   2   0.0000000002
2   10   10   1   0.0000000001
2   10   10   2   -0.4970966951
2   10   11   1   -0.0000000001
2   10   11   2   -0.0000000003
2   10   12   1   -0.0000000002
2   10   12   2   0.0256253400
2   10   13   3   -0.0139341822
2   10   14   3   0.0119592559
2   11   8   1   -0.0000000001
2   11   8   2   -0.0000000003
2   11   9   1   0.0000000000
2   11   9   2   -0.0047718668
2   11   10   1   -0.0000000001
2   11   10   2   -0.0000000003
2   11   11   1   -0.0000000002
2   11   11   2   -0.4633799438
2   11   12   1   -0.0000000003
2   11   12   2   -0.0000000011
2   11   13   3   0.0000000186
2   11   14   3   -0.0000000164
2   12   8   1   -0.0000000002
2   12   8   2   0.0022996530
2   12   9   1   0.0000000001
2   12   9   2   0.0000000002
2   12   10   1   -0.0000000002
2   12   10   2   0.0256253400
2   12   11   1   -0.0000000003
2   12   11   2   -0.0000000011
2   12   12   1   -0.0000000003
2   12   12   2   -0.4640635403
2   12   13   3   -0.0005357911
2   12   14   3   0.0004598520
2   13   8   3   -0.0035582707
2   13   9   3   0.0000000005
2   13   10   3   -0.0141468587
2   13   11   3   0.0000000185
2   13   12   3   0.0001290031
2   13   13   1   0.0176334624
2   13   13   2   -0.4708967202
2   13   14   1   0.0040451474
2   13   14   2   0.0176334607
2   14   8   3   0.0030539482
2   14   9   3   -0.0000000005
2   14   10   3   0.0121417891
2   14   11   3   -0.0000000161
2   14   12   3   -0.0001107191
2   14   13   1   0.0013660383
2   14   13   2   0.0176334607
2   14   14   1   -0.0176334622
2   14   14   2   -0.4654855338
3   8   8   3   -0.2899422384
3   8   9   3   0.0000000041
3   8   10   3   0.0012135840
3   8   11   3   -0.0000000587
3   8   12   3   0.0007596582
3   8   13   1   0.0030539482
3   8   13   2   -0.0035582707
3   8   14   1   0.0035582707
3   8   14   2   0.0030539482
3   9   8   3   0.0000000041
3   9   9   3   -0.2899447947
3   9   10   3   0.0000000547
3   9   11   3   -0.0014560104
3   9   12   3   0.0000000209
3   9   13   1   -0.0000000005
3   9   13   2   0.0000000005
3   9   14   1   -0.0000000005
3   9   14   2   -0.0000000005
3   10   8   3   0.0012135840
3   10   9   3   0.0000000547
3   10   10   3   -0.2675081978
3   10   11   3   -0.0000000458
3   10   12   3   0.0021066694
3   10   13   1   0.0121417894
3   10   13   2   -0.0141468587
3   10   14   1   0.0141468583
3   10   14   2   0.0121417891
3   11   8   3   -0.0000000587
3   11   9   3   -0.0014560104
3   11   10   3   -0.0000000458
3   11   11   3   -0.2701582106
3   11   12   3   -0.0000000880
3   11   13   1   -0.0000000159
3   11   13   2   0.0000000185
3   11   14   1   -0.0000000188
3   11   14   2   -0.0000000161
3   12   8   3   0.0007596582
3   12   9   3   0.0000000209
3   12   10   3   0.0021066694
3   12   11   3   -0.0000000880
3   12   12   3   -0.2753007958
3   12   13   1   -0.0001107192
3   12   13   2   0.0001290031
3   12   14   1   -0.0001290030
3   12   14   2   -0.0001107191
3   13   8   1   0.0030520540
3   13   8   2   -0.0035560637
3   13   9   1   -0.0000000005
3   13   9   2   0.0000000006
3   13   10   1   0.0119592561
3   13   10   2   -0.0139341822
3   13   11   1   -0.0000000160
3   13   11   2   0.0000000186
3   13   12   1   0.0004598521
3   13   12   2   -0.0005357911
3   13   13   3   -0.2585898038
3   13   14   3   -0.0000000011
3   14   8   1   0.0035560637
3   14   8   2   0.0030520540
3   14   9   1   -0.0000000006
3   14   9   2   -0.0000000005
3   14   10   1   0.0139341819
3   14   10   2   0.0119592559
3   14   11   1   -0.0000000191
3   14   11   2   -0.0000000164
3   14   12   1   0.0005357910
3   14   12   2   0.0004598520
3   14   13   3   -0.0000000011
3   14   14   3   -0.2585898263

End AIJB Block
Begin IJKA Block
1   8   1   6   -0.0000000001
1   8   2   6   0.0783517189
1   8   3   6   0.0000000001
1   8   4   6   0.0116628066
1   8   5   6   0.0000000002
1   8   6   4   -0.0000000001
1   8   6   5   0.0000000001
1   8   7   4   -0.0000000001
1   8   7   5   -0.0000000000
1   9   1   6   0.0772664842
1   9   2   6   -0.0000000001
1   9   3   6   -0.0129556689
1   9   4   6   -0.0000000002
1   9   5   6   -0.0022012151
1   9   6   4   0.0079321082
1   9   6   5   -0.0092419997
1   9   7   4   0.0092419997
1   9   7   5   0.0079321082
1   10   1   6   0.0000000012
1   10   2   6   -0.0823951652
1   10   3   6   0.0000000002
1   10   4   6   -0.0033335413
1   10   5   6   0.0000000000
1   10   6   4   -0.0000000000
1   10   6   5   0.0000000000
1   10   7   4   -0.0000000000
1   10   7   5   -0.0000000000
1   11   1   6   0.0925793626
1   11   2   6   -0.0000000037
1   11   3   6   -0.0019308764
1   11   4   6   -0.0000000004
1   11   5   6   -0.0022211769
1   11   6   4   -0.0087229931
1   11   6   5   0.0101634896
1   11   7   4   -0.0101634896
1   11   7   5   -0.0087229931
1   12   1   6   0.0000000006
1   12   2   6   0.0116598450
1   12   3   6   -0.0000000006
1   12   4   6   0.0002187433
1   12   5   6   -0.0000000007
1   12   6   4   -0.0000000001
1   12   6   5   0.0000000001
1   12   7   4   -0.0000000001
1   12   7   5   -0.0000000001
1   13   1   4   -0.0000000005
1   13   1   5   0.0000000006
1   13   2   4   0.1374363011
1   13   2   5   -0.1601322390
1   13   3   4   -0.0000000001
1   13   3   5   0.0000000001
1   13   4   4   0.0004934981
1   13   4   5   -0.0005749934
1   13   5   4   0.0000000000
1   13   5   5   -0.0000000001
1   13   6   6   0.0000000000
1   14   1   4   -0.0000000009
1   14   1   5   -0.0000000008
1   14   2   4   0.1601322397
1   14   2   5   0.1374363016
1   14   3   4   -0.0000000001
1   14   3   5   -0.0000000001
1   14   4   4   0.0005749933
1   14   4   5   0.0004934981
1   14   5   4   -0.0000000001
1   14   5   5   -0.0000000001
1   14   7   6   0.0000000000
2   8   1   6   0.0783564852
2   8   2   6   -0.0000000001
2   8   3   6   -0.0129237618
2   8   4   6   -0.0000000001
2   8   5   6   -0.0022630553
2   8   6   4   0.0077506255
2   8   6   5   -0.0090305472
2   8   7   4   0.0090305472
2   8   7   5   0.0077506255
2   9   1   6   -0.0000000001
2   9   2   6   0.0773015898
2   9   3   6   0.0000000000
2   9   4   6   0.0116424265
2   9   5   6   0.0000000002
2   9   6   4   -0.0000000001
2   9   6   5   0.0000000001
2   9   7   4   -0.0000000001
2   9   7   5   -0.0000000000
2   10   1   6   -0.0823728533
2   10   2   6   0.0000000011
2   10   3   6   0.0021032384
2   10   4   6   -0.0000000002
2   10   5   6   0.0026619880
2   10   6   4   0.0067271722
2   10   6   5   -0.0078380831
2   10   7   4   0.0078380831
2   10   7   5   0.0067271722
2   11   1   6   -0.0000000037
2   11   2   6   0.0925667434
2   11   3   6   0.0000000003
2   11   4   6   0.0029871097
2   11   5   6   0.0000000002
2   11   6   4   0.0000000000
2   11   6   5   -0.0000000001
2   11   7   4   0.0000000001
2   11   7   5   0.0000000001
2   12   1   6   0.0116550352
2   12   2   6   0.0000000006
2   12   3   6   0.0011388308
2   12   4   6   0.0000000010
2   12   5   6   -0.0016586754
2   12   6   4   0.0032230241
2   12   6   5   -0.0037552674
2   12   7   4   0.0037552674
2   12   7   5   0.0032230241
2   13   1   4   0.1373953424
2   13   1   5   -0.1600845165
2   13   2   4   -0.0000000005
2   13   2   5   0.0000000005
2   13   3   4   -0.0029851274
2   13   3   5   0.0034780850
2   13   4   4   0.0000000001
2   13   4   5   -0.0000000001
2   13   5   4   0.0021689727
2   13   5   5   -0.0025271523
2   13   6   6   -0.0044827852
2   13   7   6   -0.0000000000
2   14   1   4   0.1600845172
2   14   1   5   0.1373953429
2   14   2   4   -0.0000000009
2   14   2   5   -0.0000000007
2   14   3   4   -0.0034780850
2   14   3   5   -0.0029851274
2   14   4   4   0.0000000001
2   14   4   5   0.0000000001
2   14   5   4   0.0025271524
2   14   5   5   0.0021689728
2   14   6   6   -0.0000000000
2   14   7   6   -0.0044827852
3   8   1   6   0.0000000001
3   8   2   6   -0.0134395675
3   8   3   6   -0.0000000000
3   8   4   6   -0.0028106539
3   8   5   6   0.0000000000
3   8   6   4   0.0000000000
3   8   6   5   -0.0000000000
3   9   1   6   -0.0134568070
3   9   2   6   0.0000000001
3   9   3   6   0.0008249591
3   9   4   6   -0.0000000001
3   9   5   6   0.0018511902
3   9   6   4   0.0094411163
3   9   6   5   -0.0110002022
3   9   7   4   0.0110002022
3   9   7   5   0.0094411163
3   10   1   6   0.0000000005
3   10   2   6   0.0015518912
3   10   3   6   0.0000000005
3   10   4   6   0.0282648185
3   10   5   6   -0.0000000007
3   10   6   4   0.0000000014
3   10   6   5   -0.0000000017
3   10   7   4   0.0000000015
3   10   7   5   0.0000000013
3   11   1   6   -0.0016645854
3   11   2   6   0.0000000002
3   11   3   6   0.0658105454
3   11   4   6   0.0000000021
3   11   5   6   -0.0119917975
3   11   6   4   -0.0382284877
3   11   6   5   0.0445414587
3   11   7   4   -0.0445414588
3   11   7   5   -0.0382284877
3   12   1   6   -0.0000000006
3   12   2   6   0.0011047149
3   12   3   6   0.0000000022
3   12   4   6   -0.0093903035
3   12   5   6   -0.0000000021
3   12   6   4   0.0000000000
3   12   6   5   -0.0000000000
3   12   7   4   0.0000000001
3   12   7   5   0.0000000000
3   13   1   4   -0.0000000001
3   13   1   5   0.0000000002
3   13   2   4   -0.0022193161
3   13   2   5   0.0025858092
3   13   3   4   0.0000000001
3   13   3   5   -0.0000000001
3   13   4   4   -0.0614416995
3   13   4   5   0.0715880509
3   13   5   4   0.0000000002
3   13   5   5   -0.0000000002
3   13   6   6   -0.0000000112
3   13   7   6   -0.0000000001
3   14   1   4   -0.0000000001
3   14   1   5   -0.0000000001
3   14   2   4   -0.0025858092
3   14   2   5   -0.0022193161
3   14   3   4   0.0000000001
3   14   3   5   0.0000000001
3   14   4   4   -0.0715880511
3   14   4   5   -0.0614416996
3   14   5   4   0.0000000000
3   14   5   5   0.0000000000
3   14   6   6   -0.0000000001
3   14   7   6   -0.0000000123
4   8   1   6   0.0122171173
4   8   2   6   -0.0000000000
4   8   3   6   -0.0029321701
4   8   4   6   0.0000000001
4   8   5   6   -0.0037094241
4   8   6   4   -0.0076549305
4   8   6   5   0.0089190494
4   8   7   4   -0.0089190494
4   8   7   5   -0.0076549305
4   9   1   6   -0.0000000000
4   9   2   6   0.0121943075
4   9   3   6   -0.0000000001
4   9   4   6   0.0041703718
4   9   5   6   -0.0000000000
4   9   6   4   0.0000000000
4   9   6   5   -0.0000000000
4   9   7   4   0.0000000001
4   9   7   5   0.0000000001
4   10   1   6   -0.0031238216
4   10   2   6   -0.0000000004
4   10   3   6   0.0280550670
4   10   4   6   0.0000000015
4   10   5   6   0.0212008735
4   10   6   4   -0.0245733842
4   10   6   5   0.0286313805
4   10   7   4   -0.0286313805
4   10   7   5   -0.0245733842
4   11   1   6   -0.0000000002
4   11   2   6   0.0028864652
4   11   3   6   -0.0000000004
4   11   4   6   0.0443416174
4   11   5   6   -0.0000000013
4   11   6   4   0.0000000022
4   11   6   5   -0.0000000025
4   11   7   4   0.0000000026
4   11   7   5   0.0000000022
4   12   1   6   0.0001036275
4   12   2   6   0.0000000009
4   12   3   6   -0.0091614927
4   12   4   6   0.0000000004
4   12   5   6   -0.0133902920
4   12   6   4   -0.0168397829
4   12   6   5   0.0196206688
4   12   7   4   -0.0196206688
4   12   7   5   -0.0168397829
4   13   1   4   0.0005349255
4   13   1   5   -0.0006232620
4   13   2   4   0.0000000001
4   13   2   5   -0.0000000001
4   13   3   4   -0.0599093517
4   13   3   5   0.0698026544
4   13   4   4   -0.0000000003
4   13   4   5   0.0000000003
4   13   5   4   -0.0711267953
4   13   5   5   0.0828725228
4   13   6   6   0.0123433369
4   13   7   6   -0.0000000001
4   14   1   4   0.0006232619
4   14   1   5   0.0005349255
4   14   2   4   0.0000000002
4   14   2   5   0.0000000001
4   14   3   4   -0.0698026546
4   14   3   5   -0.0599093518
4   14   4   4   -0.0000000005
4   14   4   5   -0.0000000004
4   14   5   4   -0.0828725230
4   14   5   5   -0.0711267955
4   14   6   6   -0.0000000001
4   14   7   6   0.0123433358
5   8   1   6   -0.0000000002
5   8   2   6   -0.0023491374
5   8   3   6   0.0000000000
5   8   4   6   -0.0037507209
5   8   5   6   -0.0000000001
5   8   6   4   -0.0000000001
5   8   6   5   0.0000000001
5   8   7   4   -0.0000000001
5   8   7   5   -0.0000000001
5   9   1   6   -0.0022990960
5   9   2   6   -0.0000000001
5   9   3   6   0.0018608017
5   9   4   6   -0.0000000001
5   9   5   6   0.0030606004
5   9   6   4   0.0023230016
5   9   6   5   -0.0027066171
5   9   7   4   0.0027066171
5   9   7   5   0.0023230015
5   10   1   6   0.0000000000
5   10   2   6   0.0026163661
5   10   3   6   -0.0000000011
5   10   4   6   0.0211160450
5   10   5   6   0.0000000004
5   10   6   4   -0.0000000001
5   10   6   5   0.0000000001
5   10   7   4   0.0000000000
5   10   7   5   0.0000000000
5   11   1   6   -0.0020686123
5   11   2   6   0.0000000002
5   11   3   6   -0.0110895703
5   11   4   6   0.0000000013
5   11   5   6   0.0436956001
5   11   6   4   -0.0143925339
5   11   6   5   0.0167692863
5   11   7   4   -0.0167692862
5   11   7   5   -0.0143925339
5   12   1   6   -0.0000000007
5   12   2   6   -0.0015493682
5   12   3   6   -0.0000000033
5   12   4   6   -0.0137013541
5   12   5   6   -0.0000000000
5   12   6   4   0.0000000017
5   12   6   5   -0.0000000020
5   12   7   4   0.0000000021
5   12   7   5   0.0000000018
5   13   1   4   0.0000000000
5   13   1   5   -0.0000000000
5   13   2   4   0.0016839825
5   13   2   5   -0.0019620718
5   13   3   4   -0.0000000001
5   13   3   5   0.0000000001
5   13   4   4   -0.0696294726
5   13   4   5   0.0811279353
5   13   5   4   -0.0000000000
5   13   5   5   -0.0000000000
5   13   6   6   0.0000000062
5   13   7   6   -0.0000000000
5   14   1   4   -0.0000000001
5   14   1   5   -0.0000000001
5   14   2   4   0.0019620719
5   14   2   5   0.0016839826
5   14   3   4   -0.0000000003
5   14   3   5   -0.0000000002
5   14   4   4   -0.0811279356
5   14   4   5   -0.0696294728
5   14   5   4   -0.0000000003
5   14   5   5   -0.0000000002
5   14   6   6   -0.0000000000
5   14   7   6   0.0000000055
6   8   1   4   -0.0000000001
6   8   1   5   0.0000000001
6   8   2   4   0.0084191480
6   8   2   5   -0.0098094682
6   8   3   4   -0.0000000000
6   8   3   5   0.0000000000
6   8   4   4   -0.0078862678
6   8   4   5   0.0091885892
6   8   5   4   -0.0000000000
6   8   5   5   0.0000000000
6   8   6   6   -0.0000000001
6   8   7   6   0.0000000000
6   9   1   4   0.0085745583
6   9   1   5   -0.0099905426
6   9   2   4   -0.0000000001
6   9   2   5   0.0000000001
6   9   3   4   0.0096712920
6   9   3   5   -0.0112683885
6   9   4   4   0.0000000000
6   9   4   5   -0.0000000000
6   9   5   4   0.0025033678
6   9   5   5   -0.0029167686
6   9   6   6   0.0009218941
6   9   7   6   -0.0000000000
6   10   1   4   -0.0000000001
6   10   1   5   0.0000000001
6   10   2   4   0.0067324010
6   10   2   5   -0.0078441754
6   10   3   4   0.0000000008
6   10   3   5   -0.0000000010
6   10   4   4   -0.0240747972
6   10   4   5   0.0280504580
6   10   5   4   0.0000000002
6   10   5   5   -0.0000000003
6   10   6   6   -0.0000000014
6   10   7   6   -0.0000000001
6   11   1   4   -0.0080957237
6   11   1   5   0.0094326342
6   11   2   4   0.0000000001
6   11   2   5   -0.0000000001
6   11   3   4   -0.0361023141
6   11   3   5   0.0420641734
6   11   4   4   0.0000000003
6   11   4   5   -0.0000000004
6   11   5   4   -0.0151821518
6   11   5   5   0.0176893000
6   11   6   6   0.0537758229
6   11   7   6   -0.0000000001
6   12   1   4   -0.0000000001
6   12   1   5   0.0000000001
6   12   2   4   0.0031003402
6   12   2   5   -0.0036123238
6   12   3   4   -0.0000000000
6   12   3   5   0.0000000000
6   12   4   4   -0.0171948730
6   12   4   5   0.0200343977
6   12   5   4   -0.0000000001
6   12   5   5   0.0000000001
6   12   6   6   -0.0000000002
6   12   7   6   -0.0000000002
6   13   1   6   0.0000000002
6   13   2   6   -0.0039910048
6   13   3   6   -0.0000000110
6   13   4   6   0.0114483221
6   13   5   6   -0.0000000007
6   13   6   4   0.0000000002
6   13   6   5   -0.0000000002
6   13   7   4   0.0000000014
6   13   7   5   0.0000000012
6   14   2   6   -0.0000000000
6   14   3   6   -0.0000000001
6   14   5   6   0.0000000001
6   14   6   4   -0.0000000010
6   14   6   5   -0.0000000009
6   14   7   4   -0.0000000000
6   14   7   5   0.0000000001
7   8   1   4   -0.0000000001
7   8   1   5   -0.0000000001
7   8   2   4   0.0098094682
7   8   2   5   0.0084191480
7   8   3   4   -0.0000000000
7   8   3   5   -0.0000000000
7   8   4   4   -0.0091885893
7   8   4   5   -0.0078862678
7   8   5   4   -0.0000000001
7   8   5   5   -0.0000000000
7   8   6   6   0.0000000000
7   8   7   6   -0.0000000000
7   9   1   4   0.0099905426
7   9   1   5   0.0085745583
7   9   2   4   -0.0000000001
7   9   2   5   -0.0000000001
7   9   3   4   0.0112683886
7   9   3   5   0.0096712920
7   9   4   4   0.0000000001
7   9   4   5   0.0000000000
7   9   5   4   0.0029167686
7   9   5   5   0.0025033678
7   9   6   6   -0.0000000000
7   9   7   6   0.0009218941
7   10   1   4   -0.0000000001
7   10   1   5   -0.0000000001
7   10   2   4   0.0078441755
7   10   2   5   0.0067324011
7   10   3   4   0.0000000008
7   10   3   5   0.0000000007
7   10   4   4   -0.0280504580
7   10   4   5   -0.0240747972
7   10   5   4   0.0000000003
7   10   5   5   0.0000000002
7   10   6   6   -0.0000000001
7   10   7   6   -0.0000000031
7   11   1   4   -0.0094326343
7   11   1   5   -0.0080957237
7   11   2   4   0.0000000001
7   11   2   5   0.0000000001
7   11   3   4   -0.0420641734
7   11   3   5   -0.0361023142
7   11   4   4   0.0000000002
7   11   4   5   0.0000000002
7   11   5   4   -0.0176893000
7   11   5   5   -0.0151821518
7   11   6   6   -0.0000000001
7   11   7   6   0.0537758204
7   12   1   4   -0.0000000001
7   12   1   5   -0.0000000001
7   12   2   4   0.0036123238
7   12   2   5   0.0031003403
7   12   3   4   -0.0000000001
7   12   3   5   -0.0000000000
7   12   4   4   -0.0200343976
7   12   4   5   -0.0171948729
7   12   5   4   -0.0000000002
7   12   5   5   -0.0000000002
7   12   6   6   -0.0000000002
7   12   7   6   -0.0000000040
7   13   2   6   -0.0000000000
7   13   3   6   -0.0000000001
7   13   5   6   0.0000000001
7   13   6   4   -0.0000000003
7   13   6   5   -0.0000000003
7   13   7   4   -0.0000000005
7   13   7   5   0.0000000006
7   14   1   6   0.0000000002
7   14   2   6   -0.0039910049
7   14   3   6   -0.0000000123
7   14   4   6   0.0114483221
7   14   5   6   0.0000000004
7   14   6   4   0.0000000014
7   14   6   5   -0.0000000016
7   14   7   4   0.0000000009
7   14   7   5   0.0000000007

End IJKA Block
Begin IABC Block
1   4   1   6   -0.0000000001
1   4   2   6   0.0000000000
1   4   3   4   0.0000000001
1   4   3   5   0.0000000000
1   5   1   6   0.0000000000
1   5   2   6   -0.0000000001
1   5   3   4   0.0000000000
1   5   3   5   0.0000000001
1   6   1   4   0.0000000000
1   6   1   5   -0.0000000000
1   6   2   4   -0.0000000000
1   6   2   5   0.0000000001
1   6   3   6   0.0000000191
2   4   1   6   -0.0044048468
2   4   2   6   0.0000000000
2   4   3   4   0.0012425656
2   4   3   5   0.0000000000
2   5   1   6   0.0000000000
2   5   2   6   -0.0044048468
2   5   3   4   0.0000000000
2   5   3   5   0.0012425655
2   6   1   4   -0.0043749723
2   6   1   5   0.0000000000
2   6   2   4   0.0000000000
2   6   2   5   -0.0043749723
2   6   3   6   0.0004808416
3   4   1   6   -0.0000000473
3   4   2   6   0.0000000000
3   4   3   4   -0.0000000009
3   4   3   5   -0.0000000001
3   5   1   6   0.0000000000
3   5   2   6   -0.0000000473
3   5   3   4   -0.0000000001
3   5   3   5   -0.0000000009
3   6   1   4   -0.0000000356
3   6   1   5   -0.0000000007
3   6   2   4   -0.0000000007
3   6   2   5   -0.0000000353
3   6   3   6   0.0000000919
4   4   1   6   0.0121246859
4   4   2   6   -0.0000000001
4   4   3   4   0.0454892449
4   4   3   5   0.0000000005
4   5   1   6   -0.0000000001
4   5   2   6   0.0121246859
4   5   3   4   0.0000000005
4   5   3   5   0.0454892446
4   6   1   4   0.0118240849
4   6   1   5   -0.0000000009
4   6   2   4   -0.0000000009
4   6   2   5   0.0118240854
4   6   3   6   -0.0010407672
5   4   1   6   -0.0000000287
5   4   2   6   -0.0000000000
5   4   3   4   0.0000000014
5   4   3   5   0.0000000012
5   5   1   6   -0.0000000000
5   5   2   6   -0.0000000287
5   5   3   4   0.0000000012
5   5   3   5   0.0000000007
5   6   1   4   -0.0000000290
5   6   1   5   -0.0000000006
5   6   2   4   -0.0000000006
5   6   2   5   -0.0000000287
5   6   3   6   -0.0000001469
6   4   1   4   -0.0000000010
6   4   1   5   0.0000000005
6   4   2   4   0.0000000005
6   4   2   5   0.0000000000
6   4   3   6   0.0000002797
6   5   1   4   0.0000000000
6   5   1   5   -0.0000000004
6   5   2   4   -0.0000000004
6   5   2   5   0.0000000011
6   5   3   6   -0.0000003258
6   6   1   6   -0.0000000852
6   6   2   6   0.0000001006
6   6   3   4   0.0000002421
6   6   3   5   -0.0000002822
7   4   1   4   -0.0000000012
7   4   1   5   -0.0000000003
7   4   2   4   -0.0000000005
7   4   2   5   -0.0000000000
7   4   3   6   0.0000003261
7   5   1   4   0.0000000000
7   5   1   5   -0.0000000006
7   5   2   4   -0.0000000005
7   5   2   5   -0.0000000011
7   5   3   6   0.0000002798
7   6   1   6   -0.0000000860
7   6   2   6   -0.0000000749
7   6   3   4   0.0000002817
7   6   3   5   0.0000002418

End IABC Block
