0   1   5   6      -0.090826080818
0   1   6   5       0.090826080846
1   0   5   6       0.090826080818
1   0   6   5      -0.090826080846
0   53   5   12      -0.427197411917
0   53   5   13      -0.198070001362
0   53   6   12      -0.198070001474
0   53   6   13      -0.157218755436
0   54   5   12      -0.198070011052
0   54   5   13       0.089576264933
0   54   6   12       0.180402345783
0   54   6   13       0.198070009523
0   55   4   12       0.167326995842
0   55   4   13       0.088454279551
0   55   5   11       0.124502421576
0   55   6   11       0.065815871644
1   53   5   12      -0.198070011143
1   53   5   13       0.180402345718
1   53   6   12       0.089576265047
1   53   6   13       0.198070009475
1   54   5   12      -0.157218757987
1   54   5   13       0.198070005040
1   54   6   12       0.198070005630
1   54   6   13      -0.427197411839
1   55   4   12       0.088454280924
1   55   4   13      -0.167326996062
1   55   5   11       0.065815871635
1   55   6   11      -0.124502421597
2   53   4   12       0.124502421576
2   53   4   13       0.065815871644
2   53   5   11       0.167326995842
2   53   6   11       0.088454279551
2   54   4   12       0.065815871635
2   54   4   13      -0.124502421597
2   54   5   11       0.088454280924
2   54   6   11      -0.167326996062
2   55   4   11      -0.303424575393
2   56   4   11      -0.053034126151
3   55   4   11      -0.053034126151
0   53   12   5       0.427197411917
0   53   12   6       0.198070001474
0   53   13   5       0.198070001362
0   53   13   6       0.157218755436
0   54   12   5       0.198070011052
0   54   12   6      -0.180402345783
0   54   13   5      -0.089576264933
0   54   13   6      -0.198070009523
0   55   11   5      -0.124502421576
0   55   11   6      -0.065815871644
0   55   12   4      -0.167326995842
0   55   13   4      -0.088454279551
1   53   12   5       0.198070011143
1   53   12   6      -0.089576265047
1   53   13   5      -0.180402345718
1   53   13   6      -0.198070009475
1   54   12   5       0.157218757987
1   54   12   6      -0.198070005630
1   54   13   5      -0.198070005040
1   54   13   6       0.427197411839
1   55   11   5      -0.065815871635
1   55   11   6       0.124502421597
1   55   12   4      -0.088454280924
1   55   13   4       0.167326996062
2   53   11   5      -0.167326995842
2   53   11   6      -0.088454279551
2   53   12   4      -0.124502421576
2   53   13   4      -0.065815871644
2   54   11   5      -0.088454280924
2   54   11   6       0.167326996062
2   54   12   4      -0.065815871635
2   54   13   4       0.124502421597
2   55   11   4       0.303424575393
2   56   11   4       0.053034126151
3   55   11   4       0.053034126151
53   0   5   12       0.427197411917
53   0   5   13       0.198070001362
53   0   6   12       0.198070001474
53   0   6   13       0.157218755436
53   1   5   12       0.198070011143
53   1   5   13      -0.180402345718
53   1   6   12      -0.089576265047
53   1   6   13      -0.198070009475
53   2   4   12      -0.124502421576
53   2   4   13      -0.065815871644
53   2   5   11      -0.167326995842
53   2   6   11      -0.088454279551
54   0   5   12       0.198070011052
54   0   5   13      -0.089576264933
54   0   6   12      -0.180402345783
54   0   6   13      -0.198070009523
54   1   5   12       0.157218757987
54   1   5   13      -0.198070005040
54   1   6   12      -0.198070005630
54   1   6   13       0.427197411839
54   2   4   12      -0.065815871635
54   2   4   13       0.124502421597
54   2   5   11      -0.088454280924
54   2   6   11       0.167326996062
55   0   4   12      -0.167326995842
55   0   4   13      -0.088454279551
55   0   5   11      -0.124502421576
55   0   6   11      -0.065815871644
55   1   4   12      -0.088454280924
55   1   4   13       0.167326996062
55   1   5   11      -0.065815871635
55   1   6   11       0.124502421597
55   2   4   11       0.303424575393
55   3   4   11       0.053034126151
56   2   4   11       0.053034126151
53   0   12   5      -0.427197411917
53   0   12   6      -0.198070001474
53   0   13   5      -0.198070001362
53   0   13   6      -0.157218755436
53   1   12   5      -0.198070011143
53   1   12   6       0.089576265047
53   1   13   5       0.180402345718
53   1   13   6       0.198070009475
53   2   11   5       0.167326995842
53   2   11   6       0.088454279551
53   2   12   4       0.124502421576
53   2   13   4       0.065815871644
54   0   12   5      -0.198070011052
54   0   12   6       0.180402345783
54   0   13   5       0.089576264933
54   0   13   6       0.198070009523
54   1   12   5      -0.157218757987
54   1   12   6       0.198070005630
54   1   13   5       0.198070005040
54   1   13   6      -0.427197411839
54   2   11   5       0.088454280924
54   2   11   6      -0.167326996062
54   2   12   4       0.065815871635
54   2   13   4      -0.124502421597
55   0   11   5       0.124502421576
55   0   11   6       0.065815871644
55   0   12   4       0.167326995842
55   0   13   4       0.088454279551
55   1   11   5       0.065815871635
55   1   11   6      -0.124502421597
55   1   12   4       0.088454280924
55   1   13   4      -0.167326996062
55   2   11   4      -0.303424575393
55   3   11   4      -0.053034126151
56   2   11   4      -0.053034126151
53   54   12   13      -0.090826080818
53   54   13   12       0.090826080846
54   53   12   13       0.090826080818
54   53   13   12      -0.090826080846

