0   103   5   12      -0.212730517719
0   104   5   13       0.103074673293
0   104   6   12       0.073153511744
0   105   5   11      -0.052290282908
1   103   5   13       0.073153511744
1   103   6   12       0.103074673293
1   104   6   13      -0.212730516141
1   105   6   11       0.052290283752
2   103   4   12      -0.052290282908
2   104   4   13       0.052290283752
2   105   4   11      -0.059268659355
0   103   12   5       0.212730517719
0   104   12   6      -0.073153511744
0   104   13   5      -0.103074673293
0   105   11   5       0.052290282908
1   103   12   6      -0.103074673293
1   103   13   5      -0.073153511744
1   104   13   6       0.212730516141
1   105   11   6      -0.052290283752
2   103   12   4       0.052290282908
2   104   13   4      -0.052290283752
2   105   11   4       0.059268659355
103   0   5   12       0.212730517719
103   1   5   13      -0.073153511744
103   1   6   12      -0.103074673293
103   2   4   12       0.052290282908
104   0   5   13      -0.103074673293
104   0   6   12      -0.073153511744
104   1   6   13       0.212730516141
104   2   4   13      -0.052290283752
105   0   5   11       0.052290282908
105   1   6   11      -0.052290283752
105   2   4   11       0.059268659355
103   0   12   5      -0.212730517719
103   1   12   6       0.103074673293
103   1   13   5       0.073153511744
103   2   12   4      -0.052290282908
104   0   12   6       0.073153511744
104   0   13   5       0.103074673293
104   1   13   6      -0.212730516141
104   2   13   4       0.052290283752
105   0   11   5      -0.052290282908
105   1   11   6       0.052290283752
105   2   11   4      -0.059268659355

