0   1   5   6       0.138466832430
0   1   6   5      -0.138466832583
0   2   4   6       0.107428981936
0   2   6   4      -0.107428981932
1   0   5   6      -0.138466832430
1   0   6   5       0.138466832583
1   2   4   5      -0.107428982417
1   2   5   4       0.107428982411
2   0   4   6      -0.107428981936
2   0   6   4       0.107428981932
2   1   4   5       0.107428982417
2   1   5   4      -0.107428982411
0   103   5   12      -0.130179598327
0   103   5   13      -0.207676123744
0   103   6   12      -0.207676123559
0   103   6   13      -0.605895719826
0   104   5   12       0.207676118670
0   104   5   13       0.307091480231
0   104   6   12       0.168624646524
0   104   6   13      -0.207676120454
0   105   4   12       0.111272329824
0   105   4   13       0.296628360414
0   105   5   11       0.070973172411
0   105   6   11       0.189199379127
0   110   6   13       0.056809802754
1   103   5   12       0.207676118007
1   103   5   13       0.168624647034
1   103   6   12       0.307091479377
1   103   6   13      -0.207676118745
1   104   5   12      -0.605895722523
1   104   5   13       0.207676126254
1   104   6   12       0.207676126166
1   104   6   13      -0.130179599547
1   105   4   12      -0.296628360904
1   105   4   13       0.111272330477
1   105   5   11      -0.189199379184
1   105   6   11       0.070973172441
1   111   5   12      -0.056809802855
2   103   4   12       0.070973172411
2   103   4   13       0.189199379130
2   103   5   11       0.111272329821
2   103   6   11       0.296628360417
2   104   4   12      -0.189199379185
2   104   4   13       0.070973172440
2   104   5   11      -0.296628360913
2   104   6   11       0.111272330477
2   105   4   11      -0.490638939906
2   107   4   11       0.066970531037
4   105   4   11       0.066970531037
7   103   6   13       0.056809802660
8   104   5   12      -0.056809802891
0   103   12   5       0.130179598327
0   103   12   6       0.207676123559
0   103   13   5       0.207676123744
0   103   13   6       0.605895719826
0   104   12   5      -0.207676118670
0   104   12   6      -0.168624646524
0   104   13   5      -0.307091480231
0   104   13   6       0.207676120454
0   105   11   5      -0.070973172411
0   105   11   6      -0.189199379127
0   105   12   4      -0.111272329824
0   105   13   4      -0.296628360414
0   110   13   6      -0.056809802754
1   103   12   5      -0.207676118007
1   103   12   6      -0.307091479377
1   103   13   5      -0.168624647034
1   103   13   6       0.207676118745
1   104   12   5       0.605895722523
1   104   12   6      -0.207676126166
1   104   13   5      -0.207676126254
1   104   13   6       0.130179599547
1   105   11   5       0.189199379184
1   105   11   6      -0.070973172441
1   105   12   4       0.296628360904
1   105   13   4      -0.111272330477
1   111   12   5       0.056809802855
2   103   11   5      -0.111272329821
2   103   11   6      -0.296628360417
2   103   12   4      -0.070973172411
2   103   13   4      -0.189199379130
2   104   11   5       0.296628360913
2   104   11   6      -0.111272330477
2   104   12   4       0.189199379185
2   104   13   4      -0.070973172440
2   105   11   4       0.490638939906
2   107   11   4      -0.066970531037
4   105   11   4      -0.066970531037
7   103   13   6      -0.056809802660
8   104   12   5       0.056809802891
103   0   5   12       0.130179598327
103   0   5   13       0.207676123744
103   0   6   12       0.207676123559
103   0   6   13       0.605895719826
103   1   5   12      -0.207676118007
103   1   5   13      -0.168624647034
103   1   6   12      -0.307091479377
103   1   6   13       0.207676118745
103   2   4   12      -0.070973172411
103   2   4   13      -0.189199379130
103   2   5   11      -0.111272329821
103   2   6   11      -0.296628360417
103   7   6   13      -0.056809802660
104   0   5   12      -0.207676118670
104   0   5   13      -0.307091480231
104   0   6   12      -0.168624646524
104   0   6   13       0.207676120454
104   1   5   12       0.605895722523
104   1   5   13      -0.207676126254
104   1   6   12      -0.207676126166
104   1   6   13       0.130179599547
104   2   4   12       0.189199379185
104   2   4   13      -0.070973172440
104   2   5   11       0.296628360913
104   2   6   11      -0.111272330477
104   8   5   12       0.056809802891
105   0   4   12      -0.111272329824
105   0   4   13      -0.296628360414
105   0   5   11      -0.070973172411
105   0   6   11      -0.189199379127
105   1   4   12       0.296628360904
105   1   4   13      -0.111272330477
105   1   5   11       0.189199379184
105   1   6   11      -0.070973172441
105   2   4   11       0.490638939906
105   4   4   11      -0.066970531037
107   2   4   11      -0.066970531037
110   0   6   13      -0.056809802754
111   1   5   12       0.056809802855
103   0   12   5      -0.130179598327
103   0   12   6      -0.207676123559
103   0   13   5      -0.207676123744
103   0   13   6      -0.605895719826
103   1   12   5       0.207676118007
103   1   12   6       0.307091479377
103   1   13   5       0.168624647034
103   1   13   6      -0.207676118745
103   2   11   5       0.111272329821
103   2   11   6       0.296628360417
103   2   12   4       0.070973172411
103   2   13   4       0.189199379130
103   7   13   6       0.056809802660
104   0   12   5       0.207676118670
104   0   12   6       0.168624646524
104   0   13   5       0.307091480231
104   0   13   6      -0.207676120454
104   1   12   5      -0.605895722523
104   1   12   6       0.207676126166
104   1   13   5       0.207676126254
104   1   13   6      -0.130179599547
104   2   11   5      -0.296628360913
104   2   11   6       0.111272330477
104   2   12   4      -0.189199379185
104   2   13   4       0.070973172440
104   8   12   5      -0.056809802891
105   0   11   5       0.070973172411
105   0   11   6       0.189199379127
105   0   12   4       0.111272329824
105   0   13   4       0.296628360414
105   1   11   5      -0.189199379184
105   1   11   6       0.070973172441
105   1   12   4      -0.296628360904
105   1   13   4       0.111272330477
105   2   11   4      -0.490638939906
105   4   11   4       0.066970531037
107   2   11   4       0.066970531037
110   0   13   6       0.056809802754
111   1   12   5      -0.056809802855
103   104   12   13       0.138466832430
103   104   13   12      -0.138466832583
103   105   11   13       0.107428981936
103   105   13   11      -0.107428981932
104   103   12   13      -0.138466832430
104   103   13   12       0.138466832583
104   105   11   12      -0.107428982417
104   105   12   11       0.107428982411
105   103   11   13      -0.107428981936
105   103   13   11       0.107428981932
105   104   11   12       0.107428982417
105   104   12   11      -0.107428982411

