0   1   5   6      -0.104217802578
0   1   6   5       0.104217802569
0   2   4   5      -0.057844774427
0   2   5   4       0.057844774427
1   0   5   6       0.104217802578
1   0   6   5      -0.104217802569
1   2   4   6       0.057844774424
1   2   6   4      -0.057844774424
2   0   4   5       0.057844774427
2   0   5   4      -0.057844774427
2   1   4   6      -0.057844774424
2   1   6   4       0.057844774424
0   103   5   12      -0.436308094273
0   103   5   13       0.227023816621
0   103   6   12       0.227023816569
0   103   6   13      -0.186957191616
0   104   5   12       0.227023819809
0   104   5   13       0.072566545722
0   104   6   12       0.176784345651
0   104   6   13      -0.227023819790
0   105   4   12      -0.192247151535
0   105   4   13       0.113752578492
0   105   5   11      -0.134402378790
0   105   6   11       0.079525844836
1   103   5   12       0.227023819780
1   103   5   13       0.176784345723
1   103   6   12       0.072566545632
1   103   6   13      -0.227023819816
1   104   5   12      -0.186957191607
1   104   5   13      -0.227023816619
1   104   6   12      -0.227023816569
1   104   6   13      -0.436308094288
1   105   4   12       0.113752578490
1   105   4   13       0.192247151538
1   105   5   11       0.079525844833
1   105   6   11       0.134402378792
2   103   4   12      -0.134402378790
2   103   4   13       0.079525844836
2   103   5   11      -0.192247151535
2   103   6   11       0.113752578492
2   104   4   12       0.079525844834
2   104   4   13       0.134402378792
2   104   5   11       0.113752578490
2   104   6   11       0.192247151539
2   105   4   11      -0.350737661162
0   103   12   5       0.436308094273
0   103   12   6      -0.227023816569
0   103   13   5      -0.227023816621
0   103   13   6       0.186957191616
0   104   12   5      -0.227023819809
0   104   12   6      -0.176784345651
0   104   13   5      -0.072566545722
0   104   13   6       0.227023819790
0   105   11   5       0.134402378790
0   105   11   6      -0.079525844836
0   105   12   4       0.192247151535
0   105   13   4      -0.113752578492
1   103   12   5      -0.227023819780
1   103   12   6      -0.072566545632
1   103   13   5      -0.176784345723
1   103   13   6       0.227023819816
1   104   12   5       0.186957191607
1   104   12   6       0.227023816569
1   104   13   5       0.227023816619
1   104   13   6       0.436308094288
1   105   11   5      -0.079525844833
1   105   11   6      -0.134402378792
1   105   12   4      -0.113752578490
1   105   13   4      -0.192247151538
2   103   11   5       0.192247151535
2   103   11   6      -0.113752578492
2   103   12   4       0.134402378790
2   103   13   4      -0.079525844836
2   104   11   5      -0.113752578490
2   104   11   6      -0.192247151539
2   104   12   4      -0.079525844834
2   104   13   4      -0.134402378792
2   105   11   4       0.350737661162
0   110   5   12       0.059115996268
1   111   6   13      -0.059115996298
2   107   4   11      -0.061471296849
0   110   12   5      -0.059115996268
1   111   13   6       0.059115996298
2   107   11   4       0.061471296849
4   105   4   11      -0.061471296849
7   103   5   12       0.059115996267
8   104   6   13      -0.059115996297
4   105   11   4       0.061471296849
7   103   12   5      -0.059115996267
8   104   13   6       0.059115996297
103   0   5   12       0.436308094273
103   0   5   13      -0.227023816621
103   0   6   12      -0.227023816569
103   0   6   13       0.186957191616
103   1   5   12      -0.227023819780
103   1   5   13      -0.176784345723
103   1   6   12      -0.072566545632
103   1   6   13       0.227023819816
103   2   4   12       0.134402378790
103   2   4   13      -0.079525844836
103   2   5   11       0.192247151535
103   2   6   11      -0.113752578492
104   0   5   12      -0.227023819809
104   0   5   13      -0.072566545722
104   0   6   12      -0.176784345651
104   0   6   13       0.227023819790
104   1   5   12       0.186957191607
104   1   5   13       0.227023816619
104   1   6   12       0.227023816569
104   1   6   13       0.436308094288
104   2   4   12      -0.079525844834
104   2   4   13      -0.134402378792
104   2   5   11      -0.113752578490
104   2   6   11      -0.192247151539
105   0   4   12       0.192247151535
105   0   4   13      -0.113752578492
105   0   5   11       0.134402378790
105   0   6   11      -0.079525844836
105   1   4   12      -0.113752578490
105   1   4   13      -0.192247151538
105   1   5   11      -0.079525844833
105   1   6   11      -0.134402378792
105   2   4   11       0.350737661162
103   0   12   5      -0.436308094273
103   0   12   6       0.227023816569
103   0   13   5       0.227023816621
103   0   13   6      -0.186957191616
103   1   12   5       0.227023819780
103   1   12   6       0.072566545632
103   1   13   5       0.176784345723
103   1   13   6      -0.227023819816
103   2   11   5      -0.192247151535
103   2   11   6       0.113752578492
103   2   12   4      -0.134402378790
103   2   13   4       0.079525844836
104   0   12   5       0.227023819809
104   0   12   6       0.176784345651
104   0   13   5       0.072566545722
104   0   13   6      -0.227023819790
104   1   12   5      -0.186957191607
104   1   12   6      -0.227023816569
104   1   13   5      -0.227023816619
104   1   13   6      -0.436308094288
104   2   11   5       0.113752578490
104   2   11   6       0.192247151539
104   2   12   4       0.079525844834
104   2   13   4       0.134402378792
105   0   11   5      -0.134402378790
105   0   11   6       0.079525844836
105   0   12   4      -0.192247151535
105   0   13   4       0.113752578492
105   1   11   5       0.079525844833
105   1   11   6       0.134402378792
105   1   12   4       0.113752578490
105   1   13   4       0.192247151538
105   2   11   4      -0.350737661162
103   7   5   12      -0.059115996267
104   8   6   13       0.059115996297
105   4   4   11       0.061471296849
103   7   12   5       0.059115996267
104   8   13   6      -0.059115996297
105   4   11   4      -0.061471296849
103   104   12   13      -0.104217802578
103   104   13   12       0.104217802569
103   105   11   12      -0.057844774427
103   105   12   11       0.057844774427
104   103   12   13       0.104217802578
104   103   13   12      -0.104217802569
104   105   11   13       0.057844774424
104   105   13   11      -0.057844774424
105   103   11   12       0.057844774427
105   103   12   11      -0.057844774427
105   104   11   13      -0.057844774424
105   104   13   11       0.057844774424
107   2   4   11       0.061471296849
110   0   5   12      -0.059115996268
111   1   6   13       0.059115996298
107   2   11   4      -0.061471296849
110   0   12   5       0.059115996268
111   1   13   6      -0.059115996298

