Begin IJ Block
1   1   -26.0254377388
1   2   0.0000000478
1   3   -0.4779519399
1   4   -0.0000175982
1   5   -0.0603587860
2   2   -26.0255835012
2   3   -0.0000170058
2   4   0.4944157610
2   5   -0.0000021524
3   3   -6.9447891392
3   4   -0.0000000258
3   5   0.2228522763
4   4   -6.9069454386
4   5   -0.0000000130
5   5   -6.4535831593
6   6   -6.3818697201
6   7   -0.0000000119
7   7   -6.3818697232

End IJ Block
Begin IA Block
1   3   -0.0000026257
2   3   0.0736497530
3   3   -0.0000000200
4   3   -0.4083140922
5   3   0.0000000181
6   1   0.0000000056
6   2   -0.0000000170
7   1   0.0000000170
7   2   0.0000000055

End IA Block
Begin AB Block
1   1   -6.2133175368
1   2   -0.0000000015
2   2   -6.2133175396
3   3   -6.4271319363

End AB Block
Begin IJAB Block
1   8   1   4   0.0135052357
1   8   1   5   0.0000000000
1   8   2   4   0.0000000000
1   8   2   5   0.0135052358
1   8   3   6   0.0163578004
1   9   1   4   -0.0000000014
1   9   2   5   -0.0000000014
1   9   3   6   -0.0000000035
1   10   1   4   -0.0138151827
1   10   1   5   0.0000000000
1   10   2   4   0.0000000000
1   10   2   5   -0.0138151826
1   10   3   6   -0.0143992094
1   11   1   4   -0.0000005259
1   11   2   5   -0.0000005259
1   11   3   6   -0.0000005465
1   12   1   4   -0.0017366141
1   12   1   5   -0.0000000000
1   12   2   4   -0.0000000000
1   12   2   5   -0.0017366141
1   12   3   6   -0.0009612104
1   13   1   6   0.0009948274
1   13   2   6   -0.0030618215
1   13   3   4   -0.0006268339
1   13   3   5   0.0019292332
1   14   1   6   0.0030618215
1   14   2   6   0.0009948272
1   14   3   4   -0.0019292331
1   14   3   5   -0.0006268341
2   8   1   4   -0.0000000014
2   8   2   5   -0.0000000014
2   8   3   6   -0.0000000035
2   9   1   4   0.0135466584
2   9   1   5   0.0000000000
2   9   2   4   0.0000000000
2   9   2   5   0.0135466584
2   9   3   6   0.0164556401
2   10   1   4   -0.0000004918
2   10   2   5   -0.0000004918
2   10   3   6   -0.0000005125
2   11   1   4   0.0147815743
2   11   1   5   -0.0000000000
2   11   2   4   -0.0000000000
2   11   2   5   0.0147815743
2   11   3   6   0.0153598408
2   12   1   4   -0.0000000620
2   12   2   5   -0.0000000620
2   12   3   6   -0.0000000343
2   13   1   6   0.0000000354
2   13   2   6   -0.0000001091
2   13   3   4   -0.0000000223
2   13   3   5   0.0000000687
2   14   1   6   0.0000001091
2   14   2   6   0.0000000354
2   14   3   4   -0.0000000687
2   14   3   5   -0.0000000223
3   8   1   4   -0.0138151827
3   8   1   5   0.0000000000
3   8   2   4   0.0000000000
3   8   2   5   -0.0138151826
3   8   3   6   -0.0143992094
3   9   1   4   -0.0000004918
3   9   2   5   -0.0000004918
3   9   3   6   -0.0000005125
3   10   1   4   0.0590942603
3   10   1   5   0.0000000004
3   10   2   4   0.0000000004
3   10   2   5   0.0590942611
3   10   3   6   0.0654328173
3   11   1   4   -0.0000000012
3   11   2   5   -0.0000000012
3   11   3   6   -0.0000000013
3   12   1   4   0.0079237828
3   12   1   5   -0.0000000005
3   12   2   4   -0.0000000005
3   12   2   5   0.0079237818
3   12   3   6   -0.0232207482
3   13   1   6   -0.0040674675
3   13   2   6   0.0125186170
3   13   3   4   -0.0073345913
3   13   3   5   0.0225739792
3   14   1   6   -0.0125186164
3   14   2   6   -0.0040674687
3   14   3   4   -0.0225739790
3   14   3   5   -0.0073345918
4   8   1   4   -0.0000005259
4   8   2   5   -0.0000005259
4   8   3   6   -0.0000005465
4   9   1   4   0.0147815743
4   9   1   5   -0.0000000000
4   9   2   4   -0.0000000000
4   9   2   5   0.0147815743
4   9   3   6   0.0153598408
4   10   1   4   -0.0000000012
4   10   2   5   -0.0000000012
4   10   3   6   -0.0000000013
4   11   1   4   0.0669050379
4   11   1   5   0.0000000003
4   11   2   4   0.0000000003
4   11   2   5   0.0669050385
4   11   3   6   0.0667653020
4   12   1   4   -0.0000000007
4   12   2   5   -0.0000000007
4   12   3   6   0.0000000003
4   13   1   6   0.0000000001
4   13   2   6   -0.0000000004
4   13   3   4   0.0000000003
4   13   3   5   -0.0000000008
4   14   1   6   0.0000000004
4   14   2   6   0.0000000001
4   14   3   4   0.0000000008
4   14   3   5   0.0000000003
5   8   1   4   -0.0017366141
5   8   1   5   -0.0000000000
5   8   2   4   -0.0000000000
5   8   2   5   -0.0017366141
5   8   3   6   -0.0009612104
5   9   1   4   -0.0000000620
5   9   2   5   -0.0000000620
5   9   3   6   -0.0000000343
5   10   1   4   0.0079237828
5   10   1   5   -0.0000000005
5   10   2   4   -0.0000000005
5   10   2   5   0.0079237818
5   10   3   6   -0.0232207482
5   11   1   4   -0.0000000007
5   11   2   5   -0.0000000007
5   11   3   6   0.0000000003
5   12   1   4   0.0222858413
5   12   1   5   0.0000000001
5   12   2   4   0.0000000001
5   12   2   5   0.0222858414
5   12   3   6   0.1977160154
5   13   1   6   0.0060132753
5   13   2   6   -0.0185073098
5   13   3   4   0.0516957344
5   13   3   5   -0.1591061244
5   14   1   6   0.0185073095
5   14   2   6   0.0060132759
5   14   3   4   0.1591061241
5   14   3   5   0.0516957350
6   8   1   6   -0.0006268339
6   8   2   6   0.0019292332
6   8   3   4   0.0009948273
6   8   3   5   -0.0030618215
6   9   1   6   -0.0000000223
6   9   2   6   0.0000000687
6   9   3   4   0.0000000354
6   9   3   5   -0.0000001091
6   10   1   6   -0.0073345913
6   10   2   6   0.0225739792
6   10   3   4   -0.0040674675
6   10   3   5   0.0125186170
6   11   1   6   0.0000000003
6   11   2   6   -0.0000000008
6   11   3   4   0.0000000001
6   11   3   5   -0.0000000004
6   12   1   6   0.0516957344
6   12   2   6   -0.1591061245
6   12   3   4   0.0060132753
6   12   3   5   -0.0185073098
6   13   1   4   0.0429127868
6   13   1   5   -0.0593934071
6   13   2   4   -0.0593934071
6   13   2   5   0.2064126317
6   13   3   6   0.0246355068
6   14   1   4   0.0593934021
6   14   1   5   -0.0035647558
6   14   2   4   -0.1599350818
6   14   2   5   -0.0593934008
6   14   3   6   0.0000000001
7   8   1   6   -0.0019292331
7   8   2   6   -0.0006268341
7   8   3   4   0.0030618215
7   8   3   5   0.0009948272
7   9   1   6   -0.0000000687
7   9   2   6   -0.0000000223
7   9   3   4   0.0000001091
7   9   3   5   0.0000000354
7   10   1   6   -0.0225739790
7   10   2   6   -0.0073345918
7   10   3   4   -0.0125186164
7   10   3   5   -0.0040674687
7   11   1   6   0.0000000008
7   11   2   6   0.0000000003
7   11   3   4   0.0000000004
7   11   3   5   0.0000000001
7   12   1   6   0.1591061241
7   12   2   6   0.0516957350
7   12   3   4   0.0185073095
7   12   3   5   0.0060132759
7   13   1   4   0.0593934021
7   13   1   5   -0.1599350818
7   13   2   4   -0.0035647558
7   13   2   5   -0.0593934008
7   13   3   6   0.0000000001
7   14   1   4   0.2064126328
7   14   1   5   0.0593934062
7   14   2   4   0.0593934062
7   14   2   5   0.0429127861
7   14   3   6   0.0246355069

End IJAB Block
Begin IJKL Block
1   8   1   8   2.1747206110
1   8   1   9   -0.0001386045
1   8   1   10   0.1973481338
1   8   1   11   0.0000218567
1   8   1   12   0.0199500122
1   8   2   8   -0.0001386045
1   8   2   9   1.9447177982
1   8   2   10   -0.0000070537
1   8   2   11   -0.2044143089
1   8   2   12   -0.0000005821
1   8   3   8   0.1973481338
1   8   3   9   -0.0000070537
1   8   3   10   0.0285569563
1   8   3   11   0.0000020973
1   8   3   12   0.0022938510
1   8   4   8   0.0000218567
1   8   4   9   -0.2044143089
1   8   4   10   0.0000020973
1   8   4   11   0.0307958357
1   8   4   12   0.0000002751
1   8   5   8   0.0199500122
1   8   5   9   -0.0000005821
1   8   5   10   0.0022938510
1   8   5   11   0.0000002751
1   8   5   12   0.0114070867
1   8   6   13   0.0121155114
1   8   6   14   0.0000000001
1   8   7   13   0.0000000001
1   8   7   14   0.0121155114
1   9   1   8   -0.0001386045
1   9   1   9   2.1747813186
1   9   1   10   -0.0000070634
1   9   1   11   -0.2047651936
1   9   1   12   -0.0000004547
1   9   2   8   1.9447165523
1   9   2   9   0.0001385999
1   9   2   10   0.1976327986
1   9   2   11   -0.0000072936
1   9   2   12   0.0163634064
1   9   3   8   -0.0000070538
1   9   3   9   0.1973659982
1   9   3   10   -0.0000000026
1   9   3   11   -0.0294155735
1   9   3   12   -0.0000000004
1   9   4   8   -0.2044124903
1   9   4   9   -0.0000072810
1   9   4   10   -0.0294267472
1   9   4   11   0.0000000018
1   9   4   12   -0.0038544080
1   9   5   8   -0.0000005822
1   9   5   9   0.0199418637
1   9   5   10   -0.0000000004
1   9   5   11   -0.0038696725
1   9   5   12   0.0000000038
1   9   6   13   0.0000000019
1   9   7   14   0.0000000019
1   10   1   8   0.1973481338
1   10   1   9   -0.0000070634
1   10   1   10   0.5978537615
1   10   1   11   0.0000264287
1   10   1   12   -0.0086998833
1   10   2   8   -0.0000070538
1   10   2   9   0.1976367363
1   10   2   10   -0.0000000363
1   10   2   11   -0.3707926470
1   10   2   12   -0.0000000034
1   10   3   8   0.0307512549
1   10   3   9   -0.0000000032
1   10   3   10   0.0080416574
1   10   3   11   0.0000003149
1   10   3   12   0.0011876408
1   10   4   8   0.0000022556
1   10   4   9   -0.0316437158
1   10   4   10   0.0000003239
1   10   4   11   0.0088743853
1   10   4   12   -0.0000000246
1   10   5   8   0.0023171941
1   10   5   9   -0.0000000004
1   10   5   10   0.0039829284
1   10   5   11   -0.0000000581
1   10   5   12   -0.0137465385
1   10   6   13   -0.0139897034
1   10   6   14   -0.0000000000
1   10   7   13   -0.0000000000
1   10   7   14   -0.0139897034
1   11   1   8   0.0000218567
1   11   1   9   -0.2047651936
1   11   1   10   0.0000264287
1   11   1   11   0.6078746617
1   11   1   12   0.0000061223
1   11   2   8   -0.2044124903
1   11   2   9   -0.0000072935
1   11   2   10   -0.3708043763
1   11   2   11   0.0000000340
1   11   2   12   -0.0859024834
1   11   3   8   0.0000022556
1   11   3   9   -0.0316441362
1   11   3   10   0.0000003220
1   11   3   11   0.0092354555
1   11   3   12   0.0000000708
1   11   4   8   0.0332020563
1   11   4   9   0.0000000025
1   11   4   10   0.0087002347
1   11   4   11   0.0000003211
1   11   4   12   0.0002715005
1   11   5   8   0.0000002933
1   11   5   9   -0.0041255637
1   11   5   10   -0.0000000593
1   11   5   11   -0.0003346994
1   11   5   12   -0.0000004581
1   11   6   13   -0.0000004893
1   11   7   14   -0.0000004893
1   12   1   8   0.0199500122
1   12   1   9   -0.0000004547
1   12   1   10   -0.0086998833
1   12   1   11   0.0000061223
1   12   1   12   0.5789682882
1   12   2   8   -0.0000005822
1   12   2   9   0.0163645362
1   12   2   10   -0.0000000034
1   12   2   11   -0.0859019436
1   12   2   12   -0.0000000053
1   12   3   8   0.0023171941
1   12   3   9   -0.0000000004
1   12   3   10   0.0012479895
1   12   3   11   0.0000000732
1   12   3   12   0.0057113522
1   12   4   8   0.0000002933
1   12   4   9   -0.0041091835
1   12   4   10   -0.0000000224
1   12   4   11   0.0002530617
1   12   4   12   0.0000002144
1   12   5   8   0.0136741717
1   12   5   9   0.0000000036
1   12   5   10   -0.0143993437
1   12   5   11   -0.0000004834
1   12   5   12   0.0009363967
1   12   6   13   -0.0009685801
1   12   6   14   0.0000000000
1   12   7   13   0.0000000000
1   12   7   14   -0.0009685801
1   13   1   13   0.5810474308
1   13   1   14   0.0000000014
1   13   2   13   -0.0000000075
1   13   2   14   0.0000000000
1   13   3   13   0.0060197709
1   13   3   14   0.0000000000
1   13   4   13   0.0000002301
1   13   5   13   0.0024696458
1   13   5   14   0.0000000001
1   13   6   8   0.0145036594
1   13   6   9   0.0000000017
1   13   6   10   -0.0146619254
1   13   6   11   -0.0000005170
1   13   6   12   -0.0010796984
1   13   7   8   0.0000000000
1   13   7   10   -0.0000000001
1   13   7   12   0.0000000000
1   14   1   13   0.0000000014
1   14   1   14   0.5810474311
1   14   2   13   0.0000000000
1   14   2   14   -0.0000000075
1   14   3   13   0.0000000000
1   14   3   14   0.0060197709
1   14   4   14   0.0000002301
1   14   5   13   0.0000000001
1   14   5   14   0.0024696458
1   14   6   8   0.0000000000
1   14   6   10   -0.0000000001
1   14   6   12   0.0000000000
1   14   7   8   0.0145036594
1   14   7   9   0.0000000017
1   14   7   10   -0.0146619254
1   14   7   11   -0.0000005170
1   14   7   12   -0.0010796984
2   8   1   8   -0.0001386045
2   8   1   9   1.9447165523
2   8   1   10   -0.0000070538
2   8   1   11   -0.2044124903
2   8   1   12   -0.0000005822
2   8   2   8   2.1747813186
2   8   2   9   0.0001385999
2   8   2   10   0.1973659982
2   8   2   11   -0.0000072810
2   8   2   12   0.0199418637
2   8   3   8   -0.0000070634
2   8   3   9   0.1976327986
2   8   3   10   -0.0000000026
2   8   3   11   -0.0294267472
2   8   3   12   -0.0000000004
2   8   4   8   -0.2047651936
2   8   4   9   -0.0000072936
2   8   4   10   -0.0294155735
2   8   4   11   0.0000000018
2   8   4   12   -0.0038696725
2   8   5   8   -0.0000004547
2   8   5   9   0.0163634064
2   8   5   10   -0.0000000004
2   8   5   11   -0.0038544080
2   8   5   12   0.0000000038
2   8   6   13   0.0000000019
2   8   7   14   0.0000000019
2   9   1   8   1.9447177982
2   9   1   9   0.0001385999
2   9   1   10   0.1976367363
2   9   1   11   -0.0000072935
2   9   1   12   0.0163645362
2   9   2   8   0.0001385999
2   9   2   9   2.1748464038
2   9   2   10   0.0000211086
2   9   2   11   -0.2047624225
2   9   2   12   0.0000018776
2   9   3   8   0.1976367363
2   9   3   9   0.0000211086
2   9   3   10   0.0285412138
2   9   3   11   -0.0000020964
2   9   3   12   0.0023011857
2   9   4   8   -0.0000072935
2   9   4   9   -0.2047624225
2   9   4   10   -0.0000020964
2   9   4   11   0.0308156750
2   9   4   12   -0.0000002754
2   9   5   8   0.0163645362
2   9   5   9   0.0000018776
2   9   5   10   0.0023011857
2   9   5   11   -0.0000002754
2   9   5   12   0.0112912266
2   9   6   13   0.0120494007
2   9   6   14   0.0000000001
2   9   7   13   0.0000000001
2   9   7   14   0.0120494008
2   10   1   8   -0.0000070537
2   10   1   9   0.1976327986
2   10   1   10   -0.0000000363
2   10   1   11   -0.3708043763
2   10   1   12   -0.0000000034
2   10   2   8   0.1973659982
2   10   2   9   0.0000211086
2   10   2   10   0.5978403490
2   10   2   11   -0.0000264258
2   10   2   12   -0.0086900551
2   10   3   8   -0.0000000032
2   10   3   9   0.0307499792
2   10   3   10   0.0000002852
2   10   3   11   -0.0088215714
2   10   3   12   0.0000000423
2   10   4   8   -0.0316441362
2   10   4   9   -0.0000022550
2   10   4   10   -0.0090741664
2   10   4   11   0.0000003166
2   10   4   12   0.0006861642
2   10   5   8   -0.0000000004
2   10   5   9   0.0023246970
2   10   5   10   0.0000001421
2   10   5   11   0.0016221835
2   10   5   12   -0.0000004890
2   10   6   13   -0.0000004975
2   10   7   14   -0.0000004975
2   11   1   8   -0.2044143089
2   11   1   9   -0.0000072936
2   11   1   10   -0.3707926470
2   11   1   11   0.0000000340
2   11   1   12   -0.0859019436
2   11   2   8   -0.0000072810
2   11   2   9   -0.2047624225
2   11   2   10   -0.0000264258
2   11   2   11   0.6078949294
2   11   2   12   -0.0000061224
2   11   3   8   -0.0316437158
2   11   3   9   -0.0000022550
2   11   3   10   -0.0090194290
2   11   3   11   0.0000003295
2   11   3   12   -0.0019879566
2   11   4   8   0.0000000025
2   11   4   9   0.0332126345
2   11   4   10   0.0000003104
2   11   4   11   -0.0090452473
2   11   4   12   0.0000000098
2   11   5   8   -0.0041091835
2   11   5   9   -0.0000002936
2   11   5   10   0.0016568996
2   11   5   11   -0.0000000120
2   11   5   12   0.0128661226
2   11   6   13   0.0137402133
2   11   6   14   0.0000000000
2   11   7   13   0.0000000000
2   11   7   14   0.0137402133
2   12   1   8   -0.0000005821
2   12   1   9   0.0163634064
2   12   1   10   -0.0000000034
2   12   1   11   -0.0859024834
2   12   1   12   -0.0000000053
2   12   2   8   0.0199418637
2   12   2   9   0.0000018776
2   12   2   10   -0.0086900551
2   12   2   11   -0.0000061224
2   12   2   12   0.5789681636
2   12   3   8   -0.0000000004
2   12   3   9   0.0023246970
2   12   3   10   0.0000000445
2   12   3   11   -0.0020561598
2   12   3   12   0.0000002031
2   12   4   8   -0.0041255637
2   12   4   9   -0.0000002936
2   12   4   10   0.0006249114
2   12   4   11   0.0000000091
2   12   4   12   -0.0060200464
2   12   5   8   0.0000000036
2   12   5   9   0.0135655501
2   12   5   10   -0.0000005122
2   12   5   11   0.0135765178
2   12   5   12   0.0000000333
2   12   6   13   -0.0000000345
2   12   7   14   -0.0000000345
2   13   1   13   -0.0000000075
2   13   1   14   0.0000000000
2   13   2   13   0.5810472289
2   13   2   14   0.0000000014
2   13   3   13   0.0000002140
2   13   4   13   -0.0064596491
2   13   4   14   -0.0000000000
2   13   5   13   0.0000000880
2   13   6   8   0.0000000017
2   13   6   9   0.0144447928
2   13   6   10   -0.0000005215
2   13   6   11   0.0145197804
2   13   6   12   -0.0000000385
2   13   7   9   0.0000000000
2   13   7   11   0.0000000000
2   14   1   13   0.0000000000
2   14   1   14   -0.0000000075
2   14   2   13   0.0000000014
2   14   2   14   0.5810472293
2   14   3   14   0.0000002140
2   14   4   13   -0.0000000000
2   14   4   14   -0.0064596491
2   14   5   14   0.0000000880
2   14   6   9   0.0000000000
2   14   6   11   0.0000000000
2   14   7   8   0.0000000017
2   14   7   9   0.0144447928
2   14   7   10   -0.0000005215
2   14   7   11   0.0145197804
2   14   7   12   -0.0000000385
3   8   1   8   0.1973481338
3   8   1   9   -0.0000070538
3   8   1   10   0.0307512549
3   8   1   11   0.0000022556
3   8   1   12   0.0023171941
3   8   2   8   -0.0000070634
3   8   2   9   0.1976367363
3   8   2   10   -0.0000000032
3   8   2   11   -0.0316437158
3   8   2   12   -0.0000000004
3   8   3   8   0.5978537615
3   8   3   9   -0.0000000363
3   8   3   10   0.0080416574
3   8   3   11   0.0000003239
3   8   3   12   0.0039829284
3   8   4   8   0.0000264287
3   8   4   9   -0.3707926470
3   8   4   10   0.0000003149
3   8   4   11   0.0088743853
3   8   4   12   -0.0000000581
3   8   5   8   -0.0086998833
3   8   5   9   -0.0000000034
3   8   5   10   0.0011876408
3   8   5   11   -0.0000000246
3   8   5   12   -0.0137465385
3   8   6   13   -0.0139897034
3   8   6   14   -0.0000000000
3   8   7   13   -0.0000000000
3   8   7   14   -0.0139897034
3   9   1   8   -0.0000070537
3   9   1   9   0.1973659982
3   9   1   10   -0.0000000032
3   9   1   11   -0.0316441362
3   9   1   12   -0.0000000004
3   9   2   8   0.1976327986
3   9   2   9   0.0000211086
3   9   2   10   0.0307499792
3   9   2   11   -0.0000022550
3   9   2   12   0.0023246970
3   9   3   8   -0.0000000363
3   9   3   9   0.5978403490
3   9   3   10   0.0000002852
3   9   3   11   -0.0090741664
3   9   3   12   0.0000001421
3   9   4   8   -0.3708043763
3   9   4   9   -0.0000264258
3   9   4   10   -0.0088215714
3   9   4   11   0.0000003166
3   9   4   12   0.0016221835
3   9   5   8   -0.0000000034
3   9   5   9   -0.0086900551
3   9   5   10   0.0000000423
3   9   5   11   0.0006861642
3   9   5   12   -0.0000004890
3   9   6   13   -0.0000004975
3   9   7   14   -0.0000004975
3   10   1   8   0.0285569563
3   10   1   9   -0.0000000026
3   10   1   10   0.0080416574
3   10   1   11   0.0000003220
3   10   1   12   0.0012479895
3   10   2   8   -0.0000000026
3   10   2   9   0.0285412138
3   10   2   10   0.0000002852
3   10   2   11   -0.0090194290
3   10   2   12   0.0000000445
3   10   3   8   0.0080416574
3   10   3   9   0.0000002852
3   10   3   10   0.4557461927
3   10   3   11   0.0000000215
3   10   3   12   -0.0251952123
3   10   4   8   0.0000003220
3   10   4   9   -0.0090194290
3   10   4   10   0.0000000215
3   10   4   11   0.2194665279
3   10   4   12   0.0000000037
3   10   5   8   0.0012479895
3   10   5   9   0.0000000445
3   10   5   10   -0.0251952123
3   10   5   11   0.0000000037
3   10   5   12   0.0690892526
3   10   6   13   0.0617584786
3   10   6   14   0.0000000005
3   10   7   13   0.0000000005
3   10   7   14   0.0617584788
3   11   1   8   0.0000020973
3   11   1   9   -0.0294155735
3   11   1   10   0.0000003149
3   11   1   11   0.0092354555
3   11   1   12   0.0000000732
3   11   2   8   -0.0294267472
3   11   2   9   -0.0000020964
3   11   2   10   -0.0088215714
3   11   2   11   0.0000003295
3   11   2   12   -0.0020561598
3   11   3   8   0.0000003239
3   11   3   9   -0.0090741664
3   11   3   10   0.0000000215
3   11   3   11   0.4488617371
3   11   3   12   0.0000000070
3   11   4   8   0.0087002347
3   11   4   9   0.0000003104
3   11   4   10   0.2212757091
3   11   4   11   -0.0000000201
3   11   4   12   0.0605265215
3   11   5   8   -0.0000000224
3   11   5   9   0.0006249114
3   11   5   10   0.0000000038
3   11   5   11   -0.0007902855
3   11   5   12   0.0000000000
3   11   6   13   0.0000000008
3   11   7   14   0.0000000008
3   12   1   8   0.0022938510
3   12   1   9   -0.0000000004
3   12   1   10   0.0011876408
3   12   1   11   0.0000000708
3   12   1   12   0.0057113522
3   12   2   8   -0.0000000004
3   12   2   9   0.0023011857
3   12   2   10   0.0000000423
3   12   2   11   -0.0019879566
3   12   2   12   0.0000002031
3   12   3   8   0.0039829284
3   12   3   9   0.0000001421
3   12   3   10   -0.0251952123
3   12   3   11   0.0000000070
3   12   3   12   0.4424954337
3   12   4   8   -0.0000000593
3   12   4   9   0.0016568996
3   12   4   10   0.0000000038
3   12   4   11   0.0608189745
3   12   4   12   0.0000000028
3   12   5   8   -0.0143993437
3   12   5   9   -0.0000005122
3   12   5   10   0.0703178663
3   12   5   11   0.0000000006
3   12   5   12   -0.0180287379
3   12   6   13   0.0013739983
3   12   6   14   -0.0000000004
3   12   7   13   -0.0000000004
3   12   7   14   0.0013739981
3   13   1   13   0.0060197709
3   13   1   14   0.0000000000
3   13   2   13   0.0000002140
3   13   3   13   0.4367079473
3   13   3   14   0.0000000011
3   13   4   13   0.0000000043
3   13   5   13   -0.0173370447
3   13   5   14   -0.0000000008
3   13   6   8   -0.0146619254
3   13   6   9   -0.0000005215
3   13   6   10   0.0633805648
3   13   6   11   0.0000000011
3   13   6   12   0.0006820335
3   13   7   8   -0.0000000001
3   13   7   10   0.0000000004
3   13   7   12   -0.0000000003
3   14   1   13   0.0000000000
3   14   1   14   0.0060197709
3   14   2   14   0.0000002140
3   14   3   13   0.0000000011
3   14   3   14   0.4367079476
3   14   4   14   0.0000000043
3   14   5   13   -0.0000000008
3   14   5   14   -0.0173370450
3   14   6   8   -0.0000000001
3   14   6   10   0.0000000004
3   14   6   12   -0.0000000003
3   14   7   8   -0.0146619254
3   14   7   9   -0.0000005215
3   14   7   10   0.0633805649
3   14   7   11   0.0000000011
3   14   7   12   0.0006820334
4   8   1   8   0.0000218567
4   8   1   9   -0.2044124903
4   8   1   10   0.0000022556
4   8   1   11   0.0332020563
4   8   1   12   0.0000002933
4   8   2   8   -0.2047651936
4   8   2   9   -0.0000072935
4   8   2   10   -0.0316441362
4   8   2   11   0.0000000025
4   8   2   12   -0.0041255637
4   8   3   8   0.0000264287
4   8   3   9   -0.3708043763
4   8   3   10   0.0000003220
4   8   3   11   0.0087002347
4   8   3   12   -0.0000000593
4   8   4   8   0.6078746617
4   8   4   9   0.0000000340
4   8   4   10   0.0092354555
4   8   4   11   0.0000003211
4   8   4   12   -0.0003346994
4   8   5   8   0.0000061223
4   8   5   9   -0.0859024834
4   8   5   10   0.0000000708
4   8   5   11   0.0002715005
4   8   5   12   -0.0000004581
4   8   6   13   -0.0000004893
4   8   7   14   -0.0000004893
4   9   1   8   -0.2044143089
4   9   1   9   -0.0000072810
4   9   1   10   -0.0316437158
4   9   1   11   0.0000000025
4   9   1   12   -0.0041091835
4   9   2   8   -0.0000072936
4   9   2   9   -0.2047624225
4   9   2   10   -0.0000022550
4   9   2   11   0.0332126345
4   9   2   12   -0.0000002936
4   9   3   8   -0.3707926470
4   9   3   9   -0.0000264258
4   9   3   10   -0.0090194290
4   9   3   11   0.0000003104
4   9   3   12   0.0016568996
4   9   4   8   0.0000000340
4   9   4   9   0.6078949294
4   9   4   10   0.0000003295
4   9   4   11   -0.0090452473
4   9   4   12   -0.0000000120
4   9   5   8   -0.0859019436
4   9   5   9   -0.0000061224
4   9   5   10   -0.0019879566
4   9   5   11   0.0000000098
4   9   5   12   0.0128661226
4   9   6   13   0.0137402133
4   9   6   14   0.0000000000
4   9   7   13   0.0000000000
4   9   7   14   0.0137402133
4   10   1   8   0.0000020973
4   10   1   9   -0.0294267472
4   10   1   10   0.0000003239
4   10   1   11   0.0087002347
4   10   1   12   -0.0000000224
4   10   2   8   -0.0294155735
4   10   2   9   -0.0000020964
4   10   2   10   -0.0090741664
4   10   2   11   0.0000003104
4   10   2   12   0.0006249114
4   10   3   8   0.0000003149
4   10   3   9   -0.0088215714
4   10   3   10   0.0000000215
4   10   3   11   0.2212757091
4   10   3   12   0.0000000038
4   10   4   8   0.0092354555
4   10   4   9   0.0000003295
4   10   4   10   0.4488617371
4   10   4   11   -0.0000000201
4   10   4   12   -0.0007902855
4   10   5   8   0.0000000732
4   10   5   9   -0.0020561598
4   10   5   10   0.0000000070
4   10   5   11   0.0605265215
4   10   5   12   0.0000000000
4   10   6   13   0.0000000008
4   10   7   14   0.0000000008
4   11   1   8   0.0307958357
4   11   1   9   0.0000000018
4   11   1   10   0.0088743853
4   11   1   11   0.0000003211
4   11   1   12   0.0002530617
4   11   2   8   0.0000000018
4   11   2   9   0.0308156750
4   11   2   10   0.0000003166
4   11   2   11   -0.0090452473
4   11   2   12   0.0000000091
4   11   3   8   0.0088743853
4   11   3   9   0.0000003166
4   11   3   10   0.2194665279
4   11   3   11   -0.0000000201
4   11   3   12   0.0608189745
4   11   4   8   0.0000003211
4   11   4   9   -0.0090452473
4   11   4   10   -0.0000000201
4   11   4   11   0.4559342969
4   11   4   12   -0.0000000058
4   11   5   8   0.0002530617
4   11   5   9   0.0000000091
4   11   5   10   0.0608189745
4   11   5   11   -0.0000000058
4   11   5   12   0.0660520135
4   11   6   13   0.0567851886
4   11   6   14   0.0000000001
4   11   7   13   0.0000000001
4   11   7   14   0.0567851886
4   12   1   8   0.0000002751
4   12   1   9   -0.0038544080
4   12   1   10   -0.0000000246
4   12   1   11   0.0002715005
4   12   1   12   0.0000002144
4   12   2   8   -0.0038696725
4   12   2   9   -0.0000002754
4   12   2   10   0.0006861642
4   12   2   11   0.0000000098
4   12   2   12   -0.0060200464
4   12   3   8   -0.0000000581
4   12   3   9   0.0016221835
4   12   3   10   0.0000000037
4   12   3   11   0.0605265215
4   12   3   12   0.0000000028
4   12   4   8   -0.0003346994
4   12   4   9   -0.0000000120
4   12   4   10   -0.0007902855
4   12   4   11   -0.0000000058
4   12   4   12   0.4376898044
4   12   5   8   -0.0000004834
4   12   5   9   0.0135765178
4   12   5   10   0.0000000006
4   12   5   11   0.0667861652
4   12   5   12   0.0000000013
4   12   6   13   -0.0000000002
4   12   7   14   -0.0000000002
4   13   1   13   0.0000002301
4   13   2   13   -0.0064596491
4   13   2   14   -0.0000000000
4   13   3   13   0.0000000043
4   13   4   13   0.4331968178
4   13   4   14   0.0000000006
4   13   5   13   0.0000000016
4   13   6   8   -0.0000005170
4   13   6   9   0.0145197804
4   13   6   10   0.0000000011
4   13   6   11   0.0561127361
4   13   6   12   -0.0000000001
4   13   7   9   0.0000000000
4   13   7   11   -0.0000000003
4   14   1   14   0.0000002301
4   14   2   13   -0.0000000000
4   14   2   14   -0.0064596491
4   14   3   14   0.0000000043
4   14   4   13   0.0000000006
4   14   4   14   0.4331968180
4   14   5   14   0.0000000016
4   14   6   9   0.0000000000
4   14   6   11   -0.0000000003
4   14   7   8   -0.0000005170
4   14   7   9   0.0145197804
4   14   7   10   0.0000000011
4   14   7   11   0.0561127360
4   14   7   12   -0.0000000001
5   8   1   8   0.0199500122
5   8   1   9   -0.0000005822
5   8   1   10   0.0023171941
5   8   1   11   0.0000002933
5   8   1   12   0.0136741717
5   8   2   8   -0.0000004547
5   8   2   9   0.0163645362
5   8   2   10   -0.0000000004
5   8   2   11   -0.0041091835
5   8   2   12   0.0000000036
5   8   3   8   -0.0086998833
5   8   3   9   -0.0000000034
5   8   3   10   0.0012479895
5   8   3   11   -0.0000000224
5   8   3   12   -0.0143993437
5   8   4   8   0.0000061223
5   8   4   9   -0.0859019436
5   8   4   10   0.0000000732
5   8   4   11   0.0002530617
5   8   4   12   -0.0000004834
5   8   5   8   0.5789682882
5   8   5   9   -0.0000000053
5   8   5   10   0.0057113522
5   8   5   11   0.0000002144
5   8   5   12   0.0009363967
5   8   6   13   -0.0009685801
5   8   6   14   0.0000000000
5   8   7   13   0.0000000000
5   8   7   14   -0.0009685801
5   9   1   8   -0.0000005821
5   9   1   9   0.0199418637
5   9   1   10   -0.0000000004
5   9   1   11   -0.0041255637
5   9   1   12   0.0000000036
5   9   2   8   0.0163634064
5   9   2   9   0.0000018776
5   9   2   10   0.0023246970
5   9   2   11   -0.0000002936
5   9   2   12   0.0135655501
5   9   3   8   -0.0000000034
5   9   3   9   -0.0086900551
5   9   3   10   0.0000000445
5   9   3   11   0.0006249114
5   9   3   12   -0.0000005122
5   9   4   8   -0.0859024834
5   9   4   9   -0.0000061224
5   9   4   10   -0.0020561598
5   9   4   11   0.0000000091
5   9   4   12   0.0135765178
5   9   5   8   -0.0000000053
5   9   5   9   0.5789681636
5   9   5   10   0.0000002031
5   9   5   11   -0.0060200464
5   9   5   12   0.0000000333
5   9   6   13   -0.0000000345
5   9   7   14   -0.0000000345
5   10   1   8   0.0022938510
5   10   1   9   -0.0000000004
5   10   1   10   0.0039829284
5   10   1   11   -0.0000000593
5   10   1   12   -0.0143993437
5   10   2   8   -0.0000000004
5   10   2   9   0.0023011857
5   10   2   10   0.0000001421
5   10   2   11   0.0016568996
5   10   2   12   -0.0000005122
5   10   3   8   0.0011876408
5   10   3   9   0.0000000423
5   10   3   10   -0.0251952123
5   10   3   11   0.0000000038
5   10   3   12   0.0703178663
5   10   4   8   0.0000000708
5   10   4   9   -0.0019879566
5   10   4   10   0.0000000070
5   10   4   11   0.0608189745
5   10   4   12   0.0000000006
5   10   5   8   0.0057113522
5   10   5   9   0.0000002031
5   10   5   10   0.4424954337
5   10   5   11   0.0000000028
5   10   5   12   -0.0180287379
5   10   6   13   0.0013739983
5   10   6   14   -0.0000000004
5   10   7   13   -0.0000000004
5   10   7   14   0.0013739981
5   11   1   8   0.0000002751
5   11   1   9   -0.0038696725
5   11   1   10   -0.0000000581
5   11   1   11   -0.0003346994
5   11   1   12   -0.0000004834
5   11   2   8   -0.0038544080
5   11   2   9   -0.0000002754
5   11   2   10   0.0016221835
5   11   2   11   -0.0000000120
5   11   2   12   0.0135765178
5   11   3   8   -0.0000000246
5   11   3   9   0.0006861642
5   11   3   10   0.0000000037
5   11   3   11   -0.0007902855
5   11   3   12   0.0000000006
5   11   4   8   0.0002715005
5   11   4   9   0.0000000098
5   11   4   10   0.0605265215
5   11   4   11   -0.0000000058
5   11   4   12   0.0667861652
5   11   5   8   0.0000002144
5   11   5   9   -0.0060200464
5   11   5   10   0.0000000028
5   11   5   11   0.4376898044
5   11   5   12   0.0000000013
5   11   6   13   -0.0000000002
5   11   7   14   -0.0000000002
5   12   1   8   0.0114070867
5   12   1   9   0.0000000038
5   12   1   10   -0.0137465385
5   12   1   11   -0.0000004581
5   12   1   12   0.0009363967
5   12   2   8   0.0000000038
5   12   2   9   0.0112912266
5   12   2   10   -0.0000004890
5   12   2   11   0.0128661226
5   12   2   12   0.0000000333
5   12   3   8   -0.0137465385
5   12   3   9   -0.0000004890
5   12   3   10   0.0690892526
5   12   3   11   0.0000000000
5   12   3   12   -0.0180287379
5   12   4   8   -0.0000004581
5   12   4   9   0.0128661226
5   12   4   10   0.0000000000
5   12   4   11   0.0660520135
5   12   4   12   0.0000000013
5   12   5   8   0.0009363967
5   12   5   9   0.0000000333
5   12   5   10   -0.0180287379
5   12   5   11   0.0000000013
5   12   5   12   0.4497551265
5   12   6   13   0.0137908185
5   12   6   14   -0.0000000001
5   12   7   13   -0.0000000001
5   12   7   14   0.0137908185
5   13   1   13   0.0024696458
5   13   1   14   0.0000000001
5   13   2   13   0.0000000880
5   13   3   13   -0.0173370447
5   13   3   14   -0.0000000008
5   13   4   13   0.0000000016
5   13   5   13   0.4178381251
5   13   5   14   0.0000000004
5   13   6   8   -0.0010796984
5   13   6   9   -0.0000000385
5   13   6   10   0.0006820335
5   13   6   11   -0.0000000001
5   13   6   12   0.0121706523
5   13   7   8   0.0000000000
5   13   7   10   -0.0000000003
5   13   7   12   -0.0000000001
5   14   1   13   0.0000000001
5   14   1   14   0.0024696458
5   14   2   14   0.0000000880
5   14   3   13   -0.0000000008
5   14   3   14   -0.0173370450
5   14   4   14   0.0000000016
5   14   5   13   0.0000000004
5   14   5   14   0.4178381252
5   14   6   8   0.0000000000
5   14   6   10   -0.0000000003
5   14   6   12   -0.0000000001
5   14   7   8   -0.0010796984
5   14   7   9   -0.0000000385
5   14   7   10   0.0006820334
5   14   7   11   -0.0000000001
5   14   7   12   0.0121706523
6   8   1   13   0.0145036594
6   8   1   14   0.0000000000
6   8   2   13   0.0000000017
6   8   3   13   -0.0146619254
6   8   3   14   -0.0000000001
6   8   4   13   -0.0000005170
6   8   5   13   -0.0010796984
6   8   5   14   0.0000000000
6   8   6   8   0.5810474308
6   8   6   9   -0.0000000075
6   8   6   10   0.0060197709
6   8   6   11   0.0000002301
6   8   6   12   0.0024696458
6   8   7   8   0.0000000014
6   8   7   9   0.0000000000
6   8   7   10   0.0000000000
6   8   7   12   0.0000000001
6   9   1   13   0.0000000017
6   9   2   13   0.0144447928
6   9   2   14   0.0000000000
6   9   3   13   -0.0000005215
6   9   4   13   0.0145197804
6   9   4   14   0.0000000000
6   9   5   13   -0.0000000385
6   9   6   8   -0.0000000075
6   9   6   9   0.5810472289
6   9   6   10   0.0000002140
6   9   6   11   -0.0064596491
6   9   6   12   0.0000000880
6   9   7   8   0.0000000000
6   9   7   9   0.0000000014
6   9   7   11   -0.0000000000
6   10   1   13   -0.0146619254
6   10   1   14   -0.0000000001
6   10   2   13   -0.0000005215
6   10   3   13   0.0633805648
6   10   3   14   0.0000000004
6   10   4   13   0.0000000011
6   10   5   13   0.0006820335
6   10   5   14   -0.0000000003
6   10   6   8   0.0060197709
6   10   6   9   0.0000002140
6   10   6   10   0.4367079473
6   10   6   11   0.0000000043
6   10   6   12   -0.0173370447
6   10   7   8   0.0000000000
6   10   7   10   0.0000000011
6   10   7   12   -0.0000000008
6   11   1   13   -0.0000005170
6   11   2   13   0.0145197804
6   11   2   14   0.0000000000
6   11   3   13   0.0000000011
6   11   4   13   0.0561127361
6   11   4   14   -0.0000000003
6   11   5   13   -0.0000000001
6   11   6   8   0.0000002301
6   11   6   9   -0.0064596491
6   11   6   10   0.0000000043
6   11   6   11   0.4331968178
6   11   6   12   0.0000000016
6   11   7   9   -0.0000000000
6   11   7   11   0.0000000006
6   12   1   13   -0.0010796984
6   12   1   14   0.0000000000
6   12   2   13   -0.0000000385
6   12   3   13   0.0006820335
6   12   3   14   -0.0000000003
6   12   4   13   -0.0000000001
6   12   5   13   0.0121706523
6   12   5   14   -0.0000000001
6   12   6   8   0.0024696458
6   12   6   9   0.0000000880
6   12   6   10   -0.0173370447
6   12   6   11   0.0000000016
6   12   6   12   0.4178381251
6   12   7   8   0.0000000001
6   12   7   10   -0.0000000008
6   12   7   12   0.0000000004
6   13   1   8   0.0121155114
6   13   1   9   0.0000000019
6   13   1   10   -0.0139897034
6   13   1   11   -0.0000004893
6   13   1   12   -0.0009685801
6   13   2   8   0.0000000019
6   13   2   9   0.0120494007
6   13   2   10   -0.0000004975
6   13   2   11   0.0137402133
6   13   2   12   -0.0000000345
6   13   3   8   -0.0139897034
6   13   3   9   -0.0000004975
6   13   3   10   0.0617584786
6   13   3   11   0.0000000008
6   13   3   12   0.0013739983
6   13   4   8   -0.0000004893
6   13   4   9   0.0137402133
6   13   4   10   0.0000000008
6   13   4   11   0.0567851886
6   13   4   12   -0.0000000002
6   13   5   8   -0.0009685801
6   13   5   9   -0.0000000345
6   13   5   10   0.0013739983
6   13   5   11   -0.0000000002
6   13   5   12   0.0137908185
6   13   6   13   0.4374218178
6   13   6   14   0.0000000021
6   13   7   13   0.0000000021
6   13   7   14   0.0132703187
6   14   1   8   0.0000000001
6   14   1   10   -0.0000000000
6   14   1   12   0.0000000000
6   14   2   9   0.0000000001
6   14   2   11   0.0000000000
6   14   3   8   -0.0000000000
6   14   3   10   0.0000000005
6   14   3   12   -0.0000000004
6   14   4   9   0.0000000000
6   14   4   11   0.0000000001
6   14   5   8   0.0000000000
6   14   5   10   -0.0000000004
6   14   5   12   -0.0000000001
6   14   6   13   0.0000000021
6   14   6   14   0.4139366713
6   14   7   13   0.0102148179
6   14   7   14   0.0000000006
7   8   1   13   0.0000000000
7   8   1   14   0.0145036594
7   8   2   14   0.0000000017
7   8   3   13   -0.0000000001
7   8   3   14   -0.0146619254
7   8   4   14   -0.0000005170
7   8   5   13   0.0000000000
7   8   5   14   -0.0010796984
7   8   6   8   0.0000000014
7   8   6   9   0.0000000000
7   8   6   10   0.0000000000
7   8   6   12   0.0000000001
7   8   7   8   0.5810474311
7   8   7   9   -0.0000000075
7   8   7   10   0.0060197709
7   8   7   11   0.0000002301
7   8   7   12   0.0024696458
7   9   1   14   0.0000000017
7   9   2   13   0.0000000000
7   9   2   14   0.0144447928
7   9   3   14   -0.0000005215
7   9   4   13   0.0000000000
7   9   4   14   0.0145197804
7   9   5   14   -0.0000000385
7   9   6   8   0.0000000000
7   9   6   9   0.0000000014
7   9   6   11   -0.0000000000
7   9   7   8   -0.0000000075
7   9   7   9   0.5810472293
7   9   7   10   0.0000002140
7   9   7   11   -0.0064596491
7   9   7   12   0.0000000880
7   10   1   13   -0.0000000001
7   10   1   14   -0.0146619254
7   10   2   14   -0.0000005215
7   10   3   13   0.0000000004
7   10   3   14   0.0633805649
7   10   4   14   0.0000000011
7   10   5   13   -0.0000000003
7   10   5   14   0.0006820334
7   10   6   8   0.0000000000
7   10   6   10   0.0000000011
7   10   6   12   -0.0000000008
7   10   7   8   0.0060197709
7   10   7   9   0.0000002140
7   10   7   10   0.4367079476
7   10   7   11   0.0000000043
7   10   7   12   -0.0173370450
7   11   1   14   -0.0000005170
7   11   2   13   0.0000000000
7   11   2   14   0.0145197804
7   11   3   14   0.0000000011
7   11   4   13   -0.0000000003
7   11   4   14   0.0561127360
7   11   5   14   -0.0000000001
7   11   6   9   -0.0000000000
7   11   6   11   0.0000000006
7   11   7   8   0.0000002301
7   11   7   9   -0.0064596491
7   11   7   10   0.0000000043
7   11   7   11   0.4331968180
7   11   7   12   0.0000000016
7   12   1   13   0.0000000000
7   12   1   14   -0.0010796984
7   12   2   14   -0.0000000385
7   12   3   13   -0.0000000003
7   12   3   14   0.0006820334
7   12   4   14   -0.0000000001
7   12   5   13   -0.0000000001
7   12   5   14   0.0121706523
7   12   6   8   0.0000000001
7   12   6   10   -0.0000000008
7   12   6   12   0.0000000004
7   12   7   8   0.0024696458
7   12   7   9   0.0000000880
7   12   7   10   -0.0173370450
7   12   7   11   0.0000000016
7   12   7   12   0.4178381252
7   13   1   8   0.0000000001
7   13   1   10   -0.0000000000
7   13   1   12   0.0000000000
7   13   2   9   0.0000000001
7   13   2   11   0.0000000000
7   13   3   8   -0.0000000000
7   13   3   10   0.0000000005
7   13   3   12   -0.0000000004
7   13   4   9   0.0000000000
7   13   4   11   0.0000000001
7   13   5   8   0.0000000000
7   13   5   10   -0.0000000004
7   13   5   12   -0.0000000001
7   13   6   13   0.0000000021
7   13   6   14   0.0102148179
7   13   7   13   0.4139366712
7   13   7   14   0.0000000007
7   14   1   8   0.0121155114
7   14   1   9   0.0000000019
7   14   1   10   -0.0139897034
7   14   1   11   -0.0000004893
7   14   1   12   -0.0009685801
7   14   2   8   0.0000000019
7   14   2   9   0.0120494008
7   14   2   10   -0.0000004975
7   14   2   11   0.0137402133
7   14   2   12   -0.0000000345
7   14   3   8   -0.0139897034
7   14   3   9   -0.0000004975
7   14   3   10   0.0617584788
7   14   3   11   0.0000000008
7   14   3   12   0.0013739981
7   14   4   8   -0.0000004893
7   14   4   9   0.0137402133
7   14   4   10   0.0000000008
7   14   4   11   0.0567851886
7   14   4   12   -0.0000000002
7   14   5   8   -0.0009685801
7   14   5   9   -0.0000000345
7   14   5   10   0.0013739981
7   14   5   11   -0.0000000002
7   14   5   12   0.0137908185
7   14   6   13   0.0132703187
7   14   6   14   0.0000000006
7   14   7   13   0.0000000007
7   14   7   14   0.4374218185

End IJKL Block
Begin ABCD Block
1   4   1   4   0.4363630269
1   4   1   5   0.0000000037
1   4   2   4   0.0000000037
1   4   2   5   0.0167015757
1   4   3   6   0.0184524816
1   5   1   4   0.0000000037
1   5   1   5   0.4039457632
1   5   2   4   0.0157156869
1   5   2   5   -0.0000000043
1   5   3   6   0.0000000000
1   6   1   6   0.4186370653
1   6   2   6   -0.0000000001
1   6   3   4   0.0177536698
1   6   3   5   -0.0000000000
2   4   1   4   0.0000000037
2   4   1   5   0.0157156869
2   4   2   4   0.4039457632
2   4   2   5   -0.0000000043
2   4   3   6   0.0000000000
2   5   1   4   0.0167015757
2   5   1   5   -0.0000000043
2   5   2   4   -0.0000000043
2   5   2   5   0.4363630257
2   5   3   6   0.0184524816
2   6   1   6   -0.0000000001
2   6   2   6   0.4186370650
2   6   3   4   -0.0000000000
2   6   3   5   0.0177536698
3   4   1   6   0.0177536698
3   4   2   6   -0.0000000000
3   4   3   4   0.4186370653
3   4   3   5   -0.0000000001
3   5   1   6   -0.0000000000
3   5   2   6   0.0177536698
3   5   3   4   -0.0000000001
3   5   3   5   0.4186370650
3   6   1   4   0.0184524816
3   6   1   5   0.0000000000
3   6   2   4   0.0000000000
3   6   2   5   0.0184524816
3   6   3   6   0.4711034262

End ABCD Block
Begin AIJB Block
1   8   1   4   0.0128915257
1   8   1   5   0.0000000000
1   8   2   4   -0.0000000012
1   8   3   4   -0.0128803440
1   8   3   5   -0.0000000000
1   8   4   4   -0.0000004879
1   8   5   4   -0.0014616435
1   8   5   5   0.0000000000
1   8   6   6   -0.0006788695
1   8   7   6   -0.0020893850
1   9   1   4   -0.0000000012
1   9   2   4   0.0129311079
1   9   2   5   0.0000000000
1   9   3   4   -0.0000004585
1   9   4   4   0.0137135171
1   9   4   5   -0.0000000000
1   9   5   4   -0.0000000521
1   9   6   6   -0.0000000242
1   9   7   6   -0.0000000744
1   10   1   4   -0.0128803440
1   10   1   5   -0.0000000000
1   10   2   4   -0.0000004585
1   10   3   4   0.0578170250
1   10   3   5   0.0000000001
1   10   4   4   -0.0000000006
1   10   5   4   0.0077998467
1   10   5   5   -0.0000000001
1   10   6   6   -0.0070211235
1   10   7   6   -0.0216092049
1   11   1   4   -0.0000004879
1   11   2   4   0.0137135171
1   11   2   5   -0.0000000000
1   11   3   4   -0.0000000006
1   11   4   4   0.0675644245
1   11   4   5   -0.0000000001
1   11   5   4   -0.0000000006
1   11   6   6   0.0000000003
1   11   7   6   0.0000000008
1   12   1   4   -0.0014616435
1   12   1   5   0.0000000000
1   12   2   4   -0.0000000521
1   12   3   4   0.0077998467
1   12   3   5   -0.0000000001
1   12   4   4   -0.0000000006
1   12   5   4   0.0225717990
1   12   5   5   -0.0000000000
1   12   6   6   0.0521043447
1   12   7   6   0.1603637209
1   13   1   6   0.0008223686
1   13   2   6   0.0000000293
1   13   3   6   -0.0031143201
1   13   4   6   0.0000000002
1   13   5   6   0.0052153796
1   13   6   4   0.0424664562
1   13   6   5   -0.0580425232
1   13   7   4   0.0580425181
1   13   7   5   -0.1598449433
1   14   1   6   0.0025310382
1   14   2   6   0.0000000902
1   14   3   6   -0.0095850728
1   14   4   6   0.0000000005
1   14   5   6   0.0160515917
1   14   6   4   0.0580425181
1   14   6   5   0.0000638566
1   14   7   4   0.2022475505
1   14   7   5   0.0580425221
2   8   1   4   0.0000000000
2   8   1   5   0.0128915257
2   8   2   5   -0.0000000012
2   8   3   4   -0.0000000000
2   8   3   5   -0.0128803440
2   8   4   5   -0.0000004879
2   8   5   4   0.0000000000
2   8   5   5   -0.0014616434
2   8   6   6   0.0020893851
2   8   7   6   -0.0006788695
2   9   1   5   -0.0000000012
2   9   2   4   0.0000000000
2   9   2   5   0.0129311079
2   9   3   5   -0.0000004585
2   9   4   4   -0.0000000000
2   9   4   5   0.0137135171
2   9   5   5   -0.0000000521
2   9   6   6   0.0000000744
2   9   7   6   -0.0000000242
2   10   1   4   -0.0000000000
2   10   1   5   -0.0128803440
2   10   2   5   -0.0000004585
2   10   3   4   0.0000000001
2   10   3   5   0.0578170252
2   10   4   5   -0.0000000006
2   10   5   4   -0.0000000001
2   10   5   5   0.0077998464
2   10   6   6   0.0216092047
2   10   7   6   -0.0070211231
2   11   1   5   -0.0000004879
2   11   2   4   -0.0000000000
2   11   2   5   0.0137135171
2   11   3   5   -0.0000000006
2   11   4   4   -0.0000000001
2   11   4   5   0.0675644244
2   11   5   5   -0.0000000006
2   11   6   6   -0.0000000008
2   11   7   6   0.0000000003
2   12   1   4   0.0000000000
2   12   1   5   -0.0014616434
2   12   2   5   -0.0000000521
2   12   3   4   -0.0000000001
2   12   3   5   0.0077998464
2   12   4   5   -0.0000000006
2   12   5   4   -0.0000000000
2   12   5   5   0.0225717989
2   12   6   6   -0.1603637211
2   12   7   6   0.0521043451
2   13   1   6   -0.0025310382
2   13   2   6   -0.0000000902
2   13   3   6   0.0095850727
2   13   4   6   -0.0000000005
2   13   5   6   -0.0160515916
2   13   6   4   -0.0580425232
2   13   6   5   0.2022475493
2   13   7   4   0.0000638566
2   13   7   5   -0.0580425175
2   14   1   6   0.0008223686
2   14   2   6   0.0000000293
2   14   3   6   -0.0031143198
2   14   4   6   0.0000000002
2   14   5   6   0.0052153794
2   14   6   4   -0.1598449433
2   14   6   5   -0.0580425175
2   14   7   4   0.0580425221
2   14   7   5   0.0424664551
3   8   1   6   0.0154847982
3   8   2   6   -0.0000000034
3   8   3   6   -0.0132668460
3   8   4   6   -0.0000005093
3   8   5   6   -0.0012880838
3   8   6   4   0.0008223686
3   8   6   5   -0.0025310382
3   8   7   4   0.0025310382
3   8   7   5   0.0008223686
3   9   1   6   -0.0000000034
3   9   2   6   0.0155834874
3   9   3   6   -0.0000004722
3   9   4   6   0.0143132498
3   9   5   6   -0.0000000460
3   9   6   4   0.0000000293
3   9   6   5   -0.0000000902
3   9   7   4   0.0000000902
3   9   7   5   0.0000000293
3   10   1   6   -0.0132668460
3   10   2   6   -0.0000004722
3   10   3   6   0.0616367832
3   10   4   6   -0.0000000005
3   10   5   6   -0.0208038702
3   10   6   4   -0.0031143201
3   10   6   5   0.0095850727
3   10   7   4   -0.0095850728
3   10   7   5   -0.0031143198
3   11   1   6   -0.0000005093
3   11   2   6   0.0143132498
3   11   3   6   -0.0000000005
3   11   4   6   0.0660117666
3   11   5   6   0.0000000003
3   11   6   4   0.0000000002
3   11   6   5   -0.0000000005
3   11   7   4   0.0000000005
3   11   7   5   0.0000000002
3   12   1   6   -0.0012880838
3   12   2   6   -0.0000000460
3   12   3   6   -0.0208038702
3   12   4   6   0.0000000003
3   12   5   6   0.1976364775
3   12   6   4   0.0052153796
3   12   6   5   -0.0160515916
3   12   7   4   0.0160515917
3   12   7   5   0.0052153794
3   13   1   4   -0.0006788695
3   13   1   5   0.0020893851
3   13   2   4   -0.0000000242
3   13   2   5   0.0000000744
3   13   3   4   -0.0070211235
3   13   3   5   0.0216092047
3   13   4   4   0.0000000003
3   13   4   5   -0.0000000008
3   13   5   4   0.0521043447
3   13   5   5   -0.1603637211
3   13   6   6   0.0240384267
3   13   7   6   0.0000000002
3   14   1   4   -0.0020893850
3   14   1   5   -0.0006788695
3   14   2   4   -0.0000000744
3   14   2   5   -0.0000000242
3   14   3   4   -0.0216092049
3   14   3   5   -0.0070211231
3   14   4   4   0.0000000008
3   14   4   5   0.0000000003
3   14   5   4   0.1603637209
3   14   5   5   0.0521043451
3   14   6   6   0.0000000002
3   14   7   6   0.0240384268

1   8   8   1   -0.5622373902
1   8   8   2   -0.0000000001
1   8   9   1   -0.0000000056
1   8   10   1   -0.0049447049
1   8   10   2   -0.0000000000
1   8   11   1   -0.0000001874
1   8   12   1   -0.0014745673
1   8   12   2   -0.0000000000
1   8   13   3   -0.0008799025
1   8   14   3   -0.0027081128
1   9   8   1   -0.0000000056
1   9   9   1   -0.5622378738
1   9   9   2   -0.0000000001
1   9   10   1   -0.0000001760
1   9   11   1   0.0052666861
1   9   11   2   0.0000000000
1   9   12   1   -0.0000000525
1   9   13   3   -0.0000000313
1   9   14   3   -0.0000000965
1   10   8   1   -0.0049447049
1   10   8   2   -0.0000000000
1   10   9   1   -0.0000001760
1   10   10   1   -0.4357110515
1   10   10   2   -0.0000000002
1   10   11   1   0.0000000033
1   10   12   1   0.0088807013
1   10   12   2   0.0000000003
1   10   13   3   0.0037415021
1   10   14   3   0.0115153774
1   11   8   1   -0.0000001874
1   11   9   1   0.0052666861
1   11   9   2   0.0000000000
1   11   10   1   0.0000000033
1   11   11   1   -0.4386081745
1   11   11   2   -0.0000000000
1   11   12   1   0.0000000008
1   11   13   3   -0.0000000002
1   11   14   3   -0.0000000005
1   12   8   1   -0.0014745673
1   12   8   2   -0.0000000000
1   12   9   1   -0.0000000525
1   12   10   1   0.0088807013
1   12   10   2   0.0000000003
1   12   11   1   0.0000000008
1   12   12   1   -0.4204975557
1   12   12   2   0.0000000001
1   12   13   3   -0.0052565012
1   12   14   3   -0.0161781534
1   13   8   3   -0.0008612063
1   13   9   3   -0.0000000307
1   13   10   3   0.0038665521
1   13   11   3   -0.0000000002
1   13   12   3   -0.0060537391
1   13   13   1   -0.4218420932
1   13   13   2   0.0111970425
1   13   14   1   -0.0111970373
1   13   14   2   0.0140749067
1   14   8   3   -0.0026505705
1   14   9   3   -0.0000000944
1   14   10   3   0.0119002490
1   14   11   3   -0.0000000006
1   14   12   3   -0.0186318456
1   14   13   1   -0.0111970373
1   14   13   2   0.0167486192
1   14   14   1   -0.4526656257
1   14   14   2   -0.0111970427
2   8   8   1   -0.0000000001
2   8   8   2   -0.5622373904
2   8   9   2   -0.0000000056
2   8   10   1   -0.0000000000
2   8   10   2   -0.0049447049
2   8   11   2   -0.0000001874
2   8   12   1   -0.0000000000
2   8   12   2   -0.0014745673
2   8   13   3   0.0027081128
2   8   14   3   -0.0008799025
2   9   8   2   -0.0000000056
2   9   9   1   -0.0000000001
2   9   9   2   -0.5622378740
2   9   10   2   -0.0000001760
2   9   11   1   0.0000000000
2   9   11   2   0.0052666861
2   9   12   2   -0.0000000525
2   9   13   3   0.0000000965
2   9   14   3   -0.0000000313
2   10   8   1   -0.0000000000
2   10   8   2   -0.0049447049
2   10   9   2   -0.0000001760
2   10   10   1   -0.0000000002
2   10   10   2   -0.4357110519
2   10   11   2   0.0000000033
2   10   12   1   0.0000000003
2   10   12   2   0.0088807018
2   10   13   3   -0.0115153774
2   10   14   3   0.0037415021
2   11   8   2   -0.0000001874
2   11   9   1   0.0000000000
2   11   9   2   0.0052666861
2   11   10   2   0.0000000033
2   11   11   1   -0.0000000000
2   11   11   2   -0.4386081746
2   11   12   2   0.0000000008
2   11   13   3   0.0000000005
2   11   14   3   -0.0000000002
2   12   8   1   -0.0000000000
2   12   8   2   -0.0014745673
2   12   9   2   -0.0000000525
2   12   10   1   0.0000000003
2   12   10   2   0.0088807018
2   12   11   2   0.0000000008
2   12   12   1   0.0000000001
2   12   12   2   -0.4204975556
2   12   13   3   0.0161781534
2   12   14   3   -0.0052565012
2   13   8   3   0.0026505705
2   13   9   3   0.0000000944
2   13   10   3   -0.0119002489
2   13   11   3   0.0000000006
2   13   12   3   0.0186318455
2   13   13   1   0.0111970425
2   13   13   2   -0.4526656262
2   13   14   1   0.0167486192
2   13   14   2   0.0111970390
2   14   8   3   -0.0008612063
2   14   9   3   -0.0000000307
2   14   10   3   0.0038665520
2   14   11   3   -0.0000000002
2   14   12   3   -0.0060537388
2   14   13   1   0.0140749067
2   14   13   2   0.0111970390
2   14   14   1   -0.0111970427
2   14   14   2   -0.4218420932
3   8   8   3   -0.5948142284
3   8   9   3   -0.0000000034
3   8   10   3   -0.0055425332
3   8   11   3   -0.0000002326
3   8   12   3   -0.0063421525
3   8   13   1   -0.0008612063
3   8   13   2   0.0026505705
3   8   14   1   -0.0026505705
3   8   14   2   -0.0008612063
3   9   8   3   -0.0000000034
3   9   9   3   -0.5948119190
3   9   10   3   -0.0000001972
3   9   11   3   0.0065357562
3   9   12   3   -0.0000002259
3   9   13   1   -0.0000000307
3   9   13   2   0.0000000944
3   9   14   1   -0.0000000944
3   9   14   2   -0.0000000307
3   10   8   3   -0.0055425332
3   10   9   3   -0.0000001972
3   10   10   3   -0.4560075642
3   10   11   3   0.0000000022
3   10   12   3   0.0290410345
3   10   13   1   0.0038665521
3   10   13   2   -0.0119002489
3   10   14   1   0.0119002490
3   10   14   2   0.0038665520
3   11   8   3   -0.0000002326
3   11   9   3   0.0065357562
3   11   10   3   0.0000000022
3   11   11   3   -0.4512071223
3   11   12   3   -0.0000000004
3   11   13   1   -0.0000000002
3   11   13   2   0.0000000006
3   11   14   1   -0.0000000006
3   11   14   2   -0.0000000002
3   12   8   3   -0.0063421525
3   12   9   3   -0.0000002259
3   12   10   3   0.0290410345
3   12   11   3   -0.0000000004
3   12   12   3   -0.4716315703
3   12   13   1   -0.0060537391
3   12   13   2   0.0186318455
3   12   14   1   -0.0186318456
3   12   14   2   -0.0060537388
3   13   8   1   -0.0008799025
3   13   8   2   0.0027081128
3   13   9   1   -0.0000000313
3   13   9   2   0.0000000965
3   13   10   1   0.0037415021
3   13   10   2   -0.0115153774
3   13   11   1   -0.0000000002
3   13   11   2   0.0000000005
3   13   12   1   -0.0052565012
3   13   12   2   0.0161781534
3   13   13   3   -0.4342870779
3   13   14   3   -0.0000000007
3   14   8   1   -0.0027081128
3   14   8   2   -0.0008799025
3   14   9   1   -0.0000000965
3   14   9   2   -0.0000000313
3   14   10   1   0.0115153774
3   14   10   2   0.0037415021
3   14   11   1   -0.0000000005
3   14   11   2   -0.0000000002
3   14   12   1   -0.0161781534
3   14   12   2   -0.0052565012
3   14   13   3   -0.0000000007
3   14   14   3   -0.4342870781

End AIJB Block
Begin IJKA Block
1   8   1   6   0.0000043870
1   8   2   6   -0.0421437218
1   8   3   6   0.0000004939
1   8   4   6   0.0053777416
1   8   5   6   -0.0000008887
1   8   6   4   -0.0000002855
1   8   6   5   0.0000008788
1   8   7   4   -0.0000008788
1   8   7   5   -0.0000002855
1   9   1   6   -0.0388091315
1   9   2   6   -0.0000015011
1   9   3   6   -0.0069325424
1   9   4   6   0.0000000007
1   9   5   6   0.0125183148
1   9   6   4   0.0040131778
1   9   6   5   -0.0123515249
1   9   7   4   0.0123515249
1   9   7   5   0.0040131777
1   10   1   6   0.0000038599
1   10   2   6   -0.0541308448
1   10   3   6   0.0000000403
1   10   4   6   0.0029462140
1   10   5   6   0.0000004690
1   10   6   4   0.0000001472
1   10   6   5   -0.0000004532
1   10   7   4   0.0000004532
1   10   7   5   0.0000001472
1   11   1   6   0.0413749713
1   11   2   6   0.0000000027
1   11   3   6   0.0006754958
1   11   4   6   0.0000000954
1   11   5   6   0.0142011972
1   11   6   4   0.0044276699
1   11   6   5   -0.0136272247
1   11   7   4   0.0136272247
1   11   7   5   0.0044276699
1   12   1   6   -0.0000216895
1   12   2   6   0.3043193222
1   12   3   6   -0.0000001250
1   12   4   6   -0.0034347737
1   12   5   6   0.0000000204
1   12   6   4   0.0000000161
1   12   6   5   -0.0000000496
1   12   7   4   0.0000000496
1   12   7   5   0.0000000161
1   13   1   4   -0.0000071014
1   13   1   5   0.0000218561
1   13   2   4   0.0996376480
1   13   2   5   -0.3066589536
1   13   3   4   -0.0000000415
1   13   3   5   0.0000001277
1   13   4   4   -0.0010925756
1   13   4   5   0.0033626663
1   13   5   4   0.0000000163
1   13   5   5   -0.0000000501
1   13   6   6   -0.0000000933
1   14   1   4   -0.0000218561
1   14   1   5   -0.0000071014
1   14   2   4   0.3066589542
1   14   2   5   0.0996376470
1   14   3   4   -0.0000001277
1   14   3   5   -0.0000000415
1   14   4   4   -0.0033626661
1   14   4   5   -0.0010925760
1   14   5   4   0.0000000501
1   14   5   5   0.0000000163
1   14   7   6   -0.0000000933
2   8   1   6   -0.0421459678
2   8   2   6   -0.0000016200
2   8   3   6   -0.0069184827
2   8   4   6   0.0000000007
2   8   5   6   0.0124154482
2   8   6   4   0.0039977743
2   8   6   5   -0.0123041170
2   8   7   4   0.0123041170
2   8   7   5   0.0039977742
2   9   1   6   -0.0000015011
2   9   2   6   -0.0388225247
2   9   3   6   -0.0000004932
2   9   4   6   0.0053648777
2   9   5   6   0.0000008883
2   9   6   4   0.0000002854
2   9   6   5   -0.0000008785
2   9   7   4   0.0000008785
2   9   7   5   0.0000002854
2   10   1   6   -0.0541299303
2   10   2   6   -0.0000038559
2   10   3   6   -0.0011260918
2   10   4   6   0.0000001049
2   10   5   6   -0.0131408561
2   10   6   4   -0.0041253390
2   10   6   5   0.0126967285
2   10   7   4   -0.0126967285
2   10   7   5   -0.0041253390
2   11   1   6   0.0000000027
2   11   2   6   0.0413623374
2   11   3   6   0.0000000240
2   11   4   6   -0.0026814404
2   11   5   6   0.0000005066
2   11   6   4   0.0000001580
2   11   6   5   -0.0000004862
2   11   7   4   0.0000004862
2   11   7   5   0.0000001580
2   12   1   6   0.3043116594
2   12   2   6   0.0000216884
2   12   3   6   0.0035019365
2   12   4   6   -0.0000001226
2   12   5   6   -0.0005741758
2   12   6   4   -0.0004522611
2   12   6   5   0.0013919428
2   12   7   4   -0.0013919429
2   12   7   5   -0.0004522611
2   13   1   4   0.0996353178
2   13   1   5   -0.3066517819
2   13   2   4   0.0000071011
2   13   2   5   -0.0000218553
2   13   3   4   0.0011630972
2   13   3   5   -0.0035797137
2   13   4   4   -0.0000000390
2   13   4   5   0.0000001200
2   13   5   4   -0.0004567890
2   13   5   5   0.0014058785
2   13   6   6   0.0026148784
2   13   7   6   -0.0000000000
2   14   1   4   0.3066517825
2   14   1   5   0.0996353168
2   14   2   4   0.0000218552
2   14   2   5   0.0000071011
2   14   3   4   0.0035797135
2   14   3   5   0.0011630976
2   14   4   4   -0.0000001200
2   14   4   5   -0.0000000390
2   14   5   4   -0.0014058786
2   14   5   5   -0.0004567889
2   14   6   6   -0.0000000000
2   14   7   6   0.0026148784
3   8   1   6   0.0000005172
3   8   2   6   -0.0072460516
3   8   3   6   -0.0000000619
3   8   4   6   0.0040720906
3   8   5   6   0.0000005538
3   8   6   4   0.0000001589
3   8   6   5   -0.0000004891
3   8   7   4   0.0000004891
3   8   7   5   0.0000001589
3   9   1   6   -0.0072591971
3   9   2   6   -0.0000005166
3   9   3   6   0.0017496209
3   9   4   6   0.0000001448
3   9   5   6   -0.0155182530
3   9   6   4   -0.0044532541
3   9   6   5   0.0137059662
3   9   7   4   -0.0137059663
3   9   7   5   -0.0044532541
3   10   1   6   0.0000000362
3   10   2   6   -0.0010112084
3   10   3   6   0.0000000038
3   10   4   6   0.0220558471
3   10   5   6   -0.0000000052
3   10   6   4   -0.0000000017
3   10   6   5   0.0000000051
3   10   7   4   -0.0000000051
3   10   7   5   -0.0000000017
3   11   1   6   0.0005384831
3   11   2   6   0.0000000192
3   11   3   6   0.0337518494
3   11   4   6   -0.0000000020
3   11   5   6   -0.0634268050
3   11   6   4   -0.0194113832
3   11   6   5   0.0597432249
3   11   7   4   -0.0597432252
3   11   7   5   -0.0194113827
3   12   1   6   -0.0000001306
3   12   2   6   0.0036602906
3   12   3   6   -0.0000000188
3   12   4   6   -0.1895237777
3   12   5   6   -0.0000000020
3   12   6   4   -0.0000000000
3   12   6   5   0.0000000001
3   12   7   4   -0.0000000001
3   12   7   5   -0.0000000000
3   13   1   4   -0.0000000451
3   13   1   5   0.0000001388
3   13   2   4   0.0012642958
3   13   2   5   -0.0038911764
3   13   3   4   -0.0000000062
3   13   3   5   0.0000000190
3   13   4   4   -0.0622179860
3   13   4   5   0.1914908967
3   13   5   4   -0.0000000007
3   13   5   5   0.0000000020
3   13   6   6   0.0000000007
3   14   1   4   -0.0000001388
3   14   1   5   -0.0000000451
3   14   2   4   0.0038911763
3   14   2   5   0.0012642960
3   14   3   4   -0.0000000190
3   14   3   5   -0.0000000062
3   14   4   4   -0.1914908968
3   14   4   5   -0.0622179858
3   14   5   4   -0.0000000020
3   14   5   5   -0.0000000007
3   14   7   6   0.0000000007
4   8   1   6   0.0056427086
4   8   2   6   0.0000000007
4   8   3   6   0.0041524137
4   8   4   6   0.0000001197
4   8   5   6   0.0149601087
4   8   6   4   0.0044292252
4   8   6   5   -0.0136320116
4   8   7   4   0.0136320116
4   8   7   5   0.0044292252
4   9   1   6   0.0000000007
4   9   2   6   0.0056314216
4   9   3   6   0.0000001477
4   9   4   6   -0.0033684159
4   9   5   6   0.0000005338
4   9   6   4   0.0000001580
4   9   6   5   -0.0000004864
4   9   7   4   0.0000004864
4   9   7   5   0.0000001580
4   10   1   6   0.0027563904
4   10   2   6   0.0000000982
4   10   3   6   0.0215040927
4   10   4   6   -0.0000000016
4   10   5   6   -0.0473270580
4   10   6   4   -0.0176313345
4   10   6   5   0.0542646947
4   10   7   4   -0.0542646949
4   10   7   5   -0.0176313341
4   11   1   6   0.0000000895
4   11   2   6   -0.0025180702
4   11   3   6   -0.0000000018
4   11   4   6   0.0122365826
4   11   5   6   0.0000000055
4   11   6   4   0.0000000018
4   11   6   5   -0.0000000056
4   11   7   4   0.0000000056
4   11   7   5   0.0000000018
4   12   1   6   -0.0036387923
4   12   2   6   -0.0000001299
4   12   3   6   -0.1898682355
4   12   4   6   0.0000000178
4   12   5   6   -0.0538037129
4   12   6   4   -0.0023269469
4   12   6   5   0.0071617420
4   12   7   4   -0.0071617420
4   12   7   5   -0.0023269470
4   13   1   4   -0.0012312338
4   13   1   5   0.0037894202
4   13   2   4   -0.0000000440
4   13   2   5   0.0000001353
4   13   3   4   -0.0621080877
4   13   3   5   0.1911526580
4   13   4   4   0.0000000058
4   13   4   5   -0.0000000178
4   13   5   4   -0.0165372820
4   13   5   5   0.0508974843
4   13   6   6   0.0059481129
4   13   7   6   -0.0000000002
4   14   1   4   -0.0037894201
4   14   1   5   -0.0012312341
4   14   2   4   -0.0000001353
4   14   2   5   -0.0000000440
4   14   3   4   -0.1911526582
4   14   3   5   -0.0621080875
4   14   4   4   0.0000000178
4   14   4   5   0.0000000058
4   14   5   4   -0.0508974843
4   14   5   5   -0.0165372820
4   14   6   6   -0.0000000002
4   14   7   6   0.0059481129
5   8   1   6   -0.0000010090
5   8   2   6   0.0141072380
5   8   3   6   0.0000005838
5   8   4   6   0.0158330211
5   8   5   6   0.0000000448
5   8   6   4   0.0000000125
5   8   6   5   -0.0000000385
5   8   7   4   0.0000000385
5   8   7   5   0.0000000125
5   9   1   6   0.0142016225
5   9   2   6   0.0000010086
5   9   3   6   -0.0163596826
5   9   4   6   0.0000005649
5   9   5   6   -0.0012582363
5   9   6   4   -0.0003512584
5   9   6   5   0.0010810826
5   9   7   4   -0.0010810826
5   9   7   5   -0.0003512584
5   10   1   6   0.0000004618
5   10   2   6   -0.0129373296
5   10   3   6   -0.0000000056
5   10   4   6   -0.0473189135
5   10   5   6   0.0000000011
5   10   6   4   -0.0000000001
5   10   6   5   0.0000000002
5   10   7   4   -0.0000000002
5   10   7   5   -0.0000000001
5   11   1   6   0.0137588579
5   11   2   6   0.0000004908
5   11   3   6   -0.0632840063
5   11   4   6   0.0000000052
5   11   5   6   0.0170168302
5   11   6   4   -0.0014513841
5   11   6   5   0.0044669866
5   11   7   4   -0.0044669863
5   11   7   5   -0.0014513847
5   12   1   6   0.0000000071
5   12   2   6   -0.0002024427
5   12   3   6   -0.0000000019
5   12   4   6   -0.0544319573
5   12   5   6   -0.0000000018
5   12   6   4   0.0000000001
5   12   6   5   -0.0000000002
5   12   7   4   0.0000000002
5   12   7   5   0.0000000001
5   13   1   4   0.0000000128
5   13   1   5   -0.0000000393
5   13   2   4   -0.0003578017
5   13   2   5   0.0011012211
5   13   3   4   -0.0000000007
5   13   3   5   0.0000000020
5   13   4   4   -0.0164136198
5   13   4   5   0.0505168847
5   13   5   4   -0.0000000007
5   13   5   5   0.0000000022
5   13   6   6   0.0000000001
5   14   1   4   0.0000000393
5   14   1   5   0.0000000128
5   14   2   4   -0.0011012211
5   14   2   5   -0.0003578017
5   14   3   4   -0.0000000020
5   14   3   5   -0.0000000007
5   14   4   4   -0.0505168845
5   14   4   5   -0.0164136202
5   14   5   4   -0.0000000022
5   14   5   5   -0.0000000007
5   14   7   6   0.0000000001
6   8   1   4   -0.0000003304
6   8   1   5   0.0000010168
6   8   2   4   0.0046280119
6   8   2   5   -0.0142438257
6   8   3   4   0.0000001715
6   8   3   5   -0.0000005277
6   8   4   4   0.0047810247
6   8   4   5   -0.0147147596
6   8   5   4   0.0000000160
6   8   5   5   -0.0000000491
6   8   6   6   -0.0000000320
6   9   1   4   0.0046409300
6   9   1   5   -0.0142835840
6   9   2   4   0.0000003303
6   9   2   5   -0.0000010164
6   9   3   4   -0.0048047844
6   9   3   5   0.0147878859
6   9   4   4   0.0000001706
6   9   4   5   -0.0000005250
6   9   5   4   -0.0004482362
6   9   5   5   0.0013795553
6   9   6   6   0.0008989925
6   9   7   6   0.0000000000
6   10   1   4   0.0000001481
6   10   1   5   -0.0000004559
6   10   2   4   -0.0041496434
6   10   2   5   0.0127715309
6   10   3   4   -0.0000000018
6   10   3   5   0.0000000056
6   10   4   4   -0.0176103720
6   10   4   5   0.0542001781
6   10   5   4   -0.0000000001
6   10   5   5   0.0000000004
6   10   6   6   0.0000000018
6   11   1   4   0.0043763636
6   11   1   5   -0.0134693172
6   11   2   4   0.0000001561
6   11   2   5   -0.0000004805
6   11   3   4   -0.0191573923
6   11   3   5   0.0589615067
6   11   4   4   0.0000000017
6   11   4   5   -0.0000000051
6   11   5   4   -0.0020692350
6   11   5   5   0.0063685724
6   11   6   6   0.0271675901
6   11   7   6   0.0000000003
6   12   1   4   0.0000000129
6   12   1   5   -0.0000000396
6   12   2   4   -0.0003613749
6   12   2   5   0.0011122187
6   12   3   4   -0.0000000000
6   12   3   5   0.0000000001
6   12   4   4   -0.0026903784
6   12   4   5   0.0082802910
6   12   5   4   0.0000000001
6   12   5   5   -0.0000000003
6   12   6   6   -0.0000000034
6   12   7   6   0.0000000000
6   13   1   6   -0.0000000860
6   13   2   6   0.0024104056
6   13   3   6   0.0000000007
6   13   4   6   0.0063610456
6   13   5   6   -0.0000000004
6   13   6   4   -0.0000000014
6   13   6   5   0.0000000045
6   13   7   4   -0.0000000006
6   13   7   5   -0.0000000002
6   14   2   6   0.0000000000
6   14   4   6   0.0000000004
6   14   6   4   -0.0000000041
6   14   6   5   -0.0000000014
6   14   7   4   -0.0000000001
6   14   7   5   0.0000000002
7   8   1   4   -0.0000010168
7   8   1   5   -0.0000003304
7   8   2   4   0.0142438257
7   8   2   5   0.0046280118
7   8   3   4   0.0000005277
7   8   3   5   0.0000001715
7   8   4   4   0.0147147596
7   8   4   5   0.0047810247
7   8   5   4   0.0000000491
7   8   5   5   0.0000000160
7   8   7   6   -0.0000000320
7   9   1   4   0.0142835841
7   9   1   5   0.0046409299
7   9   2   4   0.0000010164
7   9   2   5   0.0000003302
7   9   3   4   -0.0147878859
7   9   3   5   -0.0048047844
7   9   4   4   0.0000005250
7   9   4   5   0.0000001706
7   9   5   4   -0.0013795553
7   9   5   5   -0.0004482362
7   9   6   6   0.0000000000
7   9   7   6   0.0008989925
7   10   1   4   0.0000004559
7   10   1   5   0.0000001481
7   10   2   4   -0.0127715309
7   10   2   5   -0.0041496433
7   10   3   4   -0.0000000056
7   10   3   5   -0.0000000018
7   10   4   4   -0.0542001782
7   10   4   5   -0.0176103719
7   10   5   4   -0.0000000004
7   10   5   5   -0.0000000001
7   10   7   6   0.0000000018
7   11   1   4   0.0134693172
7   11   1   5   0.0043763636
7   11   2   4   0.0000004805
7   11   2   5   0.0000001561
7   11   3   4   -0.0589615069
7   11   3   5   -0.0191573919
7   11   4   4   0.0000000051
7   11   4   5   0.0000000017
7   11   5   4   -0.0063685720
7   11   5   5   -0.0020692357
7   11   6   6   0.0000000003
7   11   7   6   0.0271675902
7   12   1   4   0.0000000396
7   12   1   5   0.0000000129
7   12   2   4   -0.0011122187
7   12   2   5   -0.0003613749
7   12   3   4   -0.0000000001
7   12   3   5   -0.0000000000
7   12   4   4   -0.0082802908
7   12   4   5   -0.0026903789
7   12   5   4   0.0000000003
7   12   5   5   0.0000000001
7   12   6   6   0.0000000000
7   12   7   6   -0.0000000034
7   13   2   6   0.0000000000
7   13   4   6   0.0000000004
7   13   6   4   -0.0000000002
7   13   6   5   -0.0000000001
7   13   7   4   -0.0000000014
7   13   7   5   0.0000000041
7   14   1   6   -0.0000000860
7   14   2   6   0.0024104056
7   14   3   6   0.0000000007
7   14   4   6   0.0063610457
7   14   5   6   -0.0000000004
7   14   6   4   -0.0000000002
7   14   6   5   0.0000000005
7   14   7   4   -0.0000000045
7   14   7   5   -0.0000000014

End IJKA Block
Begin IABC Block
1   4   1   6   -0.0000000928
1   4   3   4   -0.0000000090
1   5   2   6   -0.0000000928
1   5   3   5   -0.0000000090
1   6   1   4   -0.0000000899
1   6   2   5   -0.0000000899
1   6   3   6   -0.0000001698
2   4   1   6   0.0026044719
2   4   2   6   0.0000000000
2   4   3   4   0.0002510239
2   4   3   5   0.0000000000
2   5   1   6   0.0000000000
2   5   2   6   0.0026044719
2   5   3   4   0.0000000000
2   5   3   5   0.0002510239
2   6   1   4   0.0025245459
2   6   1   5   -0.0000000000
2   6   2   4   -0.0000000000
2   6   2   5   0.0025245459
2   6   3   6   0.0047636856
3   4   1   6   0.0000000004
3   4   3   4   0.0000000006
3   5   2   6   0.0000000004
3   5   3   5   0.0000000006
3   6   1   4   0.0000000004
3   6   2   5   0.0000000004
3   6   3   6   0.0000000013
4   4   1   6   0.0090197577
4   4   2   6   -0.0000000003
4   4   3   4   0.0241725322
4   4   3   5   -0.0000000002
4   5   1   6   -0.0000000003
4   5   2   6   0.0090197572
4   5   3   4   -0.0000000002
4   5   3   5   0.0241725318
4   6   1   4   0.0070782150
4   6   1   5   0.0000000001
4   6   2   4   0.0000000001
4   6   2   5   0.0070782152
4   6   3   6   0.0343101259
5   4   1   6   0.0000000005
5   4   3   4   0.0000000025
5   5   2   6   0.0000000005
5   5   3   5   0.0000000025
5   6   1   4   0.0000000009
5   6   2   5   0.0000000009
5   6   3   6   0.0000000010
6   4   1   4   0.0000000011
6   4   1   5   -0.0000000001
6   4   2   4   -0.0000000029
6   4   2   5   0.0000000001
6   4   3   6   0.0000000002
6   5   1   4   -0.0000000003
6   5   1   5   0.0000000009
6   5   2   4   0.0000000001
6   5   2   5   -0.0000000034
6   5   3   6   -0.0000000006
6   6   1   6   0.0000000005
6   6   2   6   -0.0000000015
6   6   3   4   0.0000000001
6   6   3   5   -0.0000000003
7   4   1   4   0.0000000034
7   4   1   5   0.0000000001
7   4   2   4   0.0000000009
7   4   2   5   0.0000000003
7   4   3   6   0.0000000006
7   5   1   4   0.0000000001
7   5   1   5   0.0000000029
7   5   2   4   0.0000000001
7   5   2   5   0.0000000011
7   5   3   6   0.0000000002
7   6   1   6   0.0000000015
7   6   2   6   0.0000000005
7   6   3   4   0.0000000003
7   6   3   5   0.0000000001

End IABC Block
