0   1   5   6      -0.104217798542
0   1   6   5       0.104217798536
0   2   4   6       0.054609308516
0   2   6   4      -0.054609308516
1   0   5   6       0.104217798542
1   0   6   5      -0.104217798536
1   2   4   5       0.054609308517
1   2   5   4      -0.054609308517
2   0   4   6      -0.054609308516
2   0   6   4       0.054609308516
2   1   4   5      -0.054609308517
2   1   5   4       0.054609308517
0   103   5   12      -0.228678063308
0   103   5   13      -0.245361607314
0   103   6   12      -0.245361607307
0   103   6   13      -0.394587213329
0   104   5   12      -0.245361602085
0   104   5   13      -0.135063477360
0   104   6   13       0.245361602092
0   105   4   12       0.130224843447
0   105   4   13       0.181494084643
0   105   5   11       0.091041811392
0   105   6   11       0.126884777018
0   111   6   13       0.052841195393
1   103   5   12      -0.245361602084
1   103   6   12      -0.135063477231
1   103   6   13       0.245361602093
1   104   5   12      -0.394587213386
1   104   5   13       0.245361607387
1   104   6   12       0.245361607339
1   104   6   13      -0.228678063349
1   105   4   12       0.181494084654
1   105   4   13      -0.130224843459
1   105   5   11       0.126884777034
1   105   6   11      -0.091041811407
1   110   5   12       0.052841195411
2   103   4   12       0.091041811392
2   103   4   13       0.126884777018
2   103   5   11       0.130224843447
2   103   6   11       0.181494084643
2   104   4   12       0.126884777034
2   104   4   13      -0.091041811407
2   104   5   11       0.181494084654
2   104   6   11      -0.130224843459
2   105   4   11      -0.350737651299
2   107   4   11      -0.061471295867
4   105   4   11      -0.061471295867
7   104   5   12       0.052841195411
8   103   6   13       0.052841195393
0   103   12   5       0.228678063308
0   103   12   6       0.245361607307
0   103   13   5       0.245361607314
0   103   13   6       0.394587213329
0   104   12   5       0.245361602085
0   104   13   5       0.135063477360
0   104   13   6      -0.245361602092
0   105   11   5      -0.091041811392
0   105   11   6      -0.126884777018
0   105   12   4      -0.130224843447
0   105   13   4      -0.181494084643
0   111   13   6      -0.052841195393
1   103   12   5       0.245361602084
1   103   12   6       0.135063477231
1   103   13   6      -0.245361602093
1   104   12   5       0.394587213386
1   104   12   6      -0.245361607339
1   104   13   5      -0.245361607387
1   104   13   6       0.228678063349
1   105   11   5      -0.126884777034
1   105   11   6       0.091041811407
1   105   12   4      -0.181494084654
1   105   13   4       0.130224843459
1   110   12   5      -0.052841195411
2   103   11   5      -0.130224843447
2   103   11   6      -0.181494084643
2   103   12   4      -0.091041811392
2   103   13   4      -0.126884777018
2   104   11   5      -0.181494084654
2   104   11   6       0.130224843459
2   104   12   4      -0.126884777034
2   104   13   4       0.091041811407
2   105   11   4       0.350737651299
2   107   11   4       0.061471295867
4   105   11   4       0.061471295867
7   104   12   5      -0.052841195411
8   103   13   6      -0.052841195393
103   0   5   12       0.228678063308
103   0   5   13       0.245361607314
103   0   6   12       0.245361607307
103   0   6   13       0.394587213329
103   1   5   12       0.245361602084
103   1   6   12       0.135063477231
103   1   6   13      -0.245361602093
103   2   4   12      -0.091041811392
103   2   4   13      -0.126884777018
103   2   5   11      -0.130224843447
103   2   6   11      -0.181494084643
103   8   6   13      -0.052841195393
104   0   5   12       0.245361602085
104   0   5   13       0.135063477360
104   0   6   13      -0.245361602092
104   1   5   12       0.394587213386
104   1   5   13      -0.245361607387
104   1   6   12      -0.245361607339
104   1   6   13       0.228678063349
104   2   4   12      -0.126884777034
104   2   4   13       0.091041811407
104   2   5   11      -0.181494084654
104   2   6   11       0.130224843459
104   7   5   12      -0.052841195411
105   0   4   12      -0.130224843447
105   0   4   13      -0.181494084643
105   0   5   11      -0.091041811392
105   0   6   11      -0.126884777018
105   1   4   12      -0.181494084654
105   1   4   13       0.130224843459
105   1   5   11      -0.126884777034
105   1   6   11       0.091041811407
105   2   4   11       0.350737651299
105   4   4   11       0.061471295867
107   2   4   11       0.061471295867
110   1   5   12      -0.052841195411
111   0   6   13      -0.052841195393
103   0   12   5      -0.228678063308
103   0   12   6      -0.245361607307
103   0   13   5      -0.245361607314
103   0   13   6      -0.394587213329
103   1   12   5      -0.245361602084
103   1   12   6      -0.135063477231
103   1   13   6       0.245361602093
103   2   11   5       0.130224843447
103   2   11   6       0.181494084643
103   2   12   4       0.091041811392
103   2   13   4       0.126884777018
103   8   13   6       0.052841195393
104   0   12   5      -0.245361602085
104   0   13   5      -0.135063477360
104   0   13   6       0.245361602092
104   1   12   5      -0.394587213386
104   1   12   6       0.245361607339
104   1   13   5       0.245361607387
104   1   13   6      -0.228678063349
104   2   11   5       0.181494084654
104   2   11   6      -0.130224843459
104   2   12   4       0.126884777034
104   2   13   4      -0.091041811407
104   7   12   5       0.052841195411
105   0   11   5       0.091041811392
105   0   11   6       0.126884777018
105   0   12   4       0.130224843447
105   0   13   4       0.181494084643
105   1   11   5       0.126884777034
105   1   11   6      -0.091041811407
105   1   12   4       0.181494084654
105   1   13   4      -0.130224843459
105   2   11   4      -0.350737651299
105   4   11   4      -0.061471295867
107   2   11   4      -0.061471295867
110   1   12   5       0.052841195411
111   0   13   6       0.052841195393
103   104   12   13      -0.104217798542
103   104   13   12       0.104217798536
103   105   11   13       0.054609308516
103   105   13   11      -0.054609308516
104   103   12   13       0.104217798542
104   103   13   12      -0.104217798536
104   105   11   12       0.054609308517
104   105   12   11      -0.054609308517
105   103   11   13      -0.054609308516
105   103   13   11       0.054609308516
105   104   11   12      -0.054609308517
105   104   12   11       0.054609308517

