Begin IJ Block
1   1   -25.6425646632
1   2   0.0000000002
1   3   0.4830825911
1   4   -0.0000000911
1   5   -0.0220557665
2   2   -25.6425926752
2   3   0.0000000901
2   4   0.4884878877
2   5   -0.0000000041
3   3   -6.5402810889
3   4   0.0000000001
3   5   -0.1333882637
4   4   -6.5553257297
4   5   -0.0000000000
4   6   -0.0000000000
5   5   -6.0581011989
6   6   -6.0526776874
6   7   -0.0000000000
7   7   -6.0526776875

End IJ Block
Begin IA Block
1   3   0.0000000055
2   3   -0.0296503757
3   3   -0.0000000001
4   3   0.2402715258
5   3   -0.0000000001
6   1   0.0000000000
6   2   -0.0000000001
7   1   -0.0000000002
7   2   -0.0000000001

End IA Block
Begin AB Block
1   1   -5.8627003327
1   2   0.0000000000
2   2   -5.8627003327
3   3   -5.9955506845

End AB Block
Begin IJAB Block
1   8   1   4   0.0130464092
1   8   2   5   0.0130464092
1   8   3   6   0.0140922576
1   9   1   4   0.0000000000
1   9   1   5   0.0000000000
1   9   2   4   0.0000000000
1   9   2   5   -0.0000000000
1   9   3   6   -0.0000000000
1   10   1   4   0.0136839776
1   10   2   5   0.0136839776
1   10   3   6   0.0142367142
1   11   1   4   -0.0000000026
1   11   1   5   -0.0000000000
1   11   2   4   -0.0000000000
1   11   2   5   -0.0000000026
1   11   3   6   -0.0000000028
1   12   1   4   -0.0005432608
1   12   2   5   -0.0005432608
1   12   3   6   -0.0003107737
1   13   1   6   0.0006885783
1   13   2   6   -0.0013235899
1   13   3   4   -0.0005252722
1   13   3   5   0.0010096819
1   14   1   6   0.0013235899
1   14   2   6   0.0006885783
1   14   3   4   -0.0010096819
1   14   3   5   -0.0005252722
2   8   1   4   0.0000000000
2   8   1   5   0.0000000000
2   8   2   4   0.0000000000
2   8   2   5   -0.0000000000
2   8   3   6   -0.0000000000
2   9   1   4   0.0130655539
2   9   2   5   0.0130655539
2   9   3   6   0.0141348597
2   10   1   4   0.0000000025
2   10   1   5   -0.0000000000
2   10   2   4   -0.0000000000
2   10   2   5   0.0000000026
2   10   3   6   0.0000000027
2   11   1   4   0.0140546003
2   11   2   5   0.0140546003
2   11   3   6   0.0147603582
2   12   1   4   -0.0000000001
2   12   1   5   -0.0000000000
2   12   2   4   -0.0000000000
2   12   2   5   -0.0000000001
2   12   3   6   -0.0000000001
2   13   1   6   0.0000000001
2   13   2   6   -0.0000000002
2   13   3   4   -0.0000000001
2   13   3   5   0.0000000002
2   14   1   6   0.0000000003
2   14   2   6   0.0000000001
2   14   3   4   -0.0000000002
2   14   3   5   -0.0000000001
3   8   1   4   0.0136839776
3   8   2   5   0.0136839776
3   8   3   6   0.0142367142
3   9   1   4   0.0000000025
3   9   1   5   -0.0000000000
3   9   2   4   -0.0000000000
3   9   2   5   0.0000000026
3   9   3   6   0.0000000027
3   10   1   4   0.0593568141
3   10   2   5   0.0593568141
3   10   3   6   0.0621798227
3   11   1   4   -0.0000000002
3   11   1   5   -0.0000000001
3   11   2   4   -0.0000000001
3   11   2   5   0.0000000002
3   11   3   6   0.0000000000
3   12   1   4   -0.0025772000
3   12   2   5   -0.0025772000
3   12   3   6   0.0102746738
3   13   1   6   0.0030023750
3   13   2   6   -0.0057711856
3   13   3   4   0.0037827089
3   13   3   5   -0.0072711488
3   14   1   6   0.0057711856
3   14   2   6   0.0030023750
3   14   3   4   0.0072711488
3   14   3   5   0.0037827089
4   8   1   4   -0.0000000026
4   8   1   5   -0.0000000000
4   8   2   4   -0.0000000000
4   8   2   5   -0.0000000026
4   8   3   6   -0.0000000028
4   9   1   4   0.0140546003
4   9   2   5   0.0140546003
4   9   3   6   0.0147603582
4   10   1   4   -0.0000000002
4   10   1   5   -0.0000000001
4   10   2   4   -0.0000000001
4   10   2   5   0.0000000002
4   10   3   6   0.0000000000
4   11   1   4   0.0623866298
4   11   2   5   0.0623866298
4   11   3   6   0.0653171236
4   12   1   4   0.0000000002
4   12   1   5   0.0000000000
4   12   2   4   0.0000000000
4   12   2   5   -0.0000000002
4   12   3   6   0.0000000000
4   13   1   6   -0.0000000001
4   13   2   6   -0.0000000006
4   13   3   4   0.0000000000
4   13   3   5   0.0000000000
4   14   1   6   -0.0000000006
4   14   2   6   0.0000000001
4   14   3   4   0.0000000000
4   14   3   5   -0.0000000000
5   8   1   4   -0.0005432608
5   8   2   5   -0.0005432608
5   8   3   6   -0.0003107737
5   9   1   4   -0.0000000001
5   9   1   5   -0.0000000000
5   9   2   4   -0.0000000000
5   9   2   5   -0.0000000001
5   9   3   6   -0.0000000001
5   10   1   4   -0.0025772000
5   10   2   5   -0.0025772000
5   10   3   6   0.0102746738
5   11   1   4   0.0000000002
5   11   1   5   0.0000000000
5   11   2   4   0.0000000000
5   11   2   5   -0.0000000002
5   11   3   6   0.0000000000
5   12   1   4   0.0231663298
5   12   2   5   0.0231663298
5   12   3   6   0.2433028748
5   13   1   6   0.0112103417
5   13   2   6   -0.0215485954
5   13   3   4   0.0924042277
5   13   3   5   -0.1776200374
5   14   1   6   0.0215485954
5   14   2   6   0.0112103417
5   14   3   4   0.1776200375
5   14   3   5   0.0924042277
6   8   1   6   -0.0005252722
6   8   2   6   0.0010096819
6   8   3   4   0.0006885783
6   8   3   5   -0.0013235899
6   9   1   6   -0.0000000001
6   9   2   6   0.0000000002
6   9   3   4   0.0000000001
6   9   3   5   -0.0000000002
6   10   1   6   0.0037827089
6   10   2   6   -0.0072711488
6   10   3   4   0.0030023750
6   10   3   5   -0.0057711856
6   11   1   6   0.0000000000
6   11   2   6   0.0000000000
6   11   3   4   -0.0000000001
6   11   3   5   -0.0000000006
6   12   1   6   0.0924042277
6   12   2   6   -0.1776200374
6   12   3   4   0.0112103417
6   12   3   5   -0.0215485954
6   13   1   4   0.0730649120
6   13   1   5   -0.0940270034
6   13   2   4   -0.0940270034
6   13   2   5   0.2048880777
6   13   3   6   0.0246940667
6   14   1   4   0.0940270006
6   14   1   5   0.0235368420
6   14   2   4   -0.1553600205
6   14   2   5   -0.0940270006
7   8   1   6   -0.0010096819
7   8   2   6   -0.0005252722
7   8   3   4   0.0013235899
7   8   3   5   0.0006885783
7   9   1   6   -0.0000000002
7   9   2   6   -0.0000000001
7   9   3   4   0.0000000003
7   9   3   5   0.0000000001
7   10   1   6   0.0072711488
7   10   2   6   0.0037827089
7   10   3   4   0.0057711856
7   10   3   5   0.0030023750
7   11   1   6   0.0000000000
7   11   2   6   -0.0000000000
7   11   3   4   -0.0000000006
7   11   3   5   0.0000000001
7   12   1   6   0.1776200375
7   12   2   6   0.0924042277
7   12   3   4   0.0215485954
7   12   3   5   0.0112103417
7   13   1   4   0.0940270006
7   13   1   5   -0.1553600205
7   13   2   4   0.0235368420
7   13   2   5   -0.0940270006
7   14   1   4   0.2048880777
7   14   1   5   0.0940270034
7   14   2   4   0.0940270034
7   14   2   5   0.0730649120
7   14   3   6   0.0246940667

End IJAB Block
Begin IJKL Block
1   8   1   8   2.1477426628
1   8   1   9   -0.0000007371
1   8   1   10   -0.1995725077
1   8   1   11   0.0000001133
1   8   1   12   0.0058115637
1   8   2   8   -0.0000007371
1   8   2   9   1.9713855218
1   8   2   10   0.0000000374
1   8   2   11   -0.2021461926
1   8   2   12   -0.0000000007
1   8   3   8   -0.1995725077
1   8   3   9   0.0000000374
1   8   3   10   0.0291221689
1   8   3   11   -0.0000000110
1   8   3   12   -0.0005987396
1   8   4   8   0.0000001133
1   8   4   9   -0.2021461926
1   8   4   10   -0.0000000110
1   8   4   11   0.0298969590
1   8   4   12   0.0000000005
1   8   5   8   0.0058115637
1   8   5   9   -0.0000000007
1   8   5   10   -0.0005987396
1   8   5   11   0.0000000005
1   8   5   12   0.0122010661
1   8   6   13   0.0126094541
1   8   7   14   0.0126094541
1   9   1   8   -0.0000007371
1   9   1   9   2.1477554277
1   9   1   10   0.0000000374
1   9   1   11   -0.2022174642
1   9   1   12   -0.0000000003
1   9   2   8   1.9713896957
1   9   2   9   0.0000007370
1   9   2   10   -0.1996636843
1   9   2   11   -0.0000000379
1   9   2   12   0.0036395011
1   9   3   8   0.0000000374
1   9   3   9   -0.1995785621
1   9   3   10   -0.0000000000
1   9   3   11   0.0294637573
1   9   4   8   -0.2021357973
1   9   4   9   -0.0000000379
1   9   4   10   0.0294759586
1   9   4   11   0.0000000000
1   9   4   12   -0.0012623987
1   9   5   8   -0.0000000007
1   9   5   9   0.0058076242
1   9   5   11   -0.0012671108
1   9   5   12   0.0000000000
1   9   6   13   -0.0000000000
1   9   6   14   0.0000000000
1   9   7   13   0.0000000000
1   9   7   14   0.0000000000
1   10   1   8   -0.1995725077
1   10   1   9   0.0000000374
1   10   1   10   0.5729303749
1   10   1   11   -0.0000001494
1   10   1   12   0.0064354265
1   10   2   8   0.0000000374
1   10   2   9   -0.1996746805
1   10   2   10   -0.0000000003
1   10   2   11   0.3996462601
1   10   2   12   0.0000000000
1   10   3   8   0.0314508205
1   10   3   9   -0.0000000000
1   10   3   10   -0.0083618704
1   10   3   11   0.0000000016
1   10   3   12   0.0003399933
1   10   4   8   -0.0000000118
1   10   4   9   0.0316163322
1   10   4   10   0.0000000017
1   10   4   11   -0.0089648831
1   10   4   12   0.0000000001
1   10   5   8   -0.0006229375
1   10   5   10   0.0015335610
1   10   5   11   0.0000000003
1   10   5   12   0.0140736928
1   10   6   13   0.0142346431
1   10   7   14   0.0142346431
1   11   1   8   0.0000001133
1   11   1   9   -0.2022174642
1   11   1   10   -0.0000001494
1   11   1   11   0.5784309673
1   11   1   12   0.0000000144
1   11   2   8   -0.2021357973
1   11   2   9   -0.0000000379
1   11   2   10   0.3996673024
1   11   2   11   0.0000000003
1   11   2   12   -0.0384075785
1   11   3   8   -0.0000000118
1   11   3   9   0.0316245811
1   11   3   10   0.0000000017
1   11   3   11   -0.0089058263
1   11   3   12   -0.0000000001
1   11   4   8   0.0323280959
1   11   4   9   0.0000000000
1   11   4   10   -0.0086483901
1   11   4   11   0.0000000016
1   11   4   12   -0.0000492069
1   11   5   8   0.0000000005
1   11   5   9   -0.0012432364
1   11   5   10   0.0000000002
1   11   5   11   -0.0000218545
1   11   5   12   -0.0000000025
1   11   6   13   -0.0000000026
1   11   6   14   -0.0000000001
1   11   7   13   -0.0000000001
1   11   7   14   -0.0000000027
1   12   1   8   0.0058115637
1   12   1   9   -0.0000000003
1   12   1   10   0.0064354265
1   12   1   11   0.0000000144
1   12   1   12   0.5573715194
1   12   2   8   -0.0000000007
1   12   2   9   0.0036418767
1   12   2   10   0.0000000000
1   12   2   11   -0.0384054639
1   12   2   12   -0.0000000000
1   12   2   13   0.0000000000
1   12   3   8   -0.0006229375
1   12   3   10   0.0003316731
1   12   3   11   -0.0000000001
1   12   3   12   -0.0059972111
1   12   4   8   0.0000000005
1   12   4   9   -0.0012363094
1   12   4   10   0.0000000001
1   12   4   11   0.0000048942
1   12   4   12   0.0000000011
1   12   5   8   0.0143980138
1   12   5   9   0.0000000000
1   12   5   10   0.0148661237
1   12   5   11   -0.0000000027
1   12   5   12   0.0007891760
1   12   6   13   -0.0002722227
1   12   7   14   -0.0002722227
1   13   1   13   0.5629437255
1   13   1   14   0.0000000000
1   13   2   12   0.0000000000
1   13   2   13   0.0000000028
1   13   2   14   -0.0000000025
1   13   3   13   -0.0063113066
1   13   4   13   0.0000000012
1   13   4   14   0.0000000000
1   13   5   13   0.0012033750
1   13   6   8   0.0150381447
1   13   6   9   0.0000000002
1   13   6   10   0.0151698866
1   13   6   11   -0.0000000026
1   13   6   12   -0.0003861091
1   13   7   9   -0.0000000002
1   13   7   11   -0.0000000002
1   14   1   13   0.0000000000
1   14   1   14   0.5629437255
1   14   2   13   -0.0000000025
1   14   2   14   -0.0000000029
1   14   3   14   -0.0063113066
1   14   4   13   0.0000000000
1   14   4   14   0.0000000012
1   14   5   14   0.0012033750
1   14   6   9   -0.0000000002
1   14   6   11   -0.0000000002
1   14   7   8   0.0150381447
1   14   7   9   -0.0000000002
1   14   7   10   0.0151698866
1   14   7   11   -0.0000000031
1   14   7   12   -0.0003861091
2   8   1   8   -0.0000007371
2   8   1   9   1.9713896957
2   8   1   10   0.0000000374
2   8   1   11   -0.2021357973
2   8   1   12   -0.0000000007
2   8   2   8   2.1477554277
2   8   2   9   0.0000007370
2   8   2   10   -0.1995785621
2   8   2   11   -0.0000000379
2   8   2   12   0.0058076242
2   8   3   8   0.0000000374
2   8   3   9   -0.1996636843
2   8   3   10   -0.0000000000
2   8   3   11   0.0294759586
2   8   4   8   -0.2022174642
2   8   4   9   -0.0000000379
2   8   4   10   0.0294637573
2   8   4   11   0.0000000000
2   8   4   12   -0.0012671108
2   8   5   8   -0.0000000003
2   8   5   9   0.0036395011
2   8   5   11   -0.0012623987
2   8   5   12   0.0000000000
2   8   6   13   -0.0000000000
2   8   6   14   0.0000000000
2   8   7   13   0.0000000000
2   8   7   14   0.0000000000
2   9   1   8   1.9713855218
2   9   1   9   0.0000007370
2   9   1   10   -0.1996746805
2   9   1   11   -0.0000000379
2   9   1   12   0.0036418767
2   9   2   8   0.0000007370
2   9   2   9   2.1477625367
2   9   2   10   -0.0000001119
2   9   2   11   -0.2022113155
2   9   2   12   0.0000000024
2   9   3   8   -0.1996746805
2   9   3   9   -0.0000001119
2   9   3   10   0.0290996232
2   9   3   11   0.0000000110
2   9   3   12   -0.0005996511
2   9   4   8   -0.0000000379
2   9   4   9   -0.2022113155
2   9   4   10   0.0000000110
2   9   4   11   0.0299197938
2   9   4   12   -0.0000000005
2   9   5   8   0.0036418767
2   9   5   9   0.0000000024
2   9   5   10   -0.0005996511
2   9   5   11   -0.0000000005
2   9   5   12   0.0121452413
2   9   6   13   0.0125793511
2   9   7   14   0.0125793511
2   10   1   8   0.0000000374
2   10   1   9   -0.1996636843
2   10   1   10   -0.0000000003
2   10   1   11   0.3996673024
2   10   1   12   0.0000000000
2   10   2   8   -0.1995785621
2   10   2   9   -0.0000001119
2   10   2   10   0.5729174187
2   10   2   11   0.0000001494
2   10   2   12   0.0064311268
2   10   3   8   -0.0000000000
2   10   3   9   0.0314496505
2   10   3   10   -0.0000000016
2   10   3   11   -0.0086804415
2   10   3   12   0.0000000001
2   10   4   8   0.0316245811
2   10   4   9   0.0000000118
2   10   4   10   -0.0088242277
2   10   4   11   -0.0000000017
2   10   4   12   -0.0004051662
2   10   5   9   -0.0006257506
2   10   5   10   0.0000000003
2   10   5   11   -0.0014299021
2   10   5   12   0.0000000026
2   10   6   13   0.0000000028
2   10   6   14   -0.0000000001
2   10   7   13   -0.0000000001
2   10   7   14   0.0000000025
2   11   1   8   -0.2021461926
2   11   1   9   -0.0000000379
2   11   1   10   0.3996462601
2   11   1   11   0.0000000003
2   11   1   12   -0.0384054639
2   11   2   8   -0.0000000379
2   11   2   9   -0.2022113155
2   11   2   10   0.0000001494
2   11   2   11   0.5784463624
2   11   2   12   -0.0000000144
2   11   3   8   0.0316163322
2   11   3   9   0.0000000118
2   11   3   10   -0.0089978864
2   11   3   11   -0.0000000017
2   11   3   12   0.0006653892
2   11   4   8   0.0000000000
2   11   4   9   0.0323314495
2   11   4   10   -0.0000000016
2   11   4   11   -0.0086708000
2   11   4   12   -0.0000000000
2   11   5   8   -0.0012363094
2   11   5   9   -0.0000000005
2   11   5   10   -0.0013205134
2   11   5   11   -0.0000000000
2   11   5   12   0.0135986206
2   11   6   13   0.0141004480
2   11   7   14   0.0141004480
2   12   1   8   -0.0000000007
2   12   1   9   0.0036395011
2   12   1   10   0.0000000000
2   12   1   11   -0.0384075785
2   12   1   12   -0.0000000000
2   12   1   13   0.0000000000
2   12   2   8   0.0058076242
2   12   2   9   0.0000000024
2   12   2   10   0.0064311268
2   12   2   11   -0.0000000144
2   12   2   12   0.5573717252
2   12   3   9   -0.0006257506
2   12   3   10   0.0000000001
2   12   3   11   0.0006459245
2   12   3   12   -0.0000000011
2   12   4   8   -0.0012432364
2   12   4   9   -0.0000000005
2   12   4   10   -0.0003108947
2   12   4   11   0.0000000000
2   12   4   12   -0.0060914339
2   12   5   8   0.0000000000
2   12   5   9   0.0143471554
2   12   5   10   0.0000000028
2   12   5   11   0.0144766243
2   12   5   12   0.0000000001
2   12   6   13   0.0000000000
2   12   6   14   -0.0000000001
2   12   7   13   -0.0000000001
2   12   7   14   -0.0000000001
2   13   1   12   0.0000000000
2   13   1   13   0.0000000028
2   13   1   14   -0.0000000025
2   13   2   13   0.5629447959
2   13   2   14   0.0000000000
2   13   3   13   -0.0000000012
2   13   3   14   0.0000000000
2   13   4   13   -0.0064064884
2   13   5   13   0.0000000002
2   13   5   14   -0.0000000000
2   13   6   8   0.0000000002
2   13   6   9   0.0150122644
2   13   6   10   0.0000000031
2   13   6   11   0.0151357624
2   13   6   12   -0.0000000001
2   13   7   8   -0.0000000002
2   13   7   10   -0.0000000002
2   13   7   12   -0.0000000000
2   14   1   13   -0.0000000025
2   14   1   14   -0.0000000029
2   14   2   13   0.0000000000
2   14   2   14   0.5629447959
2   14   3   13   0.0000000000
2   14   3   14   -0.0000000011
2   14   4   14   -0.0064064884
2   14   5   13   -0.0000000000
2   14   5   14   0.0000000002
2   14   6   8   -0.0000000002
2   14   6   10   -0.0000000002
2   14   6   12   -0.0000000000
2   14   7   8   -0.0000000002
2   14   7   9   0.0150122644
2   14   7   10   0.0000000026
2   14   7   11   0.0151357624
2   14   7   12   -0.0000000001
3   8   1   8   -0.1995725077
3   8   1   9   0.0000000374
3   8   1   10   0.0314508205
3   8   1   11   -0.0000000118
3   8   1   12   -0.0006229375
3   8   2   8   0.0000000374
3   8   2   9   -0.1996746805
3   8   2   10   -0.0000000000
3   8   2   11   0.0316163322
3   8   3   8   0.5729303749
3   8   3   9   -0.0000000003
3   8   3   10   -0.0083618704
3   8   3   11   0.0000000017
3   8   3   12   0.0015335610
3   8   4   8   -0.0000001494
3   8   4   9   0.3996462601
3   8   4   10   0.0000000016
3   8   4   11   -0.0089648831
3   8   4   12   0.0000000003
3   8   5   8   0.0064354265
3   8   5   9   0.0000000000
3   8   5   10   0.0003399933
3   8   5   11   0.0000000001
3   8   5   12   0.0140736928
3   8   6   13   0.0142346431
3   8   7   14   0.0142346431
3   9   1   8   0.0000000374
3   9   1   9   -0.1995785621
3   9   1   10   -0.0000000000
3   9   1   11   0.0316245811
3   9   2   8   -0.1996636843
3   9   2   9   -0.0000001119
3   9   2   10   0.0314496505
3   9   2   11   0.0000000118
3   9   2   12   -0.0006257506
3   9   3   8   -0.0000000003
3   9   3   9   0.5729174187
3   9   3   10   -0.0000000016
3   9   3   11   -0.0088242277
3   9   3   12   0.0000000003
3   9   4   8   0.3996673024
3   9   4   9   0.0000001494
3   9   4   10   -0.0086804415
3   9   4   11   -0.0000000017
3   9   4   12   -0.0014299021
3   9   5   8   0.0000000000
3   9   5   9   0.0064311268
3   9   5   10   0.0000000001
3   9   5   11   -0.0004051662
3   9   5   12   0.0000000026
3   9   6   13   0.0000000028
3   9   6   14   -0.0000000001
3   9   7   13   -0.0000000001
3   9   7   14   0.0000000025
3   10   1   8   0.0291221689
3   10   1   9   -0.0000000000
3   10   1   10   -0.0083618704
3   10   1   11   0.0000000017
3   10   1   12   0.0003316731
3   10   2   8   -0.0000000000
3   10   2   9   0.0290996232
3   10   2   10   -0.0000000016
3   10   2   11   -0.0089978864
3   10   2   12   0.0000000001
3   10   3   8   -0.0083618704
3   10   3   9   -0.0000000016
3   10   3   10   0.4257151122
3   10   3   11   -0.0000000002
3   10   3   12   0.0111763898
3   10   4   8   0.0000000017
3   10   4   9   -0.0089978864
3   10   4   10   -0.0000000002
3   10   4   11   0.2482770422
3   10   4   12   0.0000000000
3   10   5   8   0.0003316731
3   10   5   9   0.0000000001
3   10   5   10   0.0111763898
3   10   5   11   0.0000000000
3   10   5   12   0.0629001407
3   10   6   13   0.0602091538
3   10   7   14   0.0602091538
3   11   1   8   -0.0000000110
3   11   1   9   0.0294637573
3   11   1   10   0.0000000016
3   11   1   11   -0.0089058263
3   11   1   12   -0.0000000001
3   11   2   8   0.0294759586
3   11   2   9   0.0000000110
3   11   2   10   -0.0086804415
3   11   2   11   -0.0000000017
3   11   2   12   0.0006459245
3   11   3   8   0.0000000017
3   11   3   9   -0.0088242277
3   11   3   10   -0.0000000002
3   11   3   11   0.4243340889
3   11   3   12   0.0000000000
3   11   4   8   -0.0086483901
3   11   4   9   -0.0000000016
3   11   4   10   0.2508283224
3   11   4   11   0.0000000002
3   11   4   12   -0.0304086477
3   11   5   8   0.0000000001
3   11   5   9   -0.0003108947
3   11   5   10   0.0000000000
3   11   5   11   0.0033799032
3   11   5   12   -0.0000000000
3   11   6   13   0.0000000006
3   11   6   14   -0.0000000005
3   11   7   13   -0.0000000005
3   11   7   14   -0.0000000006
3   12   1   8   -0.0005987396
3   12   1   10   0.0003399933
3   12   1   11   -0.0000000001
3   12   1   12   -0.0059972111
3   12   2   9   -0.0005996511
3   12   2   10   0.0000000001
3   12   2   11   0.0006653892
3   12   2   12   -0.0000000011
3   12   3   8   0.0015335610
3   12   3   9   0.0000000003
3   12   3   10   0.0111763898
3   12   3   11   0.0000000000
3   12   3   12   0.4127365914
3   12   4   8   0.0000000002
3   12   4   9   -0.0013205134
3   12   4   10   0.0000000000
3   12   4   11   -0.0299652481
3   12   4   12   -0.0000000000
3   12   4   13   0.0000000000
3   12   5   8   0.0148661237
3   12   5   9   0.0000000028
3   12   5   10   0.0629756297
3   12   5   11   -0.0000000000
3   12   5   12   0.0118257700
3   12   6   13   -0.0003262876
3   12   7   14   -0.0003262876
3   13   1   13   -0.0063113066
3   13   2   13   -0.0000000012
3   13   2   14   0.0000000000
3   13   3   13   0.4122539130
3   13   3   14   0.0000000000
3   13   4   12   0.0000000000
3   13   4   13   0.0000000016
3   13   4   14   -0.0000000014
3   13   5   13   0.0101935065
3   13   6   8   0.0151698866
3   13   6   9   0.0000000031
3   13   6   10   0.0609224983
3   13   6   11   0.0000000009
3   13   6   12   0.0003040559
3   13   7   9   -0.0000000002
3   13   7   11   -0.0000000008
3   14   1   14   -0.0063113066
3   14   2   13   0.0000000000
3   14   2   14   -0.0000000011
3   14   3   13   0.0000000000
3   14   3   14   0.4122539130
3   14   4   13   -0.0000000014
3   14   4   14   -0.0000000016
3   14   5   14   0.0101935065
3   14   6   9   -0.0000000002
3   14   6   11   -0.0000000008
3   14   7   8   0.0151698866
3   14   7   9   0.0000000026
3   14   7   10   0.0609224983
3   14   7   11   -0.0000000010
3   14   7   12   0.0003040559
4   8   1   8   0.0000001133
4   8   1   9   -0.2021357973
4   8   1   10   -0.0000000118
4   8   1   11   0.0323280959
4   8   1   12   0.0000000005
4   8   2   8   -0.2022174642
4   8   2   9   -0.0000000379
4   8   2   10   0.0316245811
4   8   2   11   0.0000000000
4   8   2   12   -0.0012432364
4   8   3   8   -0.0000001494
4   8   3   9   0.3996673024
4   8   3   10   0.0000000017
4   8   3   11   -0.0086483901
4   8   3   12   0.0000000002
4   8   4   8   0.5784309673
4   8   4   9   0.0000000003
4   8   4   10   -0.0089058263
4   8   4   11   0.0000000016
4   8   4   12   -0.0000218545
4   8   5   8   0.0000000144
4   8   5   9   -0.0384075785
4   8   5   10   -0.0000000001
4   8   5   11   -0.0000492069
4   8   5   12   -0.0000000025
4   8   6   13   -0.0000000026
4   8   6   14   -0.0000000001
4   8   7   13   -0.0000000001
4   8   7   14   -0.0000000027
4   9   1   8   -0.2021461926
4   9   1   9   -0.0000000379
4   9   1   10   0.0316163322
4   9   1   11   0.0000000000
4   9   1   12   -0.0012363094
4   9   2   8   -0.0000000379
4   9   2   9   -0.2022113155
4   9   2   10   0.0000000118
4   9   2   11   0.0323314495
4   9   2   12   -0.0000000005
4   9   3   8   0.3996462601
4   9   3   9   0.0000001494
4   9   3   10   -0.0089978864
4   9   3   11   -0.0000000016
4   9   3   12   -0.0013205134
4   9   4   8   0.0000000003
4   9   4   9   0.5784463624
4   9   4   10   -0.0000000017
4   9   4   11   -0.0086708000
4   9   4   12   -0.0000000000
4   9   5   8   -0.0384054639
4   9   5   9   -0.0000000144
4   9   5   10   0.0006653892
4   9   5   11   -0.0000000000
4   9   5   12   0.0135986206
4   9   6   13   0.0141004480
4   9   7   14   0.0141004480
4   10   1   8   -0.0000000110
4   10   1   9   0.0294759586
4   10   1   10   0.0000000017
4   10   1   11   -0.0086483901
4   10   1   12   0.0000000001
4   10   2   8   0.0294637573
4   10   2   9   0.0000000110
4   10   2   10   -0.0088242277
4   10   2   11   -0.0000000016
4   10   2   12   -0.0003108947
4   10   3   8   0.0000000016
4   10   3   9   -0.0086804415
4   10   3   10   -0.0000000002
4   10   3   11   0.2508283224
4   10   3   12   0.0000000000
4   10   4   8   -0.0089058263
4   10   4   9   -0.0000000017
4   10   4   10   0.4243340889
4   10   4   11   0.0000000002
4   10   4   12   0.0033799032
4   10   5   8   -0.0000000001
4   10   5   9   0.0006459245
4   10   5   10   0.0000000000
4   10   5   11   -0.0304086477
4   10   5   12   -0.0000000000
4   10   6   13   0.0000000006
4   10   6   14   -0.0000000005
4   10   7   13   -0.0000000005
4   10   7   14   -0.0000000006
4   11   1   8   0.0298969590
4   11   1   9   0.0000000000
4   11   1   10   -0.0089648831
4   11   1   11   0.0000000016
4   11   1   12   0.0000048942
4   11   2   8   0.0000000000
4   11   2   9   0.0299197938
4   11   2   10   -0.0000000017
4   11   2   11   -0.0086708000
4   11   2   12   0.0000000000
4   11   3   8   -0.0089648831
4   11   3   9   -0.0000000017
4   11   3   10   0.2482770422
4   11   3   11   0.0000000002
4   11   3   12   -0.0299652481
4   11   4   8   0.0000000016
4   11   4   9   -0.0086708000
4   11   4   10   0.0000000002
4   11   4   11   0.4291284998
4   11   4   12   -0.0000000000
4   11   5   8   0.0000048942
4   11   5   9   0.0000000000
4   11   5   10   -0.0299652481
4   11   5   11   -0.0000000000
4   11   5   12   0.0582793183
4   11   6   13   0.0581121686
4   11   7   14   0.0581121686
4   12   1   8   0.0000000005
4   12   1   9   -0.0012623987
4   12   1   10   0.0000000001
4   12   1   11   -0.0000492069
4   12   1   12   0.0000000011
4   12   2   8   -0.0012671108
4   12   2   9   -0.0000000005
4   12   2   10   -0.0004051662
4   12   2   11   -0.0000000000
4   12   2   12   -0.0060914339
4   12   3   8   0.0000000003
4   12   3   9   -0.0014299021
4   12   3   10   0.0000000000
4   12   3   11   -0.0304086477
4   12   3   12   -0.0000000000
4   12   3   13   0.0000000000
4   12   4   8   -0.0000218545
4   12   4   9   -0.0000000000
4   12   4   10   0.0033799032
4   12   4   11   -0.0000000000
4   12   4   12   0.4122628749
4   12   5   8   -0.0000000027
4   12   5   9   0.0144766243
4   12   5   10   -0.0000000000
4   12   5   11   0.0575578849
4   12   5   12   0.0000000000
4   12   6   13   -0.0000000002
4   12   6   14   0.0000000001
4   12   7   13   0.0000000001
4   12   7   14   0.0000000002
4   13   1   13   0.0000000012
4   13   1   14   0.0000000000
4   13   2   13   -0.0064064884
4   13   3   12   0.0000000000
4   13   3   13   0.0000000016
4   13   3   14   -0.0000000014
4   13   4   13   0.4122421573
4   13   4   14   0.0000000000
4   13   5   13   0.0000000001
4   13   5   14   -0.0000000000
4   13   6   8   -0.0000000026
4   13   6   9   0.0151357624
4   13   6   10   0.0000000009
4   13   6   11   0.0570764346
4   13   6   12   0.0000000005
4   13   7   8   -0.0000000002
4   13   7   10   -0.0000000008
4   13   7   12   -0.0000000004
4   14   1   13   0.0000000000
4   14   1   14   0.0000000012
4   14   2   14   -0.0064064884
4   14   3   13   -0.0000000014
4   14   3   14   -0.0000000016
4   14   4   13   0.0000000000
4   14   4   14   0.4122421573
4   14   5   13   -0.0000000000
4   14   5   14   -0.0000000001
4   14   6   8   -0.0000000002
4   14   6   10   -0.0000000008
4   14   6   12   -0.0000000004
4   14   7   8   -0.0000000031
4   14   7   9   0.0151357624
4   14   7   10   -0.0000000010
4   14   7   11   0.0570764346
4   14   7   12   -0.0000000005
5   8   1   8   0.0058115637
5   8   1   9   -0.0000000007
5   8   1   10   -0.0006229375
5   8   1   11   0.0000000005
5   8   1   12   0.0143980138
5   8   2   8   -0.0000000003
5   8   2   9   0.0036418767
5   8   2   11   -0.0012363094
5   8   2   12   0.0000000000
5   8   3   8   0.0064354265
5   8   3   9   0.0000000000
5   8   3   10   0.0003316731
5   8   3   11   0.0000000001
5   8   3   12   0.0148661237
5   8   4   8   0.0000000144
5   8   4   9   -0.0384054639
5   8   4   10   -0.0000000001
5   8   4   11   0.0000048942
5   8   4   12   -0.0000000027
5   8   5   8   0.5573715194
5   8   5   9   -0.0000000000
5   8   5   10   -0.0059972111
5   8   5   11   0.0000000011
5   8   5   12   0.0007891760
5   8   6   9   0.0000000000
5   8   6   13   -0.0002722227
5   8   7   14   -0.0002722227
5   9   1   8   -0.0000000007
5   9   1   9   0.0058076242
5   9   1   11   -0.0012432364
5   9   1   12   0.0000000000
5   9   2   8   0.0036395011
5   9   2   9   0.0000000024
5   9   2   10   -0.0006257506
5   9   2   11   -0.0000000005
5   9   2   12   0.0143471554
5   9   3   8   0.0000000000
5   9   3   9   0.0064311268
5   9   3   10   0.0000000001
5   9   3   11   -0.0003108947
5   9   3   12   0.0000000028
5   9   4   8   -0.0384075785
5   9   4   9   -0.0000000144
5   9   4   10   0.0006459245
5   9   4   11   0.0000000000
5   9   4   12   0.0144766243
5   9   5   8   -0.0000000000
5   9   5   9   0.5573717252
5   9   5   10   -0.0000000011
5   9   5   11   -0.0060914339
5   9   5   12   0.0000000001
5   9   6   8   0.0000000000
5   9   6   13   0.0000000000
5   9   6   14   -0.0000000001
5   9   7   13   -0.0000000001
5   9   7   14   -0.0000000001
5   10   1   8   -0.0005987396
5   10   1   10   0.0015335610
5   10   1   11   0.0000000002
5   10   1   12   0.0148661237
5   10   2   9   -0.0005996511
5   10   2   10   0.0000000003
5   10   2   11   -0.0013205134
5   10   2   12   0.0000000028
5   10   3   8   0.0003399933
5   10   3   9   0.0000000001
5   10   3   10   0.0111763898
5   10   3   11   0.0000000000
5   10   3   12   0.0629756297
5   10   4   8   -0.0000000001
5   10   4   9   0.0006653892
5   10   4   10   0.0000000000
5   10   4   11   -0.0299652481
5   10   4   12   -0.0000000000
5   10   5   8   -0.0059972111
5   10   5   9   -0.0000000011
5   10   5   10   0.4127365914
5   10   5   11   -0.0000000000
5   10   5   12   0.0118257700
5   10   6   11   0.0000000000
5   10   6   13   -0.0003262876
5   10   7   14   -0.0003262876
5   11   1   8   0.0000000005
5   11   1   9   -0.0012671108
5   11   1   10   0.0000000003
5   11   1   11   -0.0000218545
5   11   1   12   -0.0000000027
5   11   2   8   -0.0012623987
5   11   2   9   -0.0000000005
5   11   2   10   -0.0014299021
5   11   2   11   -0.0000000000
5   11   2   12   0.0144766243
5   11   3   8   0.0000000001
5   11   3   9   -0.0004051662
5   11   3   10   0.0000000000
5   11   3   11   0.0033799032
5   11   3   12   -0.0000000000
5   11   4   8   -0.0000492069
5   11   4   9   -0.0000000000
5   11   4   10   -0.0304086477
5   11   4   11   -0.0000000000
5   11   4   12   0.0575578849
5   11   5   8   0.0000000011
5   11   5   9   -0.0060914339
5   11   5   10   -0.0000000000
5   11   5   11   0.4122628749
5   11   5   12   0.0000000000
5   11   6   10   0.0000000000
5   11   6   13   -0.0000000002
5   11   6   14   0.0000000001
5   11   7   13   0.0000000001
5   11   7   14   0.0000000002
5   12   1   8   0.0122010661
5   12   1   9   0.0000000000
5   12   1   10   0.0140736928
5   12   1   11   -0.0000000025
5   12   1   12   0.0007891760
5   12   2   8   0.0000000000
5   12   2   9   0.0121452413
5   12   2   10   0.0000000026
5   12   2   11   0.0135986206
5   12   2   12   0.0000000001
5   12   3   8   0.0140736928
5   12   3   9   0.0000000026
5   12   3   10   0.0629001407
5   12   3   11   -0.0000000000
5   12   3   12   0.0118257700
5   12   4   8   -0.0000000025
5   12   4   9   0.0135986206
5   12   4   10   -0.0000000000
5   12   4   11   0.0582793183
5   12   4   12   0.0000000000
5   12   5   8   0.0007891760
5   12   5   9   0.0000000001
5   12   5   10   0.0118257700
5   12   5   11   0.0000000000
5   12   5   12   0.4182620304
5   12   6   13   0.0140373454
5   12   7   14   0.0140373454
5   13   1   13   0.0012033750
5   13   2   13   0.0000000002
5   13   2   14   -0.0000000000
5   13   3   13   0.0101935065
5   13   4   13   0.0000000001
5   13   4   14   -0.0000000000
5   13   5   13   0.3940747508
5   13   5   14   0.0000000000
5   13   6   8   -0.0003861091
5   13   6   9   -0.0000000001
5   13   6   10   0.0003040559
5   13   6   11   0.0000000005
5   13   6   12   0.0071298144
5   13   7   9   -0.0000000000
5   13   7   11   -0.0000000004
5   14   1   14   0.0012033750
5   14   2   13   -0.0000000000
5   14   2   14   0.0000000002
5   14   3   14   0.0101935065
5   14   4   13   -0.0000000000
5   14   4   14   -0.0000000001
5   14   5   13   0.0000000000
5   14   5   14   0.3940747508
5   14   6   9   -0.0000000000
5   14   6   11   -0.0000000004
5   14   7   8   -0.0003861091
5   14   7   9   -0.0000000001
5   14   7   10   0.0003040559
5   14   7   11   -0.0000000005
5   14   7   12   0.0071298144
6   8   1   13   0.0150381447
6   8   2   13   0.0000000002
6   8   2   14   -0.0000000002
6   8   3   13   0.0151698866
6   8   4   13   -0.0000000026
6   8   4   14   -0.0000000002
6   8   5   9   0.0000000000
6   8   5   13   -0.0003861091
6   8   6   8   0.5629437255
6   8   6   9   0.0000000028
6   8   6   10   -0.0063113066
6   8   6   11   0.0000000012
6   8   6   12   0.0012033750
6   8   7   8   0.0000000000
6   8   7   9   -0.0000000025
6   8   7   11   0.0000000000
6   9   1   13   0.0000000002
6   9   1   14   -0.0000000002
6   9   2   13   0.0150122644
6   9   3   13   0.0000000031
6   9   3   14   -0.0000000002
6   9   4   13   0.0151357624
6   9   5   8   0.0000000000
6   9   5   13   -0.0000000001
6   9   5   14   -0.0000000000
6   9   6   8   0.0000000028
6   9   6   9   0.5629447959
6   9   6   10   -0.0000000012
6   9   6   11   -0.0064064884
6   9   6   12   0.0000000002
6   9   7   8   -0.0000000025
6   9   7   9   0.0000000000
6   9   7   10   0.0000000000
6   9   7   12   -0.0000000000
6   10   1   13   0.0151698866
6   10   2   13   0.0000000031
6   10   2   14   -0.0000000002
6   10   3   13   0.0609224983
6   10   4   13   0.0000000009
6   10   4   14   -0.0000000008
6   10   5   11   0.0000000000
6   10   5   13   0.0003040559
6   10   6   8   -0.0063113066
6   10   6   9   -0.0000000012
6   10   6   10   0.4122539130
6   10   6   11   0.0000000016
6   10   6   12   0.0101935065
6   10   7   9   0.0000000000
6   10   7   10   0.0000000000
6   10   7   11   -0.0000000014
6   11   1   13   -0.0000000026
6   11   1   14   -0.0000000002
6   11   2   13   0.0151357624
6   11   3   13   0.0000000009
6   11   3   14   -0.0000000008
6   11   4   13   0.0570764346
6   11   5   10   0.0000000000
6   11   5   13   0.0000000005
6   11   5   14   -0.0000000004
6   11   6   8   0.0000000012
6   11   6   9   -0.0064064884
6   11   6   10   0.0000000016
6   11   6   11   0.4122421573
6   11   6   12   0.0000000001
6   11   7   8   0.0000000000
6   11   7   10   -0.0000000014
6   11   7   11   0.0000000000
6   11   7   12   -0.0000000000
6   12   1   13   -0.0003861091
6   12   2   13   -0.0000000001
6   12   2   14   -0.0000000000
6   12   3   13   0.0003040559
6   12   4   13   0.0000000005
6   12   4   14   -0.0000000004
6   12   5   13   0.0071298144
6   12   6   8   0.0012033750
6   12   6   9   0.0000000002
6   12   6   10   0.0101935065
6   12   6   11   0.0000000001
6   12   6   12   0.3940747508
6   12   7   9   -0.0000000000
6   12   7   11   -0.0000000000
6   12   7   12   0.0000000000
6   13   1   8   0.0126094541
6   13   1   9   -0.0000000000
6   13   1   10   0.0142346431
6   13   1   11   -0.0000000026
6   13   1   12   -0.0002722227
6   13   2   8   -0.0000000000
6   13   2   9   0.0125793511
6   13   2   10   0.0000000028
6   13   2   11   0.0141004480
6   13   2   12   0.0000000000
6   13   3   8   0.0142346431
6   13   3   9   0.0000000028
6   13   3   10   0.0602091538
6   13   3   11   0.0000000006
6   13   3   12   -0.0003262876
6   13   4   8   -0.0000000026
6   13   4   9   0.0141004480
6   13   4   10   0.0000000006
6   13   4   11   0.0581121686
6   13   4   12   -0.0000000002
6   13   5   8   -0.0002722227
6   13   5   9   0.0000000000
6   13   5   10   -0.0003262876
6   13   5   11   -0.0000000002
6   13   5   12   0.0140373454
6   13   6   13   0.4124654385
6   13   6   14   0.0000000024
6   13   7   13   0.0000000025
6   13   7   14   0.0139019493
6   14   1   9   0.0000000000
6   14   1   11   -0.0000000001
6   14   2   8   0.0000000000
6   14   2   10   -0.0000000001
6   14   2   12   -0.0000000001
6   14   3   9   -0.0000000001
6   14   3   11   -0.0000000005
6   14   4   8   -0.0000000001
6   14   4   10   -0.0000000005
6   14   4   12   0.0000000001
6   14   5   9   -0.0000000001
6   14   5   11   0.0000000001
6   14   6   13   0.0000000024
6   14   6   14   0.3933017975
6   14   7   13   0.0052616936
6   14   7   14   -0.0000000024
7   8   1   14   0.0150381447
7   8   2   13   -0.0000000002
7   8   2   14   -0.0000000002
7   8   3   14   0.0151698866
7   8   4   13   -0.0000000002
7   8   4   14   -0.0000000031
7   8   5   14   -0.0003861091
7   8   6   8   0.0000000000
7   8   6   9   -0.0000000025
7   8   6   11   0.0000000000
7   8   7   8   0.5629437255
7   8   7   9   -0.0000000029
7   8   7   10   -0.0063113066
7   8   7   11   0.0000000012
7   8   7   12   0.0012033750
7   9   1   13   -0.0000000002
7   9   1   14   -0.0000000002
7   9   2   14   0.0150122644
7   9   3   13   -0.0000000002
7   9   3   14   0.0000000026
7   9   4   14   0.0151357624
7   9   5   13   -0.0000000000
7   9   5   14   -0.0000000001
7   9   6   8   -0.0000000025
7   9   6   9   0.0000000000
7   9   6   10   0.0000000000
7   9   6   12   -0.0000000000
7   9   7   8   -0.0000000029
7   9   7   9   0.5629447959
7   9   7   10   -0.0000000011
7   9   7   11   -0.0064064884
7   9   7   12   0.0000000002
7   10   1   14   0.0151698866
7   10   2   13   -0.0000000002
7   10   2   14   0.0000000026
7   10   3   14   0.0609224983
7   10   4   13   -0.0000000008
7   10   4   14   -0.0000000010
7   10   5   14   0.0003040559
7   10   6   9   0.0000000000
7   10   6   10   0.0000000000
7   10   6   11   -0.0000000014
7   10   7   8   -0.0063113066
7   10   7   9   -0.0000000011
7   10   7   10   0.4122539130
7   10   7   11   -0.0000000016
7   10   7   12   0.0101935065
7   11   1   13   -0.0000000002
7   11   1   14   -0.0000000031
7   11   2   14   0.0151357624
7   11   3   13   -0.0000000008
7   11   3   14   -0.0000000010
7   11   4   14   0.0570764346
7   11   5   13   -0.0000000004
7   11   5   14   -0.0000000005
7   11   6   8   0.0000000000
7   11   6   10   -0.0000000014
7   11   6   11   0.0000000000
7   11   6   12   -0.0000000000
7   11   7   8   0.0000000012
7   11   7   9   -0.0064064884
7   11   7   10   -0.0000000016
7   11   7   11   0.4122421573
7   11   7   12   -0.0000000001
7   12   1   14   -0.0003861091
7   12   2   13   -0.0000000000
7   12   2   14   -0.0000000001
7   12   3   14   0.0003040559
7   12   4   13   -0.0000000004
7   12   4   14   -0.0000000005
7   12   5   14   0.0071298144
7   12   6   9   -0.0000000000
7   12   6   11   -0.0000000000
7   12   6   12   0.0000000000
7   12   7   8   0.0012033750
7   12   7   9   0.0000000002
7   12   7   10   0.0101935065
7   12   7   11   -0.0000000001
7   12   7   12   0.3940747508
7   13   1   9   0.0000000000
7   13   1   11   -0.0000000001
7   13   2   8   0.0000000000
7   13   2   10   -0.0000000001
7   13   2   12   -0.0000000001
7   13   3   9   -0.0000000001
7   13   3   11   -0.0000000005
7   13   4   8   -0.0000000001
7   13   4   10   -0.0000000005
7   13   4   12   0.0000000001
7   13   5   9   -0.0000000001
7   13   5   11   0.0000000001
7   13   6   13   0.0000000025
7   13   6   14   0.0052616936
7   13   7   13   0.3933017975
7   13   7   14   -0.0000000024
7   14   1   8   0.0126094541
7   14   1   9   0.0000000000
7   14   1   10   0.0142346431
7   14   1   11   -0.0000000027
7   14   1   12   -0.0002722227
7   14   2   8   0.0000000000
7   14   2   9   0.0125793511
7   14   2   10   0.0000000025
7   14   2   11   0.0141004480
7   14   2   12   -0.0000000001
7   14   3   8   0.0142346431
7   14   3   9   0.0000000025
7   14   3   10   0.0602091538
7   14   3   11   -0.0000000006
7   14   3   12   -0.0003262876
7   14   4   8   -0.0000000027
7   14   4   9   0.0141004480
7   14   4   10   -0.0000000006
7   14   4   11   0.0581121686
7   14   4   12   0.0000000002
7   14   5   8   -0.0002722227
7   14   5   9   -0.0000000001
7   14   5   10   -0.0003262876
7   14   5   11   0.0000000002
7   14   5   12   0.0140373454
7   14   6   13   0.0139019493
7   14   6   14   -0.0000000025
7   14   7   13   -0.0000000025
7   14   7   14   0.4124654385

End IJKL Block
Begin ABCD Block
1   4   1   4   0.4082077243
1   4   1   5   -0.0000000021
1   4   2   4   -0.0000000021
1   4   2   5   0.0158562789
1   4   3   6   0.0166328098
1   5   1   4   -0.0000000021
1   5   1   5   0.3781468926
1   5   2   4   0.0142045665
1   5   2   5   0.0000000021
1   6   1   6   0.3871732173
1   6   3   4   0.0151353888
2   4   1   4   -0.0000000021
2   4   1   5   0.0142045665
2   4   2   4   0.3781468926
2   4   2   5   0.0000000021
2   5   1   4   0.0158562789
2   5   1   5   0.0000000021
2   5   2   4   0.0000000021
2   5   2   5   0.4082077243
2   5   3   6   0.0166328098
2   6   2   6   0.3871732173
2   6   3   5   0.0151353888
3   4   1   6   0.0151353888
3   4   3   4   0.3871732173
3   5   2   6   0.0151353888
3   5   3   5   0.3871732173
3   6   1   4   0.0166328098
3   6   2   5   0.0166328098
3   6   3   6   0.4289030358

End ABCD Block
Begin AIJB Block
1   8   1   4   0.0125398932
1   8   2   4   -0.0000000000
1   8   2   5   -0.0000000000
1   8   3   4   0.0127825976
1   8   4   4   -0.0000000024
1   8   4   5   -0.0000000000
1   8   5   4   -0.0003782968
1   8   6   6   -0.0005738675
1   8   7   6   -0.0011030921
1   9   1   4   -0.0000000000
1   9   1   5   -0.0000000000
1   9   2   4   0.0125581819
1   9   3   4   0.0000000023
1   9   3   5   -0.0000000000
1   9   4   4   0.0131141356
1   9   5   4   -0.0000000001
1   9   5   5   -0.0000000000
1   9   6   6   -0.0000000001
1   9   7   6   -0.0000000002
1   10   1   4   0.0127825976
1   10   2   4   0.0000000023
1   10   2   5   -0.0000000000
1   10   3   4   0.0613028702
1   10   4   4   -0.0000000001
1   10   4   5   -0.0000000001
1   10   5   4   -0.0034093318
1   10   6   6   0.0032377459
1   10   7   6   0.0062236172
1   11   1   4   -0.0000000024
1   11   1   5   -0.0000000000
1   11   2   4   0.0131141356
1   11   3   4   -0.0000000001
1   11   3   5   -0.0000000001
1   11   4   4   0.0662798594
1   11   5   4   0.0000000014
1   11   5   5   0.0000000004
1   11   6   6   0.0000000000
1   11   7   6   0.0000000001
1   12   1   4   -0.0003782968
1   12   2   4   -0.0000000001
1   12   2   5   -0.0000000000
1   12   3   4   -0.0034093318
1   12   4   4   0.0000000014
1   12   4   5   0.0000000004
1   12   5   4   0.0264289526
1   12   6   6   0.0915886797
1   12   7   6   0.1760523856
1   13   1   6   0.0005377047
1   13   2   6   0.0000000001
1   13   3   6   0.0019279647
1   13   4   6   -0.0000000003
1   13   5   6   0.0086011522
1   13   6   4   0.0756438806
1   13   6   5   -0.0905493741
1   13   7   4   0.0905493715
1   13   7   5   -0.1549186058
1   14   1   6   0.0010335796
1   14   2   6   0.0000000002
1   14   3   6   0.0037059469
1   14   4   6   -0.0000000016
1   14   5   6   0.0165331936
1   14   6   4   0.0905493715
1   14   6   5   0.0279709648
1   14   7   4   0.2025915100
1   14   7   5   0.0905493741
2   8   1   5   0.0125398932
2   8   2   4   -0.0000000000
2   8   2   5   0.0000000000
2   8   3   5   0.0127825976
2   8   4   4   -0.0000000000
2   8   4   5   -0.0000000024
2   8   5   5   -0.0003782968
2   8   6   6   0.0011030921
2   8   7   6   -0.0005738675
2   9   1   4   -0.0000000000
2   9   1   5   0.0000000000
2   9   2   5   0.0125581819
2   9   3   4   -0.0000000000
2   9   3   5   0.0000000024
2   9   4   5   0.0131141356
2   9   5   4   -0.0000000000
2   9   5   5   -0.0000000001
2   9   6   6   0.0000000002
2   9   7   6   -0.0000000001
2   10   1   5   0.0127825976
2   10   2   4   -0.0000000000
2   10   2   5   0.0000000024
2   10   3   5   0.0613028702
2   10   4   4   -0.0000000001
2   10   4   5   0.0000000001
2   10   5   5   -0.0034093318
2   10   6   6   -0.0062236172
2   10   7   6   0.0032377459
2   11   1   4   -0.0000000000
2   11   1   5   -0.0000000024
2   11   2   5   0.0131141356
2   11   3   4   -0.0000000001
2   11   3   5   0.0000000001
2   11   4   5   0.0662798594
2   11   5   4   0.0000000004
2   11   5   5   -0.0000000014
2   11   6   6   0.0000000001
2   11   7   6   -0.0000000000
2   12   1   5   -0.0003782968
2   12   2   4   -0.0000000000
2   12   2   5   -0.0000000001
2   12   3   5   -0.0034093318
2   12   4   4   0.0000000004
2   12   4   5   -0.0000000014
2   12   5   5   0.0264289526
2   12   6   6   -0.1760523856
2   12   7   6   0.0915886797
2   13   1   6   -0.0010335796
2   13   2   6   -0.0000000002
2   13   3   6   -0.0037059469
2   13   4   6   -0.0000000016
2   13   5   6   -0.0165331936
2   13   6   4   -0.0905493741
2   13   6   5   0.2025915100
2   13   7   4   0.0279709648
2   13   7   5   -0.0905493715
2   14   1   6   0.0005377047
2   14   2   6   0.0000000001
2   14   3   6   0.0019279647
2   14   4   6   0.0000000003
2   14   5   6   0.0086011522
2   14   6   4   -0.1549186058
2   14   6   5   -0.0905493715
2   14   7   4   0.0905493741
2   14   7   5   0.0756438806
3   8   1   6   0.0134747427
3   8   2   6   -0.0000000000
3   8   3   6   0.0132035234
3   8   4   6   -0.0000000026
3   8   5   6   -0.0005858897
3   8   6   4   0.0005377047
3   8   6   5   -0.0010335796
3   8   7   4   0.0010335796
3   8   7   5   0.0005377047
3   9   1   6   -0.0000000000
3   9   2   6   0.0135167541
3   9   3   6   0.0000000025
3   9   4   6   0.0137450526
3   9   5   6   -0.0000000001
3   9   6   4   0.0000000001
3   9   6   5   -0.0000000002
3   9   7   4   0.0000000002
3   9   7   5   0.0000000001
3   10   1   6   0.0132035234
3   10   2   6   0.0000000025
3   10   3   6   0.0621870216
3   10   4   6   0.0000000000
3   10   5   6   0.0065470674
3   10   6   4   0.0019279647
3   10   6   5   -0.0037059469
3   10   7   4   0.0037059469
3   10   7   5   0.0019279647
3   11   1   6   -0.0000000026
3   11   2   6   0.0137450526
3   11   3   6   0.0000000000
3   11   4   6   0.0674782485
3   11   6   4   -0.0000000003
3   11   6   5   -0.0000000016
3   11   7   4   -0.0000000016
3   11   7   5   0.0000000003
3   12   1   6   -0.0005858897
3   12   2   6   -0.0000000001
3   12   3   6   0.0065470674
3   12   5   6   0.2391140223
3   12   6   4   0.0086011522
3   12   6   5   -0.0165331936
3   12   7   4   0.0165331936
3   12   7   5   0.0086011522
3   13   1   4   -0.0005738675
3   13   1   5   0.0011030921
3   13   2   4   -0.0000000001
3   13   2   5   0.0000000002
3   13   3   4   0.0032377459
3   13   3   5   -0.0062236172
3   13   4   4   0.0000000000
3   13   4   5   0.0000000001
3   13   5   4   0.0915886797
3   13   5   5   -0.1760523856
3   13   6   6   0.0281189085
3   14   1   4   -0.0011030921
3   14   1   5   -0.0005738675
3   14   2   4   -0.0000000002
3   14   2   5   -0.0000000001
3   14   3   4   0.0062236172
3   14   3   5   0.0032377459
3   14   4   4   0.0000000001
3   14   4   5   -0.0000000000
3   14   5   4   0.1760523856
3   14   5   5   0.0915886797
3   14   7   6   0.0281189085

1   8   8   1   -0.5336888986
1   8   9   1   0.0000000009
1   8   9   2   0.0000000004
1   8   9   3   0.0000000000
1   8   10   1   0.0049388805
1   8   11   1   -0.0000000010
1   8   11   2   -0.0000000000
1   8   12   1   -0.0009175741
1   8   13   3   -0.0006033076
1   8   14   3   -0.0011596819
1   9   8   1   0.0000000009
1   9   8   2   0.0000000004
1   9   8   3   0.0000000000
1   9   9   1   -0.5336887131
1   9   10   1   0.0000000009
1   9   10   2   -0.0000000000
1   9   11   1   0.0050619786
1   9   12   1   -0.0000000002
1   9   12   2   -0.0000000000
1   9   13   3   -0.0000000001
1   9   14   3   -0.0000000004
1   10   8   1   0.0049388805
1   10   9   1   0.0000000009
1   10   9   2   -0.0000000000
1   10   10   1   -0.4106600077
1   10   11   1   0.0000000006
1   10   11   2   0.0000000003
1   10   12   1   -0.0066501355
1   10   13   3   -0.0022509725
1   10   14   3   -0.0043268348
1   11   8   1   -0.0000000010
1   11   8   2   -0.0000000000
1   11   9   1   0.0050619786
1   11   10   1   0.0000000006
1   11   10   2   0.0000000003
1   11   11   1   -0.4131303437
1   11   12   1   -0.0000000002
1   11   12   2   -0.0000000001
1   11   13   3   -0.0000000003
1   11   14   3   -0.0000000015
1   12   8   1   -0.0009175741
1   12   9   1   -0.0000000002
1   12   9   2   -0.0000000000
1   12   10   1   -0.0066501355
1   12   11   1   -0.0000000002
1   12   11   2   -0.0000000001
1   12   12   1   -0.3978211887
1   12   13   3   -0.0085565014
1   12   14   3   -0.0164473655
1   13   8   3   -0.0005750981
1   13   9   3   -0.0000000002
1   13   10   3   -0.0024047828
1   13   11   3   -0.0000000001
1   13   12   3   -0.0094372364
1   13   13   1   -0.4074710093
1   13   13   2   0.0162604167
1   13   14   1   -0.0162604143
1   13   14   2   0.0106469432
1   14   8   3   -0.0011054575
1   14   9   3   -0.0000000004
1   14   10   3   -0.0046224900
1   14   11   3   -0.0000000004
1   14   12   3   -0.0181403203
1   14   13   1   -0.0162604143
1   14   13   2   0.0121497004
1   14   14   1   -0.4302676423
1   14   14   2   -0.0162604167
2   8   8   2   -0.5336888986
2   8   9   1   0.0000000004
2   8   9   2   -0.0000000010
2   8   9   3   -0.0000000000
2   8   10   2   0.0049388805
2   8   11   1   -0.0000000000
2   8   11   2   -0.0000000009
2   8   12   2   -0.0009175741
2   8   13   3   0.0011596819
2   8   14   3   -0.0006033076
2   9   8   1   0.0000000004
2   9   8   2   -0.0000000010
2   9   8   3   -0.0000000000
2   9   9   2   -0.5336887131
2   9   10   1   -0.0000000000
2   9   10   2   0.0000000009
2   9   11   2   0.0050619786
2   9   12   1   -0.0000000000
2   9   12   2   -0.0000000002
2   9   13   3   0.0000000001
2   9   14   3   -0.0000000001
2   10   8   2   0.0049388805
2   10   9   1   -0.0000000000
2   10   9   2   0.0000000009
2   10   10   2   -0.4106600077
2   10   11   1   0.0000000003
2   10   11   2   -0.0000000006
2   10   11   3   -0.0000000000
2   10   12   2   -0.0066501355
2   10   13   3   0.0043268348
2   10   14   3   -0.0022509725
2   11   8   1   -0.0000000000
2   11   8   2   -0.0000000009
2   11   9   2   0.0050619786
2   11   10   1   0.0000000003
2   11   10   2   -0.0000000006
2   11   10   3   -0.0000000000
2   11   11   2   -0.4131303437
2   11   12   1   -0.0000000001
2   11   12   2   0.0000000002
2   11   13   3   -0.0000000015
2   11   14   3   0.0000000003
2   12   8   2   -0.0009175741
2   12   9   1   -0.0000000000
2   12   9   2   -0.0000000002
2   12   10   2   -0.0066501355
2   12   11   1   -0.0000000001
2   12   11   2   0.0000000002
2   12   12   2   -0.3978211887
2   12   13   3   0.0164473655
2   12   14   3   -0.0085565014
2   13   8   3   0.0011054575
2   13   10   3   0.0046224900
2   13   11   3   -0.0000000004
2   13   12   3   0.0181403203
2   13   13   1   0.0162604167
2   13   13   2   -0.4302676423
2   13   14   1   0.0121497004
2   13   14   2   0.0162604143
2   14   8   3   -0.0005750981
2   14   9   3   -0.0000000001
2   14   10   3   -0.0024047828
2   14   11   3   0.0000000001
2   14   12   3   -0.0094372364
2   14   13   1   0.0106469432
2   14   13   2   0.0162604143
2   14   14   1   -0.0162604167
2   14   14   2   -0.4074710093
3   8   8   3   -0.5509581867
3   8   9   1   0.0000000000
3   8   9   2   -0.0000000000
3   8   9   3   -0.0000000000
3   8   10   3   0.0052458502
3   8   11   3   -0.0000000010
3   8   12   3   -0.0031957321
3   8   13   1   -0.0005750981
3   8   13   2   0.0011054575
3   8   14   1   -0.0011054575
3   8   14   2   -0.0005750981
3   9   8   1   0.0000000000
3   9   8   2   -0.0000000000
3   9   8   3   -0.0000000000
3   9   9   3   -0.5509571573
3   9   10   3   0.0000000010
3   9   11   3   0.0054681161
3   9   12   3   -0.0000000006
3   9   13   1   -0.0000000002
3   9   14   1   -0.0000000004
3   9   14   2   -0.0000000001
3   10   8   3   0.0052458502
3   10   9   3   0.0000000010
3   10   10   3   -0.4215458643
3   10   11   2   -0.0000000000
3   10   11   3   -0.0000000000
3   10   12   3   -0.0152010314
3   10   13   1   -0.0024047828
3   10   13   2   0.0046224900
3   10   14   1   -0.0046224900
3   10   14   2   -0.0024047828
3   11   8   3   -0.0000000010
3   11   9   3   0.0054681161
3   11   10   2   -0.0000000000
3   11   10   3   -0.0000000000
3   11   11   3   -0.4224064690
3   11   12   3   -0.0000000000
3   11   13   1   -0.0000000001
3   11   13   2   -0.0000000004
3   11   14   1   -0.0000000004
3   11   14   2   0.0000000001
3   12   8   3   -0.0031957321
3   12   9   3   -0.0000000006
3   12   10   3   -0.0152010314
3   12   11   3   -0.0000000000
3   12   12   3   -0.4455117174
3   12   13   1   -0.0094372364
3   12   13   2   0.0181403203
3   12   14   1   -0.0181403203
3   12   14   2   -0.0094372364
3   13   8   1   -0.0006033076
3   13   8   2   0.0011596819
3   13   9   1   -0.0000000001
3   13   9   2   0.0000000001
3   13   10   1   -0.0022509725
3   13   10   2   0.0043268348
3   13   11   1   -0.0000000003
3   13   11   2   -0.0000000015
3   13   12   1   -0.0085565014
3   13   12   2   0.0164473655
3   13   13   3   -0.4084111325
3   13   14   3   -0.0000000000
3   14   8   1   -0.0011596819
3   14   8   2   -0.0006033076
3   14   9   1   -0.0000000004
3   14   9   2   -0.0000000001
3   14   10   1   -0.0043268348
3   14   10   2   -0.0022509725
3   14   11   1   -0.0000000015
3   14   11   2   0.0000000003
3   14   12   1   -0.0164473655
3   14   12   2   -0.0085565014
3   14   14   3   -0.4084111325

End AIJB Block
Begin IJKA Block
1   8   1   6   -0.0000000101
1   8   2   6   0.0186479447
1   8   3   6   0.0000000011
1   8   4   6   -0.0022728015
1   8   5   6   0.0000000048
1   8   6   4   0.0000000022
1   8   6   5   -0.0000000043
1   8   7   4   0.0000000043
1   8   7   5   0.0000000022
1   9   1   6   0.0167717665
1   9   2   6   0.0000000035
1   9   3   6   -0.0028921072
1   9   4   6   -0.0000000000
1   9   5   6   -0.0128920134
1   9   6   4   -0.0060188600
1   9   6   5   0.0115694937
1   9   7   4   -0.0115694937
1   9   7   5   -0.0060188600
1   10   1   6   0.0000000080
1   10   2   6   -0.0212612322
1   10   3   6   -0.0000000001
1   10   4   6   0.0013390139
1   10   5   6   0.0000000025
1   10   6   4   0.0000000012
1   10   6   5   -0.0000000022
1   10   7   4   0.0000000024
1   10   7   5   0.0000000012
1   11   1   6   -0.0219065816
1   11   2   6   -0.0000000000
1   11   3   6   0.0004000823
1   11   4   6   -0.0000000002
1   11   5   6   -0.0140586171
1   11   6   4   -0.0065276711
1   11   6   5   0.0125475339
1   11   7   4   -0.0125475339
1   11   7   5   -0.0065276711
1   12   1   6   0.0000001297
1   12   2   6   -0.3468645651
1   12   3   6   -0.0000000007
1   12   4   6   0.0036313973
1   12   5   6   -0.0000000001
1   12   6   4   -0.0000000000
1   12   6   5   0.0000000001
1   12   7   4   -0.0000000000
1   12   7   5   -0.0000000000
1   13   1   4   0.0000000609
1   13   1   5   -0.0000001165
1   13   2   4   -0.1625929279
1   13   2   5   0.3125372363
1   13   3   4   -0.0000000003
1   13   3   5   0.0000000006
1   13   4   4   0.0016492822
1   13   4   5   -0.0031702615
1   13   5   4   -0.0000000001
1   13   5   5   0.0000000002
1   13   6   6   0.0000000002
1   13   7   6   0.0000000000
1   14   1   4   0.0000001172
1   14   1   5   0.0000000607
1   14   2   4   -0.3125372363
1   14   2   5   -0.1625929279
1   14   3   4   -0.0000000006
1   14   3   5   -0.0000000003
1   14   4   4   0.0031702615
1   14   4   5   0.0016492822
1   14   5   4   -0.0000000003
1   14   5   5   -0.0000000001
1   14   6   6   0.0000000000
1   14   7   6   0.0000000002
2   8   1   6   0.0186490283
2   8   2   6   0.0000000038
2   8   3   6   -0.0028854823
2   8   4   6   -0.0000000000
2   8   5   6   -0.0128463121
2   8   6   4   -0.0060084870
2   8   6   5   0.0115495547
2   8   7   4   -0.0115495547
2   8   7   5   -0.0060084870
2   9   1   6   0.0000000035
2   9   2   6   0.0167767934
2   9   3   6   -0.0000000011
2   9   4   6   -0.0022696396
2   9   5   6   -0.0000000048
2   9   6   4   -0.0000000022
2   9   6   5   0.0000000043
2   9   7   4   -0.0000000043
2   9   7   5   -0.0000000022
2   10   1   6   -0.0212613490
2   10   2   6   -0.0000000079
2   10   3   6   0.0006628471
2   10   4   6   0.0000000003
2   10   5   6   -0.0134743038
2   10   6   4   -0.0063450901
2   10   6   5   0.0121965756
2   10   7   4   -0.0121965756
2   10   7   5   -0.0063450901
2   11   1   6   -0.0000000000
2   11   2   6   -0.0219002092
2   11   3   6   0.0000000001
2   11   4   6   0.0011269668
2   11   5   6   -0.0000000026
2   11   6   4   -0.0000000012
2   11   6   5   0.0000000024
2   11   7   4   -0.0000000023
2   11   7   5   -0.0000000012
2   12   1   6   -0.3468605535
2   12   2   6   -0.0000001297
2   12   3   6   0.0036453143
2   12   4   6   0.0000000007
2   12   5   6   0.0005502992
2   12   6   4   0.0001758692
2   12   6   5   -0.0003380571
2   12   7   4   0.0003380571
2   12   7   5   0.0001758692
2   13   1   4   -0.1625913890
2   13   1   5   0.3125342782
2   13   2   4   -0.0000000607
2   13   2   5   0.0000001172
2   13   3   4   0.0016746537
2   13   3   5   -0.0032190308
2   13   4   4   0.0000000003
2   13   4   5   -0.0000000006
2   13   5   4   0.0005758064
2   13   5   5   -0.0011068190
2   13   6   6   -0.0011637545
2   14   1   4   -0.3125342782
2   14   1   5   -0.1625913890
2   14   2   4   -0.0000001165
2   14   2   5   -0.0000000609
2   14   3   4   0.0032190308
2   14   3   5   0.0016746537
2   14   4   4   0.0000000006
2   14   4   5   0.0000000003
2   14   5   4   0.0011068190
2   14   5   5   0.0005758064
2   14   7   6   -0.0011637545
3   8   1   6   0.0000000011
3   8   2   6   -0.0030289195
3   8   3   6   0.0000000001
3   8   4   6   0.0022007254
3   8   5   6   0.0000000028
3   8   6   4   0.0000000013
3   8   6   5   -0.0000000023
3   8   7   4   0.0000000025
3   8   7   5   0.0000000012
3   9   1   6   -0.0030358065
3   9   2   6   -0.0000000011
3   9   3   6   -0.0005483656
3   9   4   6   0.0000000004
3   9   5   6   -0.0147317177
3   9   6   4   -0.0066576614
3   9   6   5   0.0127974021
3   9   7   4   -0.0127974021
3   9   7   5   -0.0066576614
3   10   1   6   -0.0000000001
3   10   2   6   0.0006519277
3   10   3   6   0.0000000000
3   10   4   6   -0.0065875204
3   10   5   6   0.0000000000
3   10   6   4   0.0000000001
3   10   6   5   0.0000000003
3   10   7   4   0.0000000004
3   10   7   5   -0.0000000001
3   11   1   6   0.0003499947
3   11   2   6   0.0000000001
3   11   3   6   -0.0171155590
3   11   4   6   -0.0000000000
3   11   5   6   -0.0627990493
3   11   6   4   -0.0286436296
3   11   6   5   0.0550589804
3   11   7   4   -0.0550589804
3   11   7   5   -0.0286436296
3   12   1   6   -0.0000000008
3   12   2   6   0.0041658560
3   12   3   6   0.0000000002
3   12   4   6   -0.2237316652
3   12   5   6   -0.0000000000
3   12   6   4   0.0000000002
3   12   6   5   0.0000000011
3   12   7   4   0.0000000011
3   12   7   5   -0.0000000002
3   13   1   4   -0.0000000004
3   13   1   5   0.0000000007
3   13   2   4   0.0019534273
3   13   2   5   -0.0037548914
3   13   3   4   0.0000000001
3   13   3   5   0.0000000000
3   13   4   4   -0.1050594804
3   13   4   5   0.2019460505
3   13   5   4   -0.0000000001
3   13   5   5   -0.0000000004
3   13   6   6   0.0000000005
3   13   7   6   -0.0000000004
3   14   1   4   -0.0000000007
3   14   1   5   -0.0000000004
3   14   2   4   0.0037548914
3   14   2   5   0.0019534273
3   14   3   4   0.0000000003
3   14   3   5   0.0000000000
3   14   4   4   -0.2019460505
3   14   4   5   -0.1050594804
3   14   5   4   -0.0000000004
3   14   5   5   0.0000000001
3   14   6   6   -0.0000000004
3   14   7   6   -0.0000000005
4   8   1   6   -0.0023967198
4   8   2   6   -0.0000000000
4   8   3   6   0.0022229384
4   8   4   6   -0.0000000002
4   8   5   6   -0.0143439129
4   8   6   4   -0.0066309227
4   8   6   5   0.0127460048
4   8   7   4   -0.0127460048
4   8   7   5   -0.0066309227
4   9   1   6   -0.0000000000
4   9   2   6   -0.0023941485
4   9   3   6   0.0000000004
4   9   4   6   0.0011491811
4   9   5   6   -0.0000000027
4   9   6   4   -0.0000000012
4   9   6   5   0.0000000025
4   9   7   4   -0.0000000023
4   9   7   5   -0.0000000013
4   10   1   6   0.0012942691
4   10   2   6   0.0000000002
4   10   3   6   -0.0060350667
4   10   4   6   -0.0000000000
4   10   5   6   -0.0560644009
4   10   6   4   -0.0274060402
4   10   6   5   0.0526800776
4   10   7   4   -0.0526800776
4   10   7   5   -0.0274060402
4   11   1   6   -0.0000000002
4   11   2   6   0.0010866693
4   11   3   6   -0.0000000000
4   11   4   6   -0.0093203691
4   11   5   6   -0.0000000000
4   11   6   4   -0.0000000000
4   11   6   5   0.0000000001
4   11   7   4   0.0000000000
4   11   7   5   -0.0000000000
4   12   1   6   0.0041687772
4   12   2   6   0.0000000008
4   12   3   6   -0.2239591200
4   12   4   6   -0.0000000002
4   12   5   6   0.0273842734
4   12   6   4   0.0011269825
4   12   6   5   -0.0021662934
4   12   7   4   0.0021662934
4   12   7   5   0.0011269825
4   13   1   4   0.0019529896
4   13   1   5   -0.0037540499
4   13   2   4   0.0000000004
4   13   2   5   -0.0000000007
4   13   3   4   -0.1049796242
4   13   3   5   0.2017925504
4   13   4   4   -0.0000000000
4   13   4   5   0.0000000005
4   13   5   4   0.0122707377
4   13   5   5   -0.0235868958
4   13   6   6   -0.0015701744
4   14   1   4   0.0037540499
4   14   1   5   0.0019529896
4   14   2   4   0.0000000007
4   14   2   5   0.0000000004
4   14   3   4   -0.2017925504
4   14   3   5   -0.1049796242
4   14   4   4   0.0000000001
4   14   4   5   -0.0000000002
4   14   5   4   0.0235868958
4   14   5   5   0.0122707377
4   14   7   6   -0.0015701744
5   8   1   6   0.0000000058
5   8   2   6   -0.0154349460
5   8   3   6   0.0000000030
5   8   4   6   -0.0159022529
5   8   5   6   -0.0000000001
5   8   6   4   -0.0000000000
5   8   6   5   0.0000000001
5   8   7   4   -0.0000000000
5   8   7   5   -0.0000000000
5   9   1   6   -0.0154763678
5   9   2   6   -0.0000000058
5   9   3   6   -0.0162598927
5   9   4   6   -0.0000000030
5   9   5   6   0.0003426292
5   9   6   4   0.0001727129
5   9   6   5   -0.0003319900
5   9   7   4   0.0003319900
5   9   7   5   0.0001727129
5   10   1   6   0.0000000026
5   10   2   6   -0.0138237338
5   10   3   6   0.0000000001
5   10   4   6   -0.0575128939
5   10   5   6   0.0000000000
5   10   6   4   0.0000000000
5   10   6   5   0.0000000001
5   10   7   4   0.0000000001
5   10   7   5   -0.0000000000
5   11   1   6   -0.0143240505
5   11   2   6   -0.0000000027
5   11   3   6   -0.0642771765
5   11   4   6   -0.0000000000
5   11   5   6   -0.0121846795
5   11   6   4   0.0007546333
5   11   6   5   -0.0014505613
5   11   7   4   0.0014505613
5   11   7   5   0.0007546333
5   12   1   6   -0.0000000000
5   12   2   6   0.0001840156
5   12   3   6   -0.0000000000
5   12   4   6   0.0277876446
5   12   5   6   0.0000000000
5   12   6   4   0.0000000007
5   12   6   5   0.0000000031
5   12   6   6   -0.0000000000
5   12   7   4   0.0000000031
5   12   7   5   -0.0000000007
5   13   1   4   -0.0000000001
5   13   1   5   0.0000000001
5   13   2   4   0.0004184674
5   13   2   5   -0.0008043810
5   13   3   4   -0.0000000000
5   13   3   5   -0.0000000001
5   13   4   4   0.0120845949
5   13   4   5   -0.0232290908
5   13   5   4   -0.0000000004
5   13   5   5   -0.0000000020
5   13   6   5   0.0000000000
5   13   6   6   -0.0000000004
5   13   7   6   0.0000000003
5   14   1   4   -0.0000000002
5   14   1   5   -0.0000000001
5   14   2   4   0.0008043810
5   14   2   5   0.0004184674
5   14   3   4   -0.0000000002
5   14   3   5   0.0000000000
5   14   4   4   0.0232290908
5   14   4   5   0.0120845949
5   14   5   4   -0.0000000020
5   14   5   5   0.0000000004
5   14   6   4   -0.0000000000
5   14   6   6   0.0000000003
5   14   7   6   0.0000000004
6   8   1   4   0.0000000027
6   8   1   5   -0.0000000051
6   8   2   4   -0.0072297237
6   8   2   5   0.0138970242
6   8   3   4   0.0000000014
6   8   3   5   -0.0000000026
6   8   4   4   -0.0073575884
6   8   4   5   0.0141428067
6   8   5   4   -0.0000000001
6   8   5   5   0.0000000002
6   8   6   6   0.0000000001
6   8   7   6   0.0000000000
6   9   1   4   -0.0072379957
6   9   1   5   0.0139129247
6   9   2   4   -0.0000000027
6   9   2   5   0.0000000053
6   9   3   4   -0.0073822159
6   9   3   5   0.0141901458
6   9   4   4   -0.0000000014
6   9   4   5   0.0000000027
6   9   5   4   0.0003725964
6   9   5   5   -0.0007162073
6   9   6   6   -0.0005114871
6   10   1   4   0.0000000012
6   10   1   5   -0.0000000023
6   10   2   4   -0.0064969400
6   10   2   5   0.0124884623
6   10   3   4   0.0000000001
6   10   3   5   0.0000000003
6   10   4   4   -0.0277806093
6   10   4   5   0.0534000769
6   10   5   4   -0.0000000000
6   10   5   5   -0.0000000001
6   10   6   6   -0.0000000001
6   10   7   6   0.0000000001
6   11   1   4   -0.0066348232
6   11   1   5   0.0127535024
6   11   2   4   -0.0000000012
6   11   2   5   0.0000000024
6   11   3   4   -0.0288840684
6   11   3   5   0.0555211535
6   11   4   4   0.0000000000
6   11   4   5   0.0000000002
6   11   5   4   0.0014987270
6   11   5   5   -0.0028808632
6   11   6   6   -0.0152053523
6   12   1   4   -0.0000000000
6   12   1   5   0.0000000000
6   12   2   4   0.0000673371
6   12   2   5   -0.0001294359
6   12   3   4   0.0000000001
6   12   3   5   0.0000000003
6   12   4   4   0.0014215672
6   12   4   5   -0.0027325462
6   12   5   4   -0.0000000001
6   12   5   5   -0.0000000003
6   12   5   6   -0.0000000000
6   12   6   6   -0.0000000024
6   12   7   6   0.0000000021
6   13   1   6   0.0000000003
6   13   2   6   -0.0010364836
6   13   3   6   0.0000000004
6   13   4   6   -0.0023859537
6   13   5   5   0.0000000000
6   13   5   6   0.0000000028
6   13   6   4   -0.0000000005
6   13   6   5   0.0000000010
6   13   7   4   0.0000000007
6   13   7   5   -0.0000000010
6   14   1   6   -0.0000000000
6   14   3   6   -0.0000000004
6   14   5   4   -0.0000000000
6   14   5   6   -0.0000000023
6   14   6   4   -0.0000000010
6   14   6   5   -0.0000000006
6   14   7   4   0.0000000009
6   14   7   5   0.0000000003
7   8   1   4   0.0000000053
7   8   1   5   0.0000000027
7   8   2   4   -0.0138970242
7   8   2   5   -0.0072297237
7   8   3   4   0.0000000028
7   8   3   5   0.0000000014
7   8   4   4   -0.0141428067
7   8   4   5   -0.0073575884
7   8   5   4   -0.0000000001
7   8   5   5   -0.0000000001
7   8   6   6   0.0000000000
7   8   7   6   0.0000000001
7   9   1   4   -0.0139129247
7   9   1   5   -0.0072379957
7   9   2   4   -0.0000000051
7   9   2   5   -0.0000000027
7   9   3   4   -0.0141901458
7   9   3   5   -0.0073822159
7   9   4   4   -0.0000000026
7   9   4   5   -0.0000000014
7   9   5   4   0.0007162073
7   9   5   5   0.0003725964
7   9   7   6   -0.0005114871
7   10   1   4   0.0000000024
7   10   1   5   0.0000000012
7   10   2   4   -0.0124884623
7   10   2   5   -0.0064969400
7   10   3   4   0.0000000004
7   10   3   5   -0.0000000000
7   10   4   4   -0.0534000769
7   10   4   5   -0.0277806093
7   10   5   4   -0.0000000001
7   10   5   5   0.0000000000
7   10   6   6   0.0000000001
7   10   7   6   0.0000000001
7   11   1   4   -0.0127535024
7   11   1   5   -0.0066348232
7   11   2   4   -0.0000000023
7   11   2   5   -0.0000000013
7   11   3   4   -0.0555211535
7   11   3   5   -0.0288840684
7   11   4   4   0.0000000001
7   11   4   5   -0.0000000001
7   11   5   4   0.0028808632
7   11   5   5   0.0014987270
7   11   7   6   -0.0152053523
7   12   1   4   -0.0000000000
7   12   1   5   -0.0000000000
7   12   2   4   0.0001294359
7   12   2   5   0.0000673371
7   12   3   4   0.0000000002
7   12   3   5   -0.0000000001
7   12   4   4   0.0027325462
7   12   4   5   0.0014215672
7   12   5   4   -0.0000000003
7   12   5   5   0.0000000001
7   12   6   6   0.0000000021
7   12   7   6   0.0000000025
7   13   1   6   -0.0000000000
7   13   3   6   -0.0000000004
7   13   5   6   -0.0000000023
7   13   6   4   0.0000000003
7   13   6   5   -0.0000000009
7   13   7   4   0.0000000005
7   13   7   5   -0.0000000011
7   14   1   6   0.0000000001
7   14   2   6   -0.0010364836
7   14   3   6   -0.0000000004
7   14   4   6   -0.0023859537
7   14   5   6   -0.0000000028
7   14   6   4   0.0000000010
7   14   6   5   0.0000000007
7   14   7   4   0.0000000010
7   14   7   5   0.0000000006

End IJKA Block
Begin IABC Block
1   4   1   6   0.0000000001
1   4   2   6   -0.0000000000
1   4   3   4   0.0000000001
1   4   3   5   -0.0000000000
1   5   1   6   -0.0000000000
1   5   2   6   0.0000000004
1   5   3   4   -0.0000000000
1   5   3   5   0.0000000001
1   6   1   4   0.0000000000
1   6   1   5   -0.0000000000
1   6   2   4   -0.0000000000
1   6   2   5   0.0000000004
1   6   3   6   0.0000000005
2   4   1   6   -0.0011479643
2   4   3   4   -0.0003908691
2   5   2   6   -0.0011479643
2   5   3   5   -0.0003908691
2   6   1   4   -0.0010926577
2   6   2   5   -0.0010926577
2   6   3   6   -0.0024520194
3   4   1   6   -0.0000000002
3   4   2   6   -0.0000000001
3   4   3   4   0.0000000002
3   4   3   5   0.0000000001
3   5   1   6   -0.0000000001
3   5   2   6   0.0000000002
3   5   3   4   0.0000000001
3   5   3   5   -0.0000000002
3   6   1   4   -0.0000000006
3   6   1   5   -0.0000000002
3   6   2   4   -0.0000000002
3   6   2   5   0.0000000006
3   6   3   6   0.0000000000
4   4   1   6   -0.0045414593
4   4   3   4   -0.0148063294
4   5   2   6   -0.0045414593
4   5   3   5   -0.0148063294
4   6   1   4   -0.0031728225
4   6   2   5   -0.0031728225
4   6   3   6   -0.0202716284
5   4   1   6   -0.0000000020
5   4   2   6   -0.0000000006
5   4   3   4   0.0000000015
5   4   3   5   0.0000000005
5   5   1   6   -0.0000000006
5   5   2   6   0.0000000020
5   5   3   4   0.0000000005
5   5   3   5   -0.0000000015
5   5   3   6   -0.0000000000
5   6   1   4   -0.0000000042
5   6   1   5   -0.0000000011
5   6   2   4   -0.0000000011
5   6   2   5   0.0000000042
5   6   3   5   -0.0000000000
5   6   3   6   -0.0000000000
6   4   1   4   0.0000000010
6   4   1   5   -0.0000000002
6   4   2   4   -0.0000000003
6   4   2   5   -0.0000000005
6   4   3   6   0.0000000010
6   5   1   4   0.0000000003
6   5   1   5   -0.0000000006
6   5   2   4   -0.0000000006
6   5   2   5   0.0000000025
6   5   2   6   0.0000000000
6   5   3   6   0.0000000049
6   6   1   6   -0.0000000000
6   6   2   5   0.0000000000
6   6   2   6   -0.0000000001
6   6   3   4   0.0000000006
6   6   3   5   0.0000000027
7   4   1   4   0.0000000025
7   4   1   5   0.0000000006
7   4   2   4   0.0000000006
7   4   2   5   0.0000000003
7   4   3   6   0.0000000049
7   5   1   4   0.0000000005
7   5   1   5   -0.0000000003
7   5   1   6   -0.0000000000
7   5   2   4   -0.0000000002
7   5   2   5   -0.0000000010
7   5   3   6   -0.0000000010
7   6   1   5   -0.0000000000
7   6   1   6   -0.0000000002
7   6   2   6   0.0000000000
7   6   3   4   0.0000000027
7   6   3   5   -0.0000000006

End IABC Block
