0   1   5   6      -0.124084866062
0   1   6   5       0.124084866037
0   2   4   6      -0.081656540002
0   2   6   4       0.081656540002
1   0   5   6       0.124084866062
1   0   6   5      -0.124084866037
1   2   4   5      -0.081656540200
1   2   5   4       0.081656540200
2   0   4   6       0.081656540002
2   0   6   4      -0.081656540002
2   1   4   5       0.081656540200
2   1   5   4      -0.081656540200
0   103   5   12      -0.193294814936
0   103   5   13      -0.249062139772
0   103   6   12      -0.249062139956
0   103   6   13      -0.492869962386
0   104   5   12      -0.249062145906
0   104   5   13      -0.211830004862
0   104   6   12      -0.087745140099
0   104   6   13       0.249062145738
0   105   4   12      -0.134767363450
0   105   4   13      -0.238311961769
0   105   5   11      -0.088589922729
0   105   6   11      -0.156655422545
1   103   5   12      -0.249062146005
1   103   5   13      -0.087745140139
1   103   6   12      -0.211830004873
1   103   6   13       0.249062145643
1   104   5   12      -0.492869962754
1   104   5   13       0.249062139774
1   104   6   12       0.249062139902
1   104   6   13      -0.193294814808
1   105   4   12      -0.238311962568
1   105   4   13       0.134767362818
1   105   5   11      -0.156655423142
1   105   6   11       0.088589922260
2   103   4   12      -0.088589922729
2   103   4   13      -0.156655422545
2   103   5   11      -0.134767363450
2   103   6   11      -0.238311961769
2   104   4   12      -0.156655423142
2   104   4   13       0.088589922260
2   104   5   11      -0.238311962568
2   104   6   11       0.134767362818
2   105   4   11      -0.423347944032
2   107   4   11       0.064862529829
4   105   4   11       0.064862529829
0   103   12   5       0.193294814936
0   103   12   6       0.249062139956
0   103   13   5       0.249062139772
0   103   13   6       0.492869962386
0   104   12   5       0.249062145906
0   104   12   6       0.087745140099
0   104   13   5       0.211830004862
0   104   13   6      -0.249062145738
0   105   11   5       0.088589922729
0   105   11   6       0.156655422545
0   105   12   4       0.134767363450
0   105   13   4       0.238311961769
1   103   12   5       0.249062146005
1   103   12   6       0.211830004873
1   103   13   5       0.087745140139
1   103   13   6      -0.249062145643
1   104   12   5       0.492869962754
1   104   12   6      -0.249062139902
1   104   13   5      -0.249062139774
1   104   13   6       0.193294814808
1   105   11   5       0.156655423142
1   105   11   6      -0.088589922260
1   105   12   4       0.238311962568
1   105   13   4      -0.134767362818
2   103   11   5       0.134767363450
2   103   11   6       0.238311961769
2   103   12   4       0.088589922729
2   103   13   4       0.156655422545
2   104   11   5       0.238311962568
2   104   11   6      -0.134767362818
2   104   12   4       0.156655423142
2   104   13   4      -0.088589922260
2   105   11   4       0.423347944032
2   107   11   4      -0.064862529829
4   105   11   4      -0.064862529829
103   0   5   12       0.193294814936
103   0   5   13       0.249062139772
103   0   6   12       0.249062139956
103   0   6   13       0.492869962386
103   1   5   12       0.249062146005
103   1   5   13       0.087745140139
103   1   6   12       0.211830004873
103   1   6   13      -0.249062145643
103   2   4   12       0.088589922729
103   2   4   13       0.156655422545
103   2   5   11       0.134767363450
103   2   6   11       0.238311961769
104   0   5   12       0.249062145906
104   0   5   13       0.211830004862
104   0   6   12       0.087745140099
104   0   6   13      -0.249062145738
104   1   5   12       0.492869962754
104   1   5   13      -0.249062139774
104   1   6   12      -0.249062139902
104   1   6   13       0.193294814808
104   2   4   12       0.156655423142
104   2   4   13      -0.088589922260
104   2   5   11       0.238311962568
104   2   6   11      -0.134767362818
105   0   4   12       0.134767363450
105   0   4   13       0.238311961769
105   0   5   11       0.088589922729
105   0   6   11       0.156655422545
105   1   4   12       0.238311962568
105   1   4   13      -0.134767362818
105   1   5   11       0.156655423142
105   1   6   11      -0.088589922260
105   2   4   11       0.423347944032
105   4   4   11      -0.064862529829
107   2   4   11      -0.064862529829
103   0   12   5      -0.193294814936
103   0   12   6      -0.249062139956
103   0   13   5      -0.249062139772
103   0   13   6      -0.492869962386
103   1   12   5      -0.249062146005
103   1   12   6      -0.211830004873
103   1   13   5      -0.087745140139
103   1   13   6       0.249062145643
103   2   11   5      -0.134767363450
103   2   11   6      -0.238311961769
103   2   12   4      -0.088589922729
103   2   13   4      -0.156655422545
104   0   12   5      -0.249062145906
104   0   12   6      -0.087745140099
104   0   13   5      -0.211830004862
104   0   13   6       0.249062145738
104   1   12   5      -0.492869962754
104   1   12   6       0.249062139902
104   1   13   5       0.249062139774
104   1   13   6      -0.193294814808
104   2   11   5      -0.238311962568
104   2   11   6       0.134767362818
104   2   12   4      -0.156655423142
104   2   13   4       0.088589922260
105   0   11   5      -0.088589922729
105   0   11   6      -0.156655422545
105   0   12   4      -0.134767363450
105   0   13   4      -0.238311961769
105   1   11   5      -0.156655423142
105   1   11   6       0.088589922260
105   1   12   4      -0.238311962568
105   1   13   4       0.134767362818
105   2   11   4      -0.423347944032
105   4   11   4       0.064862529829
107   2   11   4       0.064862529829
103   104   12   13      -0.124084866062
103   104   13   12       0.124084866037
103   105   11   13      -0.081656540002
103   105   13   11       0.081656540002
104   103   12   13       0.124084866062
104   103   13   12      -0.124084866037
104   105   11   12      -0.081656540200
104   105   12   11       0.081656540200
105   103   11   13       0.081656540002
105   103   13   11      -0.081656540002
105   104   11   12       0.081656540200
105   104   12   11      -0.081656540200

