Begin IJ Block
1   1   -25.7815551130
1   2   0.0000006580
1   3   0.4814095575
1   4   -0.0003106101
1   5   -0.0330915565
2   2   -25.7816178972
2   3   0.0003048896
2   4   0.4902921773
2   5   -0.0000210063
3   3   -6.6802640551
3   4   0.0000004544
3   5   -0.1600011002
4   4   -6.6902016145
4   5   -0.0000002142
5   5   -6.1949303740
6   6   -6.1791293786
6   7   -0.0000000001
7   7   -6.1791293787

End IJ Block
Begin IA Block
1   3   -0.0000278071
2   3   0.0438034868
3   3   0.0000003252
4   3   -0.3021786339
5   3   0.0000002841
6   1   0.0000002554
6   2   0.0000000201
7   1   0.0000000201
7   2   -0.0000002554

End IA Block
Begin AB Block
1   1   -5.9975965712
1   2   0.0000000002
2   2   -5.9975965713
3   3   -6.1641954216

End AB Block
Begin IJAB Block
1   8   1   4   0.0132114198
1   8   2   5   0.0132114198
1   8   3   6   0.0147992456
1   9   1   4   -0.0000000136
1   9   2   5   -0.0000000136
1   9   3   6   -0.0000000360
1   10   1   4   0.0137583584
1   10   1   5   -0.0000000000
1   10   2   4   -0.0000000000
1   10   2   5   0.0137583584
1   10   3   6   0.0144130964
1   11   1   4   -0.0000090611
1   11   2   5   -0.0000090611
1   11   3   6   -0.0000095671
1   12   1   4   -0.0008813281
1   12   1   5   -0.0000000000
1   12   2   4   -0.0000000000
1   12   2   5   -0.0008813281
1   12   3   6   -0.0004514786
1   13   1   6   0.0020753212
1   13   2   6   0.0001635552
1   13   3   4   -0.0014405429
1   13   3   5   -0.0001135286
1   14   1   6   0.0001635553
1   14   2   6   -0.0020753212
1   14   3   4   -0.0001135286
1   14   3   5   0.0014405428
2   8   1   4   -0.0000000136
2   8   2   5   -0.0000000136
2   8   3   6   -0.0000000360
2   9   1   4   0.0132374788
2   9   2   5   0.0132374788
2   9   3   6   0.0148585720
2   10   1   4   0.0000087173
2   10   2   5   0.0000087173
2   10   3   6   0.0000091305
2   11   1   4   0.0143088041
2   11   2   5   0.0143088041
2   11   3   6   0.0151054079
2   12   1   4   -0.0000005596
2   12   2   5   -0.0000005596
2   12   3   6   -0.0000002874
2   13   1   6   0.0000013165
2   13   2   6   0.0000001038
2   13   3   4   -0.0000009142
2   13   3   5   -0.0000000720
2   14   1   6   0.0000001038
2   14   2   6   -0.0000013165
2   14   3   4   -0.0000000720
2   14   3   5   0.0000009142
3   8   1   4   0.0137583584
3   8   1   5   -0.0000000000
3   8   2   4   -0.0000000000
3   8   2   5   0.0137583584
3   8   3   6   0.0144130964
3   9   1   4   0.0000087173
3   9   2   5   0.0000087173
3   9   3   6   0.0000091305
3   10   1   4   0.0593779427
3   10   1   5   -0.0000000000
3   10   2   4   -0.0000000000
3   10   2   5   0.0593779427
3   10   3   6   0.0632653380
3   11   1   4   0.0000000107
3   11   1   5   -0.0000000000
3   11   2   4   -0.0000000000
3   11   2   5   0.0000000107
3   11   3   6   0.0000000067
3   12   1   4   -0.0041202121
3   12   1   5   0.0000000000
3   12   2   4   0.0000000000
3   12   2   5   -0.0041202121
3   12   3   6   0.0147615040
3   13   1   6   0.0088720846
3   13   2   6   0.0006992055
3   13   3   4   0.0129167084
3   13   3   5   0.0010179607
3   14   1   6   0.0006992055
3   14   2   6   -0.0088720847
3   14   3   4   0.0010179607
3   14   3   5   -0.0129167084
4   8   1   4   -0.0000090611
4   8   2   5   -0.0000090611
4   8   3   6   -0.0000095671
4   9   1   4   0.0143088041
4   9   2   5   0.0143088041
4   9   3   6   0.0151054079
4   10   1   4   0.0000000107
4   10   1   5   -0.0000000000
4   10   2   4   -0.0000000000
4   10   2   5   0.0000000107
4   10   3   6   0.0000000067
4   11   1   4   0.0638086877
4   11   1   5   0.0000000000
4   11   2   4   0.0000000000
4   11   2   5   0.0638086877
4   11   3   6   0.0664054798
4   12   1   4   -0.0000000068
4   12   2   5   -0.0000000068
4   12   3   6   0.0000000083
4   13   1   6   0.0000000088
4   13   2   6   0.0000000007
4   13   3   4   0.0000000094
4   13   3   5   0.0000000007
4   14   1   6   0.0000000007
4   14   2   6   -0.0000000088
4   14   3   4   0.0000000007
4   14   3   5   -0.0000000094
5   8   1   4   -0.0008813281
5   8   1   5   -0.0000000000
5   8   2   4   -0.0000000000
5   8   2   5   -0.0008813281
5   8   3   6   -0.0004514786
5   9   1   4   -0.0000005596
5   9   2   5   -0.0000005596
5   9   3   6   -0.0000002874
5   10   1   4   -0.0041202121
5   10   1   5   0.0000000000
5   10   2   4   0.0000000000
5   10   2   5   -0.0041202121
5   10   3   6   0.0147615040
5   11   1   4   -0.0000000068
5   11   2   5   -0.0000000068
5   11   3   6   0.0000000083
5   12   1   4   0.0227122063
5   12   1   5   -0.0000000000
5   12   2   4   -0.0000000000
5   12   2   5   0.0227122064
5   12   3   6   0.2277005159
5   13   1   6   0.0231127490
5   13   2   6   0.0018215066
5   13   3   4   0.1883546648
5   13   3   5   0.0148441568
5   14   1   6   0.0018215066
5   14   2   6   -0.0231127490
5   14   3   4   0.0148441568
5   14   3   5   -0.1883546648
6   8   1   6   -0.0014405429
6   8   2   6   -0.0001135286
6   8   3   4   0.0020753212
6   8   3   5   0.0001635552
6   9   1   6   -0.0000009142
6   9   2   6   -0.0000000720
6   9   3   4   0.0000013165
6   9   3   5   0.0000001038
6   10   1   6   0.0129167084
6   10   2   6   0.0010179607
6   10   3   4   0.0088720846
6   10   3   5   0.0006992055
6   11   1   6   0.0000000094
6   11   2   6   0.0000000007
6   11   3   4   0.0000000088
6   11   3   5   0.0000000007
6   12   1   6   0.1883546648
6   12   2   6   0.0148441568
6   12   3   4   0.0231127490
6   12   3   5   0.0018215066
6   13   1   4   0.2435714991
6   13   1   5   0.0172938906
6   13   2   4   0.0172938906
6   13   2   5   0.0254955162
6   13   3   6   0.0247950470
6   14   1   4   0.0172938961
6   14   1   5   -0.1945092575
6   14   2   4   -0.0235667155
6   14   2   5   -0.0172938961
6   14   3   6   -0.0000000000
7   8   1   6   -0.0001135286
7   8   2   6   0.0014405428
7   8   3   4   0.0001635553
7   8   3   5   -0.0020753212
7   9   1   6   -0.0000000720
7   9   2   6   0.0000009142
7   9   3   4   0.0000001038
7   9   3   5   -0.0000013165
7   10   1   6   0.0010179607
7   10   2   6   -0.0129167084
7   10   3   4   0.0006992055
7   10   3   5   -0.0088720847
7   11   1   6   0.0000000007
7   11   2   6   -0.0000000094
7   11   3   4   0.0000000007
7   11   3   5   -0.0000000088
7   12   1   6   0.0148441568
7   12   2   6   -0.1883546648
7   12   3   4   0.0018215066
7   12   3   5   -0.0231127490
7   13   1   4   0.0172938961
7   13   1   5   -0.0235667155
7   13   2   4   -0.1945092575
7   13   2   5   -0.0172938961
7   13   3   6   -0.0000000000
7   14   1   4   0.0254955162
7   14   1   5   -0.0172938906
7   14   2   4   -0.0172938906
7   14   2   5   0.2435714991
7   14   3   6   0.0247950470

End IJAB Block
Begin IJKL Block
1   8   1   8   2.1575842734
1   8   1   9   -0.0024895422
1   8   1   10   -0.1989093343
1   8   1   11   0.0003862390
1   8   1   12   0.0098132330
1   8   2   8   -0.0024895422
1   8   2   9   1.9616332835
1   8   2   10   0.0001265456
1   8   2   11   -0.2029614749
1   8   2   12   -0.0000045353
1   8   3   8   -0.1989093343
1   8   3   9   0.0001265456
1   8   3   10   0.0289529894
1   8   3   11   -0.0000374190
1   8   3   12   -0.0010927658
1   8   4   8   0.0003862390
1   8   4   9   -0.2029614749
1   8   4   10   -0.0000374190
1   8   4   11   0.0301979467
1   8   4   12   0.0000025554
1   8   5   8   0.0098132330
1   8   5   9   -0.0000045353
1   8   5   10   -0.0010927658
1   8   5   11   0.0000025554
1   8   5   12   0.0119101661
1   8   6   13   0.0125400570
1   8   7   14   0.0125400570
1   9   1   8   -0.0024895422
1   9   1   9   2.1576048765
1   9   1   10   0.0001266295
1   9   1   11   -0.2031048098
1   9   1   12   -0.0000028579
1   9   2   8   1.9616357030
1   9   2   9   0.0024895078
1   9   2   10   -0.1990419933
1   9   2   11   -0.0001290103
1   9   2   12   0.0071601856
1   9   3   8   0.0001265511
1   9   3   9   -0.1989186587
1   9   3   10   -0.0000000564
1   9   3   11   0.0294752099
1   9   3   12   0.0000000030
1   9   4   8   -0.2029537330
1   9   4   9   -0.0001289143
1   9   4   10   0.0294870496
1   9   4   11   0.0000000497
1   9   4   12   -0.0020111474
1   9   5   8   -0.0000045369
1   9   5   9   0.0098068243
1   9   5   10   0.0000000030
1   9   5   11   -0.0020185190
1   9   5   12   0.0000000444
1   9   6   13   0.0000000213
1   9   7   14   0.0000000213
1   10   1   8   -0.1989093343
1   10   1   9   0.0001266295
1   10   1   10   0.5817177253
1   10   1   11   -0.0004945711
1   10   1   12   0.0067394707
1   10   2   8   0.0001265511
1   10   2   9   -0.1990506894
1   10   2   10   -0.0000008862
1   10   2   11   0.3896721315
1   10   2   12   0.0000000576
1   10   3   8   0.0312353168
1   10   3   9   -0.0000000731
1   10   3   10   -0.0082837005
1   10   3   11   0.0000055481
1   10   3   12   0.0005659801
1   10   4   8   -0.0000401755
1   10   4   9   0.0316503831
1   10   4   10   0.0000056470
1   10   4   11   -0.0089536438
1   10   4   12   0.0000003074
1   10   5   8   -0.0011240917
1   10   5   9   0.0000000041
1   10   5   10   0.0021975608
1   10   5   11   0.0000010093
1   10   5   12   0.0139251950
1   10   6   13   0.0142070148
1   10   6   14   0.0000000000
1   10   7   13   0.0000000000
1   10   7   14   0.0142070148
1   11   1   8   0.0003862390
1   11   1   9   -0.2031048098
1   11   1   10   -0.0004945711
1   11   1   11   0.5895047745
1   11   1   12   0.0000675219
1   11   2   8   -0.2029537330
1   11   2   9   -0.0001290054
1   11   2   10   0.3896900658
1   11   2   11   0.0000008560
1   11   2   12   -0.0532016497
1   11   3   8   -0.0000401755
1   11   3   9   0.0316561686
1   11   3   10   0.0000057228
1   11   3   11   -0.0090049412
1   11   3   12   -0.0000006508
1   11   4   8   0.0326235748
1   11   4   9   0.0000000652
1   11   4   10   -0.0086806940
1   11   4   11   0.0000055539
1   11   4   12   0.0000343769
1   11   5   8   0.0000025994
1   11   5   9   -0.0020543854
1   11   5   10   0.0000009559
1   11   5   11   -0.0001109557
1   11   5   12   -0.0000084342
1   11   6   13   -0.0000089053
1   11   7   14   -0.0000089053
1   12   1   8   0.0098132330
1   12   1   9   -0.0000028579
1   12   1   10   0.0067394707
1   12   1   11   0.0000675219
1   12   1   12   0.5642683056
1   12   2   8   -0.0000045369
1   12   2   9   0.0071627818
1   12   2   10   0.0000000576
1   12   2   11   -0.0531996091
1   12   2   12   -0.0000000999
1   12   3   8   -0.0011240917
1   12   3   9   0.0000000041
1   12   3   10   0.0005737477
1   12   3   11   -0.0000006516
1   12   3   12   -0.0058642695
1   12   4   8   0.0000025994
1   12   4   9   -0.0020447243
1   12   4   10   0.0000002460
1   12   4   11   0.0000741830
1   12   4   12   0.0000038179
1   12   5   8   0.0140859786
1   12   5   9   0.0000000381
1   12   5   10   0.0146703329
1   12   5   11   -0.0000089681
1   12   5   12   0.0008734675
1   12   6   13   -0.0004800736
1   12   7   14   -0.0004800736
1   13   1   13   0.5707641204
1   13   1   14   0.0000000000
1   13   2   13   -0.0000001202
1   13   2   14   -0.0000000000
1   13   3   13   -0.0062526314
1   13   3   14   -0.0000000000
1   13   4   13   0.0000040738
1   13   5   13   0.0015898185
1   13   5   14   -0.0000000000
1   13   6   8   0.0149405711
1   13   6   9   0.0000000170
1   13   6   10   0.0150523950
1   13   6   11   -0.0000095195
1   13   6   12   -0.0006039938
1   13   7   8   0.0000000000
1   13   7   10   0.0000000000
1   13   7   12   -0.0000000000
1   14   1   13   0.0000000000
1   14   1   14   0.5707641205
1   14   2   13   -0.0000000000
1   14   2   14   -0.0000001202
1   14   3   13   -0.0000000000
1   14   3   14   -0.0062526314
1   14   4   14   0.0000040738
1   14   5   13   -0.0000000000
1   14   5   14   0.0015898185
1   14   6   8   0.0000000000
1   14   6   10   0.0000000000
1   14   6   12   -0.0000000000
1   14   7   8   0.0149405711
1   14   7   9   0.0000000170
1   14   7   10   0.0150523950
1   14   7   11   -0.0000095195
1   14   7   12   -0.0006039938
2   8   1   8   -0.0024895422
2   8   1   9   1.9616357030
2   8   1   10   0.0001265511
2   8   1   11   -0.2029537330
2   8   1   12   -0.0000045369
2   8   2   8   2.1576048765
2   8   2   9   0.0024895078
2   8   2   10   -0.1989186587
2   8   2   11   -0.0001289143
2   8   2   12   0.0098068243
2   8   3   8   0.0001266295
2   8   3   9   -0.1990419933
2   8   3   10   -0.0000000564
2   8   3   11   0.0294870496
2   8   3   12   0.0000000030
2   8   4   8   -0.2031048098
2   8   4   9   -0.0001290103
2   8   4   10   0.0294752099
2   8   4   11   0.0000000497
2   8   4   12   -0.0020185190
2   8   5   8   -0.0000028579
2   8   5   9   0.0071601856
2   8   5   10   0.0000000030
2   8   5   11   -0.0020111474
2   8   5   12   0.0000000444
2   8   6   13   0.0000000213
2   8   7   14   0.0000000213
2   9   1   8   1.9616332835
2   9   1   9   0.0024895078
2   9   1   10   -0.1990506894
2   9   1   11   -0.0001290054
2   9   1   12   0.0071627818
2   9   2   8   0.0024895078
2   9   2   9   2.1576357192
2   9   2   10   -0.0003785988
2   9   2   11   -0.2030996758
2   9   2   12   0.0000153154
2   9   3   8   -0.1990506894
2   9   3   9   -0.0003785988
2   9   3   10   0.0289325230
2   9   3   11   0.0000374104
2   9   3   12   -0.0010946426
2   9   4   8   -0.0001290054
2   9   4   9   -0.2030996758
2   9   4   10   0.0000374104
2   9   4   11   0.0302199027
2   9   4   12   -0.0000025587
2   9   5   8   0.0071627818
2   9   5   9   0.0000153154
2   9   5   10   -0.0010946426
2   9   5   11   -0.0000025587
2   9   5   12   0.0118353202
2   9   6   13   0.0124986815
2   9   7   14   0.0124986815
2   10   1   8   0.0001265456
2   10   1   9   -0.1990419933
2   10   1   10   -0.0000008862
2   10   1   11   0.3896900658
2   10   1   12   0.0000000576
2   10   2   8   -0.1989186587
2   10   2   9   -0.0003785988
2   10   2   10   0.5817044460
2   10   2   11   0.0004945230
2   10   2   12   0.0067329815
2   10   3   8   -0.0000000731
2   10   3   9   0.0312339062
2   10   3   10   -0.0000052258
2   10   3   11   -0.0087249693
2   10   3   12   0.0000003588
2   10   4   8   0.0316561686
2   10   4   9   0.0000401673
2   10   4   10   -0.0088815160
2   10   4   11   -0.0000056907
2   10   4   12   -0.0004829017
2   10   5   8   0.0000000041
2   10   5   9   -0.0011277687
2   10   5   10   0.0000013979
2   10   5   11   -0.0015854815
2   10   5   12   0.0000088173
2   10   6   13   0.0000089940
2   10   7   14   0.0000089940
2   11   1   8   -0.2029614749
2   11   1   9   -0.0001290103
2   11   1   10   0.3896721315
2   11   1   11   0.0000008560
2   11   1   12   -0.0531996091
2   11   2   8   -0.0001289143
2   11   2   9   -0.2030996758
2   11   2   10   0.0004945230
2   11   2   11   0.5895220721
2   11   2   12   -0.0000675127
2   11   3   8   0.0316503831
2   11   3   9   0.0000401673
2   11   3   10   -0.0090007254
2   11   3   11   -0.0000057235
2   11   3   12   0.0010268075
2   11   4   8   0.0000000652
2   11   4   9   0.0326291874
2   11   4   10   -0.0000055179
2   11   4   11   -0.0087988894
2   11   4   12   0.0000000227
2   11   5   8   -0.0020447243
2   11   5   9   -0.0000026029
2   11   5   10   -0.0015013931
2   11   5   11   -0.0000000735
2   11   5   12   0.0133103399
2   11   6   13   0.0140508297
2   11   7   14   0.0140508297
2   12   1   8   -0.0000045353
2   12   1   9   0.0071601856
2   12   1   10   0.0000000576
2   12   1   11   -0.0532016497
2   12   1   12   -0.0000000999
2   12   2   8   0.0098068243
2   12   2   9   0.0000153154
2   12   2   10   0.0067329815
2   12   2   11   -0.0000675127
2   12   2   12   0.5642685173
2   12   3   8   0.0000000041
2   12   3   9   -0.0011277687
2   12   3   10   0.0000003636
2   12   3   11   0.0010279229
2   12   3   12   -0.0000037124
2   12   4   8   -0.0020543854
2   12   4   9   -0.0000026029
2   12   4   10   -0.0003861652
2   12   4   11   0.0000000481
2   12   4   12   -0.0060238305
2   12   5   8   0.0000000381
2   12   5   9   0.0140174291
2   12   5   10   0.0000092876
2   12   5   11   0.0141506003
2   12   5   12   0.0000005538
2   12   6   13   -0.0000003046
2   12   7   14   -0.0000003046
2   13   1   13   -0.0000001202
2   13   1   14   -0.0000000000
2   13   2   13   0.5707654359
2   13   2   14   0.0000000000
2   13   3   13   -0.0000039581
2   13   4   13   -0.0064275674
2   13   4   14   -0.0000000000
2   13   5   13   0.0000010090
2   13   6   8   0.0000000170
2   13   6   9   0.0149050150
2   13   6   10   0.0000095289
2   13   6   11   0.0150196071
2   13   6   12   -0.0000003836
2   13   7   9   0.0000000000
2   13   7   11   0.0000000000
2   14   1   13   -0.0000000000
2   14   1   14   -0.0000001202
2   14   2   13   0.0000000000
2   14   2   14   0.5707654359
2   14   3   14   -0.0000039581
2   14   4   13   -0.0000000000
2   14   4   14   -0.0064275674
2   14   5   14   0.0000010090
2   14   6   9   0.0000000000
2   14   6   11   0.0000000000
2   14   7   8   0.0000000170
2   14   7   9   0.0149050150
2   14   7   10   0.0000095289
2   14   7   11   0.0150196071
2   14   7   12   -0.0000003836
3   8   1   8   -0.1989093343
3   8   1   9   0.0001265511
3   8   1   10   0.0312353168
3   8   1   11   -0.0000401755
3   8   1   12   -0.0011240917
3   8   2   8   0.0001266295
3   8   2   9   -0.1990506894
3   8   2   10   -0.0000000731
3   8   2   11   0.0316503831
3   8   2   12   0.0000000041
3   8   3   8   0.5817177253
3   8   3   9   -0.0000008862
3   8   3   10   -0.0082837005
3   8   3   11   0.0000056470
3   8   3   12   0.0021975608
3   8   4   8   -0.0004945711
3   8   4   9   0.3896721315
3   8   4   10   0.0000055481
3   8   4   11   -0.0089536438
3   8   4   12   0.0000010093
3   8   5   8   0.0067394707
3   8   5   9   0.0000000576
3   8   5   10   0.0005659801
3   8   5   11   0.0000003074
3   8   5   12   0.0139251950
3   8   6   13   0.0142070148
3   8   6   14   0.0000000000
3   8   7   13   0.0000000000
3   8   7   14   0.0142070148
3   9   1   8   0.0001265456
3   9   1   9   -0.1989186587
3   9   1   10   -0.0000000731
3   9   1   11   0.0316561686
3   9   1   12   0.0000000041
3   9   2   8   -0.1990419933
3   9   2   9   -0.0003785988
3   9   2   10   0.0312339062
3   9   2   11   0.0000401673
3   9   2   12   -0.0011277687
3   9   3   8   -0.0000008862
3   9   3   9   0.5817044460
3   9   3   10   -0.0000052258
3   9   3   11   -0.0088815160
3   9   3   12   0.0000013979
3   9   4   8   0.3896900658
3   9   4   9   0.0004945230
3   9   4   10   -0.0087249693
3   9   4   11   -0.0000056907
3   9   4   12   -0.0015854815
3   9   5   8   0.0000000576
3   9   5   9   0.0067329815
3   9   5   10   0.0000003588
3   9   5   11   -0.0004829017
3   9   5   12   0.0000088173
3   9   6   13   0.0000089940
3   9   7   14   0.0000089940
3   10   1   8   0.0289529894
3   10   1   9   -0.0000000564
3   10   1   10   -0.0082837005
3   10   1   11   0.0000057228
3   10   1   12   0.0005737477
3   10   2   8   -0.0000000564
3   10   2   9   0.0289325230
3   10   2   10   -0.0000052258
3   10   2   11   -0.0090007254
3   10   2   12   0.0000003636
3   10   3   8   -0.0082837005
3   10   3   9   -0.0000052258
3   10   3   10   0.4355392093
3   10   3   11   -0.0000005515
3   10   3   12   0.0148021792
3   10   4   8   0.0000057228
3   10   4   9   -0.0090007254
3   10   4   10   -0.0000005515
3   10   4   11   0.2383685456
3   10   4   12   0.0000000580
3   10   5   8   0.0005737477
3   10   5   9   0.0000003636
3   10   5   10   0.0148021792
3   10   5   11   0.0000000580
3   10   5   12   0.0646710594
3   10   6   13   0.0606946273
3   10   6   14   0.0000000000
3   10   7   13   0.0000000000
3   10   7   14   0.0606946273
3   11   1   8   -0.0000374190
3   11   1   9   0.0294752099
3   11   1   10   0.0000055481
3   11   1   11   -0.0090049412
3   11   1   12   -0.0000006516
3   11   2   8   0.0294870496
3   11   2   9   0.0000374104
3   11   2   10   -0.0087249693
3   11   2   11   -0.0000057235
3   11   2   12   0.0010279229
3   11   3   8   0.0000056470
3   11   3   9   -0.0088815160
3   11   3   10   -0.0000005515
3   11   3   11   0.4336135585
3   11   3   12   0.0000001074
3   11   4   8   -0.0086806940
3   11   4   9   -0.0000055179
3   11   4   10   0.2406761775
3   11   4   11   0.0000005223
3   11   4   12   -0.0404018806
3   11   5   8   0.0000002460
3   11   5   9   -0.0003861652
3   11   5   10   0.0000000574
3   11   5   11   0.0026251449
3   11   5   12   -0.0000000087
3   11   6   13   -0.0000000169
3   11   6   14   -0.0000000000
3   11   7   13   -0.0000000000
3   11   7   14   -0.0000000169
3   12   1   8   -0.0010927658
3   12   1   9   0.0000000030
3   12   1   10   0.0005659801
3   12   1   11   -0.0000006508
3   12   1   12   -0.0058642695
3   12   2   8   0.0000000030
3   12   2   9   -0.0010946426
3   12   2   10   0.0000003588
3   12   2   11   0.0010268075
3   12   2   12   -0.0000037124
3   12   3   8   0.0021975608
3   12   3   9   0.0000013979
3   12   3   10   0.0148021792
3   12   3   11   0.0000001074
3   12   3   12   0.4226485359
3   12   4   8   0.0000009559
3   12   4   9   -0.0015013931
3   12   4   10   0.0000000574
3   12   4   11   -0.0400991121
3   12   4   12   -0.0000000607
3   12   5   8   0.0146703329
3   12   5   9   0.0000092876
3   12   5   10   0.0652096571
3   12   5   11   -0.0000000110
3   12   5   12   0.0141161135
3   12   6   13   -0.0006966169
3   12   7   14   -0.0006966169
3   13   1   13   -0.0062526314
3   13   1   14   -0.0000000000
3   13   2   13   -0.0000039581
3   13   3   13   0.4212102871
3   13   3   14   -0.0000000000
3   13   4   13   -0.0000000765
3   13   4   14   -0.0000000000
3   13   5   13   0.0122598527
3   13   5   14   -0.0000000000
3   13   6   8   0.0150523950
3   13   6   9   0.0000095289
3   13   6   10   0.0617559233
3   13   6   11   -0.0000000157
3   13   6   12   0.0000640697
3   13   7   8   0.0000000000
3   13   7   10   -0.0000000000
3   13   7   11   -0.0000000000
3   13   7   12   0.0000000000
3   14   1   13   -0.0000000000
3   14   1   14   -0.0062526314
3   14   2   14   -0.0000039581
3   14   3   13   -0.0000000000
3   14   3   14   0.4212102871
3   14   4   13   -0.0000000000
3   14   4   14   -0.0000000765
3   14   5   13   -0.0000000000
3   14   5   14   0.0122598527
3   14   6   8   0.0000000000
3   14   6   10   -0.0000000000
3   14   6   11   -0.0000000000
3   14   6   12   0.0000000000
3   14   7   8   0.0150523950
3   14   7   9   0.0000095289
3   14   7   10   0.0617559233
3   14   7   11   -0.0000000157
3   14   7   12   0.0000640697
4   8   1   8   0.0003862390
4   8   1   9   -0.2029537330
4   8   1   10   -0.0000401755
4   8   1   11   0.0326235748
4   8   1   12   0.0000025994
4   8   2   8   -0.2031048098
4   8   2   9   -0.0001290054
4   8   2   10   0.0316561686
4   8   2   11   0.0000000652
4   8   2   12   -0.0020543854
4   8   3   8   -0.0004945711
4   8   3   9   0.3896900658
4   8   3   10   0.0000057228
4   8   3   11   -0.0086806940
4   8   3   12   0.0000009559
4   8   4   8   0.5895047745
4   8   4   9   0.0000008560
4   8   4   10   -0.0090049412
4   8   4   11   0.0000055539
4   8   4   12   -0.0001109557
4   8   5   8   0.0000675219
4   8   5   9   -0.0532016497
4   8   5   10   -0.0000006508
4   8   5   11   0.0000343769
4   8   5   12   -0.0000084342
4   8   6   13   -0.0000089053
4   8   7   14   -0.0000089053
4   9   1   8   -0.2029614749
4   9   1   9   -0.0001289143
4   9   1   10   0.0316503831
4   9   1   11   0.0000000652
4   9   1   12   -0.0020447243
4   9   2   8   -0.0001290103
4   9   2   9   -0.2030996758
4   9   2   10   0.0000401673
4   9   2   11   0.0326291874
4   9   2   12   -0.0000026029
4   9   3   8   0.3896721315
4   9   3   9   0.0004945230
4   9   3   10   -0.0090007254
4   9   3   11   -0.0000055179
4   9   3   12   -0.0015013931
4   9   4   8   0.0000008560
4   9   4   9   0.5895220721
4   9   4   10   -0.0000057235
4   9   4   11   -0.0087988894
4   9   4   12   -0.0000000735
4   9   5   8   -0.0531996091
4   9   5   9   -0.0000675127
4   9   5   10   0.0010268075
4   9   5   11   0.0000000227
4   9   5   12   0.0133103399
4   9   6   13   0.0140508297
4   9   7   14   0.0140508297
4   10   1   8   -0.0000374190
4   10   1   9   0.0294870496
4   10   1   10   0.0000056470
4   10   1   11   -0.0086806940
4   10   1   12   0.0000002460
4   10   2   8   0.0294752099
4   10   2   9   0.0000374104
4   10   2   10   -0.0088815160
4   10   2   11   -0.0000055179
4   10   2   12   -0.0003861652
4   10   3   8   0.0000055481
4   10   3   9   -0.0087249693
4   10   3   10   -0.0000005515
4   10   3   11   0.2406761775
4   10   3   12   0.0000000574
4   10   4   8   -0.0090049412
4   10   4   9   -0.0000057235
4   10   4   10   0.4336135585
4   10   4   11   0.0000005223
4   10   4   12   0.0026251449
4   10   5   8   -0.0000006516
4   10   5   9   0.0010279229
4   10   5   10   0.0000001074
4   10   5   11   -0.0404018806
4   10   5   12   -0.0000000087
4   10   6   13   -0.0000000169
4   10   6   14   -0.0000000000
4   10   7   13   -0.0000000000
4   10   7   14   -0.0000000169
4   11   1   8   0.0301979467
4   11   1   9   0.0000000497
4   11   1   10   -0.0089536438
4   11   1   11   0.0000055539
4   11   1   12   0.0000741830
4   11   2   8   0.0000000497
4   11   2   9   0.0302199027
4   11   2   10   -0.0000056907
4   11   2   11   -0.0087988894
4   11   2   12   0.0000000481
4   11   3   8   -0.0089536438
4   11   3   9   -0.0000056907
4   11   3   10   0.2383685456
4   11   3   11   0.0000005223
4   11   3   12   -0.0400991121
4   11   4   8   0.0000055539
4   11   4   9   -0.0087988894
4   11   4   10   0.0000005223
4   11   4   11   0.4393478480
4   11   4   12   -0.0000000867
4   11   5   8   0.0000741830
4   11   5   9   0.0000000481
4   11   5   10   -0.0400991121
4   11   5   11   -0.0000000867
4   11   5   12   0.0594890138
4   11   6   13   0.0578920053
4   11   6   14   -0.0000000000
4   11   7   13   -0.0000000000
4   11   7   14   0.0578920053
4   12   1   8   0.0000025554
4   12   1   9   -0.0020111474
4   12   1   10   0.0000003074
4   12   1   11   0.0000343769
4   12   1   12   0.0000038179
4   12   2   8   -0.0020185190
4   12   2   9   -0.0000025587
4   12   2   10   -0.0004829017
4   12   2   11   0.0000000227
4   12   2   12   -0.0060238305
4   12   3   8   0.0000010093
4   12   3   9   -0.0015854815
4   12   3   10   0.0000000580
4   12   3   11   -0.0404018806
4   12   3   12   -0.0000000607
4   12   4   8   -0.0001109557
4   12   4   9   -0.0000000735
4   12   4   10   0.0026251449
4   12   4   11   -0.0000000867
4   12   4   12   0.4212625361
4   12   5   8   -0.0000089681
4   12   5   9   0.0141506003
4   12   5   10   -0.0000000110
4   12   5   11   0.0592679379
4   12   5   12   0.0000000251
4   12   6   13   -0.0000000006
4   12   7   14   -0.0000000006
4   13   1   13   0.0000040738
4   13   2   13   -0.0064275674
4   13   2   14   -0.0000000000
4   13   3   13   -0.0000000765
4   13   3   14   -0.0000000000
4   13   4   13   0.4207539070
4   13   4   14   0.0000000000
4   13   5   13   0.0000000250
4   13   5   14   0.0000000000
4   13   6   8   -0.0000095195
4   13   6   9   0.0150196071
4   13   6   10   -0.0000000157
4   13   6   11   0.0567806632
4   13   6   12   0.0000000029
4   13   7   9   0.0000000000
4   13   7   10   -0.0000000000
4   13   7   11   0.0000000000
4   14   1   14   0.0000040738
4   14   2   13   -0.0000000000
4   14   2   14   -0.0064275674
4   14   3   13   -0.0000000000
4   14   3   14   -0.0000000765
4   14   4   13   0.0000000000
4   14   4   14   0.4207539070
4   14   5   13   0.0000000000
4   14   5   14   0.0000000250
4   14   6   9   0.0000000000
4   14   6   10   -0.0000000000
4   14   6   11   0.0000000000
4   14   7   8   -0.0000095195
4   14   7   9   0.0150196071
4   14   7   10   -0.0000000157
4   14   7   11   0.0567806632
4   14   7   12   0.0000000029
5   8   1   8   0.0098132330
5   8   1   9   -0.0000045369
5   8   1   10   -0.0011240917
5   8   1   11   0.0000025994
5   8   1   12   0.0140859786
5   8   2   8   -0.0000028579
5   8   2   9   0.0071627818
5   8   2   10   0.0000000041
5   8   2   11   -0.0020447243
5   8   2   12   0.0000000381
5   8   3   8   0.0067394707
5   8   3   9   0.0000000576
5   8   3   10   0.0005737477
5   8   3   11   0.0000002460
5   8   3   12   0.0146703329
5   8   4   8   0.0000675219
5   8   4   9   -0.0531996091
5   8   4   10   -0.0000006516
5   8   4   11   0.0000741830
5   8   4   12   -0.0000089681
5   8   5   8   0.5642683056
5   8   5   9   -0.0000000999
5   8   5   10   -0.0058642695
5   8   5   11   0.0000038179
5   8   5   12   0.0008734675
5   8   6   13   -0.0004800736
5   8   7   14   -0.0004800736
5   9   1   8   -0.0000045353
5   9   1   9   0.0098068243
5   9   1   10   0.0000000041
5   9   1   11   -0.0020543854
5   9   1   12   0.0000000381
5   9   2   8   0.0071601856
5   9   2   9   0.0000153154
5   9   2   10   -0.0011277687
5   9   2   11   -0.0000026029
5   9   2   12   0.0140174291
5   9   3   8   0.0000000576
5   9   3   9   0.0067329815
5   9   3   10   0.0000003636
5   9   3   11   -0.0003861652
5   9   3   12   0.0000092876
5   9   4   8   -0.0532016497
5   9   4   9   -0.0000675127
5   9   4   10   0.0010279229
5   9   4   11   0.0000000481
5   9   4   12   0.0141506003
5   9   5   8   -0.0000000999
5   9   5   9   0.5642685173
5   9   5   10   -0.0000037124
5   9   5   11   -0.0060238305
5   9   5   12   0.0000005538
5   9   6   13   -0.0000003046
5   9   7   14   -0.0000003046
5   10   1   8   -0.0010927658
5   10   1   9   0.0000000030
5   10   1   10   0.0021975608
5   10   1   11   0.0000009559
5   10   1   12   0.0146703329
5   10   2   8   0.0000000030
5   10   2   9   -0.0010946426
5   10   2   10   0.0000013979
5   10   2   11   -0.0015013931
5   10   2   12   0.0000092876
5   10   3   8   0.0005659801
5   10   3   9   0.0000003588
5   10   3   10   0.0148021792
5   10   3   11   0.0000000574
5   10   3   12   0.0652096571
5   10   4   8   -0.0000006508
5   10   4   9   0.0010268075
5   10   4   10   0.0000001074
5   10   4   11   -0.0400991121
5   10   4   12   -0.0000000110
5   10   5   8   -0.0058642695
5   10   5   9   -0.0000037124
5   10   5   10   0.4226485359
5   10   5   11   -0.0000000607
5   10   5   12   0.0141161135
5   10   6   13   -0.0006966169
5   10   7   14   -0.0006966169
5   11   1   8   0.0000025554
5   11   1   9   -0.0020185190
5   11   1   10   0.0000010093
5   11   1   11   -0.0001109557
5   11   1   12   -0.0000089681
5   11   2   8   -0.0020111474
5   11   2   9   -0.0000025587
5   11   2   10   -0.0015854815
5   11   2   11   -0.0000000735
5   11   2   12   0.0141506003
5   11   3   8   0.0000003074
5   11   3   9   -0.0004829017
5   11   3   10   0.0000000580
5   11   3   11   0.0026251449
5   11   3   12   -0.0000000110
5   11   4   8   0.0000343769
5   11   4   9   0.0000000227
5   11   4   10   -0.0404018806
5   11   4   11   -0.0000000867
5   11   4   12   0.0592679379
5   11   5   8   0.0000038179
5   11   5   9   -0.0060238305
5   11   5   10   -0.0000000607
5   11   5   11   0.4212625361
5   11   5   12   0.0000000251
5   11   6   13   -0.0000000006
5   11   7   14   -0.0000000006
5   12   1   8   0.0119101661
5   12   1   9   0.0000000444
5   12   1   10   0.0139251950
5   12   1   11   -0.0000084342
5   12   1   12   0.0008734675
5   12   2   8   0.0000000444
5   12   2   9   0.0118353202
5   12   2   10   0.0000088173
5   12   2   11   0.0133103399
5   12   2   12   0.0000005538
5   12   3   8   0.0139251950
5   12   3   9   0.0000088173
5   12   3   10   0.0646710594
5   12   3   11   -0.0000000087
5   12   3   12   0.0141161135
5   12   4   8   -0.0000084342
5   12   4   9   0.0133103399
5   12   4   10   -0.0000000087
5   12   4   11   0.0594890138
5   12   4   12   0.0000000251
5   12   5   8   0.0008734675
5   12   5   9   0.0000005538
5   12   5   10   0.0141161135
5   12   5   11   0.0000000251
5   12   5   12   0.4291602074
5   12   6   13   0.0139774261
5   12   6   14   -0.0000000000
5   12   7   13   -0.0000000000
5   12   7   14   0.0139774261
5   13   1   13   0.0015898185
5   13   1   14   -0.0000000000
5   13   2   13   0.0000010090
5   13   3   13   0.0122598527
5   13   3   14   -0.0000000000
5   13   4   13   0.0000000250
5   13   4   14   0.0000000000
5   13   5   13   0.4028356823
5   13   5   14   0.0000000001
5   13   6   8   -0.0006039938
5   13   6   9   -0.0000003836
5   13   6   10   0.0000640697
5   13   6   11   0.0000000029
5   13   6   12   0.0089705595
5   13   7   8   -0.0000000000
5   13   7   10   0.0000000000
5   13   7   12   0.0000000000
5   14   1   13   -0.0000000000
5   14   1   14   0.0015898185
5   14   2   14   0.0000010090
5   14   3   13   -0.0000000000
5   14   3   14   0.0122598527
5   14   4   13   0.0000000000
5   14   4   14   0.0000000250
5   14   5   13   0.0000000001
5   14   5   14   0.4028356823
5   14   6   8   -0.0000000000
5   14   6   10   0.0000000000
5   14   6   12   0.0000000000
5   14   7   8   -0.0006039938
5   14   7   9   -0.0000003836
5   14   7   10   0.0000640697
5   14   7   11   0.0000000029
5   14   7   12   0.0089705595
6   8   1   13   0.0149405711
6   8   1   14   0.0000000000
6   8   2   13   0.0000000170
6   8   3   13   0.0150523950
6   8   3   14   0.0000000000
6   8   4   13   -0.0000095195
6   8   5   13   -0.0006039938
6   8   5   14   -0.0000000000
6   8   6   8   0.5707641204
6   8   6   9   -0.0000001202
6   8   6   10   -0.0062526314
6   8   6   11   0.0000040738
6   8   6   12   0.0015898185
6   8   7   8   0.0000000000
6   8   7   9   -0.0000000000
6   8   7   10   -0.0000000000
6   8   7   12   -0.0000000000
6   9   1   13   0.0000000170
6   9   2   13   0.0149050150
6   9   2   14   0.0000000000
6   9   3   13   0.0000095289
6   9   4   13   0.0150196071
6   9   4   14   0.0000000000
6   9   5   13   -0.0000003836
6   9   6   8   -0.0000001202
6   9   6   9   0.5707654359
6   9   6   10   -0.0000039581
6   9   6   11   -0.0064275674
6   9   6   12   0.0000010090
6   9   7   8   -0.0000000000
6   9   7   9   0.0000000000
6   9   7   11   -0.0000000000
6   10   1   13   0.0150523950
6   10   1   14   0.0000000000
6   10   2   13   0.0000095289
6   10   3   13   0.0617559233
6   10   3   14   -0.0000000000
6   10   4   13   -0.0000000157
6   10   4   14   -0.0000000000
6   10   5   13   0.0000640697
6   10   5   14   0.0000000000
6   10   6   8   -0.0062526314
6   10   6   9   -0.0000039581
6   10   6   10   0.4212102871
6   10   6   11   -0.0000000765
6   10   6   12   0.0122598527
6   10   7   8   -0.0000000000
6   10   7   10   -0.0000000000
6   10   7   11   -0.0000000000
6   10   7   12   -0.0000000000
6   11   1   13   -0.0000095195
6   11   2   13   0.0150196071
6   11   2   14   0.0000000000
6   11   3   13   -0.0000000157
6   11   3   14   -0.0000000000
6   11   4   13   0.0567806632
6   11   4   14   0.0000000000
6   11   5   13   0.0000000029
6   11   6   8   0.0000040738
6   11   6   9   -0.0064275674
6   11   6   10   -0.0000000765
6   11   6   11   0.4207539070
6   11   6   12   0.0000000250
6   11   7   9   -0.0000000000
6   11   7   10   -0.0000000000
6   11   7   11   0.0000000000
6   11   7   12   0.0000000000
6   12   1   13   -0.0006039938
6   12   1   14   -0.0000000000
6   12   2   13   -0.0000003836
6   12   3   13   0.0000640697
6   12   3   14   0.0000000000
6   12   4   13   0.0000000029
6   12   5   13   0.0089705595
6   12   5   14   0.0000000000
6   12   6   8   0.0015898185
6   12   6   9   0.0000010090
6   12   6   10   0.0122598527
6   12   6   11   0.0000000250
6   12   6   12   0.4028356823
6   12   7   8   -0.0000000000
6   12   7   10   -0.0000000000
6   12   7   11   0.0000000000
6   12   7   12   0.0000000001
6   13   1   8   0.0125400570
6   13   1   9   0.0000000213
6   13   1   10   0.0142070148
6   13   1   11   -0.0000089053
6   13   1   12   -0.0004800736
6   13   2   8   0.0000000213
6   13   2   9   0.0124986815
6   13   2   10   0.0000089940
6   13   2   11   0.0140508297
6   13   2   12   -0.0000003046
6   13   3   8   0.0142070148
6   13   3   9   0.0000089940
6   13   3   10   0.0606946273
6   13   3   11   -0.0000000169
6   13   3   12   -0.0006966169
6   13   4   8   -0.0000089053
6   13   4   9   0.0140508297
6   13   4   10   -0.0000000169
6   13   4   11   0.0578920053
6   13   4   12   -0.0000000006
6   13   5   8   -0.0004800736
6   13   5   9   -0.0000003046
6   13   5   10   -0.0006966169
6   13   5   11   -0.0000000006
6   13   5   12   0.0139774261
6   13   6   13   0.4226655781
6   13   6   14   0.0000000021
6   13   7   13   0.0000000021
6   13   7   14   0.0138749256
6   14   1   10   0.0000000000
6   14   3   8   0.0000000000
6   14   3   10   0.0000000000
6   14   3   11   -0.0000000000
6   14   4   10   -0.0000000000
6   14   4   11   -0.0000000000
6   14   5   12   -0.0000000000
6   14   6   13   0.0000000021
6   14   6   14   0.4017658285
6   14   7   13   0.0070248184
6   14   7   14   -0.0000000021
7   8   1   13   0.0000000000
7   8   1   14   0.0149405711
7   8   2   14   0.0000000170
7   8   3   13   0.0000000000
7   8   3   14   0.0150523950
7   8   4   14   -0.0000095195
7   8   5   13   -0.0000000000
7   8   5   14   -0.0006039938
7   8   6   8   0.0000000000
7   8   6   9   -0.0000000000
7   8   6   10   -0.0000000000
7   8   6   12   -0.0000000000
7   8   7   8   0.5707641205
7   8   7   9   -0.0000001202
7   8   7   10   -0.0062526314
7   8   7   11   0.0000040738
7   8   7   12   0.0015898185
7   9   1   14   0.0000000170
7   9   2   13   0.0000000000
7   9   2   14   0.0149050150
7   9   3   14   0.0000095289
7   9   4   13   0.0000000000
7   9   4   14   0.0150196071
7   9   5   14   -0.0000003836
7   9   6   8   -0.0000000000
7   9   6   9   0.0000000000
7   9   6   11   -0.0000000000
7   9   7   8   -0.0000001202
7   9   7   9   0.5707654359
7   9   7   10   -0.0000039581
7   9   7   11   -0.0064275674
7   9   7   12   0.0000010090
7   10   1   13   0.0000000000
7   10   1   14   0.0150523950
7   10   2   14   0.0000095289
7   10   3   13   -0.0000000000
7   10   3   14   0.0617559233
7   10   4   13   -0.0000000000
7   10   4   14   -0.0000000157
7   10   5   13   0.0000000000
7   10   5   14   0.0000640697
7   10   6   8   -0.0000000000
7   10   6   10   -0.0000000000
7   10   6   11   -0.0000000000
7   10   6   12   -0.0000000000
7   10   7   8   -0.0062526314
7   10   7   9   -0.0000039581
7   10   7   10   0.4212102871
7   10   7   11   -0.0000000765
7   10   7   12   0.0122598527
7   11   1   14   -0.0000095195
7   11   2   13   0.0000000000
7   11   2   14   0.0150196071
7   11   3   13   -0.0000000000
7   11   3   14   -0.0000000157
7   11   4   13   0.0000000000
7   11   4   14   0.0567806632
7   11   5   14   0.0000000029
7   11   6   9   -0.0000000000
7   11   6   10   -0.0000000000
7   11   6   11   0.0000000000
7   11   6   12   0.0000000000
7   11   7   8   0.0000040738
7   11   7   9   -0.0064275674
7   11   7   10   -0.0000000765
7   11   7   11   0.4207539070
7   11   7   12   0.0000000250
7   12   1   13   -0.0000000000
7   12   1   14   -0.0006039938
7   12   2   14   -0.0000003836
7   12   3   13   0.0000000000
7   12   3   14   0.0000640697
7   12   4   14   0.0000000029
7   12   5   13   0.0000000000
7   12   5   14   0.0089705595
7   12   6   8   -0.0000000000
7   12   6   10   -0.0000000000
7   12   6   11   0.0000000000
7   12   6   12   0.0000000001
7   12   7   8   0.0015898185
7   12   7   9   0.0000010090
7   12   7   10   0.0122598527
7   12   7   11   0.0000000250
7   12   7   12   0.4028356823
7   13   1   10   0.0000000000
7   13   3   8   0.0000000000
7   13   3   10   0.0000000000
7   13   3   11   -0.0000000000
7   13   4   10   -0.0000000000
7   13   4   11   -0.0000000000
7   13   5   12   -0.0000000000
7   13   6   13   0.0000000021
7   13   6   14   0.0070248184
7   13   7   13   0.4017658285
7   13   7   14   -0.0000000021
7   14   1   8   0.0125400570
7   14   1   9   0.0000000213
7   14   1   10   0.0142070148
7   14   1   11   -0.0000089053
7   14   1   12   -0.0004800736
7   14   2   8   0.0000000213
7   14   2   9   0.0124986815
7   14   2   10   0.0000089940
7   14   2   11   0.0140508297
7   14   2   12   -0.0000003046
7   14   3   8   0.0142070148
7   14   3   9   0.0000089940
7   14   3   10   0.0606946273
7   14   3   11   -0.0000000169
7   14   3   12   -0.0006966169
7   14   4   8   -0.0000089053
7   14   4   9   0.0140508297
7   14   4   10   -0.0000000169
7   14   4   11   0.0578920053
7   14   4   12   -0.0000000006
7   14   5   8   -0.0004800736
7   14   5   9   -0.0000003046
7   14   5   10   -0.0006966169
7   14   5   11   -0.0000000006
7   14   5   12   0.0139774261
7   14   6   13   0.0138749256
7   14   6   14   -0.0000000021
7   14   7   13   -0.0000000021
7   14   7   14   0.4226655780

End IJKL Block
Begin ABCD Block
1   4   1   4   0.4189995537
1   4   1   5   -0.0000000027
1   4   2   4   -0.0000000027
1   4   2   5   0.0161459421
1   4   3   6   0.0172039758
1   5   1   4   -0.0000000027
1   5   1   5   0.3881817778
1   5   2   4   0.0146718211
1   5   2   5   0.0000000025
1   5   3   6   -0.0000000000
1   6   1   6   0.3994496175
1   6   2   6   0.0000000002
1   6   3   4   0.0159387820
1   6   3   5   -0.0000000000
2   4   1   4   -0.0000000027
2   4   1   5   0.0146718211
2   4   2   4   0.3881817778
2   4   2   5   0.0000000025
2   4   3   6   -0.0000000000
2   5   1   4   0.0161459421
2   5   1   5   0.0000000025
2   5   2   4   0.0000000025
2   5   2   5   0.4189995539
2   5   3   6   0.0172039758
2   6   1   6   0.0000000002
2   6   2   6   0.3994496173
2   6   3   4   -0.0000000000
2   6   3   5   0.0159387820
3   4   1   6   0.0159387820
3   4   2   6   -0.0000000000
3   4   3   4   0.3994496175
3   4   3   5   0.0000000002
3   5   1   6   -0.0000000000
3   5   2   6   0.0159387820
3   5   3   4   0.0000000002
3   5   3   5   0.3994496173
3   6   1   4   0.0172039758
3   6   1   5   -0.0000000000
3   6   2   4   -0.0000000000
3   6   2   5   0.0172039758
3   6   3   6   0.4451787278

End ABCD Block
Begin AIJB Block
1   8   1   4   0.0126760418
1   8   2   4   -0.0000000128
1   8   3   4   0.0128356120
1   8   4   4   -0.0000084335
1   8   5   4   -0.0006697637
1   8   6   6   -0.0015737768
1   8   7   6   -0.0001240287
1   9   1   4   -0.0000000128
1   9   2   4   0.0127007044
1   9   3   4   0.0000081329
1   9   4   4   0.0133180268
1   9   5   4   -0.0000004252
1   9   6   6   -0.0000009986
1   9   7   6   -0.0000000787
1   10   1   4   0.0128356120
1   10   2   4   0.0000081329
1   10   3   4   0.0602608203
1   10   3   5   -0.0000000000
1   10   4   4   0.0000000081
1   10   4   5   -0.0000000000
1   10   5   4   -0.0048382974
1   10   5   5   0.0000000000
1   10   6   6   0.0115918158
1   10   7   6   0.0009135464
1   11   1   4   -0.0000084335
1   11   2   4   0.0133180268
1   11   3   4   0.0000000081
1   11   3   5   -0.0000000000
1   11   4   4   0.0669770477
1   11   4   5   0.0000000000
1   11   5   4   -0.0000000103
1   11   6   6   0.0000000080
1   11   7   6   0.0000000006
1   12   1   4   -0.0006697637
1   12   2   4   -0.0000004252
1   12   3   4   -0.0048382974
1   12   3   5   0.0000000000
1   12   4   4   -0.0000000103
1   12   5   4   0.0250848270
1   12   5   5   0.0000000000
1   12   6   6   0.1873020907
1   12   7   6   0.0147612039
1   13   1   6   0.0016396423
1   13   2   6   0.0000010402
1   13   3   6   0.0059982939
1   13   4   6   0.0000000079
1   13   5   6   0.0181592227
1   13   6   4   0.2387260848
1   13   6   5   0.0166761054
1   13   7   4   0.0166761103
1   13   7   5   -0.0177539230
1   14   1   6   0.0001292196
1   14   2   6   0.0000000820
1   14   3   6   0.0004727232
1   14   4   6   0.0000000006
1   14   5   6   0.0014311212
1   14   6   4   0.0166761103
1   14   6   5   -0.1925317761
1   14   7   4   0.0284403771
1   14   7   5   -0.0166761054
2   8   1   5   0.0126760418
2   8   2   5   -0.0000000128
2   8   3   5   0.0128356120
2   8   4   5   -0.0000084335
2   8   5   5   -0.0006697637
2   8   6   6   -0.0001240287
2   8   7   6   0.0015737768
2   9   1   5   -0.0000000128
2   9   2   5   0.0127007044
2   9   3   5   0.0000081329
2   9   4   5   0.0133180268
2   9   5   5   -0.0000004252
2   9   6   6   -0.0000000787
2   9   7   6   0.0000009986
2   10   1   5   0.0128356120
2   10   2   5   0.0000081329
2   10   3   4   -0.0000000000
2   10   3   5   0.0602608203
2   10   4   4   -0.0000000000
2   10   4   5   0.0000000081
2   10   5   4   0.0000000000
2   10   5   5   -0.0048382974
2   10   6   6   0.0009135464
2   10   7   6   -0.0115918158
2   11   1   5   -0.0000084335
2   11   2   5   0.0133180268
2   11   3   4   -0.0000000000
2   11   3   5   0.0000000081
2   11   4   4   0.0000000000
2   11   4   5   0.0669770477
2   11   5   5   -0.0000000103
2   11   6   6   0.0000000006
2   11   7   6   -0.0000000080
2   12   1   5   -0.0006697637
2   12   2   5   -0.0000004252
2   12   3   4   0.0000000000
2   12   3   5   -0.0048382974
2   12   4   5   -0.0000000103
2   12   5   4   0.0000000000
2   12   5   5   0.0250848270
2   12   6   6   0.0147612039
2   12   7   6   -0.1873020907
2   13   1   6   0.0001292196
2   13   2   6   0.0000000820
2   13   3   6   0.0004727232
2   13   4   6   0.0000000006
2   13   5   6   0.0014311212
2   13   6   4   0.0166761054
2   13   6   5   0.0284403771
2   13   7   4   -0.1925317761
2   13   7   5   -0.0166761103
2   14   1   6   -0.0016396423
2   14   2   6   -0.0000010402
2   14   3   6   -0.0059982939
2   14   4   6   -0.0000000079
2   14   5   6   -0.0181592227
2   14   6   4   -0.0177539230
2   14   6   5   -0.0166761103
2   14   7   4   -0.0166761054
2   14   7   5   0.2387260848
3   8   1   6   0.0141032876
3   8   2   6   -0.0000000359
3   8   3   6   0.0133225215
3   8   4   6   -0.0000088966
3   8   5   6   -0.0007841639
3   8   6   4   0.0016396423
3   8   6   5   0.0001292196
3   8   7   4   0.0001292196
3   8   7   5   -0.0016396423
3   9   1   6   -0.0000000359
3   9   2   6   0.0141621460
3   9   3   6   0.0000084397
3   9   4   6   0.0140467313
3   9   5   6   -0.0000004980
3   9   6   4   0.0000010402
3   9   6   5   0.0000000820
3   9   7   4   0.0000000820
3   9   7   5   -0.0000010402
3   10   1   6   0.0133225215
3   10   2   6   0.0000084397
3   10   3   6   0.0617388954
3   10   4   6   0.0000000028
3   10   5   6   0.0108108442
3   10   6   4   0.0059982939
3   10   6   5   0.0004727232
3   10   7   4   0.0004727232
3   10   7   5   -0.0059982939
3   11   1   6   -0.0000088966
3   11   2   6   0.0140467313
3   11   3   6   0.0000000028
3   11   4   6   0.0675451613
3   11   5   6   0.0000000028
3   11   6   4   0.0000000079
3   11   6   5   0.0000000006
3   11   7   4   0.0000000006
3   11   7   5   -0.0000000079
3   12   1   6   -0.0007841639
3   12   2   6   -0.0000004980
3   12   3   6   0.0108108442
3   12   4   6   0.0000000028
3   12   5   6   0.2243746162
3   12   6   4   0.0181592227
3   12   6   5   0.0014311212
3   12   7   4   0.0014311212
3   12   7   5   -0.0181592227
3   13   1   4   -0.0015737768
3   13   1   5   -0.0001240287
3   13   2   4   -0.0000009986
3   13   2   5   -0.0000000787
3   13   3   4   0.0115918158
3   13   3   5   0.0009135464
3   13   4   4   0.0000000080
3   13   4   5   0.0000000006
3   13   5   4   0.1873020907
3   13   5   5   0.0147612039
3   13   6   6   0.0267790237
3   13   7   6   -0.0000000000
3   14   1   4   -0.0001240287
3   14   1   5   0.0015737768
3   14   2   4   -0.0000000787
3   14   2   5   0.0000009986
3   14   3   4   0.0009135464
3   14   3   5   -0.0115918158
3   14   4   4   0.0000000006
3   14   4   5   -0.0000000080
3   14   5   4   0.0147612039
3   14   5   5   -0.1873020907
3   14   6   6   -0.0000000000
3   14   7   6   0.0267790237

1   8   8   1   -0.5446544109
1   8   9   1   -0.0000000910
1   8   9   2   0.0000000000
1   8   10   1   0.0049622608
1   8   10   2   0.0000000001
1   8   11   1   -0.0000032617
1   8   12   1   -0.0011106147
1   8   12   2   0.0000000000
1   8   13   3   -0.0018092619
1   8   14   3   -0.0001425872
1   9   8   1   -0.0000000910
1   9   8   2   0.0000000000
1   9   9   1   -0.5446541924
1   9   10   1   0.0000031441
1   9   11   1   0.0051506348
1   9   11   2   0.0000000001
1   9   12   1   -0.0000007045
1   9   13   3   -0.0000011476
1   9   14   3   -0.0000000904
1   10   8   1   0.0049622608
1   10   8   2   0.0000000001
1   10   9   1   0.0000031441
1   10   10   1   -0.4200022715
1   10   10   2   0.0000000001
1   10   11   1   -0.0000000518
1   10   11   2   0.0000000000
1   10   12   1   -0.0073008853
1   10   12   2   0.0000000001
1   10   13   3   -0.0070182752
1   10   14   3   -0.0005531075
1   11   8   1   -0.0000032617
1   11   9   1   0.0051506348
1   11   9   2   0.0000000001
1   11   10   1   -0.0000000518
1   11   10   2   0.0000000000
1   11   11   1   -0.4231590246
1   11   11   2   0.0000000001
1   11   12   1   0.0000000037
1   11   12   2   -0.0000000000
1   11   13   3   -0.0000000042
1   11   14   3   -0.0000000003
1   12   8   1   -0.0011106147
1   12   8   2   0.0000000000
1   12   9   1   -0.0000007045
1   12   10   1   -0.0073008853
1   12   10   2   0.0000000001
1   12   11   1   0.0000000037
1   12   11   2   -0.0000000000
1   12   12   1   -0.4061937328
1   12   12   2   -0.0000000001
1   12   13   3   -0.0178654983
1   12   14   3   -0.0014079729
1   13   8   3   -0.0017428790
1   13   9   3   -0.0000011054
1   13   10   3   -0.0074242126
1   13   11   3   -0.0000000068
1   13   12   3   -0.0202068251
1   13   13   1   -0.4458997708
1   13   13   2   -0.0030616598
1   13   14   1   -0.0030616641
1   13   14   2   0.0203280156
1   14   8   3   -0.0001373556
1   14   9   3   -0.0000000871
1   14   10   3   -0.0005850993
1   14   11   3   -0.0000000005
1   14   12   3   -0.0015924919
1   14   13   1   -0.0030616641
1   14   13   2   0.0182795352
1   14   14   1   -0.4072922124
1   14   14   2   0.0030616599
2   8   8   2   -0.5446544109
2   8   9   1   0.0000000000
2   8   9   2   -0.0000000910
2   8   10   1   0.0000000001
2   8   10   2   0.0049622608
2   8   11   2   -0.0000032617
2   8   12   1   0.0000000000
2   8   12   2   -0.0011106147
2   8   13   3   -0.0001425872
2   8   14   3   0.0018092619
2   9   8   1   0.0000000000
2   9   8   2   -0.0000000910
2   9   9   2   -0.5446541924
2   9   10   2   0.0000031441
2   9   11   1   0.0000000001
2   9   11   2   0.0051506348
2   9   12   2   -0.0000007045
2   9   13   3   -0.0000000904
2   9   14   3   0.0000011476
2   10   8   1   0.0000000001
2   10   8   2   0.0049622608
2   10   9   2   0.0000031441
2   10   10   1   0.0000000001
2   10   10   2   -0.4200022715
2   10   11   1   0.0000000000
2   10   11   2   -0.0000000518
2   10   12   1   0.0000000001
2   10   12   2   -0.0073008853
2   10   13   3   -0.0005531075
2   10   14   3   0.0070182752
2   11   8   2   -0.0000032617
2   11   9   1   0.0000000001
2   11   9   2   0.0051506348
2   11   10   1   0.0000000000
2   11   10   2   -0.0000000518
2   11   11   1   0.0000000001
2   11   11   2   -0.4231590246
2   11   12   1   -0.0000000000
2   11   12   2   0.0000000037
2   11   13   3   -0.0000000003
2   11   14   3   0.0000000042
2   12   8   1   0.0000000000
2   12   8   2   -0.0011106147
2   12   9   2   -0.0000007045
2   12   10   1   0.0000000001
2   12   10   2   -0.0073008853
2   12   11   1   -0.0000000000
2   12   11   2   0.0000000037
2   12   12   1   -0.0000000001
2   12   12   2   -0.4061937327
2   12   13   3   -0.0014079729
2   12   14   3   0.0178654983
2   13   8   3   -0.0001373556
2   13   9   3   -0.0000000871
2   13   10   3   -0.0005850993
2   13   11   3   -0.0000000005
2   13   12   3   -0.0015924919
2   13   13   1   -0.0030616598
2   13   13   2   -0.4072922124
2   13   14   1   0.0182795352
2   13   14   2   0.0030616641
2   14   8   3   0.0017428790
2   14   9   3   0.0000011054
2   14   10   3   0.0074242126
2   14   11   3   0.0000000068
2   14   12   3   0.0202068251
2   14   13   1   0.0203280156
2   14   13   2   0.0030616641
2   14   14   1   0.0030616599
2   14   14   2   -0.4458997708
3   8   8   3   -0.5674997628
3   8   9   3   -0.0000000561
3   8   10   3   0.0053936075
3   8   11   3   -0.0000036712
3   8   12   3   -0.0042407981
3   8   13   1   -0.0017428790
3   8   13   2   -0.0001373556
3   8   14   1   -0.0001373556
3   8   14   2   0.0017428790
3   9   8   3   -0.0000000561
3   9   9   3   -0.5674980583
3   9   10   3   0.0000034166
3   9   11   3   0.0057960993
3   9   12   3   -0.0000026903
3   9   13   1   -0.0000011054
3   9   13   2   -0.0000000871
3   9   14   1   -0.0000000871
3   9   14   2   0.0000011054
3   10   8   3   0.0053936075
3   10   9   3   0.0000034166
3   10   10   3   -0.4340875170
3   10   11   3   -0.0000000313
3   10   12   3   -0.0194142837
3   10   13   1   -0.0074242126
3   10   13   2   -0.0005850993
3   10   14   1   -0.0005850993
3   10   14   2   0.0074242126
3   11   8   3   -0.0000036712
3   11   9   3   0.0057960993
3   11   10   3   -0.0000000313
3   11   11   3   -0.4342228697
3   11   12   3   -0.0000000109
3   11   13   1   -0.0000000068
3   11   13   2   -0.0000000005
3   11   14   1   -0.0000000005
3   11   14   2   0.0000000068
3   12   8   3   -0.0042407981
3   12   9   3   -0.0000026903
3   12   10   3   -0.0194142837
3   12   11   3   -0.0000000109
3   12   12   3   -0.4554048816
3   12   13   1   -0.0202068251
3   12   13   2   -0.0015924919
3   12   14   1   -0.0015924919
3   12   14   2   0.0202068251
3   13   8   1   -0.0018092619
3   13   8   2   -0.0001425872
3   13   9   1   -0.0000011476
3   13   9   2   -0.0000000904
3   13   10   1   -0.0070182752
3   13   10   2   -0.0005531075
3   13   11   1   -0.0000000042
3   13   11   2   -0.0000000003
3   13   12   1   -0.0178654983
3   13   12   2   -0.0014079729
3   13   13   3   -0.4189797225
3   13   14   3   -0.0000000001
3   14   8   1   -0.0001425872
3   14   8   2   0.0018092619
3   14   9   1   -0.0000000904
3   14   9   2   0.0000011476
3   14   10   1   -0.0005531075
3   14   10   2   0.0070182752
3   14   11   1   -0.0000000003
3   14   11   2   0.0000000042
3   14   12   1   -0.0014079729
3   14   12   2   0.0178654983
3   14   13   3   -0.0000000001
3   14   14   3   -0.4189797226

End AIJB Block
Begin IJKA Block
1   8   1   6   0.0000483629
1   8   2   6   -0.0261856960
1   8   3   6   -0.0000052610
1   8   4   6   0.0032678816
1   8   5   6   -0.0000162551
1   8   6   4   -0.0000165032
1   8   6   5   -0.0000013006
1   8   7   4   -0.0000013006
1   8   7   5   0.0000165032
1   9   1   6   -0.0238377994
1   9   2   6   -0.0000166081
1   9   3   6   0.0041464710
1   9   4   6   0.0000000072
1   9   5   6   0.0128386838
1   9   6   4   0.0130185244
1   9   6   5   0.0010259848
1   9   7   4   0.0010259848
1   9   7   5   -0.0130185244
1   10   1   6   -0.0000396643
1   10   2   6   0.0312287118
1   10   3   6   0.0000005436
1   10   4   6   -0.0018412669
1   10   5   6   -0.0000084930
1   10   6   4   -0.0000086592
1   10   6   5   -0.0000006824
1   10   7   4   -0.0000006824
1   10   7   5   0.0000086592
1   11   1   6   0.0287646360
1   11   2   6   0.0000000334
1   11   3   6   -0.0005397987
1   11   4   6   0.0000010197
1   11   5   6   0.0141235003
1   11   6   4   0.0141909592
1   11   6   5   0.0011183839
1   11   7   4   0.0011183839
1   11   7   5   -0.0141909592
1   12   1   6   -0.0004216367
1   12   2   6   0.3322298326
1   12   3   6   0.0000022826
1   12   4   6   -0.0035718643
1   12   5   6   0.0000003588
1   12   6   4   0.0000004293
1   12   6   5   0.0000000338
1   12   7   4   0.0000000338
1   12   7   5   -0.0000004293
1   13   1   4   -0.0004331780
1   13   1   5   -0.0000341386
1   13   2   4   0.3413268290
1   13   2   5   0.0268998327
1   13   3   4   0.0000023228
1   13   3   5   0.0000001831
1   13   4   4   -0.0035629233
1   13   4   5   -0.0002807926
1   13   5   4   0.0000008814
1   13   5   5   0.0000000695
1   13   6   6   -0.0000010387
1   14   1   4   -0.0000341386
1   14   1   5   0.0004331780
1   14   2   4   0.0268998327
1   14   2   5   -0.3413268290
1   14   3   4   0.0000001831
1   14   3   5   -0.0000023228
1   14   4   4   -0.0002807926
1   14   4   5   0.0035629233
1   14   5   4   0.0000000695
1   14   5   5   -0.0000008814
1   14   7   6   -0.0000010387
2   8   1   6   -0.0261870986
2   8   2   6   -0.0000180987
2   8   3   6   0.0041375134
2   8   4   6   0.0000000071
2   8   5   6   0.0127758701
2   8   6   4   0.0129879044
2   8   6   5   0.0010235716
2   8   7   4   0.0010235716
2   8   7   5   -0.0129879044
2   9   1   6   -0.0000166090
2   9   2   6   -0.0238458550
2   9   3   6   0.0000052523
2   9   4   6   0.0032629377
2   9   5   6   0.0000162525
2   9   6   4   0.0000165017
2   9   6   5   0.0000013005
2   9   7   4   0.0000013005
2   9   7   5   -0.0000165017
2   10   1   6   0.0312288759
2   10   2   6   0.0000396011
2   10   3   6   -0.0008524356
2   10   4   6   -0.0000011675
2   10   5   6   0.0133572786
2   10   6   4   0.0136198781
2   10   6   5   0.0010733772
2   10   7   4   0.0010733772
2   10   7   5   -0.0136198781
2   11   1   6   0.0000000334
2   11   2   6   0.0287557010
2   11   3   6   -0.0000003415
2   11   4   6   -0.0016109266
2   11   5   6   0.0000089759
2   11   6   4   0.0000090195
2   11   6   5   0.0000007108
2   11   7   4   0.0000007108
2   11   7   5   -0.0000090195
2   12   1   6   0.3322244615
2   12   2   6   0.0004216270
2   12   3   6   -0.0035920946
2   12   4   6   -0.0000022714
2   12   5   6   -0.0005657867
2   12   6   4   -0.0006766187
2   12   6   5   -0.0000533240
2   12   7   4   -0.0000533241
2   12   7   5   0.0006766187
2   13   1   4   0.3413221775
2   13   1   5   0.0268994661
2   13   2   4   0.0004331767
2   13   2   5   0.0000341385
2   13   3   4   -0.0036553383
2   13   3   5   -0.0002880758
2   13   4   4   -0.0000022657
2   13   4   5   -0.0000001786
2   13   5   4   -0.0013883597
2   13   5   5   -0.0001094161
2   13   6   6   0.0016358129
2   13   7   6   -0.0000000000
2   14   1   4   0.0268994661
2   14   1   5   -0.3413221775
2   14   2   4   0.0000341385
2   14   2   5   -0.0004331767
2   14   3   4   -0.0002880758
2   14   3   5   0.0036553383
2   14   4   4   -0.0000001786
2   14   4   5   0.0000022657
2   14   5   4   -0.0001094161
2   14   5   5   0.0013883597
2   14   6   6   -0.0000000000
2   14   7   6   0.0016358129
3   8   1   6   -0.0000055237
3   8   2   6   0.0043441454
3   8   3   6   -0.0000005032
3   8   4   6   -0.0028564995
3   8   5   6   -0.0000095235
3   8   6   4   -0.0000091552
3   8   6   5   -0.0000007215
3   8   7   4   -0.0000007215
3   8   7   5   0.0000091552
3   9   1   6   0.0043533558
3   9   2   6   0.0000055144
3   9   3   6   0.0008036573
3   9   4   6   -0.0000018094
3   9   5   6   0.0149804745
3   9   6   4   0.0144010162
3   9   6   5   0.0011349384
3   9   7   4   0.0011349384
3   9   7   5   -0.0144010162
3   10   1   6   0.0000005190
3   10   2   6   -0.0008143212
3   10   3   6   -0.0000000488
3   10   4   6   0.0111075340
3   10   5   6   -0.0000001347
3   10   6   4   -0.0000001380
3   10   6   5   -0.0000000109
3   10   7   4   -0.0000000109
3   10   7   5   0.0000001380
3   11   1   6   -0.0004559091
3   11   2   6   -0.0000002885
3   11   3   6   0.0224918342
3   11   4   6   0.0000000214
3   11   5   6   0.0632255498
3   11   6   4   0.0621847010
3   11   6   5   0.0049007518
3   11   7   4   0.0049007517
3   11   7   5   -0.0621847010
3   12   1   6   0.0000025411
3   12   2   6   -0.0040000649
3   12   3   6   -0.0000004883
3   12   4   6   0.2119302471
3   12   5   6   0.0000000375
3   12   6   4   0.0000000055
3   12   6   5   0.0000000004
3   12   7   4   0.0000000004
3   12   7   5   -0.0000000055
3   13   1   4   0.0000026606
3   13   1   5   0.0000002097
3   13   2   4   -0.0041882260
3   13   2   5   -0.0003300724
3   13   3   4   -0.0000005013
3   13   3   5   -0.0000000395
3   13   4   4   0.2179779134
3   13   4   5   0.0171787534
3   13   5   4   0.0000000383
3   13   5   5   0.0000000030
3   13   6   6   -0.0000000064
3   14   1   4   0.0000002097
3   14   1   5   -0.0000026606
3   14   2   4   -0.0003300724
3   14   2   5   0.0041882260
3   14   3   4   -0.0000000395
3   14   3   5   0.0000005013
3   14   4   4   0.0171787533
3   14   4   5   -0.2179779134
3   14   5   4   0.0000000030
3   14   5   5   -0.0000000383
3   14   7   6   -0.0000000064
4   8   1   6   0.0034409540
4   8   2   6   0.0000000065
4   8   3   6   -0.0028979445
4   8   4   6   0.0000011371
4   8   5   6   0.0145023861
4   8   6   4   0.0143517670
4   8   6   5   0.0011310571
4   8   7   4   0.0011310571
4   8   7   5   -0.0143517670
4   9   1   6   0.0000000065
4   9   2   6   0.0034369737
4   9   3   6   -0.0000018359
4   9   4   6   -0.0018018449
4   9   5   6   0.0000092182
4   9   6   4   0.0000091223
4   9   6   5   0.0000007189
4   9   7   4   0.0000007189
4   9   7   5   -0.0000091223
4   10   1   6   -0.0017560500
4   10   2   6   -0.0000011138
4   10   3   6   0.0104704082
4   10   4   6   0.0000000128
4   10   5   6   0.0537633851
4   10   6   4   0.0585804473
4   10   6   5   0.0046167019
4   10   7   4   0.0046167019
4   10   7   5   -0.0585804472
4   11   1   6   0.0000009739
4   11   2   6   -0.0015389514
4   11   3   6   0.0000000200
4   11   4   6   0.0107958655
4   11   5   6   0.0000001296
4   11   6   4   0.0000001333
4   11   6   5   0.0000000105
4   11   7   4   0.0000000105
4   11   7   5   -0.0000001333
4   12   1   6   -0.0040054256
4   12   2   6   -0.0000025478
4   12   3   6   0.2122047886
4   12   4   6   0.0000004711
4   12   5   6   -0.0362744108
4   12   6   4   -0.0038771564
4   12   6   5   -0.0003055572
4   12   7   4   -0.0003055571
4   12   7   5   0.0038771564
4   13   1   4   -0.0041742893
4   13   1   5   -0.0003289741
4   13   2   4   -0.0000026554
4   13   2   5   -0.0000002093
4   13   3   4   0.2177117130
4   13   3   5   0.0171577742
4   13   4   4   0.0000004833
4   13   4   5   0.0000000381
4   13   5   4   -0.0353422900
4   13   5   5   -0.0027853119
4   13   6   6   0.0027436967
4   13   7   6   -0.0000000000
4   14   1   4   -0.0003289741
4   14   1   5   0.0041742893
4   14   2   4   -0.0000002093
4   14   2   5   0.0000026554
4   14   3   4   0.0171577742
4   14   3   5   -0.2177117130
4   14   4   4   0.0000000381
4   14   4   5   -0.0000004833
4   14   5   4   -0.0027853119
4   14   5   5   0.0353422900
4   14   6   6   -0.0000000000
4   14   7   6   0.0027436967
5   8   1   6   -0.0000192240
5   8   2   6   0.0151159387
5   8   3   6   -0.0000103711
5   8   4   6   0.0158708944
5   8   5   6   0.0000003878
5   8   6   4   0.0000003811
5   8   6   5   0.0000000300
5   8   7   4   0.0000000300
5   8   7   5   -0.0000003811
5   9   1   6   0.0151731313
5   9   2   6   0.0000192161
5   9   3   6   0.0163121667
5   9   4   6   0.0000100871
5   9   5   6   -0.0006106253
5   9   6   4   -0.0006009406
5   9   6   5   -0.0000473599
5   9   7   4   -0.0000473599
5   9   7   5   0.0006009406
5   10   1   6   -0.0000086166
5   10   2   6   0.0135482925
5   10   3   6   -0.0000001387
5   10   4   6   0.0549339810
5   10   5   6   -0.0000000166
5   10   6   4   0.0000000027
5   10   6   5   0.0000000002
5   10   7   4   0.0000000002
5   10   7   5   -0.0000000027
5   11   1   6   0.0141859896
5   11   2   6   0.0000090134
5   11   3   6   0.0643861768
5   11   4   6   0.0000001308
5   11   5   6   0.0144972187
5   11   6   4   -0.0024933390
5   11   6   5   -0.0001964991
5   11   7   4   -0.0001964990
5   11   7   5   0.0024933390
5   12   1   6   0.0000000977
5   12   2   6   -0.0001539628
5   12   3   6   0.0000000369
5   12   4   6   -0.0366536790
5   12   5   6   -0.0000000442
5   12   6   4   -0.0000000002
5   12   6   5   -0.0000000000
5   12   7   4   -0.0000000000
5   12   7   5   0.0000000002
5   13   1   4   0.0000006442
5   13   1   5   0.0000000508
5   13   2   4   -0.0010142356
5   13   2   5   -0.0000799315
5   13   3   4   0.0000000377
5   13   3   5   0.0000000030
5   13   4   4   -0.0348428085
5   13   4   5   -0.0027459480
5   13   5   4   -0.0000000492
5   13   5   5   -0.0000000039
5   13   6   6   -0.0000000013
5   14   1   4   0.0000000508
5   14   1   5   -0.0000006442
5   14   2   4   -0.0000799315
5   14   2   5   0.0010142356
5   14   3   4   0.0000000030
5   14   3   5   -0.0000000377
5   14   4   4   -0.0027459480
5   14   4   5   0.0348428085
5   14   5   4   -0.0000000039
5   14   5   5   0.0000000492
5   14   7   6   -0.0000000013
6   8   1   4   -0.0000196596
6   8   1   5   -0.0000015494
6   8   2   4   0.0154760909
6   8   2   5   0.0012196646
6   8   3   4   -0.0000100817
6   8   3   5   -0.0000007945
6   8   4   4   0.0158153313
6   8   4   5   0.0012464000
6   8   5   4   0.0000006626
6   8   5   5   0.0000000522
6   8   6   6   -0.0000003848
6   9   1   4   0.0155008433
6   9   1   5   0.0012216153
6   9   2   4   0.0000196535
6   9   2   5   0.0000015489
6   9   3   4   0.0158570949
6   9   3   5   0.0012496914
6   9   4   4   0.0000100518
6   9   4   5   0.0000007922
6   9   5   4   -0.0010444708
6   9   5   5   -0.0000823143
6   9   6   6   0.0006077508
6   9   7   6   -0.0000000000
6   10   1   4   -0.0000088267
6   10   1   5   -0.0000006956
6   10   2   4   0.0138800789
6   10   2   5   0.0010938835
6   10   3   4   -0.0000001411
6   10   3   5   -0.0000000111
6   10   4   4   0.0592241749
6   10   4   5   0.0046674339
6   10   5   4   0.0000000064
6   10   5   5   0.0000000005
6   10   6   6   -0.0000000243
6   11   1   4   0.0143111982
6   11   1   5   0.0011278599
6   11   2   4   0.0000090938
6   11   2   5   0.0000007167
6   11   3   4   0.0623659394
6   11   3   5   0.0049150351
6   11   4   4   0.0000001322
6   11   4   5   0.0000000104
6   11   5   4   -0.0043896548
6   11   5   5   -0.0003459470
6   11   6   6   0.0193723470
6   11   7   6   -0.0000000001
6   12   1   4   0.0000002498
6   12   1   5   0.0000000197
6   12   2   4   -0.0003936252
6   12   2   5   -0.0000310215
6   12   3   4   0.0000000058
6   12   3   5   0.0000000005
6   12   4   4   -0.0047270970
6   12   4   5   -0.0003725407
6   12   5   4   -0.0000000023
6   12   5   5   -0.0000000002
6   12   6   6   -0.0000000574
6   12   7   6   -0.0000000000
6   13   1   6   -0.0000009367
6   13   2   6   0.0014747904
6   13   3   6   -0.0000000076
6   13   4   6   0.0035486475
6   13   5   6   -0.0000000098
6   13   6   4   -0.0000000766
6   13   6   5   -0.0000000061
6   13   7   4   -0.0000000005
6   13   7   5   0.0000000067
6   14   4   6   0.0000000000
6   14   6   4   -0.0000000050
6   14   6   5   0.0000000634
6   14   7   4   -0.0000000067
6   14   7   5   -0.0000000005
7   8   1   4   -0.0000015494
7   8   1   5   0.0000196596
7   8   2   4   0.0012196646
7   8   2   5   -0.0154760909
7   8   3   4   -0.0000007945
7   8   3   5   0.0000100817
7   8   4   4   0.0012464000
7   8   4   5   -0.0158153313
7   8   5   4   0.0000000522
7   8   5   5   -0.0000006626
7   8   7   6   -0.0000003848
7   9   1   4   0.0012216153
7   9   1   5   -0.0155008433
7   9   2   4   0.0000015489
7   9   2   5   -0.0000196535
7   9   3   4   0.0012496914
7   9   3   5   -0.0158570949
7   9   4   4   0.0000007922
7   9   4   5   -0.0000100518
7   9   5   4   -0.0000823143
7   9   5   5   0.0010444708
7   9   6   6   -0.0000000000
7   9   7   6   0.0006077508
7   10   1   4   -0.0000006956
7   10   1   5   0.0000088267
7   10   2   4   0.0010938835
7   10   2   5   -0.0138800789
7   10   3   4   -0.0000000111
7   10   3   5   0.0000001411
7   10   4   4   0.0046674338
7   10   4   5   -0.0592241749
7   10   5   4   0.0000000005
7   10   5   5   -0.0000000064
7   10   7   6   -0.0000000243
7   11   1   4   0.0011278599
7   11   1   5   -0.0143111982
7   11   2   4   0.0000007167
7   11   2   5   -0.0000090938
7   11   3   4   0.0049150351
7   11   3   5   -0.0623659394
7   11   4   4   0.0000000104
7   11   4   5   -0.0000001322
7   11   5   4   -0.0003459470
7   11   5   5   0.0043896548
7   11   6   6   -0.0000000001
7   11   7   6   0.0193723469
7   12   1   4   0.0000000197
7   12   1   5   -0.0000002498
7   12   2   4   -0.0000310214
7   12   2   5   0.0003936252
7   12   3   4   0.0000000005
7   12   3   5   -0.0000000058
7   12   4   4   -0.0003725406
7   12   4   5   0.0047270970
7   12   5   4   -0.0000000002
7   12   5   5   0.0000000023
7   12   6   6   -0.0000000000
7   12   7   6   -0.0000000574
7   13   4   6   0.0000000000
7   13   6   4   -0.0000000005
7   13   6   5   0.0000000067
7   13   7   4   -0.0000000634
7   13   7   5   -0.0000000050
7   14   1   6   -0.0000009367
7   14   2   6   0.0014747904
7   14   3   6   -0.0000000076
7   14   4   6   0.0035486475
7   14   5   6   -0.0000000098
7   14   6   4   -0.0000000067
7   14   6   5   -0.0000000005
7   14   7   4   -0.0000000061
7   14   7   5   0.0000000767

End IJKA Block
Begin IABC Block
1   4   1   6   -0.0000010247
1   4   3   4   -0.0000002338
1   5   2   6   -0.0000010247
1   5   3   5   -0.0000002338
1   6   1   4   -0.0000009805
1   6   2   5   -0.0000009805
1   6   3   6   -0.0000020560
2   4   1   6   0.0016148421
2   4   3   4   0.0003678341
2   4   3   5   -0.0000000000
2   5   2   6   0.0016148421
2   5   3   4   -0.0000000000
2   5   3   5   0.0003678341
2   6   1   4   0.0015452611
2   6   1   5   -0.0000000000
2   6   2   4   -0.0000000000
2   6   2   5   0.0015452611
2   6   3   6   0.0032398337
3   4   1   6   -0.0000000067
3   4   3   4   -0.0000000165
3   5   2   6   -0.0000000067
3   5   3   5   -0.0000000165
3   6   1   4   -0.0000000046
3   6   2   5   -0.0000000046
3   6   3   6   -0.0000000264
4   4   1   6   0.0061014365
4   4   2   6   -0.0000000000
4   4   3   4   0.0183411068
4   4   3   5   -0.0000000002
4   5   1   6   -0.0000000000
4   5   2   6   0.0061014365
4   5   3   4   -0.0000000002
4   5   3   5   0.0183411069
4   6   1   4   0.0044310106
4   6   1   5   0.0000000000
4   6   2   4   0.0000000000
4   6   2   5   0.0044310106
4   6   3   6   0.0255643541
5   4   1   6   -0.0000000049
5   4   3   4   0.0000000458
5   4   3   5   -0.0000000000
5   5   2   6   -0.0000000049
5   5   3   4   -0.0000000000
5   5   3   5   0.0000000458
5   6   1   4   -0.0000000010
5   6   2   5   -0.0000000010
5   6   3   6   0.0000000152
6   4   1   4   0.0000000600
6   4   1   5   0.0000000002
6   4   2   4   0.0000000041
6   4   2   5   0.0000000052
6   4   3   6   0.0000000088
6   5   1   4   0.0000000004
6   5   1   5   0.0000000519
6   5   2   4   0.0000000029
6   5   2   5   0.0000000047
6   5   3   6   0.0000000007
6   6   1   6   0.0000000278
6   6   2   6   0.0000000022
6   6   3   4   -0.0000000015
6   6   3   5   -0.0000000001
7   4   1   4   0.0000000047
7   4   1   5   -0.0000000029
7   4   2   4   -0.0000000519
7   4   2   5   0.0000000004
7   4   3   6   0.0000000007
7   5   1   4   -0.0000000052
7   5   1   5   0.0000000041
7   5   2   4   0.0000000002
7   5   2   5   -0.0000000600
7   5   3   6   -0.0000000088
7   6   1   6   0.0000000022
7   6   2   6   -0.0000000278
7   6   3   4   -0.0000000001
7   6   3   5   0.0000000015

End IABC Block
