0   1   5   6      -0.155273979325
0   1   6   5       0.155273979344
0   2   4   5      -0.116205794146
0   2   4   6       0.080653251509
0   2   5   4       0.116205794148
0   2   6   4      -0.080653251509
1   0   5   6       0.155273979325
1   0   6   5      -0.155273979344
1   2   4   5       0.080653251843
1   2   4   6       0.116205794082
1   2   5   4      -0.080653251843
1   2   6   4      -0.116205794082
2   0   4   5       0.116205794146
2   0   4   6      -0.080653251509
2   0   5   4      -0.116205794148
2   0   6   4       0.080653251509
2   1   4   5      -0.080653251843
2   1   4   6      -0.116205794082
2   1   5   4       0.080653251843
2   1   6   4       0.116205794082
0   103   5   12      -0.522910765062
0   103   5   13       0.326869149888
0   103   6   12       0.326869150008
0   103   6   13      -0.278820586413
0   104   5   12       0.326869153911
0   104   6   12       0.199682082189
0   104   6   13      -0.326869152103
0   105   4   12      -0.310922586353
0   105   4   13       0.215797480297
0   105   5   11      -0.194716793601
0   105   6   11       0.135144229756
1   103   5   12       0.326869153689
1   103   5   13       0.199682082114
1   103   6   13      -0.326869152092
1   104   5   12      -0.278820589085
1   104   5   13      -0.326869151702
1   104   6   12      -0.326869151976
1   104   6   13      -0.522910764018
1   105   4   12       0.215797480965
1   105   4   13       0.310922586249
1   105   5   11       0.135144230090
1   105   6   11       0.194716793556
2   103   4   12      -0.194716793597
2   103   4   13       0.135144229754
2   103   5   11      -0.310922586353
2   103   6   11       0.215797480298
2   104   4   12       0.135144230092
2   104   4   13       0.194716793556
2   104   5   11       0.215797480963
2   104   6   11       0.310922586248
2   105   4   11      -0.598676844520
0   103   12   5       0.522910765062
0   103   12   6      -0.326869150008
0   103   13   5      -0.326869149888
0   103   13   6       0.278820586413
0   104   12   5      -0.326869153911
0   104   12   6      -0.199682082189
0   104   13   6       0.326869152103
0   105   11   5       0.194716793601
0   105   11   6      -0.135144229756
0   105   12   4       0.310922586353
0   105   13   4      -0.215797480297
1   103   12   5      -0.326869153689
1   103   13   5      -0.199682082114
1   103   13   6       0.326869152092
1   104   12   5       0.278820589085
1   104   12   6       0.326869151976
1   104   13   5       0.326869151702
1   104   13   6       0.522910764018
1   105   11   5      -0.135144230090
1   105   11   6      -0.194716793556
1   105   12   4      -0.215797480965
1   105   13   4      -0.310922586249
2   103   11   5       0.310922586353
2   103   11   6      -0.215797480298
2   103   12   4       0.194716793597
2   103   13   4      -0.135144229754
2   104   11   5      -0.215797480963
2   104   11   6      -0.310922586248
2   104   12   4      -0.135144230092
2   104   13   4      -0.194716793556
2   105   11   4       0.598676844520
0   111   5   12      -0.051351274285
1   110   6   13       0.051351273808
2   107   4   11       0.067981486232
0   111   12   5       0.051351274285
1   110   13   6      -0.051351273808
2   107   11   4      -0.067981486232
4   105   4   11       0.067981486232
7   104   6   13       0.051351273809
8   103   5   12      -0.051351274272
4   105   11   4      -0.067981486232
7   104   13   6      -0.051351273809
8   103   12   5       0.051351274272
103   0   5   12       0.522910765062
103   0   5   13      -0.326869149888
103   0   6   12      -0.326869150008
103   0   6   13       0.278820586413
103   1   5   12      -0.326869153689
103   1   5   13      -0.199682082114
103   1   6   13       0.326869152092
103   2   4   12       0.194716793597
103   2   4   13      -0.135144229754
103   2   5   11       0.310922586353
103   2   6   11      -0.215797480298
104   0   5   12      -0.326869153911
104   0   6   12      -0.199682082189
104   0   6   13       0.326869152103
104   1   5   12       0.278820589085
104   1   5   13       0.326869151702
104   1   6   12       0.326869151976
104   1   6   13       0.522910764018
104   2   4   12      -0.135144230092
104   2   4   13      -0.194716793556
104   2   5   11      -0.215797480963
104   2   6   11      -0.310922586248
105   0   4   12       0.310922586353
105   0   4   13      -0.215797480297
105   0   5   11       0.194716793601
105   0   6   11      -0.135144229756
105   1   4   12      -0.215797480965
105   1   4   13      -0.310922586249
105   1   5   11      -0.135144230090
105   1   6   11      -0.194716793556
105   2   4   11       0.598676844520
103   0   12   5      -0.522910765062
103   0   12   6       0.326869150008
103   0   13   5       0.326869149888
103   0   13   6      -0.278820586413
103   1   12   5       0.326869153689
103   1   13   5       0.199682082114
103   1   13   6      -0.326869152092
103   2   11   5      -0.310922586353
103   2   11   6       0.215797480298
103   2   12   4      -0.194716793597
103   2   13   4       0.135144229754
104   0   12   5       0.326869153911
104   0   12   6       0.199682082189
104   0   13   6      -0.326869152103
104   1   12   5      -0.278820589085
104   1   12   6      -0.326869151976
104   1   13   5      -0.326869151702
104   1   13   6      -0.522910764018
104   2   11   5       0.215797480963
104   2   11   6       0.310922586248
104   2   12   4       0.135144230092
104   2   13   4       0.194716793556
105   0   11   5      -0.194716793601
105   0   11   6       0.135144229756
105   0   12   4      -0.310922586353
105   0   13   4       0.215797480297
105   1   11   5       0.135144230090
105   1   11   6       0.194716793556
105   1   12   4       0.215797480965
105   1   13   4       0.310922586249
105   2   11   4      -0.598676844520
103   8   5   12       0.051351274272
104   7   6   13      -0.051351273809
105   4   4   11      -0.067981486232
103   8   12   5      -0.051351274272
104   7   13   6       0.051351273809
105   4   11   4       0.067981486232
103   104   12   13      -0.155273979325
103   104   13   12       0.155273979344
103   105   11   12      -0.116205794146
103   105   11   13       0.080653251509
103   105   12   11       0.116205794148
103   105   13   11      -0.080653251509
104   103   12   13       0.155273979325
104   103   13   12      -0.155273979344
104   105   11   12       0.080653251843
104   105   11   13       0.116205794082
104   105   12   11      -0.080653251843
104   105   13   11      -0.116205794082
105   103   11   12       0.116205794146
105   103   11   13      -0.080653251509
105   103   12   11      -0.116205794148
105   103   13   11       0.080653251509
105   104   11   12      -0.080653251843
105   104   11   13      -0.116205794082
105   104   12   11       0.080653251843
105   104   13   11       0.116205794082
107   2   4   11      -0.067981486232
110   1   6   13      -0.051351273808
111   0   5   12       0.051351274285
107   2   11   4       0.067981486232
110   1   13   6       0.051351273808
111   0   12   5      -0.051351274285

