Begin IJ Block
1   1   -28.5386918042
1   2   -0.0000000007
1   3   0.4928912472
1   6   0.0000000002
1   7   -0.2960827075
2   2   -28.5359538308
2   3   -0.0000000007
2   6   -0.5136260245
2   7   -0.0000000005
3   3   -11.1403912268
3   6   0.0000000004
3   7   -1.1956354742
4   4   -8.9450793913
4   5   0.0000000004
5   5   -8.9450793972
6   6   -7.8656379476
6   7   -0.0000000050
7   7   -8.2067011297

End IJ Block
Begin IA Block
1   3   0.0000000007
2   3   0.1615728094
3   3   0.0000000001
4   1   0.0000000015
4   2   -0.0000000004
5   1   -0.0000000002
5   2   -0.0000000009
6   3   0.8586595690
7   3   -0.0000000201

End IA Block
Begin AB Block
1   1   -5.6929295345
1   2   0.0000000026
2   2   -5.6929295272
3   3   -3.1927757682

End AB Block
Begin IJAB Block
1   8   1   4   0.0069190021
1   8   1   5   0.0000000001
1   8   2   4   0.0000000001
1   8   2   5   0.0069190023
1   8   3   6   0.0034459430
1   9   1   4   -0.0000000003
1   9   2   5   -0.0000000003
1   9   3   6   -0.0000000005
1   10   1   4   0.0051923356
1   10   2   5   0.0051923356
1   10   3   6   -0.0003752905
1   11   1   6   0.0026255281
1   11   2   6   -0.0006360708
1   11   3   4   0.0006184677
1   11   3   5   -0.0001498324
1   12   1   6   -0.0006360708
1   12   2   6   -0.0026255280
1   12   3   4   -0.0001498325
1   12   3   5   -0.0006184678
1   13   1   4   0.0000000002
1   13   1   5   -0.0000000000
1   13   2   4   -0.0000000000
1   13   2   5   0.0000000001
1   13   3   6   0.0000000005
1   14   1   4   -0.0043360776
1   14   1   5   -0.0000000000
1   14   2   4   -0.0000000000
1   14   2   5   -0.0043360776
1   14   3   6   -0.0004257813
2   8   1   4   -0.0000000003
2   8   2   5   -0.0000000003
2   8   3   6   -0.0000000005
2   9   1   4   0.0072305685
2   9   1   5   0.0000000001
2   9   2   4   0.0000000001
2   9   2   5   0.0072305687
2   9   3   6   0.0035033288
2   10   1   4   0.0000000001
2   10   2   5   0.0000000001
2   10   3   6   -0.0000000001
2   11   1   6   -0.0000000005
2   11   2   6   0.0000000001
2   11   3   4   -0.0000000006
2   11   3   5   0.0000000001
2   12   1   6   0.0000000001
2   12   2   6   0.0000000005
2   12   3   4   0.0000000002
2   12   3   5   0.0000000007
2   13   1   4   -0.0079057071
2   13   1   5   -0.0000000000
2   13   2   4   -0.0000000000
2   13   2   5   -0.0079057072
2   13   3   6   0.0001882172
2   14   1   4   0.0000000003
2   14   1   5   -0.0000000000
2   14   2   4   -0.0000000000
2   14   2   5   0.0000000002
2   14   3   6   0.0000000003
3   8   1   4   0.0051923356
3   8   2   5   0.0051923356
3   8   3   6   -0.0003752905
3   9   1   4   0.0000000001
3   9   2   5   0.0000000001
3   9   3   6   -0.0000000001
3   10   1   4   0.0178669217
3   10   1   5   0.0000000001
3   10   2   4   0.0000000001
3   10   2   5   0.0178669221
3   10   3   6   0.0034774957
3   11   1   6   0.0077687174
3   11   2   6   -0.0018820803
3   11   3   4   0.0130264601
3   11   3   5   -0.0031558419
3   12   1   6   -0.0018820797
3   12   2   6   -0.0077687159
3   12   3   4   -0.0031558410
3   12   3   5   -0.0130264579
3   13   1   4   0.0000000001
3   13   1   5   0.0000000000
3   13   2   4   0.0000000000
3   13   2   5   0.0000000002
3   13   3   6   0.0000000005
3   14   1   4   -0.0145564555
3   14   1   5   -0.0000000001
3   14   2   4   -0.0000000001
3   14   2   5   -0.0145564557
3   14   3   6   -0.0044935128
4   8   1   6   0.0006184677
4   8   2   6   -0.0001498324
4   8   3   4   0.0026255281
4   8   3   5   -0.0006360708
4   9   1   6   -0.0000000006
4   9   2   6   0.0000000001
4   9   3   4   -0.0000000005
4   9   3   5   0.0000000001
4   10   1   6   0.0130264601
4   10   2   6   -0.0031558419
4   10   3   4   0.0077687174
4   10   3   5   -0.0018820803
4   11   1   4   0.0724981236
4   11   1   5   -0.0146834598
4   11   2   4   -0.0146834598
4   11   2   5   0.0154460562
4   11   3   6   0.0040316633
4   12   1   4   -0.0146834543
4   12   1   5   -0.0494574007
4   12   2   4   -0.0075946550
4   12   2   5   0.0146834543
4   12   3   6   -0.0000000000
4   13   1   6   0.0000000042
4   13   2   6   -0.0000000010
4   13   3   4   -0.0000000016
4   13   3   5   0.0000000003
4   14   1   6   -0.0109756790
4   14   2   6   0.0026590117
4   14   3   4   -0.0072350292
4   14   3   5   0.0017527870
5   8   1   6   -0.0001498325
5   8   2   6   -0.0006184678
5   8   3   4   -0.0006360708
5   8   3   5   -0.0026255280
5   9   1   6   0.0000000002
5   9   2   6   0.0000000007
5   9   3   4   0.0000000001
5   9   3   5   0.0000000005
5   10   1   6   -0.0031558410
5   10   2   6   -0.0130264579
5   10   3   4   -0.0018820797
5   10   3   5   -0.0077687159
5   11   1   4   -0.0146834543
5   11   1   5   -0.0075946550
5   11   2   4   -0.0494574007
5   11   2   5   0.0146834543
5   11   3   6   -0.0000000000
5   12   1   4   0.0154460562
5   12   1   5   0.0146834597
5   12   2   4   0.0146834597
5   12   2   5   0.0724981233
5   12   3   6   0.0040316637
5   13   1   6   -0.0000000009
5   13   2   6   -0.0000000038
5   13   3   4   0.0000000006
5   13   3   5   0.0000000022
5   14   1   6   0.0026590102
5   14   2   6   0.0109756752
5   14   3   4   0.0017527859
5   14   3   5   0.0072350264
6   8   1   4   0.0000000002
6   8   1   5   -0.0000000000
6   8   2   4   -0.0000000000
6   8   2   5   0.0000000001
6   8   3   6   0.0000000005
6   9   1   4   -0.0079057071
6   9   1   5   -0.0000000000
6   9   2   4   -0.0000000000
6   9   2   5   -0.0079057072
6   9   3   6   0.0001882172
6   10   1   4   0.0000000001
6   10   1   5   0.0000000000
6   10   2   4   0.0000000000
6   10   2   5   0.0000000002
6   10   3   6   0.0000000005
6   11   1   6   -0.0000000016
6   11   2   6   0.0000000003
6   11   3   4   0.0000000042
6   11   3   5   -0.0000000010
6   12   1   6   0.0000000006
6   12   2   6   0.0000000022
6   12   3   4   -0.0000000009
6   12   3   5   -0.0000000038
6   13   1   4   0.0523996573
6   13   1   5   0.0000000002
6   13   2   4   0.0000000002
6   13   2   5   0.0523996579
6   13   3   6   0.0191852023
6   14   1   4   -0.0000000002
6   14   1   5   0.0000000000
6   14   2   4   0.0000000000
6   14   2   5   -0.0000000000
6   14   3   6   -0.0000000137
7   8   1   4   -0.0043360776
7   8   1   5   -0.0000000000
7   8   2   4   -0.0000000000
7   8   2   5   -0.0043360776
7   8   3   6   -0.0004257813
7   9   1   4   0.0000000003
7   9   1   5   -0.0000000000
7   9   2   4   -0.0000000000
7   9   2   5   0.0000000002
7   9   3   6   0.0000000003
7   10   1   4   -0.0145564555
7   10   1   5   -0.0000000001
7   10   2   4   -0.0000000001
7   10   2   5   -0.0145564557
7   10   3   6   -0.0044935128
7   11   1   6   -0.0072350292
7   11   2   6   0.0017527870
7   11   3   4   -0.0109756790
7   11   3   5   0.0026590117
7   12   1   6   0.0017527859
7   12   2   6   0.0072350264
7   12   3   4   0.0026590102
7   12   3   5   0.0109756752
7   13   1   4   -0.0000000002
7   13   1   5   0.0000000000
7   13   2   4   0.0000000000
7   13   2   5   -0.0000000000
7   13   3   6   -0.0000000137
7   14   1   4   0.0327708936
7   14   1   5   0.0000000002
7   14   2   4   0.0000000002
7   14   2   5   0.0327708943
7   14   3   6   0.0133380197

End IJAB Block
Begin IJKL Block
1   8   1   8   2.3384209373
1   8   1   9   0.0000000005
1   8   1   10   -0.2134710169
1   8   1   13   0.0000000003
1   8   1   14   0.0676948335
1   8   2   8   0.0000000005
1   8   2   9   1.7535778819
1   8   2   10   -0.0000000003
1   8   2   13   0.1626921718
1   8   2   14   0.0000000003
1   8   3   8   -0.2134710169
1   8   3   9   -0.0000000003
1   8   3   10   0.0449992519
1   8   3   13   0.0000000001
1   8   3   14   0.0019587016
1   8   4   11   0.0123128514
1   8   4   12   -0.0000000000
1   8   5   11   -0.0000000000
1   8   5   12   0.0123128515
1   8   6   8   0.0000000003
1   8   6   9   0.1626921718
1   8   6   10   0.0000000001
1   8   6   13   0.0239050690
1   8   6   14   -0.0000000002
1   8   7   8   0.0676948335
1   8   7   9   0.0000000003
1   8   7   10   0.0019587016
1   8   7   13   -0.0000000002
1   8   7   14   0.0167639090
1   9   1   8   0.0000000005
1   9   1   9   2.3422222977
1   9   1   10   -0.0000000002
1   9   1   13   0.1757117093
1   9   1   14   0.0000000004
1   9   2   8   1.7536689048
1   9   2   9   0.0000000006
1   9   2   10   -0.2358301463
1   9   2   13   0.0000000004
1   9   2   14   0.0405362439
1   9   3   8   -0.0000000002
1   9   3   9   -0.2143488576
1   9   3   10   -0.0000000005
1   9   3   13   -0.0231015759
1   9   3   14   -0.0000000001
1   9   4   11   -0.0000000005
1   9   4   12   -0.0000000000
1   9   5   11   -0.0000000000
1   9   5   12   -0.0000000004
1   9   6   8   0.1626674794
1   9   6   9   0.0000000004
1   9   6   10   -0.0240794157
1   9   6   13   -0.0000000000
1   9   6   14   0.0127985409
1   9   7   8   0.0000000004
1   9   7   9   0.0675674685
1   9   7   10   -0.0000000002
1   9   7   13   0.0140181849
1   9   7   14   -0.0000000002
1   10   1   8   -0.2134710169
1   10   1   9   -0.0000000002
1   10   1   10   0.9617408920
1   10   1   13   -0.0000000001
1   10   1   14   0.1388885004
1   10   2   8   -0.0000000002
1   10   2   9   -0.2358736249
1   10   2   10   -0.0000000001
1   10   2   13   -0.1251630219
1   10   2   14   -0.0000000004
1   10   3   8   0.0479618863
1   10   3   9   0.0000000000
1   10   3   10   0.0127506332
1   10   3   13   -0.0000000004
1   10   3   14   0.0113497128
1   10   4   11   0.0211587409
1   10   5   12   0.0211587409
1   10   6   8   -0.0000000000
1   10   6   9   -0.0248082410
1   10   6   10   -0.0000000002
1   10   6   13   -0.0029739309
1   10   6   14   -0.0000000001
1   10   7   8   0.0028417918
1   10   7   9   -0.0000000001
1   10   7   10   0.0416334947
1   10   7   13   0.0000000000
1   10   7   14   0.0186784965
1   11   1   11   0.7660660449
1   11   1   12   -0.0000000000
1   11   2   11   0.0000000001
1   11   2   12   0.0000000000
1   11   3   11   0.0021183723
1   11   3   12   0.0000000000
1   11   4   8   0.0158083445
1   11   4   9   -0.0000000001
1   11   4   10   0.0220377039
1   11   4   13   0.0000000001
1   11   4   14   -0.0044299560
1   11   5   8   -0.0000000000
1   11   6   11   -0.0000000001
1   11   6   12   0.0000000000
1   11   7   11   0.0148159244
1   11   7   12   0.0000000000
1   12   1   11   -0.0000000000
1   12   1   12   0.7660660451
1   12   2   11   0.0000000000
1   12   2   12   0.0000000000
1   12   3   11   0.0000000000
1   12   3   12   0.0021183720
1   12   4   8   -0.0000000000
1   12   5   8   0.0158083445
1   12   5   9   -0.0000000001
1   12   5   10   0.0220377039
1   12   5   13   0.0000000001
1   12   5   14   -0.0044299560
1   12   6   11   0.0000000000
1   12   6   12   -0.0000000004
1   12   7   11   0.0000000000
1   12   7   12   0.0148159243
1   13   1   8   0.0000000003
1   13   1   9   0.1757117093
1   13   1   10   -0.0000000001
1   13   1   13   0.6774533768
1   13   1   14   0.0000000004
1   13   2   8   0.1626674794
1   13   2   9   0.0000000003
1   13   2   10   -0.1251997063
1   13   2   13   0.0000000003
1   13   2   14   0.2417993361
1   13   3   8   -0.0000000000
1   13   3   9   -0.0238624469
1   13   3   10   -0.0000000005
1   13   3   13   -0.0153346349
1   13   3   14   0.0000000002
1   13   4   11   0.0000000001
1   13   5   12   0.0000000001
1   13   6   8   0.0265457934
1   13   6   9   0.0000000001
1   13   6   10   -0.0026096450
1   13   6   13   0.0000000005
1   13   6   14   -0.0050340706
1   13   7   8   0.0000000001
1   13   7   9   0.0157907944
1   13   7   10   -0.0000000001
1   13   7   13   -0.0063589081
1   13   7   14   0.0000000003
1   14   1   8   0.0676948335
1   14   1   9   0.0000000004
1   14   1   10   0.1388885004
1   14   1   13   0.0000000004
1   14   1   14   0.7227198768
1   14   2   8   0.0000000004
1   14   2   9   0.0405485353
1   14   2   10   -0.0000000004
1   14   2   13   0.2418027427
1   14   2   14   0.0000000000
1   14   3   8   0.0028417918
1   14   3   9   -0.0000000001
1   14   3   10   0.0113484531
1   14   3   13   0.0000000002
1   14   3   14   -0.0086522336
1   14   4   11   -0.0040607109
1   14   4   12   0.0000000000
1   14   5   11   0.0000000000
1   14   5   12   -0.0040607109
1   14   6   8   0.0000000001
1   14   6   9   0.0145697896
1   14   6   10   -0.0000000002
1   14   6   13   -0.0049374949
1   14   6   14   0.0000000005
1   14   7   8   0.0198388522
1   14   7   9   0.0000000000
1   14   7   10   0.0188399203
1   14   7   13   0.0000000003
1   14   7   14   0.0015476381
2   8   1   8   0.0000000005
2   8   1   9   1.7536689048
2   8   1   10   -0.0000000002
2   8   1   13   0.1626674794
2   8   1   14   0.0000000004
2   8   2   8   2.3422222977
2   8   2   9   0.0000000006
2   8   2   10   -0.2143488576
2   8   2   13   0.0000000004
2   8   2   14   0.0675674685
2   8   3   8   -0.0000000002
2   8   3   9   -0.2358301463
2   8   3   10   -0.0000000005
2   8   3   13   -0.0240794157
2   8   3   14   -0.0000000002
2   8   4   11   -0.0000000005
2   8   4   12   -0.0000000000
2   8   5   11   -0.0000000000
2   8   5   12   -0.0000000004
2   8   6   8   0.1757117093
2   8   6   9   0.0000000004
2   8   6   10   -0.0231015759
2   8   6   13   -0.0000000000
2   8   6   14   0.0140181849
2   8   7   8   0.0000000004
2   8   7   9   0.0405362439
2   8   7   10   -0.0000000001
2   8   7   13   0.0127985409
2   8   7   14   -0.0000000002
2   9   1   8   1.7535778819
2   9   1   9   0.0000000006
2   9   1   10   -0.2358736249
2   9   1   13   0.0000000003
2   9   1   14   0.0405485353
2   9   2   8   0.0000000006
2   9   2   9   2.3458700983
2   9   2   10   -0.0000000003
2   9   2   13   0.1761118722
2   9   2   14   0.0000000003
2   9   3   8   -0.2358736249
2   9   3   9   -0.0000000003
2   9   3   10   0.0437718219
2   9   3   13   0.0000000000
2   9   3   14   0.0000139917
2   9   4   11   0.0108989871
2   9   4   12   -0.0000000000
2   9   5   11   -0.0000000000
2   9   5   12   0.0108989871
2   9   6   8   0.0000000003
2   9   6   9   0.1761118722
2   9   6   10   0.0000000000
2   9   6   13   0.0245157761
2   9   6   14   -0.0000000002
2   9   7   8   0.0405485353
2   9   7   9   0.0000000003
2   9   7   10   0.0000139917
2   9   7   13   -0.0000000002
2   9   7   14   0.0142151175
2   10   1   8   -0.0000000003
2   10   1   9   -0.2358301463
2   10   1   10   -0.0000000001
2   10   1   13   -0.1251997063
2   10   1   14   -0.0000000004
2   10   2   8   -0.2143488576
2   10   2   9   -0.0000000003
2   10   2   10   0.9610421035
2   10   2   13   -0.0000000001
2   10   2   14   0.1384110205
2   10   3   8   0.0000000000
2   10   3   9   0.0468178975
2   10   3   10   0.0000000005
2   10   3   13   0.0099937583
2   10   3   14   0.0000000002
2   10   4   11   -0.0000000001
2   10   5   12   -0.0000000001
2   10   6   8   -0.0238624469
2   10   6   9   -0.0000000001
2   10   6   10   0.0299322506
2   10   6   13   0.0000000002
2   10   6   14   0.0106710070
2   10   7   8   -0.0000000001
2   10   7   9   0.0009171028
2   10   7   10   0.0000000000
2   10   7   13   0.0030164898
2   10   7   14   -0.0000000000
2   11   1   11   0.0000000001
2   11   1   12   0.0000000000
2   11   2   11   0.7658877955
2   11   2   12   -0.0000000000
2   11   3   11   -0.0000000002
2   11   3   12   -0.0000000000
2   11   4   8   -0.0000000001
2   11   4   9   0.0143849085
2   11   4   10   -0.0000000001
2   11   4   13   -0.0101399918
2   11   4   14   -0.0000000000
2   11   6   11   0.0121510128
2   11   6   12   -0.0000000000
2   11   7   11   -0.0000000002
2   12   1   11   0.0000000000
2   12   1   12   0.0000000000
2   12   2   11   -0.0000000000
2   12   2   12   0.7658877957
2   12   3   11   -0.0000000000
2   12   3   12   0.0000000002
2   12   5   8   -0.0000000001
2   12   5   9   0.0143849085
2   12   5   10   -0.0000000001
2   12   5   13   -0.0101399918
2   12   5   14   -0.0000000000
2   12   6   11   -0.0000000000
2   12   6   12   0.0121510129
2   12   7   12   -0.0000000002
2   13   1   8   0.1626921718
2   13   1   9   0.0000000004
2   13   1   10   -0.1251630219
2   13   1   13   0.0000000003
2   13   1   14   0.2418027427
2   13   2   8   0.0000000004
2   13   2   9   0.1761118722
2   13   2   10   -0.0000000001
2   13   2   13   0.6777545650
2   13   2   14   0.0000000005
2   13   3   8   -0.0248082410
2   13   3   9   -0.0000000001
2   13   3   10   0.0103425973
2   13   3   13   -0.0000000002
2   13   3   14   -0.0209833648
2   13   4   11   -0.0093989612
2   13   4   12   0.0000000000
2   13   5   11   0.0000000000
2   13   5   12   -0.0093989612
2   13   6   8   0.0000000001
2   13   6   9   0.0271547654
2   13   6   10   0.0000000002
2   13   6   13   0.0026954690
2   13   6   14   0.0000000002
2   13   7   8   0.0145697896
2   13   7   9   0.0000000000
2   13   7   10   0.0027653518
2   13   7   13   0.0000000003
2   13   7   14   -0.0177093018
2   14   1   8   0.0000000003
2   14   1   9   0.0405362439
2   14   1   10   -0.0000000004
2   14   1   13   0.2417993361
2   14   1   14   0.0000000000
2   14   2   8   0.0675674685
2   14   2   9   0.0000000003
2   14   2   10   0.1384110205
2   14   2   13   0.0000000005
2   14   2   14   0.7227569931
2   14   3   8   -0.0000000001
2   14   3   9   0.0009171028
2   14   3   10   0.0000000002
2   14   3   13   -0.0209068122
2   14   3   14   -0.0000000002
2   14   4   11   -0.0000000000
2   14   5   12   -0.0000000000
2   14   6   8   0.0157907944
2   14   6   9   0.0000000000
2   14   6   10   0.0105183626
2   14   6   13   0.0000000002
2   14   6   14   0.0058895477
2   14   7   8   0.0000000000
2   14   7   9   0.0173074190
2   14   7   10   -0.0000000001
2   14   7   13   -0.0177041774
2   14   7   14   0.0000000004
3   8   1   8   -0.2134710169
3   8   1   9   -0.0000000002
3   8   1   10   0.0479618863
3   8   1   13   -0.0000000000
3   8   1   14   0.0028417918
3   8   2   8   -0.0000000002
3   8   2   9   -0.2358736249
3   8   2   10   0.0000000000
3   8   2   13   -0.0248082410
3   8   2   14   -0.0000000001
3   8   3   8   0.9617408920
3   8   3   9   -0.0000000001
3   8   3   10   0.0127506332
3   8   3   13   -0.0000000002
3   8   3   14   0.0416334947
3   8   4   11   0.0211587409
3   8   5   12   0.0211587409
3   8   6   8   -0.0000000001
3   8   6   9   -0.1251630219
3   8   6   10   -0.0000000004
3   8   6   13   -0.0029739309
3   8   6   14   0.0000000000
3   8   7   8   0.1388885004
3   8   7   9   -0.0000000004
3   8   7   10   0.0113497128
3   8   7   13   -0.0000000001
3   8   7   14   0.0186784965
3   9   1   8   -0.0000000003
3   9   1   9   -0.2143488576
3   9   1   10   0.0000000000
3   9   1   13   -0.0238624469
3   9   1   14   -0.0000000001
3   9   2   8   -0.2358301463
3   9   2   9   -0.0000000003
3   9   2   10   0.0468178975
3   9   2   13   -0.0000000001
3   9   2   14   0.0009171028
3   9   3   8   -0.0000000001
3   9   3   9   0.9610421035
3   9   3   10   0.0000000005
3   9   3   13   0.0299322506
3   9   3   14   0.0000000000
3   9   4   11   -0.0000000001
3   9   5   12   -0.0000000001
3   9   6   8   -0.1251997063
3   9   6   9   -0.0000000001
3   9   6   10   0.0099937583
3   9   6   13   0.0000000002
3   9   6   14   0.0030164898
3   9   7   8   -0.0000000004
3   9   7   9   0.1384110205
3   9   7   10   0.0000000002
3   9   7   13   0.0106710070
3   9   7   14   -0.0000000000
3   10   1   8   0.0449992519
3   10   1   9   -0.0000000005
3   10   1   10   0.0127506332
3   10   1   13   -0.0000000005
3   10   1   14   0.0113484531
3   10   2   8   -0.0000000005
3   10   2   9   0.0437718219
3   10   2   10   0.0000000005
3   10   2   13   0.0103425973
3   10   2   14   0.0000000002
3   10   3   8   0.0127506332
3   10   3   9   0.0000000005
3   10   3   10   0.9242929700
3   10   3   13   0.0000000003
3   10   3   14   0.1579731221
3   10   4   11   0.1068393239
3   10   5   12   0.1068393239
3   10   6   8   -0.0000000005
3   10   6   9   0.0103425973
3   10   6   10   0.0000000003
3   10   6   13   0.0288487202
3   10   6   14   0.0000000003
3   10   7   8   0.0113484531
3   10   7   9   0.0000000002
3   10   7   10   0.1579731221
3   10   7   13   0.0000000003
3   10   7   14   0.0598572798
3   11   1   11   0.0021183723
3   11   1   12   0.0000000000
3   11   2   11   -0.0000000002
3   11   2   12   -0.0000000000
3   11   3   11   0.7095827733
3   11   3   12   0.0000000000
3   11   4   8   0.0220377039
3   11   4   9   -0.0000000001
3   11   4   10   0.1114779084
3   11   4   13   -0.0000000001
3   11   4   14   -0.0148086358
3   11   5   10   0.0000000000
3   11   5   13   0.0000000000
3   11   5   14   -0.0000000000
3   11   6   11   0.0000000005
3   11   6   12   0.0000000000
3   11   7   11   0.0731432837
3   11   7   12   0.0000000001
3   12   1   11   0.0000000000
3   12   1   12   0.0021183720
3   12   2   11   -0.0000000000
3   12   2   12   0.0000000002
3   12   3   11   0.0000000000
3   12   3   12   0.7095827727
3   12   4   10   0.0000000000
3   12   4   13   0.0000000000
3   12   4   14   -0.0000000000
3   12   5   8   0.0220377039
3   12   5   9   -0.0000000001
3   12   5   10   0.1114779083
3   12   5   13   -0.0000000002
3   12   5   14   -0.0148086357
3   12   6   11   0.0000000000
3   12   6   12   -0.0000000000
3   12   7   11   0.0000000001
3   12   7   12   0.0731432829
3   13   1   8   0.0000000001
3   13   1   9   -0.0231015759
3   13   1   10   -0.0000000004
3   13   1   13   -0.0153346349
3   13   1   14   0.0000000002
3   13   2   8   -0.0240794157
3   13   2   9   0.0000000000
3   13   2   10   0.0099937583
3   13   2   13   -0.0000000002
3   13   2   14   -0.0209068122
3   13   3   8   -0.0000000002
3   13   3   9   0.0299322506
3   13   3   10   0.0000000003
3   13   3   13   0.5440182343
3   13   3   14   0.0000000009
3   13   4   11   -0.0000000001
3   13   4   12   -0.0000000000
3   13   5   11   -0.0000000000
3   13   5   12   0.0000000001
3   13   6   8   -0.0026096450
3   13   6   9   0.0000000002
3   13   6   10   0.0330109697
3   13   6   13   -0.0000000003
3   13   6   14   -0.0684920564
3   13   7   8   -0.0000000002
3   13   7   9   0.0105183626
3   13   7   10   0.0000000001
3   13   7   13   0.0180273176
3   13   7   14   0.0000000004
3   14   1   8   0.0019587016
3   14   1   9   -0.0000000001
3   14   1   10   0.0113497128
3   14   1   13   0.0000000002
3   14   1   14   -0.0086522336
3   14   2   8   -0.0000000002
3   14   2   9   0.0000139917
3   14   2   10   0.0000000002
3   14   2   13   -0.0209833648
3   14   2   14   -0.0000000002
3   14   3   8   0.0416334947
3   14   3   9   0.0000000000
3   14   3   10   0.1579731221
3   14   3   13   0.0000000009
3   14   3   14   0.6019252761
3   14   4   11   -0.0151436325
3   14   4   12   0.0000000000
3   14   5   11   0.0000000000
3   14   5   12   -0.0151436326
3   14   6   8   -0.0000000001
3   14   6   9   0.0027653518
3   14   6   10   0.0000000001
3   14   6   13   -0.0685845542
3   14   6   14   -0.0000000003
3   14   7   8   0.0188399203
3   14   7   9   -0.0000000001
3   14   7   10   0.0633709608
3   14   7   13   0.0000000003
3   14   7   14   0.0468289686
4   8   1   11   0.0158083445
4   8   1   12   -0.0000000000
4   8   2   11   -0.0000000001
4   8   3   11   0.0220377039
4   8   4   8   0.7660660449
4   8   4   9   0.0000000001
4   8   4   10   0.0021183723
4   8   4   13   -0.0000000001
4   8   4   14   0.0148159244
4   8   5   8   -0.0000000000
4   8   5   9   0.0000000000
4   8   5   10   0.0000000000
4   8   5   13   0.0000000000
4   8   5   14   0.0000000000
4   8   6   11   0.0000000001
4   8   7   11   -0.0044299560
4   9   1   11   -0.0000000001
4   9   2   11   0.0143849085
4   9   3   11   -0.0000000001
4   9   4   8   0.0000000001
4   9   4   9   0.7658877955
4   9   4   10   -0.0000000002
4   9   4   13   0.0121510128
4   9   4   14   -0.0000000002
4   9   5   8   0.0000000000
4   9   5   9   -0.0000000000
4   9   5   10   -0.0000000000
4   9   5   13   -0.0000000000
4   9   6   11   -0.0101399918
4   9   7   11   -0.0000000000
4   10   1   11   0.0220377039
4   10   2   11   -0.0000000001
4   10   3   11   0.1114779084
4   10   3   12   0.0000000000
4   10   4   8   0.0021183723
4   10   4   9   -0.0000000002
4   10   4   10   0.7095827733
4   10   4   13   0.0000000005
4   10   4   14   0.0731432837
4   10   5   8   0.0000000000
4   10   5   9   -0.0000000000
4   10   5   10   0.0000000000
4   10   5   13   0.0000000000
4   10   5   14   0.0000000001
4   10   6   11   -0.0000000001
4   10   6   12   0.0000000000
4   10   7   11   -0.0148086358
4   10   7   12   -0.0000000000
4   11   1   8   0.0123128514
4   11   1   9   -0.0000000005
4   11   1   10   0.0211587409
4   11   1   13   0.0000000001
4   11   1   14   -0.0040607109
4   11   2   8   -0.0000000005
4   11   2   9   0.0108989871
4   11   2   10   -0.0000000001
4   11   2   13   -0.0093989612
4   11   2   14   -0.0000000000
4   11   3   8   0.0211587409
4   11   3   9   -0.0000000001
4   11   3   10   0.1068393239
4   11   3   13   -0.0000000001
4   11   3   14   -0.0151436325
4   11   4   11   0.6298917439
4   11   4   12   0.0000000003
4   11   5   11   0.0000000003
4   11   5   12   0.0191198020
4   11   6   8   0.0000000001
4   11   6   9   -0.0093989612
4   11   6   10   -0.0000000001
4   11   6   13   0.0282726586
4   11   6   14   0.0000000002
4   11   7   8   -0.0040607109
4   11   7   9   -0.0000000000
4   11   7   10   -0.0151436325
4   11   7   13   0.0000000002
4   11   7   14   0.0190310199
4   12   1   8   -0.0000000000
4   12   1   9   -0.0000000000
4   12   1   14   0.0000000000
4   12   2   8   -0.0000000000
4   12   2   9   -0.0000000000
4   12   2   13   0.0000000000
4   12   3   13   -0.0000000000
4   12   3   14   0.0000000000
4   12   4   11   0.0000000003
4   12   4   12   0.5869064775
4   12   5   11   0.0238654601
4   12   5   12   -0.0000000004
4   12   6   9   0.0000000000
4   12   6   10   -0.0000000000
4   12   6   13   -0.0000000000
4   12   6   14   0.0000000000
4   12   7   8   0.0000000000
4   12   7   10   0.0000000000
4   12   7   13   0.0000000000
4   12   7   14   0.0000000000
4   13   1   11   0.0000000001
4   13   2   11   -0.0101399918
4   13   3   11   -0.0000000001
4   13   3   12   0.0000000000
4   13   4   8   -0.0000000001
4   13   4   9   0.0121510128
4   13   4   10   0.0000000005
4   13   4   13   0.5128784339
4   13   4   14   -0.0000000003
4   13   5   8   0.0000000000
4   13   5   9   -0.0000000000
4   13   5   10   0.0000000000
4   13   5   13   -0.0000000001
4   13   5   14   -0.0000000001
4   13   6   11   0.0340168717
4   13   7   11   -0.0000000002
4   13   7   12   -0.0000000000
4   14   1   11   -0.0044299560
4   14   2   11   -0.0000000000
4   14   3   11   -0.0148086358
4   14   3   12   -0.0000000000
4   14   4   8   0.0148159244
4   14   4   9   -0.0000000002
4   14   4   10   0.0731432837
4   14   4   13   -0.0000000003
4   14   4   14   0.5327866110
4   14   5   8   0.0000000000
4   14   5   10   0.0000000001
4   14   5   13   -0.0000000001
4   14   5   14   -0.0000000001
4   14   6   11   -0.0000000002
4   14   6   12   -0.0000000000
4   14   7   11   0.0248687124
4   14   7   12   0.0000000000
5   8   1   11   -0.0000000000
5   8   1   12   0.0158083445
5   8   2   12   -0.0000000001
5   8   3   12   0.0220377039
5   8   4   8   -0.0000000000
5   8   4   9   0.0000000000
5   8   4   10   0.0000000000
5   8   4   13   0.0000000000
5   8   4   14   0.0000000000
5   8   5   8   0.7660660451
5   8   5   9   0.0000000000
5   8   5   10   0.0021183720
5   8   5   13   -0.0000000004
5   8   5   14   0.0148159243
5   8   6   12   0.0000000001
5   8   7   12   -0.0044299560
5   9   1   12   -0.0000000001
5   9   2   12   0.0143849085
5   9   3   12   -0.0000000001
5   9   4   8   0.0000000000
5   9   4   9   -0.0000000000
5   9   4   10   -0.0000000000
5   9   4   13   -0.0000000000
5   9   5   8   0.0000000000
5   9   5   9   0.7658877957
5   9   5   10   0.0000000002
5   9   5   13   0.0121510129
5   9   5   14   -0.0000000002
5   9   6   12   -0.0101399918
5   9   7   12   -0.0000000000
5   10   1   12   0.0220377039
5   10   2   12   -0.0000000001
5   10   3   11   0.0000000000
5   10   3   12   0.1114779083
5   10   4   8   0.0000000000
5   10   4   9   -0.0000000000
5   10   4   10   0.0000000000
5   10   4   13   0.0000000000
5   10   4   14   0.0000000001
5   10   5   8   0.0021183720
5   10   5   9   0.0000000002
5   10   5   10   0.7095827727
5   10   5   13   -0.0000000000
5   10   5   14   0.0731432829
5   10   6   11   0.0000000000
5   10   6   12   -0.0000000002
5   10   7   11   -0.0000000000
5   10   7   12   -0.0148086357
5   11   1   8   -0.0000000000
5   11   1   9   -0.0000000000
5   11   1   14   0.0000000000
5   11   2   8   -0.0000000000
5   11   2   9   -0.0000000000
5   11   2   13   0.0000000000
5   11   3   13   -0.0000000000
5   11   3   14   0.0000000000
5   11   4   11   0.0000000003
5   11   4   12   0.0238654601
5   11   5   11   0.5869064775
5   11   5   12   -0.0000000004
5   11   6   9   0.0000000000
5   11   6   10   -0.0000000000
5   11   6   13   -0.0000000000
5   11   6   14   0.0000000000
5   11   7   8   0.0000000000
5   11   7   10   0.0000000000
5   11   7   13   0.0000000000
5   11   7   14   0.0000000000
5   12   1   8   0.0123128515
5   12   1   9   -0.0000000004
5   12   1   10   0.0211587409
5   12   1   13   0.0000000001
5   12   1   14   -0.0040607109
5   12   2   8   -0.0000000004
5   12   2   9   0.0108989871
5   12   2   10   -0.0000000001
5   12   2   13   -0.0093989612
5   12   2   14   -0.0000000000
5   12   3   8   0.0211587409
5   12   3   9   -0.0000000001
5   12   3   10   0.1068393239
5   12   3   13   0.0000000001
5   12   3   14   -0.0151436326
5   12   4   11   0.0191198020
5   12   4   12   -0.0000000004
5   12   5   11   -0.0000000004
5   12   5   12   0.6298917451
5   12   6   8   0.0000000001
5   12   6   9   -0.0093989612
5   12   6   10   0.0000000001
5   12   6   13   0.0282726588
5   12   6   14   -0.0000000000
5   12   7   8   -0.0040607109
5   12   7   9   -0.0000000000
5   12   7   10   -0.0151436326
5   12   7   13   -0.0000000000
5   12   7   14   0.0190310199
5   13   1   12   0.0000000001
5   13   2   12   -0.0101399918
5   13   3   11   0.0000000000
5   13   3   12   -0.0000000002
5   13   4   8   0.0000000000
5   13   4   9   -0.0000000000
5   13   4   10   0.0000000000
5   13   4   13   -0.0000000001
5   13   4   14   -0.0000000001
5   13   5   8   -0.0000000004
5   13   5   9   0.0121510129
5   13   5   10   -0.0000000000
5   13   5   13   0.5128784355
5   13   5   14   0.0000000009
5   13   6   12   0.0340168717
5   13   7   11   -0.0000000000
5   13   7   12   -0.0000000000
5   14   1   12   -0.0044299560
5   14   2   12   -0.0000000000
5   14   3   11   -0.0000000000
5   14   3   12   -0.0148086357
5   14   4   8   0.0000000000
5   14   4   10   0.0000000001
5   14   4   13   -0.0000000001
5   14   4   14   -0.0000000001
5   14   5   8   0.0148159243
5   14   5   9   -0.0000000002
5   14   5   10   0.0731432829
5   14   5   13   0.0000000009
5   14   5   14   0.5327866120
5   14   6   11   -0.0000000000
5   14   6   12   -0.0000000000
5   14   7   11   0.0000000000
5   14   7   12   0.0248687123
6   8   1   8   0.0000000003
6   8   1   9   0.1626674794
6   8   1   10   -0.0000000000
6   8   1   13   0.0265457934
6   8   1   14   0.0000000001
6   8   2   8   0.1757117093
6   8   2   9   0.0000000003
6   8   2   10   -0.0238624469
6   8   2   13   0.0000000001
6   8   2   14   0.0157907944
6   8   3   8   -0.0000000001
6   8   3   9   -0.1251997063
6   8   3   10   -0.0000000005
6   8   3   13   -0.0026096450
6   8   3   14   -0.0000000001
6   8   4   11   0.0000000001
6   8   5   12   0.0000000001
6   8   6   8   0.6774533768
6   8   6   9   0.0000000003
6   8   6   10   -0.0153346349
6   8   6   13   0.0000000005
6   8   6   14   -0.0063589081
6   8   7   8   0.0000000004
6   8   7   9   0.2417993361
6   8   7   10   0.0000000002
6   8   7   13   -0.0050340706
6   8   7   14   0.0000000003
6   9   1   8   0.1626921718
6   9   1   9   0.0000000004
6   9   1   10   -0.0248082410
6   9   1   13   0.0000000001
6   9   1   14   0.0145697896
6   9   2   8   0.0000000004
6   9   2   9   0.1761118722
6   9   2   10   -0.0000000001
6   9   2   13   0.0271547654
6   9   2   14   0.0000000000
6   9   3   8   -0.1251630219
6   9   3   9   -0.0000000001
6   9   3   10   0.0103425973
6   9   3   13   0.0000000002
6   9   3   14   0.0027653518
6   9   4   11   -0.0093989612
6   9   4   12   0.0000000000
6   9   5   11   0.0000000000
6   9   5   12   -0.0093989612
6   9   6   8   0.0000000003
6   9   6   9   0.6777545650
6   9   6   10   -0.0000000002
6   9   6   13   0.0026954690
6   9   6   14   0.0000000003
6   9   7   8   0.2418027427
6   9   7   9   0.0000000005
6   9   7   10   -0.0209833648
6   9   7   13   0.0000000002
6   9   7   14   -0.0177093018
6   10   1   8   0.0000000001
6   10   1   9   -0.0240794157
6   10   1   10   -0.0000000002
6   10   1   13   -0.0026096450
6   10   1   14   -0.0000000002
6   10   2   8   -0.0231015759
6   10   2   9   0.0000000000
6   10   2   10   0.0299322506
6   10   2   13   0.0000000002
6   10   2   14   0.0105183626
6   10   3   8   -0.0000000004
6   10   3   9   0.0099937583
6   10   3   10   0.0000000003
6   10   3   13   0.0330109697
6   10   3   14   0.0000000001
6   10   4   11   -0.0000000001
6   10   4   12   -0.0000000000
6   10   5   11   -0.0000000000
6   10   5   12   0.0000000001
6   10   6   8   -0.0153346349
6   10   6   9   -0.0000000002
6   10   6   10   0.5440182343
6   10   6   13   -0.0000000003
6   10   6   14   0.0180273176
6   10   7   8   0.0000000002
6   10   7   9   -0.0209068122
6   10   7   10   0.0000000009
6   10   7   13   -0.0684920564
6   10   7   14   0.0000000004
6   11   1   11   -0.0000000001
6   11   1   12   0.0000000000
6   11   2   11   0.0121510128
6   11   2   12   -0.0000000000
6   11   3   11   0.0000000005
6   11   3   12   0.0000000000
6   11   4   8   0.0000000001
6   11   4   9   -0.0101399918
6   11   4   10   -0.0000000001
6   11   4   13   0.0340168717
6   11   4   14   -0.0000000002
6   11   5   10   0.0000000000
6   11   5   14   -0.0000000000
6   11   6   11   0.5128784339
6   11   6   12   -0.0000000001
6   11   7   11   -0.0000000003
6   11   7   12   -0.0000000001
6   12   1   11   0.0000000000
6   12   1   12   -0.0000000004
6   12   2   11   -0.0000000000
6   12   2   12   0.0121510129
6   12   3   11   0.0000000000
6   12   3   12   -0.0000000000
6   12   4   10   0.0000000000
6   12   4   14   -0.0000000000
6   12   5   8   0.0000000001
6   12   5   9   -0.0101399918
6   12   5   10   -0.0000000002
6   12   5   13   0.0340168717
6   12   5   14   -0.0000000000
6   12   6   11   -0.0000000001
6   12   6   12   0.5128784355
6   12   7   11   -0.0000000001
6   12   7   12   0.0000000009
6   13   1   8   0.0239050690
6   13   1   9   -0.0000000000
6   13   1   10   -0.0029739309
6   13   1   13   0.0000000005
6   13   1   14   -0.0049374949
6   13   2   8   -0.0000000000
6   13   2   9   0.0245157761
6   13   2   10   0.0000000002
6   13   2   13   0.0026954690
6   13   2   14   0.0000000002
6   13   3   8   -0.0029739309
6   13   3   9   0.0000000002
6   13   3   10   0.0288487202
6   13   3   13   -0.0000000003
6   13   3   14   -0.0685845542
6   13   4   11   0.0282726586
6   13   4   12   -0.0000000000
6   13   5   11   -0.0000000000
6   13   5   12   0.0282726588
6   13   6   8   0.0000000005
6   13   6   9   0.0026954690
6   13   6   10   -0.0000000003
6   13   6   13   0.5330680888
6   13   6   14   0.0000000004
6   13   7   8   -0.0049374949
6   13   7   9   0.0000000002
6   13   7   10   -0.0685845542
6   13   7   13   0.0000000004
6   13   7   14   0.1958018805
6   14   1   8   -0.0000000002
6   14   1   9   0.0127985409
6   14   1   10   -0.0000000001
6   14   1   13   -0.0050340706
6   14   1   14   0.0000000005
6   14   2   8   0.0140181849
6   14   2   9   -0.0000000002
6   14   2   10   0.0106710070
6   14   2   13   0.0000000002
6   14   2   14   0.0058895477
6   14   3   8   0.0000000000
6   14   3   9   0.0030164898
6   14   3   10   0.0000000003
6   14   3   13   -0.0684920564
6   14   3   14   -0.0000000003
6   14   4   11   0.0000000002
6   14   4   12   0.0000000000
6   14   5   11   0.0000000000
6   14   5   12   -0.0000000000
6   14   6   8   -0.0063589081
6   14   6   9   0.0000000003
6   14   6   10   0.0180273176
6   14   6   13   0.0000000004
6   14   6   14   0.5354363719
6   14   7   8   0.0000000003
6   14   7   9   -0.0177041774
6   14   7   10   0.0000000003
6   14   7   13   0.1963384588
6   14   7   14   0.0000000000
7   8   1   8   0.0676948335
7   8   1   9   0.0000000004
7   8   1   10   0.0028417918
7   8   1   13   0.0000000001
7   8   1   14   0.0198388522
7   8   2   8   0.0000000004
7   8   2   9   0.0405485353
7   8   2   10   -0.0000000001
7   8   2   13   0.0145697896
7   8   2   14   0.0000000000
7   8   3   8   0.1388885004
7   8   3   9   -0.0000000004
7   8   3   10   0.0113484531
7   8   3   13   -0.0000000002
7   8   3   14   0.0188399203
7   8   4   11   -0.0040607109
7   8   4   12   0.0000000000
7   8   5   11   0.0000000000
7   8   5   12   -0.0040607109
7   8   6   8   0.0000000004
7   8   6   9   0.2418027427
7   8   6   10   0.0000000002
7   8   6   13   -0.0049374949
7   8   6   14   0.0000000003
7   8   7   8   0.7227198768
7   8   7   9   0.0000000000
7   8   7   10   -0.0086522336
7   8   7   13   0.0000000005
7   8   7   14   0.0015476381
7   9   1   8   0.0000000003
7   9   1   9   0.0675674685
7   9   1   10   -0.0000000001
7   9   1   13   0.0157907944
7   9   1   14   0.0000000000
7   9   2   8   0.0405362439
7   9   2   9   0.0000000003
7   9   2   10   0.0009171028
7   9   2   13   0.0000000000
7   9   2   14   0.0173074190
7   9   3   8   -0.0000000004
7   9   3   9   0.1384110205
7   9   3   10   0.0000000002
7   9   3   13   0.0105183626
7   9   3   14   -0.0000000001
7   9   4   11   -0.0000000000
7   9   5   12   -0.0000000000
7   9   6   8   0.2417993361
7   9   6   9   0.0000000005
7   9   6   10   -0.0209068122
7   9   6   13   0.0000000002
7   9   6   14   -0.0177041774
7   9   7   8   0.0000000000
7   9   7   9   0.7227569931
7   9   7   10   -0.0000000002
7   9   7   13   0.0058895477
7   9   7   14   0.0000000004
7   10   1   8   0.0019587016
7   10   1   9   -0.0000000002
7   10   1   10   0.0416334947
7   10   1   13   -0.0000000001
7   10   1   14   0.0188399203
7   10   2   8   -0.0000000001
7   10   2   9   0.0000139917
7   10   2   10   0.0000000000
7   10   2   13   0.0027653518
7   10   2   14   -0.0000000001
7   10   3   8   0.0113497128
7   10   3   9   0.0000000002
7   10   3   10   0.1579731221
7   10   3   13   0.0000000001
7   10   3   14   0.0633709608
7   10   4   11   -0.0151436325
7   10   4   12   0.0000000000
7   10   5   11   0.0000000000
7   10   5   12   -0.0151436326
7   10   6   8   0.0000000002
7   10   6   9   -0.0209833648
7   10   6   10   0.0000000009
7   10   6   13   -0.0685845542
7   10   6   14   0.0000000003
7   10   7   8   -0.0086522336
7   10   7   9   -0.0000000002
7   10   7   10   0.6019252761
7   10   7   13   -0.0000000003
7   10   7   14   0.0468289686
7   11   1   11   0.0148159244
7   11   1   12   0.0000000000
7   11   2   11   -0.0000000002
7   11   3   11   0.0731432837
7   11   3   12   0.0000000001
7   11   4   8   -0.0044299560
7   11   4   9   -0.0000000000
7   11   4   10   -0.0148086358
7   11   4   13   -0.0000000002
7   11   4   14   0.0248687124
7   11   5   10   -0.0000000000
7   11   5   13   -0.0000000000
7   11   5   14   0.0000000000
7   11   6   11   -0.0000000003
7   11   6   12   -0.0000000001
7   11   7   11   0.5327866110
7   11   7   12   -0.0000000001
7   12   1   11   0.0000000000
7   12   1   12   0.0148159243
7   12   2   12   -0.0000000002
7   12   3   11   0.0000000001
7   12   3   12   0.0731432829
7   12   4   10   -0.0000000000
7   12   4   13   -0.0000000000
7   12   4   14   0.0000000000
7   12   5   8   -0.0044299560
7   12   5   9   -0.0000000000
7   12   5   10   -0.0148086357
7   12   5   13   -0.0000000000
7   12   5   14   0.0248687123
7   12   6   11   -0.0000000001
7   12   6   12   0.0000000009
7   12   7   11   -0.0000000001
7   12   7   12   0.5327866120
7   13   1   8   -0.0000000002
7   13   1   9   0.0140181849
7   13   1   10   0.0000000000
7   13   1   13   -0.0063589081
7   13   1   14   0.0000000003
7   13   2   8   0.0127985409
7   13   2   9   -0.0000000002
7   13   2   10   0.0030164898
7   13   2   13   0.0000000003
7   13   2   14   -0.0177041774
7   13   3   8   -0.0000000001
7   13   3   9   0.0106710070
7   13   3   10   0.0000000003
7   13   3   13   0.0180273176
7   13   3   14   0.0000000003
7   13   4   11   0.0000000002
7   13   4   12   0.0000000000
7   13   5   11   0.0000000000
7   13   5   12   -0.0000000000
7   13   6   8   -0.0050340706
7   13   6   9   0.0000000002
7   13   6   10   -0.0684920564
7   13   6   13   0.0000000004
7   13   6   14   0.1963384588
7   13   7   8   0.0000000005
7   13   7   9   0.0058895477
7   13   7   10   -0.0000000003
7   13   7   13   0.5354363719
7   13   7   14   0.0000000000
7   14   1   8   0.0167639090
7   14   1   9   -0.0000000002
7   14   1   10   0.0186784965
7   14   1   13   0.0000000003
7   14   1   14   0.0015476381
7   14   2   8   -0.0000000002
7   14   2   9   0.0142151175
7   14   2   10   -0.0000000000
7   14   2   13   -0.0177093018
7   14   2   14   0.0000000004
7   14   3   8   0.0186784965
7   14   3   9   -0.0000000000
7   14   3   10   0.0598572798
7   14   3   13   0.0000000004
7   14   3   14   0.0468289686
7   14   4   11   0.0190310199
7   14   4   12   0.0000000000
7   14   5   11   0.0000000000
7   14   5   12   0.0190310199
7   14   6   8   0.0000000003
7   14   6   9   -0.0177093018
7   14   6   10   0.0000000004
7   14   6   13   0.1958018805
7   14   6   14   0.0000000000
7   14   7   8   0.0015476381
7   14   7   9   0.0000000004
7   14   7   10   0.0468289686
7   14   7   13   0.0000000000
7   14   7   14   0.5534164922

End IJKL Block
Begin ABCD Block
1   4   1   4   0.3553368730
1   4   1   5   -0.0000001353
1   4   2   4   -0.0000001353
1   4   2   5   0.0133123781
1   4   3   6   0.0110164864
1   5   1   4   -0.0000001353
1   5   1   5   0.3288381498
1   5   2   4   0.0131861502
1   5   2   5   0.0000001246
1   5   3   6   -0.0000000003
1   6   1   6   0.2340945635
1   6   2   6   -0.0000001406
1   6   3   4   0.0109989230
1   6   3   5   -0.0000000000
2   4   1   4   -0.0000001353
2   4   1   5   0.0131861502
2   4   2   4   0.3288381498
2   4   2   5   0.0000001246
2   4   3   6   -0.0000000003
2   5   1   4   0.0133123781
2   5   1   5   0.0000001246
2   5   2   4   0.0000001246
2   5   2   5   0.3553368431
2   5   3   6   0.0110164856
2   6   1   6   -0.0000001406
2   6   2   6   0.2340941685
2   6   3   4   -0.0000000000
2   6   3   5   0.0109989230
3   4   1   6   0.0109989230
3   4   2   6   -0.0000000000
3   4   3   4   0.2340945635
3   4   3   5   -0.0000001406
3   5   1   6   -0.0000000000
3   5   2   6   0.0109989230
3   5   3   4   -0.0000001406
3   5   3   5   0.2340941685
3   6   1   4   0.0110164864
3   6   1   5   -0.0000000003
3   6   2   4   -0.0000000003
3   6   2   5   0.0110164856
3   6   3   6   0.2516935968

End ABCD Block
Begin AIJB Block
1   8   1   4   0.0063654506
1   8   2   4   -0.0000000000
1   8   3   4   0.0046477559
1   8   4   6   0.0002924780
1   8   5   6   -0.0000708569
1   8   6   4   0.0000000000
1   8   7   4   -0.0040406474
1   9   1   4   -0.0000000000
1   9   2   4   0.0066790775
1   9   3   4   0.0000000001
1   9   4   6   0.0000000000
1   9   5   6   0.0000000000
1   9   6   4   -0.0075032886
1   9   7   4   0.0000000001
1   10   1   4   0.0046477559
1   10   2   4   0.0000000001
1   10   3   4   0.0152436309
1   10   3   5   0.0000000000
1   10   4   6   0.0108053487
1   10   5   6   -0.0026177465
1   10   6   4   0.0000000000
1   10   6   5   -0.0000000000
1   10   7   4   -0.0136157229
1   10   7   5   -0.0000000000
1   11   1   6   0.0022096743
1   11   2   6   -0.0000000001
1   11   3   6   0.0054489517
1   11   4   4   0.0672053678
1   11   4   5   -0.0140354576
1   11   5   4   -0.0140354565
1   11   5   5   -0.0058905198
1   11   6   6   -0.0000000057
1   11   7   6   -0.0050918352
1   12   1   6   -0.0005353244
1   12   2   6   0.0000000000
1   12   3   6   -0.0013200846
1   12   4   4   -0.0140354565
1   12   4   5   -0.0486437591
1   12   5   4   0.0126710863
1   12   5   5   0.0140354576
1   12   6   6   0.0000000014
1   12   7   6   0.0012335682
1   13   1   4   0.0000000000
1   13   2   4   -0.0075032886
1   13   3   4   0.0000000000
1   13   3   5   -0.0000000000
1   13   4   6   0.0000000000
1   13   5   6   0.0000000001
1   13   6   4   0.0477297103
1   13   6   5   0.0000000000
1   13   7   4   0.0000000004
1   13   7   5   -0.0000000000
1   14   1   4   -0.0040406474
1   14   2   4   0.0000000001
1   14   3   4   -0.0136157229
1   14   3   5   -0.0000000000
1   14   4   6   -0.0096659171
1   14   5   6   0.0023417033
1   14   6   4   0.0000000004
1   14   6   5   -0.0000000000
1   14   7   4   0.0286808768
2   8   1   5   0.0063654505
2   8   2   5   -0.0000000000
2   8   3   5   0.0046477559
2   8   4   6   -0.0000708569
2   8   5   6   -0.0002924780
2   8   6   5   0.0000000000
2   8   7   5   -0.0040406474
2   9   1   5   -0.0000000000
2   9   2   5   0.0066790775
2   9   3   5   0.0000000001
2   9   4   6   -0.0000000000
2   9   5   6   0.0000000000
2   9   6   5   -0.0075032886
2   9   7   5   0.0000000001
2   10   1   5   0.0046477559
2   10   2   5   0.0000000001
2   10   3   4   0.0000000000
2   10   3   5   0.0152436309
2   10   4   6   -0.0026177465
2   10   5   6   -0.0108053486
2   10   6   4   -0.0000000000
2   10   6   5   0.0000000000
2   10   7   4   -0.0000000000
2   10   7   5   -0.0136157229
2   11   1   6   -0.0005353244
2   11   2   6   0.0000000000
2   11   3   6   -0.0013200846
2   11   4   4   -0.0140354576
2   11   4   5   0.0126710863
2   11   5   4   -0.0486437591
2   11   5   5   0.0140354565
2   11   6   6   0.0000000014
2   11   7   6   0.0012335681
2   12   1   6   -0.0022096743
2   12   2   6   0.0000000001
2   12   3   6   -0.0054489517
2   12   4   4   -0.0058905198
2   12   4   5   0.0140354565
2   12   5   4   0.0140354576
2   12   5   5   0.0672053677
2   12   6   6   0.0000000058
2   12   7   6   0.0050918352
2   13   1   5   0.0000000000
2   13   2   5   -0.0075032886
2   13   3   4   -0.0000000000
2   13   3   5   0.0000000000
2   13   4   6   -0.0000000000
2   13   5   6   0.0000000002
2   13   6   4   0.0000000000
2   13   6   5   0.0477297103
2   13   7   4   -0.0000000000
2   13   7   5   0.0000000004
2   14   1   5   -0.0040406474
2   14   2   5   0.0000000001
2   14   3   4   -0.0000000000
2   14   3   5   -0.0136157229
2   14   4   6   0.0023417033
2   14   5   6   0.0096659171
2   14   6   4   -0.0000000000
2   14   6   5   0.0000000004
2   14   7   5   0.0286808768
3   8   1   6   0.0030901232
3   8   2   6   0.0000000000
3   8   3   6   -0.0003878212
3   8   4   4   0.0022096743
3   8   4   5   -0.0005353244
3   8   5   4   -0.0005353244
3   8   5   5   -0.0022096743
3   8   6   6   0.0000000001
3   8   7   6   -0.0002336147
3   9   1   6   0.0000000000
3   9   2   6   0.0031469909
3   9   3   6   -0.0000000001
3   9   4   4   -0.0000000001
3   9   4   5   0.0000000000
3   9   5   4   0.0000000000
3   9   5   5   0.0000000001
3   9   6   6   0.0002856050
3   9   7   6   -0.0000000002
3   10   1   6   -0.0003878212
3   10   2   6   -0.0000000001
3   10   3   6   0.0025940281
3   10   4   4   0.0054489517
3   10   4   5   -0.0013200846
3   10   5   4   -0.0013200846
3   10   5   5   -0.0054489517
3   10   6   6   -0.0000000012
3   10   7   6   -0.0030207260
3   11   1   4   0.0002924780
3   11   1   5   -0.0000708569
3   11   2   4   0.0000000000
3   11   2   5   -0.0000000000
3   11   3   4   0.0108053487
3   11   3   5   -0.0026177465
3   11   4   6   0.0030740063
3   11   6   4   0.0000000000
3   11   6   5   -0.0000000000
3   11   7   4   -0.0096659171
3   11   7   5   0.0023417033
3   12   1   4   -0.0000708569
3   12   1   5   -0.0002924780
3   12   2   4   0.0000000000
3   12   2   5   0.0000000000
3   12   3   4   -0.0026177465
3   12   3   5   -0.0108053486
3   12   5   6   0.0030740063
3   12   6   4   0.0000000001
3   12   6   5   0.0000000002
3   12   7   4   0.0023417033
3   12   7   5   0.0096659171
3   13   1   6   0.0000000001
3   13   2   6   0.0002856050
3   13   3   6   -0.0000000012
3   13   4   4   -0.0000000057
3   13   4   5   0.0000000014
3   13   5   4   0.0000000014
3   13   5   5   0.0000000058
3   13   6   6   0.0154367464
3   13   7   6   -0.0000000028
3   14   1   6   -0.0002336147
3   14   2   6   -0.0000000002
3   14   3   6   -0.0030207260
3   14   4   4   -0.0050918352
3   14   4   5   0.0012335681
3   14   5   4   0.0012335682
3   14   5   5   0.0050918352
3   14   6   6   -0.0000000028
3   14   7   6   0.0101440913

1   8   8   1   -0.4865300305
1   8   8   2   0.0000000000
1   8   9   1   -0.0000000000
1   8   9   2   0.0000000001
1   8   10   1   0.0029099352
1   8   10   2   0.0000000003
1   8   11   3   -0.0023248740
1   8   12   3   0.0005632332
1   8   13   1   0.0000000018
1   8   13   2   -0.0000000008
1   8   14   1   -0.0008800910
1   8   14   2   -0.0000000004
1   9   8   1   -0.0000000000
1   9   8   2   0.0000000001
1   9   9   1   -0.4866027431
1   9   9   2   0.0000000001
1   9   10   1   -0.0000000016
1   9   10   2   0.0000000013
1   9   11   3   -0.0000000038
1   9   12   3   0.0000000009
1   9   13   1   -0.0021567106
1   9   13   2   -0.0000000006
1   9   14   1   0.0000000007
1   9   14   2   -0.0000000001
1   10   8   1   0.0029099352
1   10   8   2   0.0000000003
1   10   9   1   -0.0000000016
1   10   9   2   0.0000000013
1   10   10   1   -0.4426142569
1   10   10   2   -0.0000000023
1   10   11   3   -0.0051459610
1   10   12   3   0.0012466809
1   10   13   1   0.0000000015
1   10   13   2   -0.0000000004
1   10   14   1   -0.0166688310
1   10   14   2   -0.0000000017
1   11   8   3   -0.0023713694
1   11   9   3   -0.0000000038
1   11   10   3   -0.0052844483
1   11   11   1   -0.4339138010
1   11   11   2   0.0062810065
1   11   12   1   0.0062810186
1   11   12   2   0.0129917912
1   11   13   3   0.0000000068
1   11   14   3   0.0003602169
1   12   8   3   0.0005744973
1   12   9   3   0.0000000009
1   12   10   3   0.0012802314
1   12   11   1   0.0062810186
1   12   11   2   0.0114128769
1   12   12   1   -0.4095091591
1   12   12   2   -0.0062810069
1   12   13   3   -0.0000000017
1   12   14   3   -0.0000872676
1   13   8   1   0.0000000018
1   13   8   2   -0.0000000008
1   13   9   1   -0.0021567106
1   13   9   2   -0.0000000006
1   13   10   1   0.0000000015
1   13   10   2   -0.0000000004
1   13   11   3   0.0000000067
1   13   12   3   -0.0000000016
1   13   13   1   -0.4061546768
1   13   13   2   0.0000000023
1   13   14   1   -0.0000000038
1   13   14   2   0.0000000016
1   14   8   1   -0.0008800910
1   14   8   2   -0.0000000004
1   14   9   1   0.0000000007
1   14   9   2   -0.0000000001
1   14   10   1   -0.0166688310
1   14   10   2   -0.0000000017
1   14   11   3   0.0005823615
1   14   12   3   -0.0001410853
1   14   13   1   -0.0000000038
1   14   13   2   0.0000000016
1   14   14   1   -0.4069743589
1   14   14   2   0.0000000016
2   8   8   1   0.0000000000
2   8   8   2   -0.4865300304
2   8   9   1   0.0000000001
2   8   9   2   0.0000000002
2   8   10   1   0.0000000003
2   8   10   2   0.0029099362
2   8   11   3   0.0005632332
2   8   12   3   0.0023248740
2   8   13   1   -0.0000000008
2   8   13   2   -0.0000000004
2   8   14   1   -0.0000000004
2   8   14   2   -0.0008800921
2   9   8   1   0.0000000001
2   9   8   2   0.0000000002
2   9   9   1   0.0000000001
2   9   9   2   -0.4866027429
2   9   10   1   0.0000000013
2   9   10   2   0.0000000021
2   9   11   3   0.0000000009
2   9   12   3   0.0000000038
2   9   13   1   -0.0000000006
2   9   13   2   -0.0021567121
2   9   14   1   -0.0000000001
2   9   14   2   0.0000000006
2   10   8   1   0.0000000003
2   10   8   2   0.0029099362
2   10   9   1   0.0000000013
2   10   9   2   0.0000000021
2   10   10   1   -0.0000000023
2   10   10   2   -0.4426142634
2   10   11   3   0.0012466809
2   10   12   3   0.0051459611
2   10   13   1   -0.0000000004
2   10   13   2   0.0000000003
2   10   14   1   -0.0000000017
2   10   14   2   -0.0166688357
2   11   8   3   0.0005744973
2   11   9   3   0.0000000009
2   11   10   3   0.0012802313
2   11   11   1   0.0062810065
2   11   11   2   -0.4095091580
2   11   12   1   0.0114128769
2   11   12   2   -0.0062810183
2   11   13   3   -0.0000000016
2   11   14   3   -0.0000872675
2   12   8   3   0.0023713694
2   12   9   3   0.0000000038
2   12   10   3   0.0052844483
2   12   11   1   0.0129917912
2   12   11   2   -0.0062810183
2   12   12   1   -0.0062810069
2   12   12   2   -0.4339138033
2   12   13   3   -0.0000000068
2   12   14   3   -0.0003602170
2   13   8   1   -0.0000000008
2   13   8   2   -0.0000000004
2   13   9   1   -0.0000000006
2   13   9   2   -0.0021567121
2   13   10   1   -0.0000000004
2   13   10   2   0.0000000003
2   13   11   3   -0.0000000016
2   13   12   3   -0.0000000066
2   13   13   1   0.0000000023
2   13   13   2   -0.4061546702
2   13   14   1   0.0000000016
2   13   14   2   0.0000000006
2   14   8   1   -0.0000000004
2   14   8   2   -0.0008800921
2   14   9   1   -0.0000000001
2   14   9   2   0.0000000006
2   14   10   1   -0.0000000017
2   14   10   2   -0.0166688357
2   14   11   3   -0.0001410852
2   14   12   3   -0.0005823617
2   14   13   1   0.0000000016
2   14   13   2   0.0000000006
2   14   14   1   0.0000000016
2   14   14   2   -0.4069743544
3   8   8   3   -0.2615783293
3   8   9   3   0.0000000000
3   8   10   3   0.0019985430
3   8   11   1   -0.0023713694
3   8   11   2   0.0005744973
3   8   12   1   0.0005744973
3   8   12   2   0.0023713694
3   8   13   3   0.0000000160
3   8   14   3   0.0011412605
3   9   8   3   0.0000000000
3   9   9   3   -0.2616215065
3   9   10   3   0.0000000171
3   9   11   1   -0.0000000038
3   9   11   2   0.0000000009
3   9   12   1   0.0000000009
3   9   12   2   0.0000000038
3   9   13   3   -0.0000448696
3   9   14   3   0.0000000250
3   10   8   3   0.0019985430
3   10   9   3   0.0000000171
3   10   10   3   -0.2441831462
3   10   11   1   -0.0052844483
3   10   11   2   0.0012802313
3   10   12   1   0.0012802314
3   10   12   2   0.0052844483
3   10   13   3   -0.0000000114
3   10   14   3   -0.0002158635
3   11   8   1   -0.0023248740
3   11   8   2   0.0005632332
3   11   9   1   -0.0000000038
3   11   9   2   0.0000000009
3   11   10   1   -0.0051459610
3   11   10   2   0.0012466809
3   11   11   3   -0.2416391166
3   11   12   3   0.0000000069
3   11   13   1   0.0000000067
3   11   13   2   -0.0000000016
3   11   14   1   0.0005823615
3   11   14   2   -0.0001410852
3   12   8   1   0.0005632332
3   12   8   2   0.0023248740
3   12   9   1   0.0000000009
3   12   9   2   0.0000000038
3   12   10   1   0.0012466809
3   12   10   2   0.0051459611
3   12   11   3   0.0000000069
3   12   12   3   -0.2416392118
3   12   13   1   -0.0000000016
3   12   13   2   -0.0000000066
3   12   14   1   -0.0001410853
3   12   14   2   -0.0005823617
3   13   8   3   0.0000000160
3   13   9   3   -0.0000448696
3   13   10   3   -0.0000000114
3   13   11   1   0.0000000068
3   13   11   2   -0.0000000016
3   13   12   1   -0.0000000017
3   13   12   2   -0.0000000068
3   13   13   3   -0.2559649549
3   13   14   3   -0.0000000124
3   14   8   3   0.0011412605
3   14   9   3   0.0000000250
3   14   10   3   -0.0002158635
3   14   11   1   0.0003602169
3   14   11   2   -0.0000872675
3   14   12   1   -0.0000872676
3   14   12   2   -0.0003602170
3   14   13   3   -0.0000000124
3   14   14   3   -0.2563583833

End AIJB Block
Begin IJKA Block
1   8   1   6   -0.0000000000
1   8   2   6   -0.0556938320
1   8   3   6   -0.0000000004
1   8   4   4   -0.0000000002
1   8   4   5   0.0000000000
1   8   5   4   0.0000000001
1   8   5   5   0.0000000002
1   8   6   6   -0.0092449792
1   8   7   6   -0.0000000004
1   9   1   6   -0.0594534593
1   9   2   6   -0.0000000002
1   9   3   6   0.0087867984
1   9   4   4   0.0098245713
1   9   4   5   -0.0023801395
1   9   5   4   -0.0023801395
1   9   5   5   -0.0098245713
1   9   6   6   -0.0000000000
1   9   7   6   -0.0053066006
1   10   1   6   0.0000000000
1   10   2   6   0.0349879858
1   10   3   6   0.0000000001
1   10   4   4   0.0000000001
1   10   4   5   -0.0000000000
1   10   5   4   -0.0000000000
1   10   5   5   -0.0000000001
1   10   6   6   0.0011361168
1   10   7   6   0.0000000002
1   11   1   4   -0.0000000003
1   11   1   5   0.0000000001
1   11   2   4   0.1300054725
1   11   2   5   -0.0314956401
1   11   3   4   0.0000000002
1   11   3   5   -0.0000000001
1   11   4   6   0.0000000002
1   11   6   4   -0.0014423999
1   11   6   5   0.0003494415
1   11   7   4   0.0000000001
1   11   7   5   -0.0000000000
1   12   1   4   0.0000000001
1   12   1   5   0.0000000004
1   12   2   4   -0.0314956401
1   12   2   5   -0.1300054725
1   12   3   5   -0.0000000001
1   12   5   6   0.0000000002
1   12   6   4   0.0003494415
1   12   6   5   0.0014423998
1   12   7   4   -0.0000000000
1   12   7   5   -0.0000000001
1   13   1   6   -0.0955729082
1   13   2   6   0.0000000016
1   13   3   6   0.0037784342
1   13   4   4   -0.0111572467
1   13   4   5   0.0027029987
1   13   5   4   0.0027029987
1   13   5   5   0.0111572467
1   13   6   6   -0.0000000001
1   13   7   6   0.0013841340
1   14   1   6   0.0000000012
1   14   2   6   -0.0400482340
1   14   3   6   0.0000000006
1   14   4   4   0.0000000001
1   14   4   5   -0.0000000000
1   14   5   4   -0.0000000000
1   14   5   5   -0.0000000002
1   14   6   6   0.0010081803
1   14   7   6   0.0000000011
2   8   1   6   -0.0556986464
2   8   2   6   -0.0000000002
2   8   3   6   0.0090545905
2   8   4   4   0.0091688103
2   8   4   5   -0.0022212723
2   8   5   4   -0.0022212722
2   8   5   5   -0.0091688103
2   8   6   6   -0.0000000000
2   8   7   6   -0.0049495437
2   9   1   6   -0.0000000001
2   9   2   6   -0.0595993825
2   9   3   6   -0.0000000004
2   9   4   4   -0.0000000002
2   9   4   5   0.0000000000
2   9   5   4   0.0000000001
2   9   5   5   0.0000000002
2   9   6   6   -0.0094319293
2   9   7   6   -0.0000000003
2   10   1   6   0.0349653498
2   10   2   6   0.0000000001
2   10   3   6   -0.0028020972
2   10   4   4   0.0070610888
2   10   4   5   -0.0017106473
2   10   5   4   -0.0017106473
2   10   5   5   -0.0070610888
2   10   6   6   0.0000000002
2   10   7   6   -0.0003427971
2   11   1   4   0.1298766143
2   11   1   5   -0.0314644224
2   11   2   4   -0.0000000003
2   11   2   5   0.0000000001
2   11   3   4   -0.0069899909
2   11   3   5   0.0016934228
2   11   4   6   0.0032880887
2   11   5   6   -0.0000000000
2   11   6   4   -0.0000000000
2   11   6   5   0.0000000000
2   11   7   4   -0.0052565747
2   11   7   5   0.0012734786
2   12   1   4   -0.0314644224
2   12   1   5   -0.1298766143
2   12   2   4   0.0000000001
2   12   2   5   0.0000000004
2   12   3   4   0.0016934229
2   12   3   5   0.0069899911
2   12   4   6   -0.0000000000
2   12   5   6   0.0032880887
2   12   6   4   -0.0000000000
2   12   6   5   -0.0000000001
2   12   7   4   0.0012734786
2   12   7   5   0.0052565746
2   13   1   6   0.0000000016
2   13   2   6   -0.0956058595
2   13   3   6   -0.0000000005
2   13   4   4   0.0000000000
2   13   5   4   -0.0000000000
2   13   5   5   -0.0000000000
2   13   6   6   -0.0007414139
2   13   7   6   -0.0000000003
2   14   1   6   -0.0400137942
2   14   2   6   0.0000000013
2   14   3   6   0.0040532878
2   14   4   4   -0.0052070336
2   14   4   5   0.0012614766
2   14   5   4   0.0012614766
2   14   5   5   0.0052070336
2   14   6   6   0.0000000009
2   14   7   6   0.0034763030
3   8   1   6   0.0000000001
3   8   2   6   0.0092983834
3   8   3   6   0.0000000002
3   8   4   4   0.0000000001
3   8   4   5   -0.0000000000
3   8   5   4   -0.0000000000
3   8   5   5   -0.0000000001
3   8   6   6   0.0009271722
3   8   7   6   0.0000000002
3   9   1   6   0.0090395078
3   9   2   6   0.0000000001
3   9   3   6   -0.0089953871
3   9   4   4   0.0128075010
3   9   4   5   -0.0031027959
3   9   5   4   -0.0031027959
3   9   5   5   -0.0128075010
3   9   6   6   -0.0000000001
3   9   7   6   -0.0031656053
3   10   1   6   0.0000000003
3   10   2   6   -0.0024121428
3   10   3   6   -0.0000000001
3   10   4   4   -0.0000000002
3   10   4   5   0.0000000000
3   10   5   4   0.0000000001
3   10   5   5   0.0000000004
3   10   6   6   -0.0084205592
3   10   7   6   -0.0000000006
3   11   1   4   0.0000000002
3   11   1   5   -0.0000000001
3   11   2   4   -0.0052135195
3   11   2   5   0.0012630478
3   11   3   4   -0.0000000001
3   11   3   5   0.0000000001
3   11   4   6   -0.0000000002
3   11   5   6   -0.0000000000
3   11   6   4   -0.0415539932
3   11   6   5   0.0100670348
3   11   7   4   -0.0000000000
3   11   7   5   -0.0000000000
3   12   1   4   -0.0000000000
3   12   1   5   -0.0000000001
3   12   2   4   0.0012630479
3   12   2   5   0.0052135196
3   12   3   4   -0.0000000001
3   12   3   5   -0.0000000002
3   12   4   6   -0.0000000000
3   12   5   6   -0.0000000000
3   12   6   4   0.0100670348
3   12   6   5   0.0415539932
3   12   7   4   0.0000000001
3   12   7   5   0.0000000002
3   13   1   6   0.0032983696
3   13   2   6   -0.0000000003
3   13   3   6   -0.0650012770
3   13   4   4   -0.0462334906
3   13   4   5   0.0112007083
3   13   5   4   0.0112007083
3   13   5   5   0.0462334906
3   13   6   6   -0.0000000003
3   13   7   6   -0.0047276700
3   14   1   6   0.0000000007
3   14   2   6   0.0034462896
3   14   3   6   0.0000000047
3   14   4   4   -0.0000000004
3   14   4   5   0.0000000001
3   14   5   4   0.0000000000
3   14   5   5   0.0000000002
3   14   6   6   0.0083832334
3   14   7   6   0.0000000011
4   8   1   4   -0.0000000001
4   8   1   5   0.0000000000
4   8   2   4   0.0098860372
4   8   2   5   -0.0023950305
4   8   3   4   0.0000000001
4   8   3   5   -0.0000000000
4   8   4   6   0.0000000001
4   8   5   6   -0.0000000000
4   8   6   4   -0.0076291650
4   8   6   5   0.0018482717
4   8   7   4   0.0000000001
4   8   7   5   -0.0000000000
4   9   1   4   0.0104497056
4   9   1   5   -0.0025315870
4   9   2   4   -0.0000000001
4   9   2   5   0.0000000000
4   9   3   4   0.0129773916
4   9   3   5   -0.0031439542
4   9   4   6   -0.0032961010
4   9   5   6   0.0000000000
4   9   6   4   0.0000000001
4   9   6   5   -0.0000000000
4   9   7   4   -0.0037007292
4   9   7   5   0.0008965533
4   10   1   4   0.0000000001
4   10   1   5   -0.0000000000
4   10   2   4   0.0073716391
4   10   2   5   -0.0017858825
4   10   3   4   -0.0000000001
4   10   3   5   0.0000000000
4   10   4   6   -0.0000000003
4   10   5   6   -0.0000000001
4   10   6   4   -0.0205812160
4   10   6   5   0.0049860868
4   10   7   4   -0.0000000002
4   10   7   5   0.0000000000
4   11   1   6   0.0000000004
4   11   2   6   0.0028913327
4   11   3   6   0.0000000010
4   11   4   4   0.0000000001
4   11   4   5   -0.0000000002
4   11   5   4   0.0000000003
4   11   5   5   0.0000000007
4   11   6   6   -0.0076596185
4   11   7   6   -0.0000000012
4   12   3   6   -0.0000000000
4   12   4   4   0.0000000002
4   12   4   5   0.0000000004
4   12   5   4   -0.0000000004
4   12   5   5   0.0000000001
4   12   6   6   0.0000000000
4   13   1   4   -0.0101565919
4   13   1   5   0.0024605761
4   13   2   4   -0.0000000000
4   13   2   5   0.0000000000
4   13   3   4   -0.0430964579
4   13   3   5   0.0104407184
4   13   4   6   -0.0586934714
4   13   5   6   0.0000000000
4   13   6   4   -0.0000000006
4   13   6   5   0.0000000002
4   13   7   4   0.0276523542
4   13   7   5   -0.0066991687
4   14   1   4   0.0000000001
4   14   1   5   -0.0000000000
4   14   2   4   -0.0049818218
4   14   2   5   0.0012069159
4   14   3   4   -0.0000000005
4   14   3   5   0.0000000001
4   14   4   6   -0.0000000002
4   14   5   6   -0.0000000001
4   14   6   4   0.0256373111
4   14   6   5   -0.0062109964
4   14   7   4   -0.0000000005
4   14   7   5   0.0000000001
5   8   1   4   0.0000000000
5   8   1   5   0.0000000001
5   8   2   4   -0.0023950305
5   8   2   5   -0.0098860372
5   8   3   4   -0.0000000000
5   8   3   5   -0.0000000001
5   8   4   6   -0.0000000000
5   8   5   6   0.0000000002
5   8   6   4   0.0018482717
5   8   6   5   0.0076291650
5   8   7   4   -0.0000000000
5   8   7   5   -0.0000000001
5   9   1   4   -0.0025315870
5   9   1   5   -0.0104497056
5   9   2   4   0.0000000000
5   9   2   5   0.0000000001
5   9   3   4   -0.0031439542
5   9   3   5   -0.0129773916
5   9   4   6   0.0000000000
5   9   5   6   -0.0032961011
5   9   6   4   -0.0000000000
5   9   6   5   -0.0000000001
5   9   7   4   0.0008965533
5   9   7   5   0.0037007291
5   10   1   4   -0.0000000000
5   10   1   5   -0.0000000002
5   10   2   4   -0.0017858825
5   10   2   5   -0.0073716391
5   10   3   4   -0.0000000000
5   10   3   5   -0.0000000001
5   10   4   6   -0.0000000001
5   10   5   6   0.0000000006
5   10   6   4   0.0049860868
5   10   6   5   0.0205812160
5   10   7   4   0.0000000001
5   10   7   5   0.0000000003
5   11   3   6   -0.0000000000
5   11   4   4   0.0000000002
5   11   4   5   0.0000000005
5   11   5   4   -0.0000000001
5   11   5   5   0.0000000001
5   11   6   6   0.0000000000
5   12   1   6   0.0000000004
5   12   2   6   0.0028913327
5   12   3   6   0.0000000011
5   12   4   4   -0.0000000005
5   12   4   5   0.0000000002
5   12   5   4   0.0000000002
5   12   5   5   0.0000000008
5   12   6   6   -0.0076596186
5   12   7   6   -0.0000000012
5   13   1   4   0.0024605761
5   13   1   5   0.0101565919
5   13   2   4   -0.0000000000
5   13   2   5   -0.0000000000
5   13   3   4   0.0104407184
5   13   3   5   0.0430964580
5   13   4   6   0.0000000000
5   13   5   6   -0.0586934714
5   13   6   4   0.0000000002
5   13   6   5   0.0000000006
5   13   7   4   -0.0066991687
5   13   7   5   -0.0276523541
5   14   1   4   -0.0000000000
5   14   1   5   -0.0000000001
5   14   2   4   0.0012069159
5   14   2   5   0.0049818218
5   14   3   4   0.0000000001
5   14   3   5   0.0000000005
5   14   4   6   -0.0000000001
5   14   5   6   0.0000000015
5   14   6   4   -0.0062109964
5   14   6   5   -0.0256373111
5   14   7   4   0.0000000001
5   14   7   5   0.0000000004
6   8   1   6   -0.0096963228
6   8   2   6   -0.0000000001
6   8   3   6   0.0010318360
6   8   4   4   -0.0074505800
6   8   4   5   0.0018050070
6   8   5   4   0.0018050070
6   8   5   5   0.0074505800
6   8   6   6   -0.0000000001
6   8   7   6   0.0016205878
6   9   1   6   -0.0000000000
6   9   2   6   -0.0098691221
6   9   3   6   -0.0000000001
6   9   4   4   0.0000000001
6   9   4   5   -0.0000000000
6   9   5   4   -0.0000000000
6   9   5   5   -0.0000000001
6   9   6   6   -0.0007041810
6   9   7   6   -0.0000000000
6   10   1   6   0.0010295573
6   10   2   6   0.0000000003
6   10   3   6   -0.0081077385
6   10   4   4   -0.0209472452
6   10   4   5   0.0050747625
6   10   5   4   0.0050747625
6   10   5   5   0.0209472453
6   10   6   6   -0.0000000004
6   10   7   6   0.0152335123
6   11   1   4   -0.0012326650
6   11   1   5   0.0002986303
6   11   2   4   -0.0000000001
6   11   2   5   0.0000000000
6   11   3   4   -0.0397740339
6   11   3   5   0.0096358148
6   11   4   6   -0.0084321036
6   11   5   6   0.0000000000
6   11   6   4   -0.0000000001
6   11   6   5   0.0000000000
6   11   7   4   0.0861642636
6   11   7   5   -0.0208744954
6   12   1   4   0.0002986303
6   12   1   5   0.0012326649
6   12   2   4   -0.0000000000
6   12   2   5   -0.0000000001
6   12   3   4   0.0096358148
6   12   3   5   0.0397740339
6   12   4   6   0.0000000000
6   12   5   6   -0.0084321036
6   12   6   4   -0.0000000000
6   12   6   5   -0.0000000001
6   12   7   4   -0.0208744954
6   12   7   5   -0.0861642635
6   13   1   6   -0.0000000001
6   13   2   6   -0.0008208030
6   13   3   6   0.0000000008
6   13   4   4   -0.0000000000
6   13   4   5   -0.0000000000
6   13   5   4   0.0000000001
6   13   5   5   0.0000000004
6   13   6   6   -0.0570379894
6   13   7   6   -0.0000000029
6   14   1   6   0.0009009906
6   14   2   6   0.0000000007
6   14   3   6   0.0080903623
6   14   4   4   0.0259157770
6   14   4   5   -0.0062784587
6   14   5   4   -0.0062784586
6   14   5   5   -0.0259157768
6   14   6   6   -0.0000000001
6   14   7   6   -0.0221531332
7   8   1   6   -0.0000000000
7   8   2   6   -0.0054368617
7   8   3   6   0.0000000002
7   8   4   4   0.0000000000
7   8   4   5   -0.0000000000
7   8   5   4   -0.0000000000
7   8   5   5   -0.0000000001
7   8   6   6   0.0016641249
7   8   7   6   -0.0000000000
7   9   1   6   -0.0057701049
7   9   2   6   -0.0000000001
7   9   3   6   -0.0031937397
7   9   4   4   -0.0036324252
7   9   4   5   0.0008800057
7   9   5   4   0.0008800057
7   9   5   5   0.0036324252
7   9   6   6   -0.0000000000
7   9   7   6   -0.0015822367
7   10   1   6   0.0000000003
7   10   2   6   -0.0004688977
7   10   3   6   -0.0000000002
7   10   4   4   -0.0000000004
7   10   4   5   0.0000000001
7   10   5   4   0.0000000000
7   10   5   5   0.0000000002
7   10   6   6   0.0152461172
7   10   7   6   0.0000000003
7   11   1   4   0.0000000000
7   11   1   5   -0.0000000000
7   11   2   4   -0.0045215456
7   11   2   5   0.0010954075
7   11   3   4   -0.0000000003
7   11   3   5   0.0000000001
7   11   4   6   -0.0000000005
7   11   5   6   0.0000000000
7   11   6   4   0.0852490813
7   11   6   5   -0.0206527797
7   11   7   4   -0.0000000004
7   11   7   5   0.0000000001
7   12   1   4   -0.0000000000
7   12   1   5   -0.0000000001
7   12   2   4   0.0010954075
7   12   2   5   0.0045215456
7   12   3   4   0.0000000001
7   12   3   5   0.0000000003
7   12   4   6   0.0000000000
7   12   5   6   -0.0000000007
7   12   6   4   -0.0206527797
7   12   6   5   -0.0852490813
7   12   7   4   -0.0000000000
7   12   7   5   0.0000000000
7   13   1   6   0.0014362923
7   13   2   6   -0.0000000004
7   13   3   6   -0.0041705728
7   13   4   4   0.0273257064
7   13   4   5   -0.0066200338
7   13   5   4   -0.0066200337
7   13   5   5   -0.0273257062
7   13   6   6   -0.0000000001
7   13   7   6   -0.0592781026
7   14   1   6   0.0000000012
7   14   2   6   0.0031628769
7   14   3   6   0.0000000016
7   14   4   4   -0.0000000002
7   14   4   5   0.0000000000
7   14   5   4   0.0000000002
7   14   5   5   0.0000000006
7   14   6   6   -0.0213339747
7   14   7   6   -0.0000000022

End IJKA Block
Begin IABC Block
1   4   1   6   0.0000000019
1   4   3   4   0.0000000010
1   4   3   5   -0.0000000003
1   5   2   6   0.0000000019
1   5   3   4   -0.0000000003
1   5   3   5   0.0000000001
1   6   1   4   0.0000000019
1   6   1   5   0.0000000000
1   6   2   4   0.0000000000
1   6   2   5   0.0000000020
1   6   3   6   0.0000000050
2   4   1   6   0.0015712443
2   4   3   4   -0.0005584740
2   4   3   5   -0.0000000002
2   5   2   6   0.0015712443
2   5   3   4   -0.0000000002
2   5   3   5   -0.0005584746
2   6   1   4   0.0015844685
2   6   2   5   0.0015844686
2   6   3   6   -0.0000441789
3   4   1   6   0.0000000285
3   4   2   6   -0.0000000000
3   4   3   4   -0.0000000037
3   4   3   5   -0.0000000011
3   5   1   6   -0.0000000000
3   5   2   6   0.0000000285
3   5   3   4   -0.0000000011
3   5   3   5   -0.0000000068
3   6   1   4   0.0000000279
3   6   1   5   -0.0000000000
3   6   2   4   -0.0000000000
3   6   2   5   0.0000000278
3   6   3   6   -0.0000000552
4   4   1   4   -0.0000000037
4   4   1   5   -0.0000000045
4   4   2   4   -0.0000000079
4   4   2   5   -0.0000000114
4   4   3   6   0.0000000786
4   5   1   4   -0.0000000045
4   5   1   5   0.0000000030
4   5   2   4   -0.0000000115
4   5   2   5   0.0000000080
4   5   3   6   -0.0000000191
4   6   1   6   -0.0000000231
4   6   2   6   0.0000000062
4   6   3   4   0.0000000743
4   6   3   5   -0.0000000180
5   4   1   4   0.0000000079
5   4   1   5   0.0000000117
5   4   2   4   -0.0000000038
5   4   2   5   -0.0000000036
5   4   3   6   -0.0000000190
5   5   1   4   0.0000000117
5   5   1   5   -0.0000000075
5   5   2   4   -0.0000000036
5   5   2   5   0.0000000053
5   5   3   6   -0.0000000785
5   6   1   6   0.0000000032
5   6   2   6   0.0000000157
5   6   3   4   -0.0000000180
5   6   3   5   -0.0000000743
6   4   1   6   0.0007746598
6   4   2   6   0.0000000000
6   4   3   4   -0.0321826101
6   4   3   5   -0.0000000012
6   5   1   6   0.0000000000
6   5   2   6   0.0007746599
6   5   3   4   -0.0000000012
6   5   3   5   -0.0321826134
6   6   1   4   -0.0001420025
6   6   1   5   0.0000000001
6   6   2   4   0.0000000001
6   6   2   5   -0.0001420023
6   6   3   6   0.0004957561
7   4   1   6   -0.0000000090
7   4   2   6   -0.0000000000
7   4   3   4   -0.0000000071
7   4   3   5   -0.0000000036
7   5   1   6   -0.0000000000
7   5   2   6   -0.0000000090
7   5   3   4   -0.0000000036
7   5   3   5   -0.0000000173
7   6   1   4   -0.0000000079
7   6   1   5   0.0000000001
7   6   2   4   0.0000000001
7   6   2   5   -0.0000000075
7   6   3   6   -0.0000002685

End IABC Block
