0   103   6   13      -0.139266377256
0   104   6   12       0.067410987584
1   103   5   13       0.067410987584
1   104   5   12      -0.139266376091
7   110   4   11      -0.051884823341
0   103   13   6       0.139266377256
0   104   12   6      -0.067410987584
1   103   13   5      -0.067410987584
1   104   12   5       0.139266376091
7   110   11   4       0.051884823341
103   0   6   13       0.139266377256
103   1   5   13      -0.067410987584
104   0   6   12      -0.067410987584
104   1   5   12       0.139266376091
110   7   4   11       0.051884823341
103   0   13   6      -0.139266377256
103   1   13   5       0.067410987584
104   0   12   6       0.067410987584
104   1   12   5      -0.139266376091
110   7   11   4      -0.051884823341

