0   53   5   12      -0.138069783421
0   54   5   13       0.078528408343
1   53   6   12       0.078528408343
1   54   6   13      -0.138069783032
0   53   12   5       0.138069783421
0   54   13   5      -0.078528408343
1   53   12   6      -0.078528408343
1   54   13   6       0.138069783032
53   0   5   12       0.138069783421
53   1   6   12      -0.078528408343
54   0   5   13      -0.078528408343
54   1   6   13       0.138069783032
53   0   12   5      -0.138069783421
53   1   12   6       0.078528408343
54   0   13   5       0.078528408343
54   1   13   6      -0.138069783032

