0   1   5   6      -0.165804583698
0   1   6   5       0.165804583719
0   2   4   6      -0.156245772239
0   2   6   4       0.156245772235
1   0   5   6       0.165804583698
1   0   6   5      -0.165804583719
1   2   4   5      -0.156245772228
1   2   5   4       0.156245772239
2   0   4   6       0.156245772239
2   0   6   4      -0.156245772235
2   1   4   5       0.156245772228
2   1   5   4      -0.156245772239
0   103   5   12      -0.088447200972
0   103   5   13      -0.162278055334
0   103   6   12      -0.162278055444
0   103   6   13      -0.762005761248
0   104   5   12      -0.162278045789
0   104   5   13      -0.419681569043
0   104   6   12      -0.253876985580
0   104   6   13       0.162278045819
0   105   4   12      -0.095783668686
0   105   4   13      -0.419437368461
0   105   5   11      -0.060103029804
0   105   6   11      -0.263191596273
0   111   6   13      -0.079255885904
1   103   5   12      -0.162278045705
1   103   5   13      -0.253876985744
1   103   6   12      -0.419681568819
1   103   6   13       0.162278045752
1   104   5   12      -0.762005761344
1   104   5   13       0.162278055400
1   104   6   12       0.162278055493
1   104   6   13      -0.088447200995
1   105   4   12      -0.419437368482
1   105   4   13       0.095783668708
1   105   5   11      -0.263191596312
1   105   6   11       0.060103029817
1   112   5   12      -0.079255885912
2   103   4   12      -0.060103029808
2   103   4   13      -0.263191596284
2   103   5   11      -0.095783668683
2   103   6   11      -0.419437368458
2   104   4   12      -0.263191596276
2   104   4   13       0.060103029828
2   104   5   11      -0.419437368489
2   104   6   11       0.095783668711
2   105   4   11      -0.704899702123
2   107   4   11       0.065356305099
4   105   4   11       0.065356305099
8   103   6   13      -0.079255885903
9   104   5   12      -0.079255885913
0   103   12   5       0.088447200972
0   103   12   6       0.162278055444
0   103   13   5       0.162278055334
0   103   13   6       0.762005761248
0   104   12   5       0.162278045789
0   104   12   6       0.253876985580
0   104   13   5       0.419681569043
0   104   13   6      -0.162278045819
0   105   11   5       0.060103029804
0   105   11   6       0.263191596273
0   105   12   4       0.095783668686
0   105   13   4       0.419437368461
0   111   13   6       0.079255885904
1   103   12   5       0.162278045705
1   103   12   6       0.419681568819
1   103   13   5       0.253876985744
1   103   13   6      -0.162278045752
1   104   12   5       0.762005761344
1   104   12   6      -0.162278055493
1   104   13   5      -0.162278055400
1   104   13   6       0.088447200995
1   105   11   5       0.263191596312
1   105   11   6      -0.060103029817
1   105   12   4       0.419437368482
1   105   13   4      -0.095783668708
1   112   12   5       0.079255885912
2   103   11   5       0.095783668683
2   103   11   6       0.419437368458
2   103   12   4       0.060103029808
2   103   13   4       0.263191596284
2   104   11   5       0.419437368489
2   104   11   6      -0.095783668711
2   104   12   4       0.263191596276
2   104   13   4      -0.060103029828
2   105   11   4       0.704899702123
2   107   11   4      -0.065356305099
4   105   11   4      -0.065356305099
8   103   13   6       0.079255885903
9   104   12   5       0.079255885913
103   0   5   12       0.088447200972
103   0   5   13       0.162278055334
103   0   6   12       0.162278055444
103   0   6   13       0.762005761248
103   1   5   12       0.162278045705
103   1   5   13       0.253876985744
103   1   6   12       0.419681568819
103   1   6   13      -0.162278045752
103   2   4   12       0.060103029808
103   2   4   13       0.263191596284
103   2   5   11       0.095783668683
103   2   6   11       0.419437368458
103   8   6   13       0.079255885903
104   0   5   12       0.162278045789
104   0   5   13       0.419681569043
104   0   6   12       0.253876985580
104   0   6   13      -0.162278045819
104   1   5   12       0.762005761344
104   1   5   13      -0.162278055400
104   1   6   12      -0.162278055493
104   1   6   13       0.088447200995
104   2   4   12       0.263191596276
104   2   4   13      -0.060103029828
104   2   5   11       0.419437368489
104   2   6   11      -0.095783668711
104   9   5   12       0.079255885913
105   0   4   12       0.095783668686
105   0   4   13       0.419437368461
105   0   5   11       0.060103029804
105   0   6   11       0.263191596273
105   1   4   12       0.419437368482
105   1   4   13      -0.095783668708
105   1   5   11       0.263191596312
105   1   6   11      -0.060103029817
105   2   4   11       0.704899702123
105   4   4   11      -0.065356305099
107   2   4   11      -0.065356305099
111   0   6   13       0.079255885904
112   1   5   12       0.079255885912
103   0   12   5      -0.088447200972
103   0   12   6      -0.162278055444
103   0   13   5      -0.162278055334
103   0   13   6      -0.762005761248
103   1   12   5      -0.162278045705
103   1   12   6      -0.419681568819
103   1   13   5      -0.253876985744
103   1   13   6       0.162278045752
103   2   11   5      -0.095783668683
103   2   11   6      -0.419437368458
103   2   12   4      -0.060103029808
103   2   13   4      -0.263191596284
103   8   13   6      -0.079255885903
104   0   12   5      -0.162278045789
104   0   12   6      -0.253876985580
104   0   13   5      -0.419681569043
104   0   13   6       0.162278045819
104   1   12   5      -0.762005761344
104   1   12   6       0.162278055493
104   1   13   5       0.162278055400
104   1   13   6      -0.088447200995
104   2   11   5      -0.419437368489
104   2   11   6       0.095783668711
104   2   12   4      -0.263191596276
104   2   13   4       0.060103029828
104   9   12   5      -0.079255885913
105   0   11   5      -0.060103029804
105   0   11   6      -0.263191596273
105   0   12   4      -0.095783668686
105   0   13   4      -0.419437368461
105   1   11   5      -0.263191596312
105   1   11   6       0.060103029817
105   1   12   4      -0.419437368482
105   1   13   4       0.095783668708
105   2   11   4      -0.704899702123
105   4   11   4       0.065356305099
107   2   11   4       0.065356305099
111   0   13   6      -0.079255885904
112   1   12   5      -0.079255885912
103   104   12   13      -0.165804583698
103   104   13   12       0.165804583719
103   105   11   13      -0.156245772239
103   105   13   11       0.156245772235
104   103   12   13       0.165804583698
104   103   13   12      -0.165804583719
104   105   11   12      -0.156245772228
104   105   12   11       0.156245772239
105   103   11   13       0.156245772239
105   103   13   11      -0.156245772235
105   104   11   12       0.156245772228
105   104   12   11      -0.156245772239

