Begin IJ Block
1   1   -25.7286579757
1   2   0.0000000011
1   3   -0.4818036639
1   4   0.0000002058
1   5   0.0281590738
2   2   -25.7287595081
2   3   -0.0000002025
2   4   -0.4893246236
2   5   0.0000000113
3   3   -6.6277570234
3   4   0.0000000002
3   5   -0.1498280399
4   4   -6.6410700632
4   5   -0.0000000045
5   5   -6.1334140234
6   6   -6.1241524506
6   7   -0.0000000007
7   7   -6.1241524476

End IJ Block
Begin IA Block
1   3   0.0000000170
2   3   -0.0401563605
3   3   -0.0000000012
4   3   -0.2853601684
5   3   0.0000000138
6   1   0.0000000001
6   2   0.0000000003
7   1   0.0000000003
7   2   -0.0000000012

End IA Block
Begin AB Block
1   1   -5.9382340223
1   2   0.0000000000
2   2   -5.9382340225
3   3   -6.0863823273

End AB Block
Begin IJAB Block
1   8   1   4   0.0133226739
1   8   2   5   0.0133226739
1   8   3   6   0.0146826136
1   9   1   4   -0.0000000000
1   9   1   5   -0.0000000000
1   9   2   4   -0.0000000000
1   9   2   5   -0.0000000000
1   9   3   6   -0.0000000001
1   10   1   4   -0.0135248826
1   10   1   5   -0.0000000000
1   10   2   4   -0.0000000000
1   10   2   5   -0.0135248826
1   10   3   6   -0.0141030341
1   11   1   4   0.0000000059
1   11   1   5   0.0000000000
1   11   2   4   0.0000000000
1   11   2   5   0.0000000059
1   11   3   6   0.0000000062
1   12   1   4   0.0007352261
1   12   2   5   0.0007352261
1   12   3   6   0.0003206178
1   13   1   6   0.0017452563
1   13   2   6   0.0007525371
1   13   3   4   -0.0012110697
1   13   3   5   -0.0005222011
1   14   1   6   0.0007525371
1   14   2   6   -0.0017452564
1   14   3   4   -0.0005222011
1   14   3   5   0.0012110696
2   8   1   4   -0.0000000000
2   8   1   5   -0.0000000000
2   8   2   4   -0.0000000000
2   8   2   5   -0.0000000000
2   8   3   6   -0.0000000001
2   9   1   4   0.0133451225
2   9   2   5   0.0133451225
2   9   3   6   0.0147349361
2   10   1   4   -0.0000000057
2   10   1   5   0.0000000000
2   10   2   4   0.0000000000
2   10   2   5   -0.0000000057
2   10   3   6   -0.0000000059
2   11   1   4   -0.0139980567
2   11   1   5   -0.0000000000
2   11   2   4   -0.0000000000
2   11   2   5   -0.0139980567
2   11   3   6   -0.0147162883
2   12   1   4   0.0000000003
2   12   2   5   0.0000000003
2   12   3   6   0.0000000002
2   13   1   6   0.0000000007
2   13   2   6   0.0000000003
2   13   3   4   -0.0000000005
2   13   3   5   -0.0000000002
2   14   1   6   0.0000000003
2   14   2   6   -0.0000000007
2   14   3   4   -0.0000000002
2   14   3   5   0.0000000005
3   8   1   4   -0.0135248826
3   8   1   5   -0.0000000000
3   8   2   4   -0.0000000000
3   8   2   5   -0.0135248826
3   8   3   6   -0.0141030341
3   9   1   4   -0.0000000057
3   9   1   5   0.0000000000
3   9   2   4   0.0000000000
3   9   2   5   -0.0000000057
3   9   3   6   -0.0000000059
3   10   1   4   0.0583498561
3   10   1   5   -0.0000000000
3   10   2   4   -0.0000000000
3   10   2   5   0.0583498562
3   10   3   6   0.0617671026
3   11   1   4   0.0000000001
3   11   1   5   -0.0000000000
3   11   2   4   -0.0000000000
3   11   2   5   0.0000000002
3   11   3   6   -0.0000000012
3   12   1   4   -0.0034607213
3   12   1   5   0.0000000000
3   12   2   4   0.0000000000
3   12   2   5   -0.0034607214
3   12   3   6   0.0136755024
3   13   1   6   -0.0076466362
3   13   2   6   -0.0032971532
3   13   3   4   -0.0103696743
3   13   3   5   -0.0044713001
3   14   1   6   -0.0032971532
3   14   2   6   0.0076466363
3   14   3   4   -0.0044713001
3   14   3   5   0.0103696744
4   8   1   4   0.0000000059
4   8   1   5   0.0000000000
4   8   2   4   0.0000000000
4   8   2   5   0.0000000059
4   8   3   6   0.0000000062
4   9   1   4   -0.0139980567
4   9   1   5   -0.0000000000
4   9   2   4   -0.0000000000
4   9   2   5   -0.0139980567
4   9   3   6   -0.0147162883
4   10   1   4   0.0000000001
4   10   1   5   -0.0000000000
4   10   2   4   -0.0000000000
4   10   2   5   0.0000000002
4   10   3   6   -0.0000000012
4   11   1   4   0.0622234178
4   11   1   5   0.0000000000
4   11   2   4   0.0000000000
4   11   2   5   0.0622234177
4   11   3   6   0.0648628308
4   12   1   4   0.0000000003
4   12   1   5   0.0000000000
4   12   2   4   0.0000000000
4   12   2   5   0.0000000003
4   12   3   6   -0.0000000012
4   13   1   6   0.0000000001
4   13   2   6   0.0000000000
4   13   3   4   0.0000000002
4   13   3   5   0.0000000001
4   14   1   6   0.0000000000
4   14   2   6   -0.0000000000
4   14   3   4   0.0000000001
4   14   3   5   -0.0000000002
5   8   1   4   0.0007352261
5   8   2   5   0.0007352261
5   8   3   6   0.0003206178
5   9   1   4   0.0000000003
5   9   2   5   0.0000000003
5   9   3   6   0.0000000002
5   10   1   4   -0.0034607213
5   10   1   5   0.0000000000
5   10   2   4   0.0000000000
5   10   2   5   -0.0034607214
5   10   3   6   0.0136755024
5   11   1   4   0.0000000003
5   11   1   5   0.0000000000
5   11   2   4   0.0000000000
5   11   2   5   0.0000000003
5   11   3   6   -0.0000000012
5   12   1   4   0.0226239565
5   12   1   5   0.0000000000
5   12   2   4   0.0000000000
5   12   2   5   0.0226239565
5   12   3   6   0.2293063164
5   13   1   6   -0.0220178701
5   13   2   6   -0.0094938858
5   13   3   4   -0.1736367745
5   13   3   5   -0.0748704442
5   14   1   6   -0.0094938858
5   14   2   6   0.0220178699
5   14   3   4   -0.0748704442
5   14   3   5   0.1736367744
6   8   1   6   -0.0012110697
6   8   2   6   -0.0005222011
6   8   3   4   0.0017452563
6   8   3   5   0.0007525371
6   9   1   6   -0.0000000005
6   9   2   6   -0.0000000002
6   9   3   4   0.0000000007
6   9   3   5   0.0000000003
6   10   1   6   -0.0103696743
6   10   2   6   -0.0044713001
6   10   3   4   -0.0076466362
6   10   3   5   -0.0032971532
6   11   1   6   0.0000000002
6   11   2   6   0.0000000001
6   11   3   4   0.0000000001
6   11   3   5   0.0000000000
6   12   1   6   -0.1736367745
6   12   2   6   -0.0748704442
6   12   3   4   -0.0220178701
6   12   3   5   -0.0094938858
6   13   1   4   0.2100866040
6   13   1   5   0.0802558817
6   13   2   4   0.0802558817
6   13   2   5   0.0585656544
6   13   3   6   0.0245190495
6   14   1   4   0.0802558819
6   14   1   5   -0.1606399119
6   14   2   4   0.0091189666
6   14   2   5   -0.0802558817
6   14   3   6   0.0000000000
7   8   1   6   -0.0005222011
7   8   2   6   0.0012110696
7   8   3   4   0.0007525371
7   8   3   5   -0.0017452564
7   9   1   6   -0.0000000002
7   9   2   6   0.0000000005
7   9   3   4   0.0000000003
7   9   3   5   -0.0000000007
7   10   1   6   -0.0044713001
7   10   2   6   0.0103696744
7   10   3   4   -0.0032971532
7   10   3   5   0.0076466363
7   11   1   6   0.0000000001
7   11   2   6   -0.0000000002
7   11   3   4   0.0000000000
7   11   3   5   -0.0000000000
7   12   1   6   -0.0748704442
7   12   2   6   0.1736367744
7   12   3   4   -0.0094938858
7   12   3   5   0.0220178699
7   13   1   4   0.0802558819
7   13   1   5   0.0091189666
7   13   2   4   -0.1606399119
7   13   2   5   -0.0802558817
7   13   3   6   0.0000000000
7   14   1   4   0.0585656542
7   14   1   5   -0.0802558816
7   14   2   4   -0.0802558816
7   14   2   5   0.2100866033
7   14   3   6   0.0245190493

End IJAB Block
Begin IJKL Block
1   8   1   8   2.1476839671
1   8   1   9   -0.0000016504
1   8   1   10   0.1982199804
1   8   1   11   -0.0000002548
1   8   1   12   -0.0079577722
1   8   2   8   -0.0000016504
1   8   2   9   1.9587793399
1   8   2   10   -0.0000000838
1   8   2   11   0.2016966941
1   8   2   12   0.0000000025
1   8   3   8   0.1982199804
1   8   3   9   -0.0000000838
1   8   3   10   0.0290791180
1   8   3   11   -0.0000000249
1   8   3   12   -0.0008773493
1   8   4   8   -0.0000002548
1   8   4   9   0.2016966941
1   8   4   10   -0.0000000249
1   8   4   11   0.0301526234
1   8   4   12   0.0000000015
1   8   5   8   -0.0079577722
1   8   5   9   0.0000000025
1   8   5   10   -0.0008773493
1   8   5   11   0.0000000015
1   8   5   12   0.0117032594
1   8   6   13   0.0122791060
1   8   6   14   0.0000000000
1   8   7   13   0.0000000000
1   8   7   14   0.0122791059
1   9   1   8   -0.0000016504
1   9   1   9   2.1477306175
1   9   1   10   -0.0000000838
1   9   1   11   0.2018082015
1   9   1   12   0.0000000015
1   9   2   8   1.9587814717
1   9   2   9   0.0000016503
1   9   2   10   0.1983438121
1   9   2   11   0.0000000851
1   9   2   12   -0.0054822166
1   9   3   8   -0.0000000838
1   9   3   9   0.1982337164
1   9   3   10   -0.0000000001
1   9   3   11   0.0295404465
1   9   3   12   0.0000000000
1   9   4   8   0.2016877217
1   9   4   9   0.0000000851
1   9   4   10   0.0295528282
1   9   4   12   -0.0016778723
1   9   5   8   0.0000000025
1   9   5   9   -0.0079509554
1   9   5   10   0.0000000000
1   9   5   11   -0.0016844200
1   9   5   12   -0.0000000002
1   9   6   13   0.0000000000
1   9   6   14   -0.0000000000
1   9   7   13   -0.0000000000
1   9   7   14   0.0000000000
1   10   1   8   0.1982199804
1   10   1   9   -0.0000000838
1   10   1   10   0.5783506527
1   10   1   11   -0.0000003312
1   10   1   12   0.0065110475
1   10   2   8   -0.0000000838
1   10   2   9   0.1983535431
1   10   2   10   -0.0000000006
1   10   2   11   0.3931650508
1   10   2   12   -0.0000000001
1   10   3   8   0.0311022792
1   10   3   9   -0.0000000001
1   10   3   10   0.0082784935
1   10   3   11   -0.0000000036
1   10   3   12   -0.0004497859
1   10   4   8   -0.0000000265
1   10   4   9   0.0314181818
1   10   4   10   -0.0000000037
1   10   4   11   0.0089335783
1   10   4   12   -0.0000000002
1   10   5   8   -0.0009049516
1   10   5   9   0.0000000000
1   10   5   10   -0.0018746801
1   10   5   11   -0.0000000007
1   10   5   12   -0.0138479504
1   10   6   13   -0.0141206151
1   10   6   14   -0.0000000000
1   10   7   13   -0.0000000000
1   10   7   14   -0.0141206151
1   11   1   8   -0.0000002548
1   11   1   9   0.2018082015
1   11   1   10   -0.0000003312
1   11   1   11   0.5853211609
1   11   1   12   0.0000000404
1   11   2   8   0.2016877217
1   11   2   9   0.0000000851
1   11   2   10   0.3931841911
1   11   2   11   0.0000000006
1   11   2   12   -0.0473313653
1   11   3   8   -0.0000000265
1   11   3   9   0.0314248819
1   11   3   10   -0.0000000038
1   11   3   11   0.0089286398
1   11   3   12   0.0000000004
1   11   4   8   0.0323025993
1   11   4   9   0.0000000000
1   11   4   10   0.0086224381
1   11   4   11   -0.0000000036
1   11   4   12   0.0000102013
1   11   5   8   0.0000000015
1   11   5   9   -0.0016859010
1   11   5   10   -0.0000000006
1   11   5   11   0.0000907149
1   11   5   12   0.0000000058
1   11   6   13   0.0000000059
1   11   6   14   0.0000000000
1   11   7   13   0.0000000000
1   11   7   14   0.0000000059
1   12   1   8   -0.0079577722
1   12   1   9   0.0000000015
1   12   1   10   0.0065110475
1   12   1   11   0.0000000404
1   12   1   12   0.5603356016
1   12   2   8   0.0000000025
1   12   2   9   -0.0054844642
1   12   2   10   -0.0000000001
1   12   2   11   -0.0473293963
1   12   2   12   -0.0000000045
1   12   3   8   -0.0009049516
1   12   3   9   0.0000000000
1   12   3   10   -0.0004449514
1   12   3   11   0.0000000004
1   12   3   12   0.0059166497
1   12   4   8   0.0000000015
1   12   4   9   -0.0016770647
1   12   4   10   -0.0000000002
1   12   4   11   -0.0000468606
1   12   4   12   -0.0000000026
1   12   5   8   0.0141940237
1   12   5   9   -0.0000000003
1   12   5   10   -0.0146580190
1   12   5   11   0.0000000063
1   12   5   12   -0.0008799544
1   12   6   13   0.0003816307
1   12   7   14   0.0003816307
1   13   1   13   0.5668631718
1   13   1   14   0.0000000001
1   13   2   13   0.0000000003
1   13   2   14   -0.0000000000
1   13   3   13   0.0062896816
1   13   3   14   0.0000000000
1   13   4   13   -0.0000000027
1   13   4   14   -0.0000000000
1   13   5   13   -0.0014305621
1   13   5   14   0.0000000000
1   13   6   8   0.0149936268
1   13   6   9   0.0000000001
1   13   6   10   -0.0150195398
1   13   6   11   0.0000000062
1   13   6   12   0.0004999470
1   13   7   8   0.0000000000
1   13   7   9   0.0000000000
1   13   7   10   -0.0000000000
1   13   7   11   0.0000000000
1   14   1   13   0.0000000001
1   14   1   14   0.5668631713
1   14   2   13   -0.0000000000
1   14   2   14   0.0000000004
1   14   3   13   0.0000000000
1   14   3   14   0.0062896816
1   14   4   13   -0.0000000000
1   14   4   14   -0.0000000027
1   14   5   13   0.0000000000
1   14   5   14   -0.0014305621
1   14   6   8   0.0000000000
1   14   6   9   0.0000000000
1   14   6   10   -0.0000000000
1   14   6   11   0.0000000000
1   14   7   8   0.0149936267
1   14   7   9   0.0000000001
1   14   7   10   -0.0150195398
1   14   7   11   0.0000000062
1   14   7   12   0.0004999470
2   8   1   8   -0.0000016504
2   8   1   9   1.9587814717
2   8   1   10   -0.0000000838
2   8   1   11   0.2016877217
2   8   1   12   0.0000000025
2   8   2   8   2.1477306175
2   8   2   9   0.0000016503
2   8   2   10   0.1982337164
2   8   2   11   0.0000000851
2   8   2   12   -0.0079509554
2   8   3   8   -0.0000000838
2   8   3   9   0.1983438121
2   8   3   10   -0.0000000001
2   8   3   11   0.0295528282
2   8   3   12   0.0000000000
2   8   4   8   0.2018082015
2   8   4   9   0.0000000851
2   8   4   10   0.0295404465
2   8   4   12   -0.0016844200
2   8   5   8   0.0000000015
2   8   5   9   -0.0054822166
2   8   5   10   0.0000000000
2   8   5   11   -0.0016778723
2   8   5   12   -0.0000000002
2   8   6   13   0.0000000000
2   8   6   14   -0.0000000000
2   8   7   13   -0.0000000000
2   8   7   14   0.0000000000
2   9   1   8   1.9587793399
2   9   1   9   0.0000016503
2   9   1   10   0.1983535431
2   9   1   11   0.0000000851
2   9   1   12   -0.0054844642
2   9   2   8   0.0000016503
2   9   2   9   2.1477763838
2   9   2   10   0.0000002504
2   9   2   11   0.2018077527
2   9   2   12   -0.0000000078
2   9   3   8   0.1983535431
2   9   3   9   0.0000002504
2   9   3   10   0.0290596243
2   9   3   11   0.0000000249
2   9   3   12   -0.0008784640
2   9   4   8   0.0000000851
2   9   4   9   0.2018077527
2   9   4   10   0.0000000249
2   9   4   11   0.0301764159
2   9   4   12   -0.0000000014
2   9   5   8   -0.0054844642
2   9   5   9   -0.0000000078
2   9   5   10   -0.0008784640
2   9   5   11   -0.0000000014
2   9   5   12   0.0116359018
2   9   6   13   0.0122416897
2   9   6   14   0.0000000000
2   9   7   13   0.0000000000
2   9   7   14   0.0122416896
2   10   1   8   -0.0000000838
2   10   1   9   0.1983438121
2   10   1   10   -0.0000000006
2   10   1   11   0.3931841911
2   10   1   12   -0.0000000001
2   10   2   8   0.1982337164
2   10   2   9   0.0000002504
2   10   2   10   0.5783382762
2   10   2   11   0.0000003313
2   10   2   12   0.0065043234
2   10   3   8   -0.0000000001
2   10   3   9   0.0311029344
2   10   3   10   0.0000000035
2   10   3   11   0.0086724318
2   10   3   12   -0.0000000002
2   10   4   8   0.0314248819
2   10   4   9   0.0000000265
2   10   4   10   0.0088187242
2   10   4   11   0.0000000038
2   10   4   12   0.0004667360
2   10   5   8   0.0000000000
2   10   5   9   -0.0009079371
2   10   5   10   -0.0000000007
2   10   5   11   0.0015802248
2   10   5   12   -0.0000000056
2   10   6   13   -0.0000000059
2   10   6   14   0.0000000000
2   10   7   13   0.0000000000
2   10   7   14   -0.0000000059
2   11   1   8   0.2016966941
2   11   1   9   0.0000000851
2   11   1   10   0.3931650508
2   11   1   11   0.0000000006
2   11   1   12   -0.0473293963
2   11   2   8   0.0000000851
2   11   2   9   0.2018077527
2   11   2   10   0.0000003313
2   11   2   11   0.5853388068
2   11   2   12   -0.0000000393
2   11   3   8   0.0314181818
2   11   3   9   0.0000000265
2   11   3   10   0.0089706740
2   11   3   11   0.0000000038
2   11   3   12   -0.0008616235
2   11   4   8   0.0000000000
2   11   4   9   0.0323082513
2   11   4   10   0.0000000037
2   11   4   11   0.0087024686
2   11   4   12   0.0000000000
2   11   5   8   -0.0016770647
2   11   5   9   -0.0000000014
2   11   5   10   0.0014659198
2   11   5   11   0.0000000000
2   11   5   12   -0.0132786917
2   11   6   13   -0.0139729600
2   11   6   14   -0.0000000000
2   11   7   13   -0.0000000000
2   11   7   14   -0.0139729600
2   12   1   8   0.0000000025
2   12   1   9   -0.0054822166
2   12   1   10   -0.0000000001
2   12   1   11   -0.0473313653
2   12   1   12   -0.0000000045
2   12   2   8   -0.0079509554
2   12   2   9   -0.0000000078
2   12   2   10   0.0065043234
2   12   2   11   -0.0000000393
2   12   2   12   0.5603356331
2   12   3   8   0.0000000000
2   12   3   9   -0.0009079371
2   12   3   10   -0.0000000002
2   12   3   11   -0.0008471079
2   12   3   12   0.0000000024
2   12   4   8   -0.0016859010
2   12   4   9   -0.0000000014
2   12   4   10   0.0003600582
2   12   4   11   -0.0000000000
2   12   4   12   0.0060549196
2   12   5   8   -0.0000000003
2   12   5   9   0.0141323436
2   12   5   10   -0.0000000059
2   12   5   11   -0.0141830158
2   12   5   12   -0.0000000004
2   12   6   13   0.0000000001
2   12   6   14   0.0000000000
2   12   7   13   0.0000000000
2   12   7   14   0.0000000001
2   13   1   13   0.0000000003
2   13   1   14   -0.0000000000
2   13   2   13   0.5668636446
2   13   2   14   0.0000000001
2   13   3   13   0.0000000026
2   13   3   14   -0.0000000000
2   13   4   13   0.0064298615
2   13   4   14   0.0000000000
2   13   5   13   -0.0000000006
2   13   5   14   -0.0000000000
2   13   6   8   0.0000000001
2   13   6   9   0.0149612272
2   13   6   10   -0.0000000064
2   13   6   11   -0.0149849516
2   13   6   12   0.0000000002
2   13   7   8   0.0000000000
2   13   7   9   0.0000000000
2   13   7   11   -0.0000000000
2   14   1   13   -0.0000000000
2   14   1   14   0.0000000004
2   14   2   13   0.0000000001
2   14   2   14   0.5668636441
2   14   3   13   -0.0000000000
2   14   3   14   0.0000000026
2   14   4   13   0.0000000000
2   14   4   14   0.0064298615
2   14   5   13   -0.0000000000
2   14   5   14   -0.0000000006
2   14   6   8   0.0000000000
2   14   6   9   0.0000000000
2   14   6   11   -0.0000000000
2   14   7   8   0.0000000001
2   14   7   9   0.0149612272
2   14   7   10   -0.0000000064
2   14   7   11   -0.0149849515
2   14   7   12   0.0000000002
3   8   1   8   0.1982199804
3   8   1   9   -0.0000000838
3   8   1   10   0.0311022792
3   8   1   11   -0.0000000265
3   8   1   12   -0.0009049516
3   8   2   8   -0.0000000838
3   8   2   9   0.1983535431
3   8   2   10   -0.0000000001
3   8   2   11   0.0314181818
3   8   2   12   0.0000000000
3   8   3   8   0.5783506527
3   8   3   9   -0.0000000006
3   8   3   10   0.0082784935
3   8   3   11   -0.0000000037
3   8   3   12   -0.0018746801
3   8   4   8   -0.0000003312
3   8   4   9   0.3931650508
3   8   4   10   -0.0000000036
3   8   4   11   0.0089335783
3   8   4   12   -0.0000000007
3   8   5   8   0.0065110475
3   8   5   9   -0.0000000001
3   8   5   10   -0.0004497859
3   8   5   11   -0.0000000002
3   8   5   12   -0.0138479504
3   8   6   13   -0.0141206151
3   8   6   14   -0.0000000000
3   8   7   13   -0.0000000000
3   8   7   14   -0.0141206151
3   9   1   8   -0.0000000838
3   9   1   9   0.1982337164
3   9   1   10   -0.0000000001
3   9   1   11   0.0314248819
3   9   1   12   0.0000000000
3   9   2   8   0.1983438121
3   9   2   9   0.0000002504
3   9   2   10   0.0311029344
3   9   2   11   0.0000000265
3   9   2   12   -0.0009079371
3   9   3   8   -0.0000000006
3   9   3   9   0.5783382762
3   9   3   10   0.0000000035
3   9   3   11   0.0088187242
3   9   3   12   -0.0000000007
3   9   4   8   0.3931841911
3   9   4   9   0.0000003313
3   9   4   10   0.0086724318
3   9   4   11   0.0000000038
3   9   4   12   0.0015802248
3   9   5   8   -0.0000000001
3   9   5   9   0.0065043234
3   9   5   10   -0.0000000002
3   9   5   11   0.0004667360
3   9   5   12   -0.0000000056
3   9   6   13   -0.0000000059
3   9   6   14   0.0000000000
3   9   7   13   0.0000000000
3   9   7   14   -0.0000000059
3   10   1   8   0.0290791180
3   10   1   9   -0.0000000001
3   10   1   10   0.0082784935
3   10   1   11   -0.0000000038
3   10   1   12   -0.0004449514
3   10   2   8   -0.0000000001
3   10   2   9   0.0290596243
3   10   2   10   0.0000000035
3   10   2   11   0.0089706740
3   10   2   12   -0.0000000002
3   10   3   8   0.0082784935
3   10   3   9   0.0000000035
3   10   3   10   0.4312571094
3   10   3   11   -0.0000000004
3   10   3   12   0.0131354981
3   10   4   8   -0.0000000038
3   10   4   9   0.0089706740
3   10   4   10   -0.0000000004
3   10   4   11   0.2414123998
3   10   4   12   -0.0000000001
3   10   5   8   -0.0004449514
3   10   5   9   -0.0000000002
3   10   5   10   0.0131354981
3   10   5   11   -0.0000000001
3   10   5   12   0.0630026649
3   10   6   13   0.0596361535
3   10   6   14   0.0000000001
3   10   7   13   0.0000000001
3   10   7   14   0.0596361532
3   11   1   8   -0.0000000249
3   11   1   9   0.0295404465
3   11   1   10   -0.0000000036
3   11   1   11   0.0089286398
3   11   1   12   0.0000000004
3   11   2   8   0.0295528282
3   11   2   9   0.0000000249
3   11   2   10   0.0086724318
3   11   2   11   0.0000000038
3   11   2   12   -0.0008471079
3   11   3   8   -0.0000000037
3   11   3   9   0.0088187242
3   11   3   10   -0.0000000004
3   11   3   11   0.4296827503
3   11   3   12   0.0000000001
3   11   4   8   0.0086224381
3   11   4   9   0.0000000037
3   11   4   10   0.2439341675
3   11   4   11   0.0000000003
3   11   4   12   -0.0365071853
3   11   5   8   -0.0000000002
3   11   5   9   0.0003600582
3   11   5   10   -0.0000000002
3   11   5   11   0.0029650779
3   11   5   12   -0.0000000013
3   11   6   13   -0.0000000003
3   11   6   14   -0.0000000001
3   11   7   13   -0.0000000001
3   11   7   14   0.0000000000
3   12   1   8   -0.0008773493
3   12   1   9   0.0000000000
3   12   1   10   -0.0004497859
3   12   1   11   0.0000000004
3   12   1   12   0.0059166497
3   12   2   8   0.0000000000
3   12   2   9   -0.0008784640
3   12   2   10   -0.0000000002
3   12   2   11   -0.0008616235
3   12   2   12   0.0000000024
3   12   3   8   -0.0018746801
3   12   3   9   -0.0000000007
3   12   3   10   0.0131354981
3   12   3   11   0.0000000001
3   12   3   12   0.4175054520
3   12   4   8   -0.0000000006
3   12   4   9   0.0014659198
3   12   4   10   -0.0000000002
3   12   4   11   -0.0360626375
3   12   4   12   -0.0000000025
3   12   5   8   -0.0146580190
3   12   5   9   -0.0000000059
3   12   5   10   0.0638483451
3   12   5   11   -0.0000000010
3   12   5   12   0.0135848619
3   12   6   13   -0.0005308189
3   12   6   14   -0.0000000000
3   12   7   13   -0.0000000000
3   12   7   14   -0.0005308189
3   13   1   13   0.0062896816
3   13   1   14   0.0000000000
3   13   2   13   0.0000000026
3   13   2   14   -0.0000000000
3   13   3   13   0.4166075366
3   13   3   14   0.0000000001
3   13   4   13   0.0000000001
3   13   4   14   -0.0000000001
3   13   5   13   0.0115234701
3   13   5   14   -0.0000000000
3   13   6   8   -0.0150195398
3   13   6   9   -0.0000000064
3   13   6   10   0.0609464399
3   13   6   11   0.0000000002
3   13   6   12   0.0003632972
3   13   7   8   -0.0000000000
3   13   7   10   0.0000000000
3   13   7   11   -0.0000000000
3   13   7   12   -0.0000000000
3   14   1   13   0.0000000000
3   14   1   14   0.0062896816
3   14   2   13   -0.0000000000
3   14   2   14   0.0000000026
3   14   3   13   0.0000000001
3   14   3   14   0.4166075364
3   14   4   13   -0.0000000001
3   14   4   14   0.0000000003
3   14   5   13   -0.0000000000
3   14   5   14   0.0115234702
3   14   6   8   -0.0000000000
3   14   6   10   0.0000000000
3   14   6   11   -0.0000000000
3   14   6   12   -0.0000000000
3   14   7   8   -0.0150195398
3   14   7   9   -0.0000000064
3   14   7   10   0.0609464398
3   14   7   11   0.0000000004
3   14   7   12   0.0003632972
4   8   1   8   -0.0000002548
4   8   1   9   0.2016877217
4   8   1   10   -0.0000000265
4   8   1   11   0.0323025993
4   8   1   12   0.0000000015
4   8   2   8   0.2018082015
4   8   2   9   0.0000000851
4   8   2   10   0.0314248819
4   8   2   11   0.0000000000
4   8   2   12   -0.0016859010
4   8   3   8   -0.0000003312
4   8   3   9   0.3931841911
4   8   3   10   -0.0000000038
4   8   3   11   0.0086224381
4   8   3   12   -0.0000000006
4   8   4   8   0.5853211609
4   8   4   9   0.0000000006
4   8   4   10   0.0089286398
4   8   4   11   -0.0000000036
4   8   4   12   0.0000907149
4   8   5   8   0.0000000404
4   8   5   9   -0.0473313653
4   8   5   10   0.0000000004
4   8   5   11   0.0000102013
4   8   5   12   0.0000000058
4   8   6   13   0.0000000059
4   8   6   14   0.0000000000
4   8   7   13   0.0000000000
4   8   7   14   0.0000000059
4   9   1   8   0.2016966941
4   9   1   9   0.0000000851
4   9   1   10   0.0314181818
4   9   1   11   0.0000000000
4   9   1   12   -0.0016770647
4   9   2   8   0.0000000851
4   9   2   9   0.2018077527
4   9   2   10   0.0000000265
4   9   2   11   0.0323082513
4   9   2   12   -0.0000000014
4   9   3   8   0.3931650508
4   9   3   9   0.0000003313
4   9   3   10   0.0089706740
4   9   3   11   0.0000000037
4   9   3   12   0.0014659198
4   9   4   8   0.0000000006
4   9   4   9   0.5853388068
4   9   4   10   0.0000000038
4   9   4   11   0.0087024686
4   9   4   12   0.0000000000
4   9   5   8   -0.0473293963
4   9   5   9   -0.0000000393
4   9   5   10   -0.0008616235
4   9   5   11   0.0000000000
4   9   5   12   -0.0132786917
4   9   6   13   -0.0139729600
4   9   6   14   -0.0000000000
4   9   7   13   -0.0000000000
4   9   7   14   -0.0139729600
4   10   1   8   -0.0000000249
4   10   1   9   0.0295528282
4   10   1   10   -0.0000000037
4   10   1   11   0.0086224381
4   10   1   12   -0.0000000002
4   10   2   8   0.0295404465
4   10   2   9   0.0000000249
4   10   2   10   0.0088187242
4   10   2   11   0.0000000037
4   10   2   12   0.0003600582
4   10   3   8   -0.0000000036
4   10   3   9   0.0086724318
4   10   3   10   -0.0000000004
4   10   3   11   0.2439341675
4   10   3   12   -0.0000000002
4   10   4   8   0.0089286398
4   10   4   9   0.0000000038
4   10   4   10   0.4296827503
4   10   4   11   0.0000000003
4   10   4   12   0.0029650779
4   10   5   8   0.0000000004
4   10   5   9   -0.0008471079
4   10   5   10   0.0000000001
4   10   5   11   -0.0365071853
4   10   5   12   -0.0000000013
4   10   6   13   -0.0000000003
4   10   6   14   -0.0000000001
4   10   7   13   -0.0000000001
4   10   7   14   0.0000000000
4   11   1   8   0.0301526234
4   11   1   10   0.0089335783
4   11   1   11   -0.0000000036
4   11   1   12   -0.0000468606
4   11   2   9   0.0301764159
4   11   2   10   0.0000000038
4   11   2   11   0.0087024686
4   11   2   12   -0.0000000000
4   11   3   8   0.0089335783
4   11   3   9   0.0000000038
4   11   3   10   0.2414123998
4   11   3   11   0.0000000003
4   11   3   12   -0.0360626375
4   11   4   8   -0.0000000036
4   11   4   9   0.0087024686
4   11   4   10   0.0000000003
4   11   4   11   0.4351704330
4   11   4   12   0.0000000004
4   11   5   8   -0.0000468606
4   11   5   9   -0.0000000000
4   11   5   10   -0.0360626375
4   11   5   11   0.0000000004
4   11   5   12   0.0579029796
4   11   6   13   0.0571358662
4   11   6   14   0.0000000001
4   11   7   13   0.0000000001
4   11   7   14   0.0571358659
4   12   1   8   0.0000000015
4   12   1   9   -0.0016778723
4   12   1   10   -0.0000000002
4   12   1   11   0.0000102013
4   12   1   12   -0.0000000026
4   12   2   8   -0.0016844200
4   12   2   9   -0.0000000014
4   12   2   10   0.0004667360
4   12   2   11   0.0000000000
4   12   2   12   0.0060549196
4   12   3   8   -0.0000000007
4   12   3   9   0.0015802248
4   12   3   10   -0.0000000001
4   12   3   11   -0.0365071853
4   12   3   12   -0.0000000025
4   12   4   8   0.0000907149
4   12   4   9   0.0000000000
4   12   4   10   0.0029650779
4   12   4   11   0.0000000004
4   12   4   12   0.4164905491
4   12   5   8   0.0000000063
4   12   5   9   -0.0141830158
4   12   5   10   -0.0000000010
4   12   5   11   0.0579703153
4   12   5   12   0.0000000012
4   12   6   13   -0.0000000001
4   12   6   14   0.0000000000
4   12   7   13   0.0000000000
4   12   7   14   -0.0000000001
4   13   1   13   -0.0000000027
4   13   1   14   -0.0000000000
4   13   2   13   0.0064298615
4   13   2   14   0.0000000000
4   13   3   13   0.0000000001
4   13   3   14   -0.0000000001
4   13   4   13   0.4163348905
4   13   4   14   0.0000000001
4   13   5   13   0.0000000003
4   13   5   14   0.0000000000
4   13   6   8   0.0000000062
4   13   6   9   -0.0149849516
4   13   6   10   0.0000000002
4   13   6   11   0.0563592005
4   13   6   12   0.0000000001
4   13   7   8   0.0000000000
4   13   7   9   -0.0000000000
4   13   7   10   -0.0000000000
4   13   7   11   0.0000000000
4   13   7   12   0.0000000000
4   14   1   13   -0.0000000000
4   14   1   14   -0.0000000027
4   14   2   13   0.0000000000
4   14   2   14   0.0064298615
4   14   3   13   -0.0000000001
4   14   3   14   0.0000000003
4   14   4   13   0.0000000001
4   14   4   14   0.4163348902
4   14   5   13   0.0000000000
4   14   5   14   0.0000000002
4   14   6   8   0.0000000000
4   14   6   9   -0.0000000000
4   14   6   10   -0.0000000000
4   14   6   11   0.0000000000
4   14   6   12   0.0000000000
4   14   7   8   0.0000000062
4   14   7   9   -0.0149849515
4   14   7   10   0.0000000004
4   14   7   11   0.0563592003
4   14   7   12   0.0000000001
5   8   1   8   -0.0079577722
5   8   1   9   0.0000000025
5   8   1   10   -0.0009049516
5   8   1   11   0.0000000015
5   8   1   12   0.0141940237
5   8   2   8   0.0000000015
5   8   2   9   -0.0054844642
5   8   2   10   0.0000000000
5   8   2   11   -0.0016770647
5   8   2   12   -0.0000000003
5   8   3   8   0.0065110475
5   8   3   9   -0.0000000001
5   8   3   10   -0.0004449514
5   8   3   11   -0.0000000002
5   8   3   12   -0.0146580190
5   8   4   8   0.0000000404
5   8   4   9   -0.0473293963
5   8   4   10   0.0000000004
5   8   4   11   -0.0000468606
5   8   4   12   0.0000000063
5   8   5   8   0.5603356016
5   8   5   9   -0.0000000045
5   8   5   10   0.0059166497
5   8   5   11   -0.0000000026
5   8   5   12   -0.0008799544
5   8   6   13   0.0003816307
5   8   7   14   0.0003816307
5   9   1   8   0.0000000025
5   9   1   9   -0.0079509554
5   9   1   10   0.0000000000
5   9   1   11   -0.0016859010
5   9   1   12   -0.0000000003
5   9   2   8   -0.0054822166
5   9   2   9   -0.0000000078
5   9   2   10   -0.0009079371
5   9   2   11   -0.0000000014
5   9   2   12   0.0141323436
5   9   3   8   -0.0000000001
5   9   3   9   0.0065043234
5   9   3   10   -0.0000000002
5   9   3   11   0.0003600582
5   9   3   12   -0.0000000059
5   9   4   8   -0.0473313653
5   9   4   9   -0.0000000393
5   9   4   10   -0.0008471079
5   9   4   11   -0.0000000000
5   9   4   12   -0.0141830158
5   9   5   8   -0.0000000045
5   9   5   9   0.5603356331
5   9   5   10   0.0000000024
5   9   5   11   0.0060549196
5   9   5   12   -0.0000000004
5   9   6   13   0.0000000001
5   9   6   14   0.0000000000
5   9   7   13   0.0000000000
5   9   7   14   0.0000000001
5   10   1   8   -0.0008773493
5   10   1   9   0.0000000000
5   10   1   10   -0.0018746801
5   10   1   11   -0.0000000006
5   10   1   12   -0.0146580190
5   10   2   8   0.0000000000
5   10   2   9   -0.0008784640
5   10   2   10   -0.0000000007
5   10   2   11   0.0014659198
5   10   2   12   -0.0000000059
5   10   3   8   -0.0004497859
5   10   3   9   -0.0000000002
5   10   3   10   0.0131354981
5   10   3   11   -0.0000000002
5   10   3   12   0.0638483451
5   10   4   8   0.0000000004
5   10   4   9   -0.0008616235
5   10   4   10   0.0000000001
5   10   4   11   -0.0360626375
5   10   4   12   -0.0000000010
5   10   5   8   0.0059166497
5   10   5   9   0.0000000024
5   10   5   10   0.4175054520
5   10   5   11   -0.0000000025
5   10   5   12   0.0135848619
5   10   6   13   -0.0005308189
5   10   6   14   -0.0000000000
5   10   7   13   -0.0000000000
5   10   7   14   -0.0005308189
5   11   1   8   0.0000000015
5   11   1   9   -0.0016844200
5   11   1   10   -0.0000000007
5   11   1   11   0.0000907149
5   11   1   12   0.0000000063
5   11   2   8   -0.0016778723
5   11   2   9   -0.0000000014
5   11   2   10   0.0015802248
5   11   2   11   0.0000000000
5   11   2   12   -0.0141830158
5   11   3   8   -0.0000000002
5   11   3   9   0.0004667360
5   11   3   10   -0.0000000001
5   11   3   11   0.0029650779
5   11   3   12   -0.0000000010
5   11   4   8   0.0000102013
5   11   4   9   0.0000000000
5   11   4   10   -0.0365071853
5   11   4   11   0.0000000004
5   11   4   12   0.0579703153
5   11   5   8   -0.0000000026
5   11   5   9   0.0060549196
5   11   5   10   -0.0000000025
5   11   5   11   0.4164905491
5   11   5   12   0.0000000012
5   11   6   13   -0.0000000001
5   11   6   14   0.0000000000
5   11   7   13   0.0000000000
5   11   7   14   -0.0000000001
5   12   1   8   0.0117032594
5   12   1   9   -0.0000000002
5   12   1   10   -0.0138479504
5   12   1   11   0.0000000058
5   12   1   12   -0.0008799544
5   12   2   8   -0.0000000002
5   12   2   9   0.0116359018
5   12   2   10   -0.0000000056
5   12   2   11   -0.0132786917
5   12   2   12   -0.0000000004
5   12   3   8   -0.0138479504
5   12   3   9   -0.0000000056
5   12   3   10   0.0630026649
5   12   3   11   -0.0000000013
5   12   3   12   0.0135848619
5   12   4   8   0.0000000058
5   12   4   9   -0.0132786917
5   12   4   10   -0.0000000013
5   12   4   11   0.0579029796
5   12   4   12   0.0000000012
5   12   5   8   -0.0008799544
5   12   5   9   -0.0000000004
5   12   5   10   0.0135848619
5   12   5   11   0.0000000012
5   12   5   12   0.4211604437
5   12   6   13   0.0135388928
5   12   6   14   0.0000000001
5   12   7   13   0.0000000001
5   12   7   14   0.0135388925
5   13   1   13   -0.0014305621
5   13   1   14   0.0000000000
5   13   2   13   -0.0000000006
5   13   2   14   -0.0000000000
5   13   3   13   0.0115234701
5   13   3   14   -0.0000000000
5   13   4   13   0.0000000003
5   13   4   14   0.0000000000
5   13   5   13   0.3972472716
5   13   5   14   0.0000000001
5   13   6   8   0.0004999470
5   13   6   9   0.0000000002
5   13   6   10   0.0003632972
5   13   6   11   0.0000000001
5   13   6   12   0.0072680035
5   13   7   10   -0.0000000000
5   13   7   11   0.0000000000
5   13   7   12   0.0000000001
5   14   1   13   0.0000000000
5   14   1   14   -0.0014305621
5   14   2   13   -0.0000000000
5   14   2   14   -0.0000000006
5   14   3   13   -0.0000000000
5   14   3   14   0.0115234702
5   14   4   13   0.0000000000
5   14   4   14   0.0000000002
5   14   5   13   0.0000000001
5   14   5   14   0.3972472712
5   14   6   10   -0.0000000000
5   14   6   11   0.0000000000
5   14   6   12   0.0000000001
5   14   7   8   0.0004999470
5   14   7   9   0.0000000002
5   14   7   10   0.0003632972
5   14   7   11   0.0000000001
5   14   7   12   0.0072680031
6   8   1   13   0.0149936268
6   8   1   14   0.0000000000
6   8   2   13   0.0000000001
6   8   2   14   0.0000000000
6   8   3   13   -0.0150195398
6   8   3   14   -0.0000000000
6   8   4   13   0.0000000062
6   8   4   14   0.0000000000
6   8   5   13   0.0004999470
6   8   6   8   0.5668631718
6   8   6   9   0.0000000003
6   8   6   10   0.0062896816
6   8   6   11   -0.0000000027
6   8   6   12   -0.0014305621
6   8   7   8   0.0000000001
6   8   7   9   -0.0000000000
6   8   7   10   0.0000000000
6   8   7   11   -0.0000000000
6   8   7   12   0.0000000000
6   9   1   13   0.0000000001
6   9   1   14   0.0000000000
6   9   2   13   0.0149612272
6   9   2   14   0.0000000000
6   9   3   13   -0.0000000064
6   9   4   13   -0.0149849516
6   9   4   14   -0.0000000000
6   9   5   13   0.0000000002
6   9   6   8   0.0000000003
6   9   6   9   0.5668636446
6   9   6   10   0.0000000026
6   9   6   11   0.0064298615
6   9   6   12   -0.0000000006
6   9   7   8   -0.0000000000
6   9   7   9   0.0000000001
6   9   7   10   -0.0000000000
6   9   7   11   0.0000000000
6   9   7   12   -0.0000000000
6   10   1   13   -0.0150195398
6   10   1   14   -0.0000000000
6   10   2   13   -0.0000000064
6   10   3   13   0.0609464399
6   10   3   14   0.0000000000
6   10   4   13   0.0000000002
6   10   4   14   -0.0000000000
6   10   5   13   0.0003632972
6   10   5   14   -0.0000000000
6   10   6   8   0.0062896816
6   10   6   9   0.0000000026
6   10   6   10   0.4166075366
6   10   6   11   0.0000000001
6   10   6   12   0.0115234701
6   10   7   8   0.0000000000
6   10   7   9   -0.0000000000
6   10   7   10   0.0000000001
6   10   7   11   -0.0000000001
6   10   7   12   -0.0000000000
6   11   1   13   0.0000000062
6   11   1   14   0.0000000000
6   11   2   13   -0.0149849516
6   11   2   14   -0.0000000000
6   11   3   13   0.0000000002
6   11   3   14   -0.0000000000
6   11   4   13   0.0563592005
6   11   4   14   0.0000000000
6   11   5   13   0.0000000001
6   11   5   14   0.0000000000
6   11   6   8   -0.0000000027
6   11   6   9   0.0064298615
6   11   6   10   0.0000000001
6   11   6   11   0.4163348905
6   11   6   12   0.0000000003
6   11   7   8   -0.0000000000
6   11   7   9   0.0000000000
6   11   7   10   -0.0000000001
6   11   7   11   0.0000000001
6   11   7   12   0.0000000000
6   12   1   13   0.0004999470
6   12   2   13   0.0000000002
6   12   3   13   0.0003632972
6   12   3   14   -0.0000000000
6   12   4   13   0.0000000001
6   12   4   14   0.0000000000
6   12   5   13   0.0072680035
6   12   5   14   0.0000000001
6   12   6   8   -0.0014305621
6   12   6   9   -0.0000000006
6   12   6   10   0.0115234701
6   12   6   11   0.0000000003
6   12   6   12   0.3972472716
6   12   7   8   0.0000000000
6   12   7   9   -0.0000000000
6   12   7   10   -0.0000000000
6   12   7   11   0.0000000000
6   12   7   12   0.0000000001
6   13   1   8   0.0122791060
6   13   1   9   0.0000000000
6   13   1   10   -0.0141206151
6   13   1   11   0.0000000059
6   13   1   12   0.0003816307
6   13   2   8   0.0000000000
6   13   2   9   0.0122416897
6   13   2   10   -0.0000000059
6   13   2   11   -0.0139729600
6   13   2   12   0.0000000001
6   13   3   8   -0.0141206151
6   13   3   9   -0.0000000059
6   13   3   10   0.0596361535
6   13   3   11   -0.0000000003
6   13   3   12   -0.0005308189
6   13   4   8   0.0000000059
6   13   4   9   -0.0139729600
6   13   4   10   -0.0000000003
6   13   4   11   0.0571358662
6   13   4   12   -0.0000000001
6   13   5   8   0.0003816307
6   13   5   9   0.0000000001
6   13   5   10   -0.0005308189
6   13   5   11   -0.0000000001
6   13   5   12   0.0135388928
6   13   6   13   0.4154586966
6   13   6   14   0.0000000008
6   13   7   13   0.0000000008
6   13   7   14   0.0135005415
6   14   1   8   0.0000000000
6   14   1   9   -0.0000000000
6   14   1   10   -0.0000000000
6   14   1   11   0.0000000000
6   14   2   8   -0.0000000000
6   14   2   9   0.0000000000
6   14   2   10   0.0000000000
6   14   2   11   -0.0000000000
6   14   2   12   0.0000000000
6   14   3   8   -0.0000000000
6   14   3   9   0.0000000000
6   14   3   10   0.0000000001
6   14   3   11   -0.0000000001
6   14   3   12   -0.0000000000
6   14   4   8   0.0000000000
6   14   4   9   -0.0000000000
6   14   4   10   -0.0000000001
6   14   4   11   0.0000000001
6   14   4   12   0.0000000000
6   14   5   9   0.0000000000
6   14   5   10   -0.0000000000
6   14   5   11   0.0000000000
6   14   5   12   0.0000000001
6   14   6   13   0.0000000008
6   14   6   14   0.3965415361
6   14   7   13   0.0054166162
6   14   7   14   -0.0000000005
7   8   1   13   0.0000000000
7   8   1   14   0.0149936267
7   8   2   13   0.0000000000
7   8   2   14   0.0000000001
7   8   3   13   -0.0000000000
7   8   3   14   -0.0150195398
7   8   4   13   0.0000000000
7   8   4   14   0.0000000062
7   8   5   14   0.0004999470
7   8   6   8   0.0000000001
7   8   6   9   -0.0000000000
7   8   6   10   0.0000000000
7   8   6   11   -0.0000000000
7   8   6   12   0.0000000000
7   8   7   8   0.5668631713
7   8   7   9   0.0000000004
7   8   7   10   0.0062896816
7   8   7   11   -0.0000000027
7   8   7   12   -0.0014305621
7   9   1   13   0.0000000000
7   9   1   14   0.0000000001
7   9   2   13   0.0000000000
7   9   2   14   0.0149612272
7   9   3   14   -0.0000000064
7   9   4   13   -0.0000000000
7   9   4   14   -0.0149849515
7   9   5   14   0.0000000002
7   9   6   8   -0.0000000000
7   9   6   9   0.0000000001
7   9   6   10   -0.0000000000
7   9   6   11   0.0000000000
7   9   6   12   -0.0000000000
7   9   7   8   0.0000000004
7   9   7   9   0.5668636441
7   9   7   10   0.0000000026
7   9   7   11   0.0064298615
7   9   7   12   -0.0000000006
7   10   1   13   -0.0000000000
7   10   1   14   -0.0150195398
7   10   2   14   -0.0000000064
7   10   3   13   0.0000000000
7   10   3   14   0.0609464398
7   10   4   13   -0.0000000000
7   10   4   14   0.0000000004
7   10   5   13   -0.0000000000
7   10   5   14   0.0003632972
7   10   6   8   0.0000000000
7   10   6   9   -0.0000000000
7   10   6   10   0.0000000001
7   10   6   11   -0.0000000001
7   10   6   12   -0.0000000000
7   10   7   8   0.0062896816
7   10   7   9   0.0000000026
7   10   7   10   0.4166075364
7   10   7   11   0.0000000003
7   10   7   12   0.0115234702
7   11   1   13   0.0000000000
7   11   1   14   0.0000000062
7   11   2   13   -0.0000000000
7   11   2   14   -0.0149849515
7   11   3   13   -0.0000000000
7   11   3   14   0.0000000004
7   11   4   13   0.0000000000
7   11   4   14   0.0563592003
7   11   5   13   0.0000000000
7   11   5   14   0.0000000001
7   11   6   8   -0.0000000000
7   11   6   9   0.0000000000
7   11   6   10   -0.0000000001
7   11   6   11   0.0000000001
7   11   6   12   0.0000000000
7   11   7   8   -0.0000000027
7   11   7   9   0.0064298615
7   11   7   10   0.0000000003
7   11   7   11   0.4163348902
7   11   7   12   0.0000000002
7   12   1   14   0.0004999470
7   12   2   14   0.0000000002
7   12   3   13   -0.0000000000
7   12   3   14   0.0003632972
7   12   4   13   0.0000000000
7   12   4   14   0.0000000001
7   12   5   13   0.0000000001
7   12   5   14   0.0072680031
7   12   6   8   0.0000000000
7   12   6   9   -0.0000000000
7   12   6   10   -0.0000000000
7   12   6   11   0.0000000000
7   12   6   12   0.0000000001
7   12   7   8   -0.0014305621
7   12   7   9   -0.0000000006
7   12   7   10   0.0115234702
7   12   7   11   0.0000000002
7   12   7   12   0.3972472712
7   13   1   8   0.0000000000
7   13   1   9   -0.0000000000
7   13   1   10   -0.0000000000
7   13   1   11   0.0000000000
7   13   2   8   -0.0000000000
7   13   2   9   0.0000000000
7   13   2   10   0.0000000000
7   13   2   11   -0.0000000000
7   13   2   12   0.0000000000
7   13   3   8   -0.0000000000
7   13   3   9   0.0000000000
7   13   3   10   0.0000000001
7   13   3   11   -0.0000000001
7   13   3   12   -0.0000000000
7   13   4   8   0.0000000000
7   13   4   9   -0.0000000000
7   13   4   10   -0.0000000001
7   13   4   11   0.0000000001
7   13   4   12   0.0000000000
7   13   5   9   0.0000000000
7   13   5   10   -0.0000000000
7   13   5   11   0.0000000000
7   13   5   12   0.0000000001
7   13   6   13   0.0000000008
7   13   6   14   0.0054166162
7   13   7   13   0.3965415361
7   13   7   14   -0.0000000005
7   14   1   8   0.0122791059
7   14   1   9   0.0000000000
7   14   1   10   -0.0141206151
7   14   1   11   0.0000000059
7   14   1   12   0.0003816307
7   14   2   8   0.0000000000
7   14   2   9   0.0122416896
7   14   2   10   -0.0000000059
7   14   2   11   -0.0139729600
7   14   2   12   0.0000000001
7   14   3   8   -0.0141206151
7   14   3   9   -0.0000000059
7   14   3   10   0.0596361532
7   14   3   11   0.0000000000
7   14   3   12   -0.0005308189
7   14   4   8   0.0000000059
7   14   4   9   -0.0139729600
7   14   4   10   0.0000000000
7   14   4   11   0.0571358659
7   14   4   12   -0.0000000001
7   14   5   8   0.0003816307
7   14   5   9   0.0000000001
7   14   5   10   -0.0005308189
7   14   5   11   -0.0000000001
7   14   5   12   0.0135388925
7   14   6   13   0.0135005415
7   14   6   14   -0.0000000005
7   14   7   13   -0.0000000005
7   14   7   14   0.4154586954

End IJKL Block
Begin ABCD Block
1   4   1   4   0.4122919722
1   4   1   5   0.0000000006
1   4   2   4   0.0000000006
1   4   2   5   0.0158226708
1   4   3   6   0.0167301350
1   5   1   4   0.0000000006
1   5   1   5   0.3826351717
1   5   2   4   0.0138341272
1   5   2   5   -0.0000000006
1   5   3   6   0.0000000000
1   6   1   6   0.3927041872
1   6   2   6   0.0000000000
1   6   3   4   0.0149751427
1   6   3   5   0.0000000000
2   4   1   4   0.0000000006
2   4   1   5   0.0138341272
2   4   2   4   0.3826351717
2   4   2   5   -0.0000000006
2   4   3   6   0.0000000000
2   5   1   4   0.0158226708
2   5   1   5   -0.0000000006
2   5   2   4   -0.0000000006
2   5   2   5   0.4122919722
2   5   3   6   0.0167301349
2   6   1   6   0.0000000000
2   6   2   6   0.3927041872
2   6   3   4   0.0000000000
2   6   3   5   0.0149751427
3   4   1   6   0.0149751427
3   4   2   6   0.0000000000
3   4   3   4   0.3927041872
3   4   3   5   0.0000000000
3   5   1   6   0.0000000000
3   5   2   6   0.0149751427
3   5   3   4   0.0000000000
3   5   3   5   0.3927041872
3   6   1   4   0.0167301350
3   6   1   5   0.0000000000
3   6   2   4   0.0000000000
3   6   2   5   0.0167301349
3   6   3   6   0.4358164890

End ABCD Block
Begin AIJB Block
1   8   1   4   0.0125480039
1   8   2   4   0.0000000000
1   8   3   4   -0.0126492289
1   8   4   4   0.0000000055
1   8   5   4   0.0005348259
1   8   6   6   -0.0013277444
1   8   7   6   -0.0005725101
1   9   1   4   0.0000000000
1   9   2   4   0.0125694793
1   9   3   4   -0.0000000053
1   9   4   4   -0.0130636456
1   9   5   4   0.0000000002
1   9   6   6   -0.0000000006
1   9   7   6   -0.0000000002
1   10   1   4   -0.0126492289
1   10   2   4   -0.0000000053
1   10   3   4   0.0600919654
1   10   3   5   0.0000000000
1   10   4   4   0.0000000003
1   10   4   5   -0.0000000000
1   10   5   4   -0.0043669707
1   10   6   6   -0.0089935844
1   10   7   6   -0.0038779438
1   11   1   4   0.0000000055
1   11   2   4   -0.0130636456
1   11   3   4   0.0000000003
1   11   3   5   -0.0000000000
1   11   4   4   0.0661069581
1   11   4   5   0.0000000000
1   11   5   4   -0.0000000003
1   11   6   6   -0.0000000001
1   11   7   6   -0.0000000001
1   12   1   4   0.0005348259
1   12   2   4   0.0000000002
1   12   3   4   -0.0043669707
1   12   4   4   -0.0000000003
1   12   5   4   0.0263767597
1   12   5   5   0.0000000000
1   12   6   6   -0.1728720065
1   12   7   6   -0.0745406839
1   13   1   6   0.0013635057
1   13   2   6   0.0000000006
1   13   3   6   -0.0049523011
1   13   4   6   -0.0000000007
1   13   5   6   -0.0168043065
1   13   6   4   0.2076483783
1   13   6   5   0.0773101796
1   13   7   4   0.0773101797
1   13   7   5   0.0143062667
1   14   1   6   0.0005879300
1   14   2   6   0.0000000002
1   14   3   6   -0.0021353828
1   14   4   6   -0.0000000003
1   14   5   6   -0.0072458493
1   14   6   4   0.0773101797
1   14   6   5   -0.1602658058
1   14   7   4   0.0616888352
1   14   7   5   -0.0773101796
2   8   1   5   0.0125480039
2   8   2   5   0.0000000000
2   8   3   5   -0.0126492289
2   8   4   5   0.0000000055
2   8   5   5   0.0005348259
2   8   6   6   -0.0005725101
2   8   7   6   0.0013277444
2   9   1   5   0.0000000000
2   9   2   5   0.0125694793
2   9   3   5   -0.0000000053
2   9   4   5   -0.0130636456
2   9   5   5   0.0000000002
2   9   6   6   -0.0000000002
2   9   7   6   0.0000000006
2   10   1   5   -0.0126492289
2   10   2   5   -0.0000000053
2   10   3   4   0.0000000000
2   10   3   5   0.0600919654
2   10   4   4   -0.0000000000
2   10   4   5   0.0000000003
2   10   5   5   -0.0043669707
2   10   6   6   -0.0038779438
2   10   7   6   0.0089935844
2   11   1   5   0.0000000055
2   11   2   5   -0.0130636456
2   11   3   4   -0.0000000000
2   11   3   5   0.0000000003
2   11   4   4   0.0000000000
2   11   4   5   0.0661069581
2   11   5   5   -0.0000000003
2   11   6   6   -0.0000000001
2   11   7   6   0.0000000001
2   12   1   5   0.0005348259
2   12   2   5   0.0000000002
2   12   3   5   -0.0043669707
2   12   4   5   -0.0000000003
2   12   5   4   0.0000000000
2   12   5   5   0.0263767597
2   12   6   6   -0.0745406839
2   12   7   6   0.1728720065
2   13   1   6   0.0005879300
2   13   2   6   0.0000000002
2   13   3   6   -0.0021353828
2   13   4   6   -0.0000000003
2   13   5   6   -0.0072458493
2   13   6   4   0.0773101796
2   13   6   5   0.0616888351
2   13   7   4   -0.1602658058
2   13   7   5   -0.0773101797
2   14   1   6   -0.0013635057
2   14   2   6   -0.0000000006
2   14   3   6   0.0049523011
2   14   4   6   0.0000000007
2   14   5   6   0.0168043065
2   14   6   4   0.0143062667
2   14   6   5   -0.0773101797
2   14   7   4   -0.0773101796
2   14   7   5   0.2076483781
3   8   1   6   0.0137527395
3   8   2   6   -0.0000000001
3   8   3   6   -0.0130800951
3   8   4   6   0.0000000058
3   8   5   6   0.0006423218
3   8   6   4   0.0013635057
3   8   6   5   0.0005879300
3   8   7   4   0.0005879300
3   8   7   5   -0.0013635057
3   9   1   6   -0.0000000001
3   9   2   6   0.0138049126
3   9   3   6   -0.0000000055
3   9   4   6   -0.0137215852
3   9   5   6   0.0000000003
3   9   6   4   0.0000000006
3   9   6   5   0.0000000002
3   9   7   4   0.0000000002
3   9   7   5   -0.0000000006
3   10   1   6   -0.0130800951
3   10   2   6   -0.0000000055
3   10   3   6   0.0612632292
3   10   5   6   0.0091995989
3   10   6   4   -0.0049523011
3   10   6   5   -0.0021353828
3   10   7   4   -0.0021353828
3   10   7   5   0.0049523011
3   11   1   6   0.0000000058
3   11   2   6   -0.0137215852
3   11   4   6   0.0668758861
3   11   5   6   -0.0000000003
3   11   6   4   -0.0000000007
3   11   6   5   -0.0000000003
3   11   7   4   -0.0000000003
3   11   7   5   0.0000000007
3   12   1   6   0.0006423218
3   12   2   6   0.0000000003
3   12   3   6   0.0091995989
3   12   4   6   -0.0000000003
3   12   5   6   0.2267212023
3   12   6   4   -0.0168043065
3   12   6   5   -0.0072458493
3   12   7   4   -0.0072458493
3   12   7   5   0.0168043065
3   13   1   4   -0.0013277444
3   13   1   5   -0.0005725101
3   13   2   4   -0.0000000006
3   13   2   5   -0.0000000002
3   13   3   4   -0.0089935844
3   13   3   5   -0.0038779438
3   13   4   4   -0.0000000001
3   13   4   5   -0.0000000001
3   13   5   4   -0.1728720065
3   13   5   5   -0.0745406839
3   13   6   6   0.0279252682
3   13   7   6   -0.0000000000
3   14   1   4   -0.0005725101
3   14   1   5   0.0013277444
3   14   2   4   -0.0000000002
3   14   2   5   0.0000000006
3   14   3   4   -0.0038779438
3   14   3   5   0.0089935844
3   14   4   4   -0.0000000001
3   14   4   5   0.0000000001
3   14   5   4   -0.0745406839
3   14   5   5   0.1728720065
3   14   6   6   -0.0000000000
3   14   7   6   0.0279252683

1   8   8   1   -0.5395008216
1   8   9   1   -0.0000000007
1   8   9   2   0.0000000000
1   8   10   1   -0.0049989052
1   8   11   1   0.0000000022
1   8   12   1   0.0010115435
1   8   13   3   -0.0015125384
1   8   14   3   -0.0006521914
1   9   8   1   -0.0000000007
1   9   8   2   0.0000000000
1   9   9   1   -0.5395004964
1   9   10   1   -0.0000000021
1   9   11   1   -0.0051620741
1   9   12   1   0.0000000004
1   9   13   3   -0.0000000006
1   9   14   3   -0.0000000003
1   10   8   1   -0.0049989052
1   10   9   1   -0.0000000021
1   10   10   1   -0.4156237420
1   10   10   2   0.0000000000
1   10   11   1   -0.0000000006
1   10   11   2   0.0000000000
1   10   12   1   -0.0067618065
1   10   12   2   -0.0000000000
1   10   13   3   0.0056083956
1   10   14   3   0.0024182842
1   11   8   1   0.0000000022
1   11   9   1   -0.0051620741
1   11   10   1   -0.0000000006
1   11   10   2   0.0000000000
1   11   11   1   -0.4186685599
1   11   12   1   -0.0000000001
1   11   13   3   -0.0000000003
1   11   14   3   -0.0000000001
1   12   8   1   0.0010115435
1   12   9   1   0.0000000004
1   12   10   1   -0.0067618065
1   12   10   2   -0.0000000000
1   12   11   1   -0.0000000001
1   12   12   1   -0.4021233348
1   12   12   2   -0.0000000000
1   12   13   3   0.0169597884
1   12   14   3   0.0073128915
1   13   8   3   -0.0014517062
1   13   9   3   -0.0000000006
1   13   10   3   0.0060472630
1   13   11   3   -0.0000000001
1   13   12   3   0.0186662719
1   13   13   1   -0.4367259943
1   13   13   2   -0.0144450113
1   13   14   1   -0.0144450115
1   13   14   2   0.0143763111
1   14   8   3   -0.0006259612
1   14   9   3   -0.0000000002
1   14   10   3   0.0026075195
1   14   11   3   -0.0000000000
1   14   12   3   0.0080487102
1   14   13   1   -0.0144450115
1   14   13   2   0.0128954800
1   14   14   1   -0.4094541990
1   14   14   2   0.0144450113
2   8   8   2   -0.5395008216
2   8   9   1   0.0000000000
2   8   9   2   -0.0000000006
2   8   10   2   -0.0049989052
2   8   11   2   0.0000000022
2   8   12   2   0.0010115435
2   8   13   3   -0.0006521914
2   8   14   3   0.0015125384
2   9   8   1   0.0000000000
2   9   8   2   -0.0000000006
2   9   9   2   -0.5395004964
2   9   10   2   -0.0000000021
2   9   11   2   -0.0051620741
2   9   12   2   0.0000000004
2   9   13   3   -0.0000000003
2   9   14   3   0.0000000006
2   10   8   2   -0.0049989052
2   10   9   2   -0.0000000021
2   10   10   1   0.0000000000
2   10   10   2   -0.4156237420
2   10   11   1   0.0000000000
2   10   11   2   -0.0000000006
2   10   12   1   -0.0000000000
2   10   12   2   -0.0067618065
2   10   13   3   0.0024182842
2   10   14   3   -0.0056083956
2   11   8   2   0.0000000022
2   11   9   2   -0.0051620741
2   11   10   1   0.0000000000
2   11   10   2   -0.0000000006
2   11   11   2   -0.4186685600
2   11   12   2   -0.0000000001
2   11   13   3   -0.0000000001
2   11   14   3   0.0000000003
2   12   8   2   0.0010115435
2   12   9   2   0.0000000004
2   12   10   1   -0.0000000000
2   12   10   2   -0.0067618065
2   12   11   2   -0.0000000001
2   12   12   1   -0.0000000000
2   12   12   2   -0.4021233348
2   12   13   3   0.0073128915
2   12   14   3   -0.0169597884
2   13   8   3   -0.0006259612
2   13   9   3   -0.0000000002
2   13   10   3   0.0026075195
2   13   11   3   -0.0000000000
2   13   12   3   0.0080487102
2   13   13   1   -0.0144450113
2   13   13   2   -0.4094541991
2   13   14   1   0.0128954800
2   13   14   2   0.0144450114
2   14   8   3   0.0014517062
2   14   9   3   0.0000000006
2   14   10   3   -0.0060472630
2   14   11   3   0.0000000001
2   14   12   3   -0.0186662719
2   14   13   1   0.0143763111
2   14   13   2   0.0144450114
2   14   14   1   0.0144450113
2   14   14   2   -0.4367259942
3   8   8   3   -0.5596204075
3   8   9   3   0.0000000008
3   8   10   3   -0.0053752415
3   8   11   3   0.0000000024
3   8   12   3   0.0038846326
3   8   13   1   -0.0014517062
3   8   13   2   -0.0006259612
3   8   14   1   -0.0006259612
3   8   14   2   0.0014517062
3   9   8   3   0.0000000008
3   9   9   3   -0.5596192797
3   9   10   3   -0.0000000022
3   9   11   3   -0.0057055994
3   9   12   3   0.0000000016
3   9   13   1   -0.0000000006
3   9   13   2   -0.0000000002
3   9   14   1   -0.0000000002
3   9   14   2   0.0000000006
3   10   8   3   -0.0053752415
3   10   9   3   -0.0000000022
3   10   10   3   -0.4280647996
3   10   11   3   0.0000000004
3   10   12   3   -0.0175685002
3   10   13   1   0.0060472630
3   10   13   2   0.0026075195
3   10   14   1   0.0026075195
3   10   14   2   -0.0060472630
3   11   8   3   0.0000000024
3   11   9   3   -0.0057055994
3   11   10   3   0.0000000004
3   11   11   3   -0.4286692167
3   11   12   3   -0.0000000002
3   11   13   1   -0.0000000001
3   11   13   2   -0.0000000000
3   11   14   1   -0.0000000000
3   11   14   2   0.0000000001
3   12   8   3   0.0038846326
3   12   9   3   0.0000000016
3   12   10   3   -0.0175685002
3   12   11   3   -0.0000000002
3   12   12   3   -0.4505807533
3   12   13   1   0.0186662719
3   12   13   2   0.0080487102
3   12   14   1   0.0080487102
3   12   14   2   -0.0186662719
3   13   8   1   -0.0015125384
3   13   8   2   -0.0006521914
3   13   9   1   -0.0000000006
3   13   9   2   -0.0000000003
3   13   10   1   0.0056083956
3   13   10   2   0.0024182842
3   13   11   1   -0.0000000003
3   13   11   2   -0.0000000001
3   13   12   1   0.0169597884
3   13   12   2   0.0073128915
3   13   13   3   -0.4137360473
3   13   14   3   -0.0000000000
3   14   8   1   -0.0006521914
3   14   8   2   0.0015125384
3   14   9   1   -0.0000000003
3   14   9   2   0.0000000006
3   14   10   1   0.0024182842
3   14   10   2   -0.0056083956
3   14   11   1   -0.0000000001
3   14   11   2   0.0000000003
3   14   12   1   0.0073128915
3   14   12   2   -0.0169597884
3   14   13   3   -0.0000000000
3   14   14   3   -0.4137360472

End AIJB Block
Begin IJKA Block
1   8   1   6   -0.0000000294
1   8   2   6   0.0239830300
1   8   3   6   -0.0000000032
1   8   4   6   0.0030008503
1   8   5   6   -0.0000000109
1   8   6   4   0.0000000101
1   8   6   5   0.0000000043
1   8   7   4   0.0000000043
1   8   7   5   -0.0000000101
1   9   1   6   0.0218337064
1   9   2   6   0.0000000101
1   9   3   6   0.0037741120
1   9   4   6   0.0000000000
1   9   5   6   0.0128482297
1   9   6   4   -0.0119803984
1   9   6   5   -0.0051658282
1   9   7   4   -0.0051658282
1   9   7   5   0.0119803984
1   10   1   6   -0.0000000235
1   10   2   6   0.0277797608
1   10   3   6   -0.0000000003
1   10   4   6   0.0016893266
1   10   5   6   0.0000000057
1   10   6   4   -0.0000000053
1   10   6   5   -0.0000000023
1   10   7   4   -0.0000000023
1   10   7   5   0.0000000053
1   11   1   6   0.0269730864
1   11   2   6   -0.0000000002
1   11   3   6   0.0005442222
1   11   4   6   -0.0000000006
1   11   5   6   -0.0140180620
1   11   6   4   0.0129657822
1   11   6   5   0.0055907159
1   11   7   4   0.0055907159
1   11   7   5   -0.0129657822
1   12   1   6   -0.0000002824
1   12   2   6   0.3332075910
1   12   3   6   -0.0000000015
1   12   4   6   0.0035287697
1   12   5   6   -0.0000000002
1   12   6   4   0.0000000002
1   12   6   5   0.0000000001
1   12   7   4   0.0000000001
1   12   7   5   -0.0000000002
1   13   1   4   0.0000002646
1   13   1   5   0.0000001141
1   13   2   4   -0.3141946707
1   13   2   5   -0.1354776062
1   13   3   4   0.0000000014
1   13   3   5   0.0000000006
1   13   4   4   -0.0032343784
1   13   4   5   -0.0013946317
1   13   5   4   0.0000000005
1   13   5   5   0.0000000002
1   13   6   6   0.0000000006
1   14   1   4   0.0000001141
1   14   1   5   -0.0000002644
1   14   2   4   -0.1354776062
1   14   2   5   0.3141946703
1   14   3   4   0.0000000006
1   14   3   5   -0.0000000014
1   14   4   4   -0.0013946317
1   14   4   5   0.0032343784
1   14   5   4   0.0000000002
1   14   5   5   -0.0000000005
1   14   7   6   0.0000000006
2   8   1   6   0.0239842647
2   8   2   6   0.0000000110
2   8   3   6   0.0037658752
2   8   4   6   0.0000000000
2   8   5   6   0.0127922876
2   8   6   4   -0.0119554032
2   8   6   5   -0.0051550505
2   8   7   4   -0.0051550505
2   8   7   5   0.0119554032
2   9   1   6   0.0000000101
2   9   2   6   0.0218435067
2   9   3   6   0.0000000032
2   9   4   6   0.0029971128
2   9   5   6   0.0000000107
2   9   6   4   -0.0000000101
2   9   6   5   -0.0000000043
2   9   7   4   -0.0000000043
2   9   7   5   0.0000000101
2   10   1   6   0.0277797803
2   10   2   6   0.0000000233
2   10   3   6   0.0008326849
2   10   4   6   0.0000000007
2   10   5   6   -0.0133290595
2   10   6   4   0.0125091368
2   10   6   5   0.0053938149
2   10   7   4   0.0053938149
2   10   7   5   -0.0125091367
2   11   1   6   -0.0000000002
2   11   2   6   0.0269640879
2   11   3   6   0.0000000002
2   11   4   6   0.0014671909
2   11   5   6   -0.0000000058
2   11   6   4   0.0000000055
2   11   6   5   0.0000000024
2   11   7   4   0.0000000024
2   11   7   5   -0.0000000055
2   12   1   6   0.3332025860
2   12   2   6   0.0000002790
2   12   3   6   0.0035410469
2   12   4   6   0.0000000015
2   12   5   6   0.0005091385
2   12   6   4   -0.0004976289
2   12   6   5   -0.0002145726
2   12   7   4   -0.0002145726
2   12   7   5   0.0004976289
2   13   1   4   -0.3141906540
2   13   1   5   -0.1354758742
2   13   2   4   -0.0000002648
2   13   2   5   -0.0000001142
2   13   3   4   -0.0033029434
2   13   3   5   -0.0014241962
2   13   4   4   -0.0000000013
2   13   4   5   -0.0000000006
2   13   5   4   -0.0012407328
2   13   5   5   -0.0005349916
2   13   6   6   -0.0014867262
2   14   1   4   -0.1354758742
2   14   1   5   0.3141906536
2   14   2   4   -0.0000001142
2   14   2   5   0.0000002650
2   14   3   4   -0.0014241962
2   14   3   5   0.0033029434
2   14   4   4   -0.0000000006
2   14   4   5   0.0000000014
2   14   5   4   -0.0005349916
2   14   5   5   0.0012407328
2   14   7   6   -0.0014867262
3   8   1   6   -0.0000000033
3   8   2   6   0.0039392057
3   8   3   6   0.0000000003
3   8   4   6   0.0026600387
3   8   5   6   0.0000000063
3   8   6   4   -0.0000000055
3   8   6   5   -0.0000000024
3   8   7   4   -0.0000000024
3   8   7   5   0.0000000055
3   9   1   6   0.0039477074
3   9   2   6   0.0000000033
3   9   3   6   -0.0006091026
3   9   4   6   0.0000000011
3   9   5   6   -0.0146934623
3   9   6   4   0.0130959001
3   9   6   5   0.0056468214
3   9   7   4   0.0056468214
3   9   7   5   -0.0130959001
3   10   1   6   -0.0000000003
3   10   2   6   0.0008031628
3   10   3   6   -0.0000000002
3   10   4   6   0.0094431846
3   10   5   6   0.0000000001
3   10   6   4   0.0000000006
3   10   6   5   0.0000000002
3   10   7   4   0.0000000002
3   10   7   5   -0.0000000003
3   11   1   6   0.0004736663
3   11   2   6   0.0000000002
3   11   3   6   0.0206601960
3   11   4   6   -0.0000000002
3   11   5   6   0.0622905687
3   11   6   4   -0.0564784051
3   11   6   5   -0.0243529246
3   11   7   4   -0.0243529246
3   11   7   5   0.0564784048
3   12   1   6   -0.0000000017
3   12   2   6   0.0039496012
3   12   3   6   -0.0000000011
3   12   4   6   0.2135904197
3   12   5   6   -0.0000000003
3   12   6   4   -0.0000000002
3   12   6   5   -0.0000000001
3   12   7   4   -0.0000000001
3   12   7   5   0.0000000002
3   13   1   4   0.0000000016
3   13   1   5   0.0000000007
3   13   2   4   -0.0037787651
3   13   2   5   -0.0016293658
3   13   3   4   0.0000000002
3   13   3   5   0.0000000000
3   13   4   4   -0.2016612829
3   13   4   5   -0.0869543325
3   13   5   4   0.0000000000
3   13   5   5   0.0000000001
3   13   6   6   -0.0000000003
3   13   7   6   -0.0000000000
3   14   1   4   0.0000000007
3   14   1   5   -0.0000000016
3   14   2   4   -0.0016293658
3   14   2   5   0.0037787651
3   14   3   4   0.0000000000
3   14   3   5   0.0000000000
3   14   4   4   -0.0869543325
3   14   4   5   0.2016612826
3   14   5   4   0.0000000001
3   14   5   5   -0.0000000002
3   14   6   6   -0.0000000000
3   14   7   6   -0.0000000003
4   8   1   6   0.0031534261
4   8   2   6   0.0000000000
4   8   3   6   0.0026902202
4   8   4   6   -0.0000000007
4   8   5   6   -0.0142413132
4   8   6   4   0.0130450528
4   8   6   5   0.0056248966
4   8   7   4   0.0056248966
4   8   7   5   -0.0130450528
4   9   1   6   0.0000000000
4   9   2   6   0.0031503722
4   9   3   6   0.0000000011
4   9   4   6   0.0015894453
4   9   5   6   -0.0000000059
4   9   6   4   0.0000000055
4   9   6   5   0.0000000024
4   9   7   4   0.0000000024
4   9   7   5   -0.0000000055
4   10   1   6   0.0016101328
4   10   2   6   0.0000000007
4   10   3   6   0.0088192356
4   10   4   6   -0.0000000001
4   10   5   6   0.0539479651
4   10   6   4   -0.0535135078
4   10   6   5   -0.0230744904
4   10   7   4   -0.0230744904
4   10   7   5   0.0535135074
4   11   1   6   -0.0000000006
4   11   2   6   0.0014002202
4   11   3   6   -0.0000000001
4   11   4   6   0.0106707946
4   11   5   6   0.0000000000
4   11   6   4   0.0000000004
4   11   6   5   0.0000000001
4   11   7   4   0.0000000001
4   11   7   5   -0.0000000001
4   12   1   6   0.0039655719
4   12   2   6   0.0000000016
4   12   3   6   0.2138356148
4   12   4   6   -0.0000000007
4   12   5   6   -0.0325334149
4   12   6   4   0.0029455215
4   12   6   5   0.0012700794
4   12   7   4   0.0012700794
4   12   7   5   -0.0029455214
4   13   1   4   -0.0037779050
4   13   1   5   -0.0016289949
4   13   2   4   -0.0000000016
4   13   2   5   -0.0000000007
4   13   3   4   -0.2014396208
4   13   3   5   -0.0868587540
4   13   4   4   -0.0000000004
4   13   4   5   -0.0000000002
4   13   5   4   0.0291867700
4   13   5   5   0.0125850439
4   13   6   6   0.0022299018
4   13   7   6   0.0000000000
4   14   1   4   -0.0016289949
4   14   1   5   0.0037779050
4   14   2   4   -0.0000000007
4   14   2   5   0.0000000016
4   14   3   4   -0.0868587541
4   14   3   5   0.2014396206
4   14   4   4   -0.0000000002
4   14   4   5   0.0000000007
4   14   5   4   0.0125850439
4   14   5   5   -0.0291867699
4   14   6   6   0.0000000000
4   14   7   6   0.0022299018
5   8   1   6   -0.0000000130
5   8   2   6   0.0152292108
5   8   3   6   0.0000000069
5   8   4   6   -0.0156770599
5   8   5   6   -0.0000000002
5   8   6   4   0.0000000002
5   8   6   5   0.0000000001
5   8   7   4   0.0000000001
5   8   7   5   -0.0000000002
5   9   1   6   0.0152797089
5   9   2   6   0.0000000127
5   9   3   6   -0.0160912745
5   9   4   6   -0.0000000065
5   9   5   6   0.0005025681
5   9   6   4   -0.0004490817
5   9   6   5   -0.0001936396
5   9   7   4   -0.0001936396
5   9   7   5   0.0004490817
5   10   1   6   0.0000000058
5   10   2   6   -0.0134518839
5   10   3   6   -0.0000000002
5   10   4   6   0.0554998326
5   10   5   6   -0.0000000002
5   10   6   4   0.0000000002
5   10   6   5   0.0000000001
5   10   7   4   0.0000000001
5   10   7   5   -0.0000000001
5   11   1   6   -0.0140206711
5   11   2   6   -0.0000000058
5   11   3   6   0.0638440002
5   11   4   6   -0.0000000003
5   11   5   6   0.0139661422
5   11   6   4   0.0018765326
5   11   6   5   0.0008091421
5   11   7   4   0.0008091421
5   11   7   5   -0.0018765326
5   12   1   6   -0.0000000000
5   12   2   6   0.0000936943
5   12   3   6   0.0000000004
5   12   4   6   -0.0328077151
5   12   5   6   -0.0000000035
5   12   6   4   -0.0000000011
5   12   6   5   -0.0000000005
5   12   7   4   -0.0000000005
5   12   7   5   0.0000000013
5   13   1   4   0.0000000004
5   13   1   5   0.0000000002
5   13   2   4   -0.0008944708
5   13   2   5   -0.0003856869
5   13   3   4   -0.0000000002
5   13   3   5   -0.0000000001
5   13   4   4   0.0287413754
5   13   4   5   0.0123929942
5   13   5   4   0.0000000026
5   13   5   5   0.0000000011
5   13   6   6   0.0000000007
5   13   7   6   -0.0000000000
5   14   1   4   0.0000000002
5   14   1   5   -0.0000000004
5   14   2   4   -0.0003856869
5   14   2   5   0.0008944708
5   14   3   4   -0.0000000001
5   14   3   5   0.0000000001
5   14   4   4   0.0123929942
5   14   4   5   -0.0287413753
5   14   5   4   0.0000000011
5   14   5   5   -0.0000000023
5   14   6   6   -0.0000000000
5   14   7   6   0.0000000009
6   8   1   4   0.0000000120
6   8   1   5   0.0000000052
6   8   2   4   -0.0143240140
6   8   2   5   -0.0061763719
6   8   3   4   -0.0000000061
6   8   3   5   -0.0000000026
6   8   4   4   0.0144369592
6   8   4   5   0.0062250727
6   8   5   4   0.0000000004
6   8   5   5   0.0000000002
6   8   6   6   0.0000000002
6   8   7   6   -0.0000000000
6   9   1   4   -0.0143438339
6   9   1   5   -0.0061849180
6   9   2   4   -0.0000000121
6   9   2   5   -0.0000000052
6   9   3   4   0.0144813022
6   9   3   5   0.0062441930
6   9   4   4   0.0000000061
6   9   4   5   0.0000000026
6   9   5   4   -0.0008649380
6   9   5   5   -0.0003729526
6   9   6   6   -0.0005378557
6   9   7   6   0.0000000000
6   10   1   4   -0.0000000053
6   10   1   5   -0.0000000023
6   10   2   4   0.0126714769
6   10   2   5   0.0054638144
6   10   3   4   0.0000000001
6   10   3   5   0.0000000000
6   10   4   4   -0.0544631642
6   10   4   5   -0.0234839728
6   10   5   4   0.0000000001
6   10   5   5   0.0000000001
6   10   6   6   0.0000000001
6   10   7   6   0.0000000000
6   11   1   4   0.0130036964
6   11   1   5   0.0056070641
6   11   2   4   0.0000000055
6   11   2   5   0.0000000024
6   11   3   4   -0.0570692027
6   11   3   5   -0.0246076706
6   11   4   4   -0.0000000001
6   11   4   5   -0.0000000001
6   11   5   4   0.0036102625
6   11   5   5   0.0015567091
6   11   6   6   0.0180534977
6   12   1   4   0.0000000001
6   12   1   5   0.0000000001
6   12   2   4   -0.0002323384
6   12   2   5   -0.0001001820
6   12   3   4   -0.0000000000
6   12   3   5   -0.0000000000
6   12   4   4   0.0037735138
6   12   4   5   0.0016271015
6   12   5   4   0.0000000003
6   12   5   5   0.0000000001
6   12   6   6   0.0000000001
6   12   7   6   -0.0000000001
6   13   1   6   0.0000000006
6   13   2   6   -0.0013139312
6   13   3   6   0.0000000003
6   13   4   6   0.0030517589
6   13   5   6   -0.0000000011
6   13   6   4   0.0000000001
6   13   7   4   0.0000000001
6   13   7   5   -0.0000000002
6   14   2   6   -0.0000000000
6   14   4   6   -0.0000000000
6   14   5   6   -0.0000000001
6   14   6   4   -0.0000000000
6   14   6   5   0.0000000003
6   14   7   4   0.0000000001
6   14   7   5   -0.0000000001
7   8   1   4   0.0000000052
7   8   1   5   -0.0000000121
7   8   2   4   -0.0061763719
7   8   2   5   0.0143240140
7   8   3   4   -0.0000000026
7   8   3   5   0.0000000061
7   8   4   4   0.0062250727
7   8   4   5   -0.0144369591
7   8   5   4   0.0000000002
7   8   5   5   -0.0000000004
7   8   6   6   -0.0000000000
7   8   7   6   0.0000000002
7   9   1   4   -0.0061849180
7   9   1   5   0.0143438339
7   9   2   4   -0.0000000052
7   9   2   5   0.0000000121
7   9   3   4   0.0062441930
7   9   3   5   -0.0144813022
7   9   4   4   0.0000000026
7   9   4   5   -0.0000000061
7   9   5   4   -0.0003729526
7   9   5   5   0.0008649380
7   9   6   6   0.0000000000
7   9   7   6   -0.0005378557
7   10   1   4   -0.0000000023
7   10   1   5   0.0000000053
7   10   2   4   0.0054638144
7   10   2   5   -0.0126714769
7   10   3   4   0.0000000000
7   10   3   5   -0.0000000000
7   10   4   4   -0.0234839728
7   10   4   5   0.0544631641
7   10   5   4   0.0000000001
7   10   5   5   -0.0000000002
7   10   6   6   0.0000000000
7   10   7   6   0.0000000000
7   11   1   4   0.0056070641
7   11   1   5   -0.0130036964
7   11   2   4   0.0000000024
7   11   2   5   -0.0000000055
7   11   3   4   -0.0246076706
7   11   3   5   0.0570692026
7   11   4   4   -0.0000000001
7   11   4   5   0.0000000002
7   11   5   4   0.0015567091
7   11   5   5   -0.0036102624
7   11   7   6   0.0180534977
7   12   1   4   0.0000000001
7   12   1   5   -0.0000000001
7   12   2   4   -0.0001001820
7   12   2   5   0.0002323384
7   12   3   4   -0.0000000000
7   12   3   5   0.0000000000
7   12   4   4   0.0016271015
7   12   4   5   -0.0037735138
7   12   5   4   0.0000000001
7   12   6   6   -0.0000000001
7   12   7   6   0.0000000003
7   13   2   6   -0.0000000000
7   13   4   6   -0.0000000000
7   13   5   6   -0.0000000001
7   13   6   4   0.0000000001
7   13   6   5   0.0000000001
7   13   7   4   -0.0000000002
7   13   7   5   -0.0000000002
7   14   1   6   0.0000000006
7   14   2   6   -0.0013139312
7   14   3   6   0.0000000003
7   14   4   6   0.0030517589
7   14   5   6   -0.0000000009
7   14   6   4   0.0000000000
7   14   6   5   -0.0000000000
7   14   7   4   -0.0000000001
7   14   7   5   0.0000000004

End IJKA Block
Begin IABC Block
1   4   1   6   0.0000000006
1   4   3   4   0.0000000001
1   5   2   6   0.0000000006
1   5   3   5   0.0000000002
1   6   1   4   0.0000000006
1   6   2   5   0.0000000006
1   6   3   6   0.0000000012
2   4   1   6   -0.0014458628
2   4   3   4   -0.0003325558
2   5   2   6   -0.0014458628
2   5   3   5   -0.0003325558
2   6   1   4   -0.0013756685
2   6   2   5   -0.0013756685
2   6   3   6   -0.0029303627
3   4   1   6   0.0000000004
3   4   2   6   0.0000000000
3   4   3   4   0.0000000001
3   4   3   5   0.0000000000
3   5   1   6   0.0000000000
3   5   2   6   0.0000000004
3   5   3   4   0.0000000000
3   5   3   5   0.0000000001
3   6   1   4   0.0000000002
3   6   1   5   -0.0000000000
3   6   2   4   -0.0000000000
3   6   2   5   0.0000000003
3   6   3   6   -0.0000000001
4   4   1   6   0.0055558862
4   4   3   4   0.0173296662
4   5   2   6   0.0055558862
4   5   3   5   0.0173296662
4   6   1   4   0.0039163130
4   6   1   5   0.0000000000
4   6   2   4   0.0000000000
4   6   2   5   0.0039163129
4   6   3   6   0.0241240065
5   4   1   6   0.0000000004
5   4   2   6   0.0000000000
5   4   3   4   -0.0000000002
5   4   3   5   0.0000000000
5   5   1   6   0.0000000000
5   5   2   6   0.0000000002
5   5   3   4   0.0000000000
5   5   3   5   -0.0000000003
5   6   1   4   0.0000000001
5   6   1   5   0.0000000000
5   6   2   4   0.0000000000
5   6   2   5   0.0000000000
5   6   3   6   -0.0000000032
6   4   1   4   -0.0000000013
6   4   1   5   -0.0000000002
6   4   2   4   -0.0000000003
6   4   2   5   -0.0000000001
6   4   3   6   -0.0000000032
6   5   1   4   -0.0000000000
6   5   1   5   -0.0000000007
6   5   2   4   -0.0000000004
6   5   2   5   -0.0000000005
6   5   3   6   -0.0000000014
6   6   1   6   0.0000000005
6   6   2   6   0.0000000002
6   6   3   4   -0.0000000018
6   6   3   5   -0.0000000008
7   4   1   4   -0.0000000006
7   4   1   5   0.0000000004
7   4   2   4   0.0000000007
7   4   2   5   -0.0000000000
7   4   3   6   -0.0000000014
7   5   1   4   0.0000000001
7   5   1   5   -0.0000000003
7   5   2   4   -0.0000000002
7   5   2   5   0.0000000012
7   5   3   6   0.0000000032
7   6   1   6   0.0000000002
7   6   2   6   -0.0000000006
7   6   3   4   -0.0000000008
7   6   3   5   0.0000000017

End IABC Block
