0   53   5   12      -0.077606306261
0   53   5   13      -0.058086286417
0   53   6   12      -0.058086286417
0   53   6   13      -0.084263901238
0   54   5   12      -0.058086279169
0   54   6   13       0.058086278892
1   53   5   12      -0.058086279169
1   53   6   13       0.058086278892
1   54   5   12      -0.084263901191
1   54   5   13       0.058086286323
1   54   6   12       0.058086286323
1   54   6   13      -0.077606305953
0   53   12   5       0.077606306261
0   53   12   6       0.058086286417
0   53   13   5       0.058086286417
0   53   13   6       0.084263901238
0   54   12   5       0.058086279169
0   54   13   6      -0.058086278892
1   53   12   5       0.058086279169
1   53   13   6      -0.058086278892
1   54   12   5       0.084263901191
1   54   12   6      -0.058086286323
1   54   13   5      -0.058086286323
1   54   13   6       0.077606305953
53   0   5   12       0.077606306261
53   0   5   13       0.058086286417
53   0   6   12       0.058086286417
53   0   6   13       0.084263901238
53   1   5   12       0.058086279169
53   1   6   13      -0.058086278892
54   0   5   12       0.058086279169
54   0   6   13      -0.058086278892
54   1   5   12       0.084263901191
54   1   5   13      -0.058086286323
54   1   6   12      -0.058086286323
54   1   6   13       0.077606305953
53   0   12   5      -0.077606306261
53   0   12   6      -0.058086286417
53   0   13   5      -0.058086286417
53   0   13   6      -0.084263901238
53   1   12   5      -0.058086279169
53   1   13   6       0.058086278892
54   0   12   5      -0.058086279169
54   0   13   6       0.058086278892
54   1   12   5      -0.084263901191
54   1   12   6       0.058086286323
54   1   13   5       0.058086286323
54   1   13   6      -0.077606305953

