0   1   5   6      -0.169668524571
0   1   6   5       0.169668524575
0   2   4   6      -0.161688810501
0   2   6   4       0.161688810513
1   0   5   6       0.169668524571
1   0   6   5      -0.169668524575
1   2   4   5      -0.161688810705
1   2   5   4       0.161688810554
2   0   4   6       0.161688810501
2   0   6   4      -0.161688810513
2   1   4   5       0.161688810705
2   1   5   4      -0.161688810554
0   103   5   12      -0.108388851225
0   103   5   13      -0.202678761275
0   103   6   12      -0.202678761636
0   103   6   13      -0.763666464950
0   104   5   12      -0.202678765130
0   104   5   13      -0.412473074830
0   104   6   12      -0.242804550160
0   104   6   13       0.202678763787
0   105   4   12      -0.124859897559
0   105   4   13      -0.439180541855
0   105   5   11      -0.078891449057
0   105   6   11      -0.277491731144
1   103   5   12      -0.202678765516
1   103   5   13      -0.242804550129
1   103   6   12      -0.412473074848
1   103   6   13       0.202678763713
1   104   5   12      -0.763666466114
1   104   5   13       0.202678759760
1   104   6   12       0.202678760179
1   104   6   13      -0.108388850270
1   105   4   12      -0.439180542771
1   105   4   13       0.124859894169
1   105   5   11      -0.277491732158
1   105   6   11       0.078891445991
2   103   4   12      -0.078891449094
2   103   4   13      -0.277491731320
2   103   5   11      -0.124859897533
2   103   6   11      -0.439180541644
2   104   4   12      -0.277491732336
2   104   4   13       0.078891446135
2   104   5   11      -0.439180543020
2   104   6   11       0.124859894191
2   105   4   11      -0.767642797450
0   103   12   5       0.108388851225
0   103   12   6       0.202678761636
0   103   13   5       0.202678761275
0   103   13   6       0.763666464950
0   104   12   5       0.202678765130
0   104   12   6       0.242804550160
0   104   13   5       0.412473074830
0   104   13   6      -0.202678763787
0   105   11   5       0.078891449057
0   105   11   6       0.277491731144
0   105   12   4       0.124859897559
0   105   13   4       0.439180541855
1   103   12   5       0.202678765516
1   103   12   6       0.412473074848
1   103   13   5       0.242804550129
1   103   13   6      -0.202678763713
1   104   12   5       0.763666466114
1   104   12   6      -0.202678760179
1   104   13   5      -0.202678759760
1   104   13   6       0.108388850270
1   105   11   5       0.277491732158
1   105   11   6      -0.078891445991
1   105   12   4       0.439180542771
1   105   13   4      -0.124859894169
2   103   11   5       0.124859897533
2   103   11   6       0.439180541644
2   103   12   4       0.078891449094
2   103   13   4       0.277491731320
2   104   11   5       0.439180543020
2   104   11   6      -0.124859894191
2   104   12   4       0.277491732336
2   104   13   4      -0.078891446135
2   105   11   4       0.767642797450
0   111   6   13      -0.079128100527
1   112   5   12       0.079128100055
2   107   4   11      -0.060794591140
0   111   13   6       0.079128100527
1   112   12   5      -0.079128100055
2   107   11   4       0.060794591140
4   105   4   11      -0.060794591140
8   103   6   13      -0.079128100527
9   104   5   12       0.079128100053
4   105   11   4       0.060794591140
8   103   13   6       0.079128100527
9   104   12   5      -0.079128100053
103   0   5   12       0.108388851225
103   0   5   13       0.202678761275
103   0   6   12       0.202678761636
103   0   6   13       0.763666464950
103   1   5   12       0.202678765516
103   1   5   13       0.242804550129
103   1   6   12       0.412473074848
103   1   6   13      -0.202678763713
103   2   4   12       0.078891449094
103   2   4   13       0.277491731320
103   2   5   11       0.124859897533
103   2   6   11       0.439180541644
104   0   5   12       0.202678765130
104   0   5   13       0.412473074830
104   0   6   12       0.242804550160
104   0   6   13      -0.202678763787
104   1   5   12       0.763666466114
104   1   5   13      -0.202678759760
104   1   6   12      -0.202678760179
104   1   6   13       0.108388850270
104   2   4   12       0.277491732336
104   2   4   13      -0.078891446135
104   2   5   11       0.439180543020
104   2   6   11      -0.124859894191
105   0   4   12       0.124859897559
105   0   4   13       0.439180541855
105   0   5   11       0.078891449057
105   0   6   11       0.277491731144
105   1   4   12       0.439180542771
105   1   4   13      -0.124859894169
105   1   5   11       0.277491732158
105   1   6   11      -0.078891445991
105   2   4   11       0.767642797450
103   0   12   5      -0.108388851225
103   0   12   6      -0.202678761636
103   0   13   5      -0.202678761275
103   0   13   6      -0.763666464950
103   1   12   5      -0.202678765516
103   1   12   6      -0.412473074848
103   1   13   5      -0.242804550129
103   1   13   6       0.202678763713
103   2   11   5      -0.124859897533
103   2   11   6      -0.439180541644
103   2   12   4      -0.078891449094
103   2   13   4      -0.277491731320
104   0   12   5      -0.202678765130
104   0   12   6      -0.242804550160
104   0   13   5      -0.412473074830
104   0   13   6       0.202678763787
104   1   12   5      -0.763666466114
104   1   12   6       0.202678760179
104   1   13   5       0.202678759760
104   1   13   6      -0.108388850270
104   2   11   5      -0.439180543020
104   2   11   6       0.124859894191
104   2   12   4      -0.277491732336
104   2   13   4       0.078891446135
105   0   11   5      -0.078891449057
105   0   11   6      -0.277491731144
105   0   12   4      -0.124859897559
105   0   13   4      -0.439180541855
105   1   11   5      -0.277491732158
105   1   11   6       0.078891445991
105   1   12   4      -0.439180542771
105   1   13   4       0.124859894169
105   2   11   4      -0.767642797450
103   8   6   13       0.079128100527
104   9   5   12      -0.079128100053
105   4   4   11       0.060794591140
103   8   13   6      -0.079128100527
104   9   12   5       0.079128100053
105   4   11   4      -0.060794591140
103   104   12   13      -0.169668524571
103   104   13   12       0.169668524575
103   105   11   13      -0.161688810501
103   105   13   11       0.161688810513
104   103   12   13       0.169668524571
104   103   13   12      -0.169668524575
104   105   11   12      -0.161688810705
104   105   12   11       0.161688810554
105   103   11   13       0.161688810501
105   103   13   11      -0.161688810513
105   104   11   12       0.161688810705
105   104   12   11      -0.161688810554
107   2   4   11       0.060794591140
111   0   6   13       0.079128100527
112   1   5   12      -0.079128100055
107   2   11   4      -0.060794591140
111   0   13   6      -0.079128100527
112   1   12   5       0.079128100055

