0   103   5   12      -0.244721110166
0   104   5   13      -0.111645455532
0   104   6   12      -0.092009428210
0   105   5   11       0.066448471355
1   103   5   13      -0.092009428198
1   103   6   12      -0.111645455500
1   104   6   13      -0.244721108904
1   105   6   11       0.066448472636
2   103   4   12       0.066448471355
2   104   4   13       0.066448472636
2   105   4   11      -0.087255085944
0   103   12   5       0.244721110166
0   104   12   6       0.092009428210
0   104   13   5       0.111645455532
0   105   11   5      -0.066448471355
1   103   12   6       0.111645455500
1   103   13   5       0.092009428198
1   104   13   6       0.244721108904
1   105   11   6      -0.066448472636
2   103   12   4      -0.066448471355
2   104   13   4      -0.066448472636
2   105   11   4       0.087255085944
103   0   5   12       0.244721110166
103   1   5   13       0.092009428198
103   1   6   12       0.111645455500
103   2   4   12      -0.066448471355
104   0   5   13       0.111645455532
104   0   6   12       0.092009428210
104   1   6   13       0.244721108904
104   2   4   13      -0.066448472636
105   0   5   11      -0.066448471355
105   1   6   11      -0.066448472636
105   2   4   11       0.087255085944
103   0   12   5      -0.244721110166
103   1   12   6      -0.111645455500
103   1   13   5      -0.092009428198
103   2   12   4       0.066448471355
104   0   12   6      -0.092009428210
104   0   13   5      -0.111645455532
104   1   13   6      -0.244721108904
104   2   13   4       0.066448472636
105   0   11   5       0.066448471355
105   1   11   6       0.066448472636
105   2   11   4      -0.087255085944

