0   1   5   6       0.172447290162
0   1   6   5      -0.172447289934
0   2   4   5       0.162659175785
0   2   4   6      -0.057081734191
0   2   5   4      -0.162659175769
0   2   6   4       0.057081734193
1   0   5   6      -0.172447290162
1   0   6   5       0.172447289934
1   2   4   5       0.057081734176
1   2   4   6       0.162659175797
1   2   5   4      -0.057081734180
1   2   6   4      -0.162659175788
2   0   4   5      -0.162659175785
2   0   4   6       0.057081734191
2   0   5   4       0.162659175769
2   0   6   4      -0.057081734193
2   1   4   5      -0.057081734176
2   1   4   6      -0.162659175797
2   1   5   4       0.057081734180
2   1   6   4       0.162659175788
0   53   5   12      -0.754719812475
0   53   5   13       0.247141589373
0   53   6   12       0.247141588689
0   53   6   13      -0.137198205346
0   54   5   12      -0.247141587483
0   54   5   13      -0.222537160122
0   54   6   12      -0.394984451165
0   54   6   13       0.247141587382
0   55   4   12       0.446869808837
0   55   4   13      -0.156819334119
0   55   5   11       0.284210633157
0   55   6   11      -0.099737600006
0   61   5   12       0.063772035391
1   53   5   12      -0.247141587205
1   53   5   13      -0.394984451491
1   53   6   12      -0.222537159029
1   53   6   13       0.247141587039
1   54   5   12      -0.137198205449
1   54   5   13      -0.247141589404
1   54   6   12      -0.247141588823
1   54   6   13      -0.754719812347
1   55   4   12       0.156819334193
1   55   4   13       0.446869808786
1   55   5   11       0.099737600041
1   55   6   11       0.284210633161
1   60   6   13      -0.063772035377
2   53   4   12       0.284210633161
2   53   4   13      -0.099737599999
2   53   5   11       0.446869808882
2   53   6   11      -0.156819334119
2   54   4   12       0.099737600022
2   54   4   13       0.284210633151
2   54   5   11       0.156819334198
2   54   6   11       0.446869808822
2   55   4   11      -0.805822261230
2   59   4   11      -0.057146554948
6   55   4   11      -0.057146554948
7   54   6   13      -0.063772035387
8   53   5   12       0.063772035383
0   53   12   5       0.754719812475
0   53   12   6      -0.247141588689
0   53   13   5      -0.247141589373
0   53   13   6       0.137198205346
0   54   12   5       0.247141587483
0   54   12   6       0.394984451165
0   54   13   5       0.222537160122
0   54   13   6      -0.247141587382
0   55   11   5      -0.284210633157
0   55   11   6       0.099737600006
0   55   12   4      -0.446869808837
0   55   13   4       0.156819334119
0   61   12   5      -0.063772035391
1   53   12   5       0.247141587205
1   53   12   6       0.222537159029
1   53   13   5       0.394984451491
1   53   13   6      -0.247141587039
1   54   12   5       0.137198205449
1   54   12   6       0.247141588823
1   54   13   5       0.247141589404
1   54   13   6       0.754719812347
1   55   11   5      -0.099737600041
1   55   11   6      -0.284210633161
1   55   12   4      -0.156819334193
1   55   13   4      -0.446869808786
1   60   13   6       0.063772035377
2   53   11   5      -0.446869808882
2   53   11   6       0.156819334119
2   53   12   4      -0.284210633161
2   53   13   4       0.099737599999
2   54   11   5      -0.156819334198
2   54   11   6      -0.446869808822
2   54   12   4      -0.099737600022
2   54   13   4      -0.284210633151
2   55   11   4       0.805822261230
2   59   11   4       0.057146554948
6   55   11   4       0.057146554948
7   54   13   6       0.063772035387
8   53   12   5      -0.063772035383
53   0   5   12       0.754719812475
53   0   5   13      -0.247141589373
53   0   6   12      -0.247141588689
53   0   6   13       0.137198205346
53   1   5   12       0.247141587205
53   1   5   13       0.394984451491
53   1   6   12       0.222537159029
53   1   6   13      -0.247141587039
53   2   4   12      -0.284210633161
53   2   4   13       0.099737599999
53   2   5   11      -0.446869808882
53   2   6   11       0.156819334119
53   8   5   12      -0.063772035383
54   0   5   12       0.247141587483
54   0   5   13       0.222537160122
54   0   6   12       0.394984451165
54   0   6   13      -0.247141587382
54   1   5   12       0.137198205449
54   1   5   13       0.247141589404
54   1   6   12       0.247141588823
54   1   6   13       0.754719812347
54   2   4   12      -0.099737600022
54   2   4   13      -0.284210633151
54   2   5   11      -0.156819334198
54   2   6   11      -0.446869808822
54   7   6   13       0.063772035387
55   0   4   12      -0.446869808837
55   0   4   13       0.156819334119
55   0   5   11      -0.284210633157
55   0   6   11       0.099737600006
55   1   4   12      -0.156819334193
55   1   4   13      -0.446869808786
55   1   5   11      -0.099737600041
55   1   6   11      -0.284210633161
55   2   4   11       0.805822261230
55   6   4   11       0.057146554948
59   2   4   11       0.057146554948
60   1   6   13       0.063772035377
61   0   5   12      -0.063772035391
53   0   12   5      -0.754719812475
53   0   12   6       0.247141588689
53   0   13   5       0.247141589373
53   0   13   6      -0.137198205346
53   1   12   5      -0.247141587205
53   1   12   6      -0.222537159029
53   1   13   5      -0.394984451491
53   1   13   6       0.247141587039
53   2   11   5       0.446869808882
53   2   11   6      -0.156819334119
53   2   12   4       0.284210633161
53   2   13   4      -0.099737599999
53   8   12   5       0.063772035383
54   0   12   5      -0.247141587483
54   0   12   6      -0.394984451165
54   0   13   5      -0.222537160122
54   0   13   6       0.247141587382
54   1   12   5      -0.137198205449
54   1   12   6      -0.247141588823
54   1   13   5      -0.247141589404
54   1   13   6      -0.754719812347
54   2   11   5       0.156819334198
54   2   11   6       0.446869808822
54   2   12   4       0.099737600022
54   2   13   4       0.284210633151
54   7   13   6      -0.063772035387
55   0   11   5       0.284210633157
55   0   11   6      -0.099737600006
55   0   12   4       0.446869808837
55   0   13   4      -0.156819334119
55   1   11   5       0.099737600041
55   1   11   6       0.284210633161
55   1   12   4       0.156819334193
55   1   13   4       0.446869808786
55   2   11   4      -0.805822261230
55   6   11   4      -0.057146554948
59   2   11   4      -0.057146554948
60   1   13   6      -0.063772035377
61   0   12   5       0.063772035391
53   54   12   13       0.172447290162
53   54   13   12      -0.172447289934
53   55   11   12       0.162659175785
53   55   11   13      -0.057081734191
53   55   12   11      -0.162659175769
53   55   13   11       0.057081734193
54   53   12   13      -0.172447290162
54   53   13   12       0.172447289934
54   55   11   12       0.057081734176
54   55   11   13       0.162659175797
54   55   12   11      -0.057081734180
54   55   13   11      -0.162659175788
55   53   11   12      -0.162659175785
55   53   11   13       0.057081734191
55   53   12   11       0.162659175769
55   53   13   11      -0.057081734193
55   54   11   12      -0.057081734176
55   54   11   13      -0.162659175797
55   54   12   11       0.057081734180
55   54   13   11       0.162659175788

