0   1   5   6      -0.153797871296
0   1   6   5       0.153797871322
0   2   4   5      -0.116886592471
0   2   4   6      -0.071811553255
0   2   5   4       0.116886592469
0   2   6   4       0.071811553256
1   0   5   6       0.153797871296
1   0   6   5      -0.153797871322
1   2   4   5      -0.071811553256
1   2   4   6       0.116886592470
1   2   5   4       0.071811553253
1   2   6   4      -0.116886592471
2   0   4   5       0.116886592471
2   0   4   6       0.071811553255
2   0   5   4      -0.116886592469
2   0   6   4      -0.071811553256
2   1   4   5       0.071811553256
2   1   4   6      -0.116886592470
2   1   5   4      -0.071811553253
2   1   6   4       0.116886592471
0   53   5   12      -0.555071107218
0   53   5   13      -0.308937157982
0   53   6   12      -0.308937157828
0   53   6   13      -0.242020271605
0   54   5   12      -0.308937171358
0   54   5   13       0.079626492847
0   54   6   12       0.233424366362
0   54   6   13       0.308937171574
0   55   4   12      -0.312551853391
0   55   4   13      -0.192022314858
0   55   5   11      -0.195665258894
0   55   6   11      -0.120210760354
0   61   5   12      -0.056212757910
1   53   5   12      -0.308937171624
1   53   5   13       0.233424366299
1   53   6   12       0.079626492973
1   53   6   13       0.308937171228
1   54   5   12      -0.242020271699
1   54   5   13       0.308937158257
1   54   6   12       0.308937157679
1   54   6   13      -0.555071107174
1   55   4   12      -0.192022314896
1   55   4   13       0.312551853382
1   55   5   11      -0.120210760387
1   55   6   11       0.195665258884
1   60   6   13       0.056212757905
2   53   4   12      -0.195665258894
2   53   4   13      -0.120210760352
2   53   5   11      -0.312551853395
2   53   6   11      -0.192022314859
2   54   4   12      -0.120210760389
2   54   4   13       0.195665258884
2   54   5   11      -0.192022314898
2   54   6   11       0.312551853381
2   55   4   11      -0.573642951948
2   58   4   11      -0.062308293402
5   55   4   11      -0.062308293402
7   54   6   13       0.056212757907
8   53   5   12      -0.056212757912
0   53   12   5       0.555071107218
0   53   12   6       0.308937157828
0   53   13   5       0.308937157982
0   53   13   6       0.242020271605
0   54   12   5       0.308937171358
0   54   12   6      -0.233424366362
0   54   13   5      -0.079626492847
0   54   13   6      -0.308937171574
0   55   11   5       0.195665258894
0   55   11   6       0.120210760354
0   55   12   4       0.312551853391
0   55   13   4       0.192022314858
0   61   12   5       0.056212757910
1   53   12   5       0.308937171624
1   53   12   6      -0.079626492973
1   53   13   5      -0.233424366299
1   53   13   6      -0.308937171228
1   54   12   5       0.242020271699
1   54   12   6      -0.308937157679
1   54   13   5      -0.308937158257
1   54   13   6       0.555071107174
1   55   11   5       0.120210760387
1   55   11   6      -0.195665258884
1   55   12   4       0.192022314896
1   55   13   4      -0.312551853382
1   60   13   6      -0.056212757905
2   53   11   5       0.312551853395
2   53   11   6       0.192022314859
2   53   12   4       0.195665258894
2   53   13   4       0.120210760352
2   54   11   5       0.192022314898
2   54   11   6      -0.312551853381
2   54   12   4       0.120210760389
2   54   13   4      -0.195665258884
2   55   11   4       0.573642951948
2   58   11   4       0.062308293402
5   55   11   4       0.062308293402
7   54   13   6      -0.056212757907
8   53   12   5       0.056212757912
53   0   5   12       0.555071107218
53   0   5   13       0.308937157982
53   0   6   12       0.308937157828
53   0   6   13       0.242020271605
53   1   5   12       0.308937171624
53   1   5   13      -0.233424366299
53   1   6   12      -0.079626492973
53   1   6   13      -0.308937171228
53   2   4   12       0.195665258894
53   2   4   13       0.120210760352
53   2   5   11       0.312551853395
53   2   6   11       0.192022314859
53   8   5   12       0.056212757912
54   0   5   12       0.308937171358
54   0   5   13      -0.079626492847
54   0   6   12      -0.233424366362
54   0   6   13      -0.308937171574
54   1   5   12       0.242020271699
54   1   5   13      -0.308937158257
54   1   6   12      -0.308937157679
54   1   6   13       0.555071107174
54   2   4   12       0.120210760389
54   2   4   13      -0.195665258884
54   2   5   11       0.192022314898
54   2   6   11      -0.312551853381
54   7   6   13      -0.056212757907
55   0   4   12       0.312551853391
55   0   4   13       0.192022314858
55   0   5   11       0.195665258894
55   0   6   11       0.120210760354
55   1   4   12       0.192022314896
55   1   4   13      -0.312551853382
55   1   5   11       0.120210760387
55   1   6   11      -0.195665258884
55   2   4   11       0.573642951948
55   5   4   11       0.062308293402
58   2   4   11       0.062308293402
60   1   6   13      -0.056212757905
61   0   5   12       0.056212757910
53   0   12   5      -0.555071107218
53   0   12   6      -0.308937157828
53   0   13   5      -0.308937157982
53   0   13   6      -0.242020271605
53   1   12   5      -0.308937171624
53   1   12   6       0.079626492973
53   1   13   5       0.233424366299
53   1   13   6       0.308937171228
53   2   11   5      -0.312551853395
53   2   11   6      -0.192022314859
53   2   12   4      -0.195665258894
53   2   13   4      -0.120210760352
53   8   12   5      -0.056212757912
54   0   12   5      -0.308937171358
54   0   12   6       0.233424366362
54   0   13   5       0.079626492847
54   0   13   6       0.308937171574
54   1   12   5      -0.242020271699
54   1   12   6       0.308937157679
54   1   13   5       0.308937158257
54   1   13   6      -0.555071107174
54   2   11   5      -0.192022314898
54   2   11   6       0.312551853381
54   2   12   4      -0.120210760389
54   2   13   4       0.195665258884
54   7   13   6       0.056212757907
55   0   11   5      -0.195665258894
55   0   11   6      -0.120210760354
55   0   12   4      -0.312551853391
55   0   13   4      -0.192022314858
55   1   11   5      -0.120210760387
55   1   11   6       0.195665258884
55   1   12   4      -0.192022314896
55   1   13   4       0.312551853382
55   2   11   4      -0.573642951948
55   5   11   4      -0.062308293402
58   2   11   4      -0.062308293402
60   1   13   6       0.056212757905
61   0   12   5      -0.056212757910
53   54   12   13      -0.153797871296
53   54   13   12       0.153797871322
53   55   11   12      -0.116886592471
53   55   11   13      -0.071811553255
53   55   12   11       0.116886592469
53   55   13   11       0.071811553256
54   53   12   13       0.153797871296
54   53   13   12      -0.153797871322
54   55   11   12      -0.071811553256
54   55   11   13       0.116886592470
54   55   12   11       0.071811553253
54   55   13   11      -0.116886592471
55   53   11   12       0.116886592471
55   53   11   13       0.071811553255
55   53   12   11      -0.116886592469
55   53   13   11      -0.071811553256
55   54   11   12       0.071811553256
55   54   11   13      -0.116886592470
55   54   12   11      -0.071811553253
55   54   13   11       0.116886592471

