0   1   5   6      -0.163664400198
0   1   6   5       0.163664400125
0   2   4   5      -0.152386897148
0   2   5   4       0.152386897500
1   0   5   6       0.163664400198
1   0   6   5      -0.163664400125
1   2   4   6       0.152386897291
1   2   6   4      -0.152386897135
2   0   4   5       0.152386897148
2   0   5   4      -0.152386897500
2   1   4   6      -0.152386897291
2   1   6   4       0.152386897135
0   53   5   12      -0.769039844692
0   53   5   13       0.121036821525
0   53   6   12       0.121036821775
0   53   6   13      -0.072341682144
0   54   5   12       0.121036805562
0   54   5   13       0.266516874992
0   54   6   12       0.430181275414
0   54   6   13      -0.121036806509
0   55   4   12      -0.406421798429
0   55   4   13       0.068595959389
0   55   5   11      -0.254034901190
0   62   5   12      -0.070959556157
1   53   5   12       0.121036807625
1   53   5   13       0.430181274970
1   53   6   12       0.266516875242
1   53   6   13      -0.121036804469
1   54   5   12      -0.072341682984
1   54   5   13      -0.121036824138
1   54   6   12      -0.121036822063
1   54   6   13      -0.769039843335
1   55   4   12       0.068595960672
1   55   4   13       0.406421797316
1   55   6   11       0.254034900223
1   61   6   13       0.070959554084
2   53   4   12      -0.254034900767
2   53   5   11      -0.406421798053
2   53   6   11       0.068595959355
2   54   4   13       0.254034900327
2   54   5   11       0.068595960735
2   54   6   11       0.406421797565
2   55   4   11      -0.661211382947
2   59   4   11       0.062207228915
6   55   4   11       0.062207228915
8   54   6   13       0.070959554078
9   53   5   12      -0.070959556151
0   53   12   5       0.769039844692
0   53   12   6      -0.121036821775
0   53   13   5      -0.121036821525
0   53   13   6       0.072341682144
0   54   12   5      -0.121036805562
0   54   12   6      -0.430181275414
0   54   13   5      -0.266516874992
0   54   13   6       0.121036806509
0   55   11   5       0.254034901190
0   55   12   4       0.406421798429
0   55   13   4      -0.068595959389
0   62   12   5       0.070959556157
1   53   12   5      -0.121036807625
1   53   12   6      -0.266516875242
1   53   13   5      -0.430181274970
1   53   13   6       0.121036804469
1   54   12   5       0.072341682984
1   54   12   6       0.121036822063
1   54   13   5       0.121036824138
1   54   13   6       0.769039843335
1   55   11   6      -0.254034900223
1   55   12   4      -0.068595960672
1   55   13   4      -0.406421797316
1   61   13   6      -0.070959554084
2   53   11   5       0.406421798053
2   53   11   6      -0.068595959355
2   53   12   4       0.254034900767
2   54   11   5      -0.068595960735
2   54   11   6      -0.406421797565
2   54   13   4      -0.254034900327
2   55   11   4       0.661211382947
2   59   11   4      -0.062207228915
6   55   11   4      -0.062207228915
8   54   13   6      -0.070959554078
9   53   12   5       0.070959556151
53   0   5   12       0.769039844692
53   0   5   13      -0.121036821525
53   0   6   12      -0.121036821775
53   0   6   13       0.072341682144
53   1   5   12      -0.121036807625
53   1   5   13      -0.430181274970
53   1   6   12      -0.266516875242
53   1   6   13       0.121036804469
53   2   4   12       0.254034900767
53   2   5   11       0.406421798053
53   2   6   11      -0.068595959355
53   9   5   12       0.070959556151
54   0   5   12      -0.121036805562
54   0   5   13      -0.266516874992
54   0   6   12      -0.430181275414
54   0   6   13       0.121036806509
54   1   5   12       0.072341682984
54   1   5   13       0.121036824138
54   1   6   12       0.121036822063
54   1   6   13       0.769039843335
54   2   4   13      -0.254034900327
54   2   5   11      -0.068595960735
54   2   6   11      -0.406421797565
54   8   6   13      -0.070959554078
55   0   4   12       0.406421798429
55   0   4   13      -0.068595959389
55   0   5   11       0.254034901190
55   1   4   12      -0.068595960672
55   1   4   13      -0.406421797316
55   1   6   11      -0.254034900223
55   2   4   11       0.661211382947
55   6   4   11      -0.062207228915
59   2   4   11      -0.062207228915
61   1   6   13      -0.070959554084
62   0   5   12       0.070959556157
53   0   12   5      -0.769039844692
53   0   12   6       0.121036821775
53   0   13   5       0.121036821525
53   0   13   6      -0.072341682144
53   1   12   5       0.121036807625
53   1   12   6       0.266516875242
53   1   13   5       0.430181274970
53   1   13   6      -0.121036804469
53   2   11   5      -0.406421798053
53   2   11   6       0.068595959355
53   2   12   4      -0.254034900767
53   9   12   5      -0.070959556151
54   0   12   5       0.121036805562
54   0   12   6       0.430181275414
54   0   13   5       0.266516874992
54   0   13   6      -0.121036806509
54   1   12   5      -0.072341682984
54   1   12   6      -0.121036822063
54   1   13   5      -0.121036824138
54   1   13   6      -0.769039843335
54   2   11   5       0.068595960735
54   2   11   6       0.406421797565
54   2   13   4       0.254034900327
54   8   13   6       0.070959554078
55   0   11   5      -0.254034901190
55   0   12   4      -0.406421798429
55   0   13   4       0.068595959389
55   1   11   6       0.254034900223
55   1   12   4       0.068595960672
55   1   13   4       0.406421797316
55   2   11   4      -0.661211382947
55   6   11   4       0.062207228915
59   2   11   4       0.062207228915
61   1   13   6       0.070959554084
62   0   12   5      -0.070959556157
53   54   12   13      -0.163664400198
53   54   13   12       0.163664400125
53   55   11   12      -0.152386897148
53   55   12   11       0.152386897500
54   53   12   13       0.163664400198
54   53   13   12      -0.163664400125
54   55   11   13       0.152386897291
54   55   13   11      -0.152386897135
55   53   11   12       0.152386897148
55   53   12   11      -0.152386897500
55   54   11   13      -0.152386897291
55   54   13   11       0.152386897135

