0   1   5   6       0.124084866182
0   1   6   5      -0.124084866182
0   2   4   5       0.060115697847
0   2   4   6       0.072015620387
0   2   5   4      -0.060115697847
0   2   6   4      -0.072015620387
1   0   5   6      -0.124084866182
1   0   6   5       0.124084866182
1   2   4   5      -0.072015620334
1   2   4   6       0.060115698082
1   2   5   4       0.072015620334
1   2   6   4      -0.060115698082
2   0   4   5      -0.060115697847
2   0   4   6      -0.072015620387
2   0   5   4       0.060115697847
2   0   6   4       0.072015620387
2   1   4   5       0.072015620334
2   1   4   6      -0.060115698082
2   1   5   4      -0.072015620334
2   1   6   4       0.060115698082
0   103   5   12      -0.291153771390
0   103   5   13      -0.285957489067
0   103   6   12      -0.285957488932
0   103   6   13      -0.395011006879
0   104   5   12       0.285957491870
0   104   5   13       0.113971055280
0   104   6   13      -0.285957493158
0   105   4   12       0.175445713019
0   105   4   13       0.210175250027
0   105   5   11       0.115330015797
0   105   6   11       0.138159630383
1   103   5   12       0.285957491844
1   103   6   12       0.113971055313
1   103   6   13      -0.285957493101
1   104   5   12      -0.395011005817
1   104   5   13       0.285957490330
1   104   6   12       0.285957490296
1   104   6   13      -0.291153773765
1   105   4   12      -0.210175250096
1   105   4   13       0.175445712733
1   105   5   11      -0.138159630509
1   105   6   11       0.115330015274
2   103   4   12       0.115330015797
2   103   4   13       0.138159630383
2   103   5   11       0.175445713019
2   103   6   11       0.210175250027
2   104   4   12      -0.138159630509
2   104   4   13       0.115330015274
2   104   5   11      -0.210175250096
2   104   6   11       0.175445712733
2   105   4   11      -0.423347945762
0   103   12   5       0.291153771390
0   103   12   6       0.285957488932
0   103   13   5       0.285957489067
0   103   13   6       0.395011006879
0   104   12   5      -0.285957491870
0   104   13   5      -0.113971055280
0   104   13   6       0.285957493158
0   105   11   5      -0.115330015797
0   105   11   6      -0.138159630383
0   105   12   4      -0.175445713019
0   105   13   4      -0.210175250027
1   103   12   5      -0.285957491844
1   103   12   6      -0.113971055313
1   103   13   6       0.285957493101
1   104   12   5       0.395011005817
1   104   12   6      -0.285957490296
1   104   13   5      -0.285957490330
1   104   13   6       0.291153773765
1   105   11   5       0.138159630509
1   105   11   6      -0.115330015274
1   105   12   4       0.210175250096
1   105   13   4      -0.175445712733
2   103   11   5      -0.175445713019
2   103   11   6      -0.210175250027
2   103   12   4      -0.115330015797
2   103   13   4      -0.138159630383
2   104   11   5       0.210175250096
2   104   11   6      -0.175445712733
2   104   12   4       0.138159630509
2   104   13   4      -0.115330015274
2   105   11   4       0.423347945762
2   107   4   11       0.064862530048
2   107   11   4      -0.064862530048
4   105   4   11       0.064862530048
4   105   11   4      -0.064862530048
103   0   5   12       0.291153771390
103   0   5   13       0.285957489067
103   0   6   12       0.285957488932
103   0   6   13       0.395011006879
103   1   5   12      -0.285957491844
103   1   6   12      -0.113971055313
103   1   6   13       0.285957493101
103   2   4   12      -0.115330015797
103   2   4   13      -0.138159630383
103   2   5   11      -0.175445713019
103   2   6   11      -0.210175250027
104   0   5   12      -0.285957491870
104   0   5   13      -0.113971055280
104   0   6   13       0.285957493158
104   1   5   12       0.395011005817
104   1   5   13      -0.285957490330
104   1   6   12      -0.285957490296
104   1   6   13       0.291153773765
104   2   4   12       0.138159630509
104   2   4   13      -0.115330015274
104   2   5   11       0.210175250096
104   2   6   11      -0.175445712733
105   0   4   12      -0.175445713019
105   0   4   13      -0.210175250027
105   0   5   11      -0.115330015797
105   0   6   11      -0.138159630383
105   1   4   12       0.210175250096
105   1   4   13      -0.175445712733
105   1   5   11       0.138159630509
105   1   6   11      -0.115330015274
105   2   4   11       0.423347945762
103   0   12   5      -0.291153771390
103   0   12   6      -0.285957488932
103   0   13   5      -0.285957489067
103   0   13   6      -0.395011006879
103   1   12   5       0.285957491844
103   1   12   6       0.113971055313
103   1   13   6      -0.285957493101
103   2   11   5       0.175445713019
103   2   11   6       0.210175250027
103   2   12   4       0.115330015797
103   2   13   4       0.138159630383
104   0   12   5       0.285957491870
104   0   13   5       0.113971055280
104   0   13   6      -0.285957493158
104   1   12   5      -0.395011005817
104   1   12   6       0.285957490296
104   1   13   5       0.285957490330
104   1   13   6      -0.291153773765
104   2   11   5      -0.210175250096
104   2   11   6       0.175445712733
104   2   12   4      -0.138159630509
104   2   13   4       0.115330015274
105   0   11   5       0.115330015797
105   0   11   6       0.138159630383
105   0   12   4       0.175445713019
105   0   13   4       0.210175250027
105   1   11   5      -0.138159630509
105   1   11   6       0.115330015274
105   1   12   4      -0.210175250096
105   1   13   4       0.175445712733
105   2   11   4      -0.423347945762
105   4   4   11      -0.064862530048
105   4   11   4       0.064862530048
103   104   12   13       0.124084866182
103   104   13   12      -0.124084866182
103   105   11   12       0.060115697847
103   105   11   13       0.072015620387
103   105   12   11      -0.060115697847
103   105   13   11      -0.072015620387
104   103   12   13      -0.124084866182
104   103   13   12       0.124084866182
104   105   11   12      -0.072015620334
104   105   11   13       0.060115698082
104   105   12   11       0.072015620334
104   105   13   11      -0.060115698082
105   103   11   12      -0.060115697847
105   103   11   13      -0.072015620387
105   103   12   11       0.060115697847
105   103   13   11       0.072015620387
105   104   11   12       0.072015620334
105   104   11   13      -0.060115698082
105   104   12   11      -0.072015620334
105   104   13   11       0.060115698082
107   2   4   11      -0.064862530048
107   2   11   4       0.064862530048

